timeStamp,elapsed,label,responseCode,responseMessage,threadName,dataType,success,failureMessage,bytes,sentBytes,grpThreads,allThreads,URL,Latency,IdleTime,Connect
1680593939956,1377,Home page ,200,OK,Knock_out_Thread Group 1-10,text,true,,3033,309,23,23,https://pabsa.impressicocrm.com/,1373,0,1307
1680593939179,2168,Home page ,200,OK,Knock_out_Thread Group 1-1,text,true,,3033,309,23,23,https://pabsa.impressicocrm.com/,2168,0,2094
1680593939356,1991,Home page ,200,OK,Knock_out_Thread Group 1-4,text,true,,3033,309,23,23,https://pabsa.impressicocrm.com/,1991,0,1929
1680593939456,1881,Home page ,200,OK,Knock_out_Thread Group 1-5,text,true,,3033,309,23,23,https://pabsa.impressicocrm.com/,1880,0,1811
1680593939854,1494,Home page ,200,OK,Knock_out_Thread Group 1-9,text,true,,3033,309,23,23,https://pabsa.impressicocrm.com/,1494,0,1421
1680593940753,580,Home page ,200,OK,Knock_out_Thread Group 1-18,text,true,,3033,309,23,23,https://pabsa.impressicocrm.com/,576,0,512
1680593940057,1278,Home page ,200,OK,Knock_out_Thread Group 1-11,text,true,,3033,309,23,23,https://pabsa.impressicocrm.com/,1278,0,1210
1680593940256,1077,Home page ,200,OK,Knock_out_Thread Group 1-13,text,true,,3033,309,23,23,https://pabsa.impressicocrm.com/,1073,0,1007
1680593939255,2114,Home page ,200,OK,Knock_out_Thread Group 1-3,text,true,,3033,309,24,24,https://pabsa.impressicocrm.com/,2114,0,2039
1680593940356,1021,Home page ,200,OK,Knock_out_Thread Group 1-14,text,true,,3033,309,24,24,https://pabsa.impressicocrm.com/,1021,0,950
1680593939179,2235,Home page ,200,OK,Knock_out_Thread Group 1-2,text,true,,3033,309,24,24,https://pabsa.impressicocrm.com/,2235,0,2152
1680593941154,262,Home page ,200,OK,Knock_out_Thread Group 1-22,text,true,,3033,309,24,24,https://pabsa.impressicocrm.com/,262,0,200
1680593939664,1766,Home page ,200,OK,Knock_out_Thread Group 1-7,text,true,,3033,309,24,24,https://pabsa.impressicocrm.com/,1766,0,1680
1680593940454,1002,Home page ,200,OK,Knock_out_Thread Group 1-15,text,true,,3033,309,25,25,https://pabsa.impressicocrm.com/,1002,0,931
1680593940956,520,Home page ,200,OK,Knock_out_Thread Group 1-20,text,true,,3033,309,25,25,https://pabsa.impressicocrm.com/,520,0,412
1680593940655,831,Home page ,200,OK,Knock_out_Thread Group 1-17,text,true,,3033,309,25,25,https://pabsa.impressicocrm.com/,831,0,721
1680593941254,254,Home page ,200,OK,Knock_out_Thread Group 1-23,text,true,,3033,309,25,25,https://pabsa.impressicocrm.com/,254,0,190
1680593941351,175,Get Home page country ,200,,Knock_out_Thread Group 1-13,text,true,,17270,320,25,25,https://pabsa.impressicocrm.com/api/country,175,0,0
1680593941350,177,Get Home page country ,200,,Knock_out_Thread Group 1-10,text,true,,17255,320,25,25,https://pabsa.impressicocrm.com/api/country,177,0,0
1680593941349,181,Get Home page country ,200,,Knock_out_Thread Group 1-9,text,true,,17270,320,25,25,https://pabsa.impressicocrm.com/api/country,181,0,0
1680593941378,153,Get Home page country ,200,,Knock_out_Thread Group 1-14,text,true,,17270,320,25,25,https://pabsa.impressicocrm.com/api/country,153,0,0
1680593941417,132,Get Home page country ,200,,Knock_out_Thread Group 1-22,text,true,,17270,320,25,25,https://pabsa.impressicocrm.com/api/country,132,0,0
1680593941351,244,Get Home page country ,200,,Knock_out_Thread Group 1-18,text,true,,17270,320,26,26,https://pabsa.impressicocrm.com/api/country,211,0,0
1680593941415,195,Get Home page country ,200,,Knock_out_Thread Group 1-2,text,true,,17270,320,26,26,https://pabsa.impressicocrm.com/api/country,194,0,0
1680593941370,250,Get Home page country ,200,,Knock_out_Thread Group 1-3,text,true,,17270,320,26,26,https://pabsa.impressicocrm.com/api/country,249,0,0
1680593941349,276,Get Home page country ,200,,Knock_out_Thread Group 1-4,text,true,,17270,320,26,26,https://pabsa.impressicocrm.com/api/country,276,0,0
1680593941349,283,Get Home page country ,200,,Knock_out_Thread Group 1-5,text,true,,17270,320,26,26,https://pabsa.impressicocrm.com/api/country,252,0,0
1680593941509,127,Get Home page country ,200,,Knock_out_Thread Group 1-23,text,true,,17270,320,26,26,https://pabsa.impressicocrm.com/api/country,124,0,0
1680593941351,295,Get Home page country ,200,,Knock_out_Thread Group 1-11,text,true,,17270,320,26,26,https://pabsa.impressicocrm.com/api/country,246,0,0
1680593941353,293,Home page ,200,OK,Knock_out_Thread Group 1-24,text,true,,3033,309,26,26,https://pabsa.impressicocrm.com/,293,0,217
1680593941457,228,Get Home page country ,200,,Knock_out_Thread Group 1-15,text,true,,17270,320,27,27,https://pabsa.impressicocrm.com/api/country,210,0,0
1680593941477,208,Get Home page country ,200,,Knock_out_Thread Group 1-20,text,true,,17270,320,27,27,https://pabsa.impressicocrm.com/api/country,201,0,0
1680593941487,342,Get Home page country ,200,,Knock_out_Thread Group 1-17,text,true,,17270,320,28,28,https://pabsa.impressicocrm.com/api/country,341,0,0
1680593941431,530,Get Home page country ,200,,Knock_out_Thread Group 1-7,text,true,,17270,320,30,30,https://pabsa.impressicocrm.com/api/country,530,0,0
1680593941754,356,Home page ,200,OK,Knock_out_Thread Group 1-28,text,true,,3033,309,31,31,https://pabsa.impressicocrm.com/,356,0,190
1680593941654,456,Home page ,200,OK,Knock_out_Thread Group 1-27,text,true,,3033,309,31,31,https://pabsa.impressicocrm.com/,456,0,308
1680593941349,763,Get Home page country ,200,,Knock_out_Thread Group 1-1,text,true,,17270,320,31,31,https://pabsa.impressicocrm.com/api/country,763,0,0
1680593941453,737,Home page ,200,OK,Knock_out_Thread Group 1-25,text,true,,3033,309,32,32,https://pabsa.impressicocrm.com/,737,0,383
1680593941854,475,Home page ,200,OK,Knock_out_Thread Group 1-29,text,true,,3033,309,33,33,https://pabsa.impressicocrm.com/,474,0,326
1680593941647,689,Get Home page country ,200,,Knock_out_Thread Group 1-24,text,true,,17270,320,33,33,https://pabsa.impressicocrm.com/api/country,689,0,0
1680593942111,426,Get Home page country ,200,,Knock_out_Thread Group 1-27,text,true,,17270,320,35,35,https://pabsa.impressicocrm.com/api/country,426,0,0
1680593940157,2441,Home page ,200,OK,Knock_out_Thread Group 1-12,text,true,,3033,309,36,36,https://pabsa.impressicocrm.com/,2441,0,1818
1680593939758,2841,Home page ,200,OK,Knock_out_Thread Group 1-8,text,true,,3033,309,36,36,https://pabsa.impressicocrm.com/,2841,0,2772
1680593942332,407,Get Home page country ,200,,Knock_out_Thread Group 1-29,text,true,,17270,320,37,37,https://pabsa.impressicocrm.com/api/country,406,0,0
1680593942111,630,Get Home page country ,200,,Knock_out_Thread Group 1-28,text,true,,17270,320,37,37,https://pabsa.impressicocrm.com/api/country,629,0,0
1680593942155,658,Home page ,200,OK,Knock_out_Thread Group 1-32,text,true,,3033,309,38,38,https://pabsa.impressicocrm.com/,658,0,583
1680593940855,2141,Home page ,200,OK,Knock_out_Thread Group 1-19,text,true,,3033,309,40,40,https://pabsa.impressicocrm.com/,2141,0,1884
1680593942599,414,Get Home page country ,200,,Knock_out_Thread Group 1-8,text,true,,17270,320,40,40,https://pabsa.impressicocrm.com/api/country,414,0,0
1680593941057,2112,Home page ,200,OK,Knock_out_Thread Group 1-21,text,true,,3033,309,42,42,https://pabsa.impressicocrm.com/,2111,0,1543
1680593941550,1619,Get tournamnent list ,200,,Knock_out_Thread Group 1-22,text,true,,58880,389,42,42,https://pabsa.impressicocrm.com/api/tournament?limit=12&pageNumber=1&sportType=&tournamentName=&tournamentStyle=,343,0,0
1680593942599,739,Get Home page country ,200,,Knock_out_Thread Group 1-12,text,true,,17270,320,43,43,https://pabsa.impressicocrm.com/api/country,552,0,0
1680593939554,3784,Home page ,200,OK,Knock_out_Thread Group 1-6,text,true,,3033,309,43,43,https://pabsa.impressicocrm.com/,3783,0,3454
1680593942254,1087,Home page ,200,OK,Knock_out_Thread Group 1-33,text,true,,3033,309,43,43,https://pabsa.impressicocrm.com/,1087,0,689
1680593941637,1753,Get tournamnent list ,200,,Knock_out_Thread Group 1-23,text,true,,58880,389,44,44,https://pabsa.impressicocrm.com/api/tournament?limit=12&pageNumber=1&sportType=&tournamentName=&tournamentStyle=,692,0,0
1680593942814,600,Get Home page country ,200,,Knock_out_Thread Group 1-32,text,true,,17270,320,44,44,https://pabsa.impressicocrm.com/api/country,600,0,0
1680593942753,806,Home page ,200,OK,Knock_out_Thread Group 1-38,text,true,,3033,309,46,46,https://pabsa.impressicocrm.com/,805,0,665
1680593942193,1568,Get Home page country ,200,,Knock_out_Thread Group 1-25,text,true,,17255,320,48,48,https://pabsa.impressicocrm.com/api/country,1430,0,0
1680593942356,1405,Home page ,200,OK,Knock_out_Thread Group 1-34,text,true,,3033,309,48,48,https://pabsa.impressicocrm.com/,1405,0,1211
1680593942997,829,Get Home page country ,200,,Knock_out_Thread Group 1-19,text,true,,17270,320,48,48,https://pabsa.impressicocrm.com/api/country,634,0,0
1680593943344,491,Get Home page country ,200,,Knock_out_Thread Group 1-33,text,true,,17270,320,48,48,https://pabsa.impressicocrm.com/api/country,490,0,0
1680593942953,1012,Home page ,200,OK,Knock_out_Thread Group 1-40,text,true,,3033,309,50,50,https://pabsa.impressicocrm.com/,1011,0,808
1680593943561,407,Get Home page country ,200,,Knock_out_Thread Group 1-38,text,true,,17270,320,50,50,https://pabsa.impressicocrm.com/api/country,407,0,0
1680593943177,851,Get Home page currency,200,,Knock_out_Thread Group 1-22,text,true,,9160,321,50,50,https://pabsa.impressicocrm.com/api/currency,851,0,0
1680593942053,1981,Home page ,200,OK,Knock_out_Thread Group 1-31,text,true,,3033,309,50,50,https://pabsa.impressicocrm.com/,1980,0,889
1680593940556,3617,Home page ,200,OK,Knock_out_Thread Group 1-16,text,true,,3033,309,52,52,https://pabsa.impressicocrm.com/,3616,0,805
1680593941527,2646,Get tournamnent list ,200,,Knock_out_Thread Group 1-13,text,true,,58888,389,52,52,https://pabsa.impressicocrm.com/api/tournament?limit=12&pageNumber=1&sportType=&tournamentName=&tournamentStyle=,442,0,0
1680593943158,1081,Home page ,200,OK,Knock_out_Thread Group 1-42,text,true,,3033,309,52,52,https://pabsa.impressicocrm.com/,1081,0,1013
1680593943753,491,Home page ,200,OK,Knock_out_Thread Group 1-48,text,true,,3033,309,52,52,https://pabsa.impressicocrm.com/,491,0,418
1680593943762,484,Get Home page country ,200,,Knock_out_Thread Group 1-34,text,true,,17270,320,52,52,https://pabsa.impressicocrm.com/api/country,484,0,0
1680593943969,279,Get Home page country ,200,,Knock_out_Thread Group 1-40,text,true,,17270,320,52,52,https://pabsa.impressicocrm.com/api/country,279,0,0
1680593943456,801,Home page ,200,OK,Knock_out_Thread Group 1-45,text,true,,3033,309,53,53,https://pabsa.impressicocrm.com/,801,0,717
1680593943355,903,Home page ,200,OK,Knock_out_Thread Group 1-44,text,true,,3033,309,53,53,https://pabsa.impressicocrm.com/,903,0,819
1680593943554,711,Home page ,200,OK,Knock_out_Thread Group 1-46,text,true,,3033,309,53,53,https://pabsa.impressicocrm.com/,711,0,617
1680593943255,1011,Home page ,200,OK,Knock_out_Thread Group 1-43,text,true,,3033,309,53,53,https://pabsa.impressicocrm.com/,1011,0,917
1680593943055,1215,Home page ,200,OK,Knock_out_Thread Group 1-41,text,true,,3033,309,53,53,https://pabsa.impressicocrm.com/,1214,0,1142
1680593942657,1615,Home page ,200,OK,Knock_out_Thread Group 1-37,text,true,,3033,309,53,53,https://pabsa.impressicocrm.com/,1615,0,684
1680593944175,134,Get Home page currency,200,,Knock_out_Thread Group 1-13,text,true,,9160,321,53,53,https://pabsa.impressicocrm.com/api/currency,134,0,0
1680593941620,2699,Get tournamnent list ,200,,Knock_out_Thread Group 1-3,text,true,,58880,389,53,53,https://pabsa.impressicocrm.com/api/tournament?limit=12&pageNumber=1&sportType=&tournamentName=&tournamentStyle=,573,0,0
1680593941555,2768,Home page ,200,OK,Knock_out_Thread Group 1-26,text,true,,3033,309,53,53,https://pabsa.impressicocrm.com/,2768,0,2642
1680593941532,2864,Get tournamnent list ,200,,Knock_out_Thread Group 1-14,text,true,,58888,389,54,54,https://pabsa.impressicocrm.com/api/tournament?limit=12&pageNumber=1&sportType=&tournamentName=&tournamentStyle=,819,0,0
1680593944309,107,Get Players list ,200,,Knock_out_Thread Group 1-13,text,true,,3218,338,54,54,https://pabsa.impressicocrm.com/api/tournament/119922/players,107,0,0
1680593943654,793,Home page ,200,OK,Knock_out_Thread Group 1-47,text,true,,3033,309,54,54,https://pabsa.impressicocrm.com/,793,0,609
1680593942554,1893,Home page ,200,OK,Knock_out_Thread Group 1-36,text,true,,3033,309,54,54,https://pabsa.impressicocrm.com/,1893,0,1762
1680593943955,531,Home page ,200,OK,Knock_out_Thread Group 1-50,text,true,,3033,309,55,55,https://pabsa.impressicocrm.com/,530,0,429
1680593944154,346,Home page ,200,OK,Knock_out_Thread Group 1-52,text,true,,3033,309,55,55,https://pabsa.impressicocrm.com/,345,0,199
1680593944420,102,Get Break list ,200,,Knock_out_Thread Group 1-13,text,true,,3218,338,55,55,https://pabsa.impressicocrm.com/api/tournament/119922/players,102,0,0
1680593944272,308,Get Home page country ,200,,Knock_out_Thread Group 1-37,text,true,,17270,320,56,56,https://pabsa.impressicocrm.com/api/country,308,0,0
1680593944257,328,Get Home page country ,200,,Knock_out_Thread Group 1-45,text,true,,17270,320,56,56,https://pabsa.impressicocrm.com/api/country,281,0,0
1680593944265,350,Get Home page country ,200,,Knock_out_Thread Group 1-46,text,true,,17270,320,56,56,https://pabsa.impressicocrm.com/api/country,349,0,0
1680593942854,1777,Home page ,200,OK,Knock_out_Thread Group 1-39,text,true,,3033,309,56,56,https://pabsa.impressicocrm.com/,1777,0,1598
1680593944397,251,Get Home page currency,200,,Knock_out_Thread Group 1-14,text,true,,9160,321,56,56,https://pabsa.impressicocrm.com/api/currency,251,0,0
1680593944267,383,Get Home page country ,200,,Knock_out_Thread Group 1-43,text,true,,17270,320,56,56,https://pabsa.impressicocrm.com/api/country,383,0,0
1680593941647,3011,Get tournamnent list ,200,,Knock_out_Thread Group 1-11,text,true,,58880,389,57,57,https://pabsa.impressicocrm.com/api/tournament?limit=12&pageNumber=1&sportType=&tournamentName=&tournamentStyle=,747,0,0
1680593944253,419,Home page ,200,OK,Knock_out_Thread Group 1-53,text,true,,3033,309,57,57,https://pabsa.impressicocrm.com/,419,0,341
1680593944320,411,Get Home page currency,200,,Knock_out_Thread Group 1-3,text,true,,9160,321,57,57,https://pabsa.impressicocrm.com/api/currency,411,0,0
1680593944029,707,Get Players list ,200,,Knock_out_Thread Group 1-22,text,true,,3218,338,57,57,https://pabsa.impressicocrm.com/api/tournament/119922/players,707,0,0
1680593944649,116,Get Players list ,200,,Knock_out_Thread Group 1-14,text,true,,3218,338,58,58,https://pabsa.impressicocrm.com/api/tournament/119922/players,116,0,0
1680593944502,267,Get Home page country ,200,,Knock_out_Thread Group 1-52,text,true,,17270,320,58,58,https://pabsa.impressicocrm.com/api/country,267,0,0
1680593944487,299,Get Home page country ,200,,Knock_out_Thread Group 1-50,text,true,,17270,320,58,58,https://pabsa.impressicocrm.com/api/country,299,0,0
1680593944324,502,Get Home page country ,200,,Knock_out_Thread Group 1-26,text,true,,17270,320,58,58,https://pabsa.impressicocrm.com/api/country,501,0,0
1680593944450,393,Get Home page country ,200,,Knock_out_Thread Group 1-36,text,true,,17270,320,58,58,https://pabsa.impressicocrm.com/api/country,352,0,0
1680593944731,120,Get Players list ,200,,Knock_out_Thread Group 1-3,text,true,,3218,338,58,58,https://pabsa.impressicocrm.com/api/tournament/119922/players,120,0,0
1680593944659,200,Get Home page currency,200,,Knock_out_Thread Group 1-11,text,true,,9160,321,59,59,https://pabsa.impressicocrm.com/api/currency,200,0,0
1680593944244,620,Get Home page country ,200,,Knock_out_Thread Group 1-48,text,true,,17270,320,59,59,https://pabsa.impressicocrm.com/api/country,619,0,0
1680593944054,837,Home page ,200,OK,Knock_out_Thread Group 1-51,text,true,,3033,309,59,59,https://pabsa.impressicocrm.com/,837,0,317
1680593941595,3300,Get tournamnent list ,200,,Knock_out_Thread Group 1-18,text,true,,58880,389,59,59,https://pabsa.impressicocrm.com/api/tournament?limit=12&pageNumber=1&sportType=&tournamentName=&tournamentStyle=,734,0,0
1680593944737,174,Get Break list ,200,,Knock_out_Thread Group 1-22,text,true,,3218,338,59,59,https://pabsa.impressicocrm.com/api/tournament/119922/players,174,0,0
1680593944653,270,Home page ,200,OK,Knock_out_Thread Group 1-57,text,true,,3033,309,59,59,https://pabsa.impressicocrm.com/,270,0,202
1680593944037,923,Get Home page country ,200,,Knock_out_Thread Group 1-31,text,true,,17270,320,60,60,https://pabsa.impressicocrm.com/api/country,853,0,0
1680593944853,118,Get Break list ,200,,Knock_out_Thread Group 1-3,text,true,,3218,338,60,60,https://pabsa.impressicocrm.com/api/tournament/119922/players,118,0,0
1680593944674,310,Get Home page country ,200,,Knock_out_Thread Group 1-53,text,true,,17270,320,60,60,https://pabsa.impressicocrm.com/api/country,307,0,0
1680593944860,130,Get Players list ,200,,Knock_out_Thread Group 1-11,text,true,,3218,338,60,60,https://pabsa.impressicocrm.com/api/tournament/119922/players,130,0,0
1680593944175,847,Get Home page country ,200,,Knock_out_Thread Group 1-16,text,true,,17255,320,60,60,https://pabsa.impressicocrm.com/api/country,847,0,0
1680593942741,2367,Get tournamnent list ,200,,Knock_out_Thread Group 1-29,text,true,,58880,389,61,61,https://pabsa.impressicocrm.com/api/tournament?limit=12&pageNumber=1&sportType=&tournamentName=&tournamentStyle=,874,0,0
1680593943854,1273,Home page ,200,OK,Knock_out_Thread Group 1-49,text,true,,3033,309,61,61,https://pabsa.impressicocrm.com/,1273,0,832
1680593944854,288,Home page ,200,OK,Knock_out_Thread Group 1-59,text,true,,3033,309,61,61,https://pabsa.impressicocrm.com/,288,0,221
1680593944893,259,Get Home page country ,200,,Knock_out_Thread Group 1-51,text,true,,17270,320,61,61,https://pabsa.impressicocrm.com/api/country,259,0,0
1680593941610,3549,Get tournamnent list ,200,,Knock_out_Thread Group 1-2,text,true,,58865,389,62,62,https://pabsa.impressicocrm.com/api/tournament?limit=12&pageNumber=1&sportType=&tournamentName=&tournamentStyle=,998,0,0
1680593944523,653,Get Players schedule,200,,Knock_out_Thread Group 1-13,text,true,,5441,338,62,62,https://pabsa.impressicocrm.com/api/tournament/119922/matches,653,0,0
1680593941626,3554,Get tournamnent list ,200,,Knock_out_Thread Group 1-4,text,true,,58880,389,62,62,https://pabsa.impressicocrm.com/api/tournament?limit=12&pageNumber=1&sportType=&tournamentName=&tournamentStyle=,1524,0,0
1680593944896,337,Get Home page currency,200,,Knock_out_Thread Group 1-18,text,true,,9160,321,62,62,https://pabsa.impressicocrm.com/api/currency,337,0,0
1680593944765,499,Get Break list ,200,,Knock_out_Thread Group 1-14,text,true,,3218,338,63,63,https://pabsa.impressicocrm.com/api/tournament/119922/players,499,0,0
1680593944972,292,Get Players schedule,200,,Knock_out_Thread Group 1-3,text,true,,5441,338,63,63,https://pabsa.impressicocrm.com/api/tournament/119922/matches,292,0,0
1680593943340,1970,Get tournamnent list ,200,,Knock_out_Thread Group 1-12,text,true,,58880,389,63,63,https://pabsa.impressicocrm.com/api/tournament?limit=12&pageNumber=1&sportType=&tournamentName=&tournamentStyle=,690,0,0
1680593944240,1070,Get Home page country ,200,,Knock_out_Thread Group 1-42,text,true,,17270,320,63,63,https://pabsa.impressicocrm.com/api/country,206,0,0
1680593945145,167,Get Home page country ,200,,Knock_out_Thread Group 1-59,text,true,,17270,320,63,63,https://pabsa.impressicocrm.com/api/country,167,0,0
1680593945233,101,Get Players list ,200,,Knock_out_Thread Group 1-18,text,true,,3218,338,63,63,https://pabsa.impressicocrm.com/api/tournament/119922/players,101,0,0
1680593942112,3249,Get tournamnent list ,200,,Knock_out_Thread Group 1-1,text,true,,58880,389,64,64,https://pabsa.impressicocrm.com/api/tournament?limit=12&pageNumber=1&sportType=&tournamentName=&tournamentStyle=,1856,0,0
1680593945160,231,Get Home page currency,200,,Knock_out_Thread Group 1-2,text,true,,9160,321,64,64,https://pabsa.impressicocrm.com/api/currency,230,0,0
1680593944956,454,Home page ,200,OK,Knock_out_Thread Group 1-60,text,true,,3033,309,64,64,https://pabsa.impressicocrm.com/,453,0,386
1680593945336,102,Get Break list ,200,,Knock_out_Thread Group 1-18,text,true,,3218,338,64,64,https://pabsa.impressicocrm.com/api/tournament/119922/players,102,0,0
1680593945181,268,Get Home page currency,200,,Knock_out_Thread Group 1-4,text,true,,9160,321,64,64,https://pabsa.impressicocrm.com/api/currency,268,0,0
1680593941686,3775,Get tournamnent list ,200,,Knock_out_Thread Group 1-15,text,true,,58880,389,65,65,https://pabsa.impressicocrm.com/api/tournament?limit=12&pageNumber=1&sportType=&tournamentName=&tournamentStyle=,2733,0,0
1680593944992,480,Get Break list ,200,,Knock_out_Thread Group 1-11,text,true,,3218,338,65,65,https://pabsa.impressicocrm.com/api/tournament/119922/players,479,0,0
1680593941530,3966,Get tournamnent list ,200,,Knock_out_Thread Group 1-9,text,true,,58880,389,65,65,https://pabsa.impressicocrm.com/api/tournament?limit=12&pageNumber=1&sportType=&tournamentName=&tournamentStyle=,1618,0,0
1680593945392,111,Get Players list ,200,,Knock_out_Thread Group 1-2,text,true,,3218,338,65,65,https://pabsa.impressicocrm.com/api/tournament/119922/players,111,0,0
1680593944912,648,Get Players schedule,200,,Knock_out_Thread Group 1-22,text,true,,5441,338,66,66,https://pabsa.impressicocrm.com/api/tournament/119922/matches,648,0,0
1680593941686,3876,Get tournamnent list ,200,,Knock_out_Thread Group 1-20,text,true,,58880,389,66,66,https://pabsa.impressicocrm.com/api/tournament?limit=12&pageNumber=1&sportType=&tournamentName=&tournamentStyle=,2584,0,0
1680593945110,465,Get Home page currency,200,,Knock_out_Thread Group 1-29,text,true,,9160,321,66,66,https://pabsa.impressicocrm.com/api/currency,465,0,0
1680593941633,3977,Get tournamnent list ,200,,Knock_out_Thread Group 1-5,text,true,,58880,389,66,66,https://pabsa.impressicocrm.com/api/tournament?limit=12&pageNumber=1&sportType=&tournamentName=&tournamentStyle=,904,0,0
1680593945265,347,Get Players schedule,200,,Knock_out_Thread Group 1-14,text,true,,5441,338,66,66,https://pabsa.impressicocrm.com/api/tournament/119922/matches,347,0,0
1680593945411,211,Get Home page country ,200,,Knock_out_Thread Group 1-60,text,true,,17270,320,66,66,https://pabsa.impressicocrm.com/api/country,211,0,0
1680593944258,1366,Get Home page country ,200,,Knock_out_Thread Group 1-44,text,true,,17270,320,66,66,https://pabsa.impressicocrm.com/api/country,1363,0,0
1680593944354,1303,Home page ,200,OK,Knock_out_Thread Group 1-54,text,true,,3033,309,67,67,https://pabsa.impressicocrm.com/,1302,0,1232
1680593945463,198,Get Home page currency,200,,Knock_out_Thread Group 1-15,text,true,,9160,321,67,67,https://pabsa.impressicocrm.com/api/currency,198,0,0
1680593943826,1845,Get tournamnent list ,200,,Knock_out_Thread Group 1-19,text,true,,58880,389,67,67,https://pabsa.impressicocrm.com/api/tournament?limit=12&pageNumber=1&sportType=&tournamentName=&tournamentStyle=,517,0,0
1680593945439,235,Get Players schedule,200,,Knock_out_Thread Group 1-18,text,true,,5435,338,67,67,https://pabsa.impressicocrm.com/api/tournament/119922/matches,235,0,0
1680593941829,3848,Get tournamnent list ,200,,Knock_out_Thread Group 1-17,text,true,,58880,389,67,67,https://pabsa.impressicocrm.com/api/tournament?limit=12&pageNumber=1&sportType=&tournamentName=&tournamentStyle=,2345,0,0
1680593945176,521,Get knockout players list ,200,,Knock_out_Thread Group 1-13,text,true,,4598,340,67,67,https://pabsa.impressicocrm.com/api/tournament/118871/knockouts,521,0,0
1680593945473,230,Get Players schedule,200,,Knock_out_Thread Group 1-11,text,true,,5441,338,67,67,https://pabsa.impressicocrm.com/api/tournament/119922/matches,230,0,0
1680593944753,950,Home page ,200,OK,Knock_out_Thread Group 1-58,text,true,,3033,309,67,67,https://pabsa.impressicocrm.com/,950,0,543
1680593941954,3764,Home page ,200,OK,Knock_out_Thread Group 1-30,text,true,,3033,309,67,67,https://pabsa.impressicocrm.com/,3763,0,3648
1680593941528,4198,Get tournamnent list ,200,,Knock_out_Thread Group 1-10,text,true,,58888,389,67,67,https://pabsa.impressicocrm.com/api/tournament?limit=12&pageNumber=1&sportType=&tournamentName=&tournamentStyle=,402,0,0
1680593944248,1491,Get tournamnent list ,200,,Knock_out_Thread Group 1-40,text,true,,58880,389,67,67,https://pabsa.impressicocrm.com/api/tournament?limit=12&pageNumber=1&sportType=&tournamentName=&tournamentStyle=,472,0,0
1680593945613,159,Get knockout players list ,200,,Knock_out_Thread Group 1-14,text,true,,4591,340,68,68,https://pabsa.impressicocrm.com/api/tournament/118871/knockouts,159,0,0
1680593945661,115,Get Players list ,200,,Knock_out_Thread Group 1-15,text,true,,3218,338,68,68,https://pabsa.impressicocrm.com/api/tournament/119922/players,115,0,0
1680593941962,3824,Get tournamnent list ,200,,Knock_out_Thread Group 1-7,text,true,,58880,389,68,68,https://pabsa.impressicocrm.com/api/tournament?limit=12&pageNumber=1&sportType=&tournamentName=&tournamentStyle=,777,0,0
1680593945450,361,Get Players list ,200,,Knock_out_Thread Group 1-4,text,true,,3218,338,68,68,https://pabsa.impressicocrm.com/api/tournament/119922/players,361,0,0
1680593945055,769,Home page ,200,OK,Knock_out_Thread Group 1-61,text,true,,3033,309,68,68,https://pabsa.impressicocrm.com/,768,0,210
1680593944865,981,Get tournamnent list ,200,,Knock_out_Thread Group 1-48,text,true,,58888,389,68,68,https://pabsa.impressicocrm.com/api/tournament?limit=12&pageNumber=1&sportType=&tournamentName=&tournamentStyle=,336,0,0
1680593945773,79,Get single knockout Player details,200,,Knock_out_Thread Group 1-14,text,true,,1210,326,68,68,https://pabsa.impressicocrm.com/api/player/110368,79,0,0
1680593945498,357,Get Home page currency,200,,Knock_out_Thread Group 1-9,text,true,,9160,321,69,69,https://pabsa.impressicocrm.com/api/currency,357,0,0
1680593944925,940,Get Home page country ,200,,Knock_out_Thread Group 1-57,text,true,,17270,320,69,69,https://pabsa.impressicocrm.com/api/country,833,0,0
1680593943342,2538,Get Home page country ,200,,Knock_out_Thread Group 1-6,text,true,,17255,320,69,69,https://pabsa.impressicocrm.com/api/country,2538,0,0
1680593945672,210,Get Home page currency,200,,Knock_out_Thread Group 1-19,text,true,,9160,321,69,69,https://pabsa.impressicocrm.com/api/currency,210,0,0
1680593942539,3361,Get tournamnent list ,200,,Knock_out_Thread Group 1-27,text,true,,58880,389,69,69,https://pabsa.impressicocrm.com/api/tournament?limit=12&pageNumber=1&sportType=&tournamentName=&tournamentStyle=,2037,0,0
1680593945703,213,Get knockout players list ,200,,Knock_out_Thread Group 1-11,text,true,,4591,340,69,69,https://pabsa.impressicocrm.com/api/tournament/118871/knockouts,213,0,0
1680593944270,1656,Get Home page country ,200,,Knock_out_Thread Group 1-41,text,true,,17270,320,69,69,https://pabsa.impressicocrm.com/api/country,1656,0,0
1680593945265,694,Get knockout players list ,200,,Knock_out_Thread Group 1-3,text,true,,4598,340,70,70,https://pabsa.impressicocrm.com/api/tournament/118871/knockouts,694,0,0
1680593945812,160,Get Break list ,200,,Knock_out_Thread Group 1-4,text,true,,3218,338,70,70,https://pabsa.impressicocrm.com/api/tournament/119922/players,160,0,0
1680593945917,70,Get single knockout Player details,200,,Knock_out_Thread Group 1-11,text,true,,1210,326,70,70,https://pabsa.impressicocrm.com/api/player/110368,69,0,0
1680593945506,487,Get Break list ,200,,Knock_out_Thread Group 1-2,text,true,,3218,338,70,70,https://pabsa.impressicocrm.com/api/tournament/119922/players,487,0,0
1680593945960,77,Get single knockout Player details,200,,Knock_out_Thread Group 1-3,text,true,,1210,326,70,70,https://pabsa.impressicocrm.com/api/player/110368,77,0,0
1680593945576,504,Get Players list ,200,,Knock_out_Thread Group 1-29,text,true,,3218,338,71,71,https://pabsa.impressicocrm.com/api/tournament/119922/players,504,0,0
1680593945563,521,Get Home page currency,200,,Knock_out_Thread Group 1-20,text,true,,9160,321,71,71,https://pabsa.impressicocrm.com/api/currency,520,0,0
1680593945697,388,Get single knockout Player details,200,,Knock_out_Thread Group 1-13,text,true,,1210,326,71,71,https://pabsa.impressicocrm.com/api/player/110368,388,0,0
1680593945883,208,Get Players list ,200,,Knock_out_Thread Group 1-19,text,true,,3218,338,71,71,https://pabsa.impressicocrm.com/api/tournament/119922/players,208,0,0
1680593945675,436,Get knockout players list ,200,,Knock_out_Thread Group 1-18,text,true,,4598,340,71,71,https://pabsa.impressicocrm.com/api/tournament/118871/knockouts,436,0,0
1680593945611,510,Get Home page currency,200,,Knock_out_Thread Group 1-5,text,true,,9153,321,71,71,https://pabsa.impressicocrm.com/api/currency,510,0,0
1680593942338,3793,Get tournamnent list ,200,,Knock_out_Thread Group 1-24,text,true,,58880,389,71,71,https://pabsa.impressicocrm.com/api/tournament?limit=12&pageNumber=1&sportType=&tournamentName=&tournamentStyle=,1219,0,0
1680593945128,1024,Get Home page country ,200,,Knock_out_Thread Group 1-49,text,true,,17270,320,71,71,https://pabsa.impressicocrm.com/api/country,961,0,0
1680593945740,428,Get Home page currency,200,,Knock_out_Thread Group 1-40,text,true,,9160,321,72,72,https://pabsa.impressicocrm.com/api/currency,428,0,0
1680593945658,517,Get Home page country ,200,,Knock_out_Thread Group 1-54,text,true,,17270,320,72,72,https://pabsa.impressicocrm.com/api/country,517,0,0
1680593946113,63,Get single knockout Player details,200,,Knock_out_Thread Group 1-18,text,true,,1210,326,72,72,https://pabsa.impressicocrm.com/api/player/110368,63,0,0
1680593945786,398,Get Home page currency,200,,Knock_out_Thread Group 1-7,text,true,,9160,321,72,72,https://pabsa.impressicocrm.com/api/currency,398,0,0
1680593944632,1556,Get Home page country ,200,,Knock_out_Thread Group 1-39,text,true,,17270,320,72,72,https://pabsa.impressicocrm.com/api/country,851,0,0
1680593945857,331,Get Players list ,200,,Knock_out_Thread Group 1-9,text,true,,3218,338,72,72,https://pabsa.impressicocrm.com/api/tournament/119922/players,331,0,0
1680593944553,1650,Home page ,200,OK,Knock_out_Thread Group 1-56,text,true,,3033,309,72,72,https://pabsa.impressicocrm.com/,1649,0,1280
1680593945848,361,Get Home page currency,200,,Knock_out_Thread Group 1-48,text,true,,9160,321,72,72,https://pabsa.impressicocrm.com/api/currency,361,0,0
1680593945853,358,Get tournament result,200,,Knock_out_Thread Group 1-14,text,true,,5441,338,72,72,https://pabsa.impressicocrm.com/api/tournament/119922/matches,358,0,0
1680593945973,245,Get Players schedule,200,,Knock_out_Thread Group 1-4,text,true,,5441,338,72,72,https://pabsa.impressicocrm.com/api/tournament/119922/matches,245,0,0
1680593945988,232,Get tournament result,200,,Knock_out_Thread Group 1-11,text,true,,5441,338,72,72,https://pabsa.impressicocrm.com/api/tournament/119922/matches,232,0,0
1680593945994,232,Get Players schedule,200,,Knock_out_Thread Group 1-2,text,true,,5441,338,72,72,https://pabsa.impressicocrm.com/api/tournament/119922/matches,232,0,0
1680593943392,2849,Get Home page currency,200,,Knock_out_Thread Group 1-23,text,true,,9160,321,72,72,https://pabsa.impressicocrm.com/api/currency,2849,0,0
1680593946122,121,Get Players list ,200,,Knock_out_Thread Group 1-5,text,true,,3218,338,72,72,https://pabsa.impressicocrm.com/api/tournament/119922/players,121,0,0
1680593945718,538,Get Home page country ,200,,Knock_out_Thread Group 1-30,text,true,,17270,320,73,73,https://pabsa.impressicocrm.com/api/country,479,0,0
1680593945363,900,Get Home page currency,200,,Knock_out_Thread Group 1-1,text,true,,9160,321,73,73,https://pabsa.impressicocrm.com/api/currency,900,0,0
1680593945776,494,Get Break list ,200,,Knock_out_Thread Group 1-15,text,true,,3218,338,73,73,https://pabsa.impressicocrm.com/api/tournament/119922/players,494,0,0
1680593945704,571,Get Home page country ,200,,Knock_out_Thread Group 1-58,text,true,,17270,320,73,73,https://pabsa.impressicocrm.com/api/country,514,0,0
1680593942743,3535,Get tournamnent list ,200,,Knock_out_Thread Group 1-28,text,true,,58880,389,73,73,https://pabsa.impressicocrm.com/api/tournament?limit=12&pageNumber=1&sportType=&tournamentName=&tournamentStyle=,1077,0,0
1680593942455,3835,Home page ,200,OK,Knock_out_Thread Group 1-35,text,true,,3033,309,73,73,https://pabsa.impressicocrm.com/,3835,0,3698
1680593945901,391,Get Home page currency,200,,Knock_out_Thread Group 1-27,text,true,,9153,321,73,73,https://pabsa.impressicocrm.com/api/currency,390,0,0
1680593946082,211,Get Break list ,200,,Knock_out_Thread Group 1-29,text,true,,3218,338,73,73,https://pabsa.impressicocrm.com/api/tournament/119922/players,211,0,0
1680593946093,210,Get Break list ,200,,Knock_out_Thread Group 1-19,text,true,,3218,338,73,73,https://pabsa.impressicocrm.com/api/tournament/119922/players,210,0,0
1680593946086,221,Get tournament result,200,,Knock_out_Thread Group 1-13,text,true,,5441,338,73,73,https://pabsa.impressicocrm.com/api/tournament/119922/matches,220,0,0
1680593944844,1466,Get tournamnent list ,200,,Knock_out_Thread Group 1-36,text,true,,58880,389,73,73,https://pabsa.impressicocrm.com/api/tournament?limit=12&pageNumber=1&sportType=&tournamentName=&tournamentStyle=,498,0,0
1680593943761,2553,Get tournamnent list ,200,,Knock_out_Thread Group 1-25,text,true,,58880,389,73,73,https://pabsa.impressicocrm.com/api/tournament?limit=12&pageNumber=1&sportType=&tournamentName=&tournamentStyle=,897,0,0
1680593946038,279,Get tournament result,200,,Knock_out_Thread Group 1-3,text,true,,5441,338,73,73,https://pabsa.impressicocrm.com/api/tournament/119922/matches,279,0,0
1680593946085,233,Get Players list ,200,,Knock_out_Thread Group 1-20,text,true,,3218,338,73,73,https://pabsa.impressicocrm.com/api/tournament/119922/players,233,0,0
1680593945561,769,Get knockout players list ,200,,Knock_out_Thread Group 1-22,text,true,,4591,340,73,73,https://pabsa.impressicocrm.com/api/tournament/118871/knockouts,769,0,0
1680593946212,137,Get playerA_Vs_playerB,200,,Knock_out_Thread Group 1-14,text,true,,1239,341,73,73,https://pabsa.impressicocrm.com/api/tournament/matchScore/147598,137,0,0
1680593946221,130,Get playerA_Vs_playerB,200,,Knock_out_Thread Group 1-11,text,true,,1239,341,73,73,https://pabsa.impressicocrm.com/api/tournament/matchScore/147598,130,0,0
1680593946226,148,Get knockout players list ,200,,Knock_out_Thread Group 1-2,text,true,,4598,340,72,72,https://pabsa.impressicocrm.com/api/tournament/118871/knockouts,148,0,0
1680593945455,921,Home page ,200,OK,Knock_out_Thread Group 1-65,text,true,,3033,309,72,72,https://pabsa.impressicocrm.com/,921,0,215
1680593946189,207,Get Break list ,200,,Knock_out_Thread Group 1-9,text,true,,3218,338,72,72,https://pabsa.impressicocrm.com/api/tournament/119922/players,207,0,0
1680593946169,232,Get Players list ,200,,Knock_out_Thread Group 1-40,text,true,,3218,338,72,72,https://pabsa.impressicocrm.com/api/tournament/119922/players,232,0,0
1680593946218,196,Get knockout players list ,200,,Knock_out_Thread Group 1-4,text,true,,4591,340,72,72,https://pabsa.impressicocrm.com/api/tournament/118871/knockouts,196,0,0
1680593946279,169,Get Home page currency,200,,Knock_out_Thread Group 1-28,text,true,,9160,321,72,72,https://pabsa.impressicocrm.com/api/currency,168,0,0
1680593946209,246,Get Players list ,200,,Knock_out_Thread Group 1-48,text,true,,3218,338,73,73,https://pabsa.impressicocrm.com/api/tournament/119922/players,246,0,0
1680593946185,272,Get Players list ,200,,Knock_out_Thread Group 1-7,text,true,,3218,338,73,73,https://pabsa.impressicocrm.com/api/tournament/119922/players,272,0,0
1680593946243,246,Get Break list ,200,,Knock_out_Thread Group 1-5,text,true,,3218,338,73,73,https://pabsa.impressicocrm.com/api/tournament/119922/players,246,0,0
1680593946331,203,Get single knockout Player details,200,,Knock_out_Thread Group 1-22,text,true,,1210,326,73,73,https://pabsa.impressicocrm.com/api/player/110368,203,0,0
1680593946308,256,Get playerA_Vs_playerB,200,,Knock_out_Thread Group 1-13,text,true,,1239,341,74,74,https://pabsa.impressicocrm.com/api/tournament/matchScore/147598,255,0,0
1680593946415,157,Get single knockout Player details,200,,Knock_out_Thread Group 1-4,text,true,,1210,326,73,73,https://pabsa.impressicocrm.com/api/player/110368,157,0,0
1680593946375,199,Get single knockout Player details,200,,Knock_out_Thread Group 1-2,text,true,,1210,326,73,73,https://pabsa.impressicocrm.com/api/player/110368,199,0,0
1680593944787,1808,Get tournamnent list ,200,,Knock_out_Thread Group 1-50,text,true,,58888,389,73,73,https://pabsa.impressicocrm.com/api/tournament?limit=12&pageNumber=1&sportType=&tournamentName=&tournamentStyle=,655,0,0
1680593943416,3184,Get tournamnent list ,200,,Knock_out_Thread Group 1-32,text,true,,58880,389,73,73,https://pabsa.impressicocrm.com/api/tournament?limit=12&pageNumber=1&sportType=&tournamentName=&tournamentStyle=,624,0,0
1680593946155,445,Home page ,200,OK,Knock_out_Thread Group 1-72,text,true,,3033,309,73,73,https://pabsa.impressicocrm.com/,445,0,251
1680593946319,286,Get playerA_Vs_playerB,200,,Knock_out_Thread Group 1-3,text,true,,1239,341,73,73,https://pabsa.impressicocrm.com/api/tournament/matchScore/147598,286,0,0
1680593946263,355,Get Players list ,200,,Knock_out_Thread Group 1-1,text,true,,3218,338,72,72,https://pabsa.impressicocrm.com/api/tournament/119922/players,355,0,0
1680593946254,364,Home page ,200,OK,Knock_out_Thread Group 1-73,text,true,,3033,309,72,72,https://pabsa.impressicocrm.com/,364,0,278
1680593946132,488,Get Home page currency,200,,Knock_out_Thread Group 1-24,text,true,,9160,321,72,72,https://pabsa.impressicocrm.com/api/currency,488,0,0
1680593946402,221,Get Break list ,200,,Knock_out_Thread Group 1-40,text,true,,3218,338,72,72,https://pabsa.impressicocrm.com/api/tournament/119922/players,221,0,0
1680593945727,896,Get Home page currency,200,,Knock_out_Thread Group 1-10,text,true,,9160,321,72,72,https://pabsa.impressicocrm.com/api/currency,896,0,0
1680593944985,1646,Get tournamnent list ,200,,Knock_out_Thread Group 1-53,text,true,,58888,389,72,72,https://pabsa.impressicocrm.com/api/tournament?limit=12&pageNumber=1&sportType=&tournamentName=&tournamentStyle=,798,0,0
1680593945825,817,Get Home page country ,200,,Knock_out_Thread Group 1-61,text,true,,17270,320,72,72,https://pabsa.impressicocrm.com/api/country,752,0,0
1680593946449,196,Get Players list ,200,,Knock_out_Thread Group 1-28,text,true,,3218,338,72,72,https://pabsa.impressicocrm.com/api/tournament/119922/players,196,0,0
1680593946320,333,Get Break list ,200,,Knock_out_Thread Group 1-20,text,true,,3218,338,73,73,https://pabsa.impressicocrm.com/api/tournament/119922/players,333,0,0
1680593946316,344,Get Home page currency,200,,Knock_out_Thread Group 1-25,text,true,,9153,321,73,73,https://pabsa.impressicocrm.com/api/currency,344,0,0
1680593946312,357,Get Home page currency,200,,Knock_out_Thread Group 1-36,text,true,,9160,321,73,73,https://pabsa.impressicocrm.com/api/currency,356,0,0
1680593943171,3523,Get Home page country ,200,,Knock_out_Thread Group 1-21,text,true,,17270,320,73,73,https://pabsa.impressicocrm.com/api/country,3456,0,0
1680593945311,1383,Get Home page currency,200,,Knock_out_Thread Group 1-12,text,true,,9160,321,73,73,https://pabsa.impressicocrm.com/api/currency,1383,0,0
1680593946271,464,Get Players schedule,200,,Knock_out_Thread Group 1-15,text,true,,5441,338,73,73,https://pabsa.impressicocrm.com/api/tournament/119922/matches,464,0,0
1680593946292,450,Get Players list ,200,,Knock_out_Thread Group 1-27,text,true,,3218,338,73,73,https://pabsa.impressicocrm.com/api/tournament/119922/players,450,0,0
1680593946304,445,Get Players schedule,200,,Knock_out_Thread Group 1-19,text,true,,5441,338,73,73,https://pabsa.impressicocrm.com/api/tournament/119922/matches,445,0,0
1680593945254,1506,Home page ,200,OK,Knock_out_Thread Group 1-63,text,true,,3033,309,74,74,https://pabsa.impressicocrm.com/,1506,0,1306
1680593946294,476,Get Players schedule,200,,Knock_out_Thread Group 1-29,text,true,,5441,338,74,74,https://pabsa.impressicocrm.com/api/tournament/119922/matches,476,0,0
1680593946601,174,Get Home page country ,200,,Knock_out_Thread Group 1-72,text,true,,17255,320,74,74,https://pabsa.impressicocrm.com/api/country,171,0,0
1680593946242,539,Get Players list ,200,,Knock_out_Thread Group 1-23,text,true,,3218,338,74,74,https://pabsa.impressicocrm.com/api/tournament/119922/players,539,0,0
1680593946620,162,Get Players list ,200,,Knock_out_Thread Group 1-24,text,true,,3218,338,74,74,https://pabsa.impressicocrm.com/api/tournament/119922/players,162,0,0
1680593946177,612,Get tournament result,200,,Knock_out_Thread Group 1-18,text,true,,5441,338,74,74,https://pabsa.impressicocrm.com/api/tournament/119922/matches,612,0,0
1680593944450,2339,Get Home page country ,200,,Knock_out_Thread Group 1-47,text,true,,17270,320,74,74,https://pabsa.impressicocrm.com/api/country,841,0,0
1680593946619,187,Get Home page country ,200,,Knock_out_Thread Group 1-73,text,true,,17270,320,74,74,https://pabsa.impressicocrm.com/api/country,187,0,0
1680593946291,524,Get Home page country ,200,,Knock_out_Thread Group 1-35,text,true,,17270,320,74,74,https://pabsa.impressicocrm.com/api/country,524,0,0
1680593946554,261,Home page ,200,OK,Knock_out_Thread Group 1-76,text,true,,3033,309,74,74,https://pabsa.impressicocrm.com/,261,0,199
1680593946631,191,Get Home page currency,200,,Knock_out_Thread Group 1-53,text,true,,9153,321,74,74,https://pabsa.impressicocrm.com/api/currency,191,0,0
1680593946377,452,Get Home page country ,200,,Knock_out_Thread Group 1-65,text,true,,17270,320,74,74,https://pabsa.impressicocrm.com/api/country,452,0,0
1680593945678,1169,Get Home page currency,200,,Knock_out_Thread Group 1-17,text,true,,9160,321,74,74,https://pabsa.impressicocrm.com/api/currency,1169,0,0
1680593946619,251,Get Break list ,200,,Knock_out_Thread Group 1-1,text,true,,3218,338,75,75,https://pabsa.impressicocrm.com/api/tournament/119922/players,250,0,0
1680593946646,235,Get Break list ,200,,Knock_out_Thread Group 1-28,text,true,,3218,338,75,75,https://pabsa.impressicocrm.com/api/tournament/119922/players,235,0,0
1680593946669,223,Get Players list ,200,,Knock_out_Thread Group 1-36,text,true,,3218,338,75,75,https://pabsa.impressicocrm.com/api/tournament/119922/players,223,0,0
1680593946601,293,Get Home page currency,200,,Knock_out_Thread Group 1-32,text,true,,9160,321,75,75,https://pabsa.impressicocrm.com/api/currency,293,0,0
1680593946770,138,Get knockout players list ,200,,Knock_out_Thread Group 1-29,text,true,,4598,340,75,75,https://pabsa.impressicocrm.com/api/tournament/118871/knockouts,138,0,0
1680593946396,514,Get Players schedule,200,,Knock_out_Thread Group 1-9,text,true,,5441,338,75,75,https://pabsa.impressicocrm.com/api/tournament/119922/matches,513,0,0
1680593944826,2085,Get tournamnent list ,200,,Knock_out_Thread Group 1-26,text,true,,58888,389,75,75,https://pabsa.impressicocrm.com/api/tournament?limit=12&pageNumber=1&sportType=&tournamentName=&tournamentStyle=,621,0,0
1680593945153,1784,Get tournamnent list ,200,,Knock_out_Thread Group 1-51,text,true,,58880,389,75,75,https://pabsa.impressicocrm.com/api/tournament?limit=12&pageNumber=1&sportType=&tournamentName=&tournamentStyle=,927,0,0
1680593946653,308,Home page ,200,OK,Knock_out_Thread Group 1-77,text,true,,3033,309,76,76,https://pabsa.impressicocrm.com/,308,0,233
1680593946749,217,Get knockout players list ,200,,Knock_out_Thread Group 1-19,text,true,,4598,340,76,76,https://pabsa.impressicocrm.com/api/tournament/118871/knockouts,217,0,0
1680593946490,493,Get Players schedule,200,,Knock_out_Thread Group 1-5,text,true,,5441,338,76,76,https://pabsa.impressicocrm.com/api/tournament/119922/matches,493,0,0
1680593946694,307,Get Players list ,200,,Knock_out_Thread Group 1-12,text,true,,3218,338,76,76,https://pabsa.impressicocrm.com/api/tournament/119922/players,307,0,0
1680593946596,412,Get Home page currency,200,,Knock_out_Thread Group 1-50,text,true,,9153,321,76,76,https://pabsa.impressicocrm.com/api/currency,412,0,0
1680593944769,2251,Get tournamnent list ,200,,Knock_out_Thread Group 1-52,text,true,,58888,389,76,76,https://pabsa.impressicocrm.com/api/tournament?limit=12&pageNumber=1&sportType=&tournamentName=&tournamentStyle=,949,0,0
1680593946457,566,Get Break list ,200,,Knock_out_Thread Group 1-48,text,true,,3218,338,76,76,https://pabsa.impressicocrm.com/api/tournament/119922/players,565,0,0
1680593945554,1474,Home page ,200,OK,Knock_out_Thread Group 1-66,text,true,,3033,309,76,76,https://pabsa.impressicocrm.com/,1474,0,1161
1680593946782,250,Get Break list ,200,,Knock_out_Thread Group 1-23,text,true,,3218,338,76,76,https://pabsa.impressicocrm.com/api/tournament/119922/players,250,0,0
1680593946573,464,Get tournament result,200,,Knock_out_Thread Group 1-4,text,true,,5441,338,76,76,https://pabsa.impressicocrm.com/api/tournament/119922/matches,464,0,0
1680593946736,309,Get knockout players list ,200,,Knock_out_Thread Group 1-15,text,true,,4598,340,76,76,https://pabsa.impressicocrm.com/api/tournament/118871/knockouts,309,0,0
1680593944581,2489,Get tournamnent list ,200,,Knock_out_Thread Group 1-37,text,true,,58880,389,77,77,https://pabsa.impressicocrm.com/api/tournament?limit=12&pageNumber=1&sportType=&tournamentName=&tournamentStyle=,777,0,0
1680593944962,2108,Get tournamnent list ,200,,Knock_out_Thread Group 1-31,text,true,,58888,389,77,77,https://pabsa.impressicocrm.com/api/tournament?limit=12&pageNumber=1&sportType=&tournamentName=&tournamentStyle=,883,0,0
1680593946816,255,Get Home page country ,200,,Knock_out_Thread Group 1-76,text,true,,17270,320,77,77,https://pabsa.impressicocrm.com/api/country,255,0,0
1680593946458,622,Get Break list ,200,,Knock_out_Thread Group 1-7,text,true,,3218,338,77,77,https://pabsa.impressicocrm.com/api/tournament/119922/players,621,0,0
1680593946623,457,Get Players schedule,200,,Knock_out_Thread Group 1-40,text,true,,5441,338,77,77,https://pabsa.impressicocrm.com/api/tournament/119922/matches,457,0,0
1680593945855,1225,Home page ,200,OK,Knock_out_Thread Group 1-69,text,true,,3033,309,77,77,https://pabsa.impressicocrm.com/,1225,0,382
1680593946055,1050,Home page ,200,OK,Knock_out_Thread Group 1-71,text,true,,3033,309,77,77,https://pabsa.impressicocrm.com/,1049,0,657
1680593946822,309,Get Players list ,200,,Knock_out_Thread Group 1-53,text,true,,3218,338,77,77,https://pabsa.impressicocrm.com/api/tournament/119922/players,309,0,0
1680593946909,227,Get single knockout Player details,200,,Knock_out_Thread Group 1-29,text,true,,1210,326,77,77,https://pabsa.impressicocrm.com/api/player/110368,227,0,0
1680593946856,280,Home page ,200,OK,Knock_out_Thread Group 1-79,text,true,,3033,309,77,77,https://pabsa.impressicocrm.com/,280,0,211
1680593946743,394,Get Break list ,200,,Knock_out_Thread Group 1-27,text,true,,3218,338,77,77,https://pabsa.impressicocrm.com/api/tournament/119922/players,394,0,0
1680593944650,2489,Get tournamnent list ,200,,Knock_out_Thread Group 1-43,text,true,,58880,389,77,77,https://pabsa.impressicocrm.com/api/tournament?limit=12&pageNumber=1&sportType=&tournamentName=&tournamentStyle=,676,0,0
1680593946575,586,Get tournament result,200,,Knock_out_Thread Group 1-2,text,true,,5441,338,78,78,https://pabsa.impressicocrm.com/api/tournament/119922/matches,586,0,0
1680593946654,508,Get Players schedule,200,,Knock_out_Thread Group 1-20,text,true,,5435,338,78,78,https://pabsa.impressicocrm.com/api/tournament/119922/matches,508,0,0
1680593946782,389,Get Break list ,200,,Knock_out_Thread Group 1-24,text,true,,3218,338,78,78,https://pabsa.impressicocrm.com/api/tournament/119922/players,389,0,0
1680593946660,521,Get Players list ,200,,Knock_out_Thread Group 1-25,text,true,,3218,338,78,78,https://pabsa.impressicocrm.com/api/tournament/119922/players,521,0,0
1680593946760,423,Get Home page country ,200,,Knock_out_Thread Group 1-63,text,true,,17255,320,78,78,https://pabsa.impressicocrm.com/api/country,359,0,0
1680593946203,988,Get Home page country ,200,,Knock_out_Thread Group 1-56,text,true,,17270,320,78,78,https://pabsa.impressicocrm.com/api/country,920,0,0
1680593946893,298,Get Break list ,200,,Knock_out_Thread Group 1-36,text,true,,3218,338,78,78,https://pabsa.impressicocrm.com/api/tournament/119922/players,298,0,0
1680593945313,1920,Get tournamnent list ,200,,Knock_out_Thread Group 1-59,text,true,,58880,389,78,78,https://pabsa.impressicocrm.com/api/tournament?limit=12&pageNumber=1&sportType=&tournamentName=&tournamentStyle=,367,0,0
1680593946984,260,Get knockout players list ,200,,Knock_out_Thread Group 1-5,text,true,,4598,340,78,78,https://pabsa.impressicocrm.com/api/tournament/118871/knockouts,260,0,0
1680593946848,399,Get Players list ,200,,Knock_out_Thread Group 1-17,text,true,,3218,338,78,78,https://pabsa.impressicocrm.com/api/tournament/119922/players,399,0,0
1680593947021,229,Get Home page currency,200,,Knock_out_Thread Group 1-52,text,true,,9153,321,78,78,https://pabsa.impressicocrm.com/api/currency,229,0,0
1680593946789,474,Get playerA_Vs_playerB,200,,Knock_out_Thread Group 1-18,text,true,,1239,341,79,79,https://pabsa.impressicocrm.com/api/tournament/matchScore/147598,474,0,0
1680593946535,728,Get tournament result,200,,Knock_out_Thread Group 1-22,text,true,,5441,338,79,79,https://pabsa.impressicocrm.com/api/tournament/119922/matches,728,0,0
1680593945311,1967,Get tournamnent list ,200,,Knock_out_Thread Group 1-42,text,true,,58880,389,78,78,https://pabsa.impressicocrm.com/api/tournament?limit=12&pageNumber=1&sportType=&tournamentName=&tournamentStyle=,1015,0,0
1680593946894,389,Get Players list ,200,,Knock_out_Thread Group 1-32,text,true,,3218,338,78,78,https://pabsa.impressicocrm.com/api/tournament/119922/players,389,0,0
1680593947046,240,Get single knockout Player details,200,,Knock_out_Thread Group 1-15,text,true,,1210,326,78,78,https://pabsa.impressicocrm.com/api/player/110368,240,0,0
1680593947038,249,Get playerA_Vs_playerB,200,,Knock_out_Thread Group 1-4,text,true,,1239,341,78,78,https://pabsa.impressicocrm.com/api/tournament/matchScore/147598,249,0,0
1680593946912,383,Get Home page currency,200,,Knock_out_Thread Group 1-26,text,true,,9160,321,77,77,https://pabsa.impressicocrm.com/api/currency,383,0,0
1680593946375,923,Home page ,200,OK,Knock_out_Thread Group 1-74,text,true,,3033,309,77,77,https://pabsa.impressicocrm.com/,923,0,331
1680593947008,305,Get Players list ,200,,Knock_out_Thread Group 1-50,text,true,,3218,338,77,77,https://pabsa.impressicocrm.com/api/tournament/119922/players,305,0,0
1680593946910,415,Get knockout players list ,200,,Knock_out_Thread Group 1-9,text,true,,4598,340,77,77,https://pabsa.impressicocrm.com/api/tournament/118871/knockouts,415,0,0
1680593946962,369,Get Home page country ,200,,Knock_out_Thread Group 1-77,text,true,,17270,320,77,77,https://pabsa.impressicocrm.com/api/country,369,0,0
1680593946882,463,Get Players schedule,200,,Knock_out_Thread Group 1-28,text,true,,5441,338,77,77,https://pabsa.impressicocrm.com/api/tournament/119922/matches,463,0,0
1680593943836,3533,Get tournamnent list ,200,,Knock_out_Thread Group 1-33,text,true,,58880,389,78,78,https://pabsa.impressicocrm.com/api/tournament?limit=12&pageNumber=1&sportType=&tournamentName=&tournamentStyle=,1570,0,0
1680593946871,518,Get Players schedule,200,,Knock_out_Thread Group 1-1,text,true,,5441,338,78,78,https://pabsa.impressicocrm.com/api/tournament/119922/matches,518,0,0
1680593947161,238,Get playerA_Vs_playerB,200,,Knock_out_Thread Group 1-2,text,true,,1239,341,78,78,https://pabsa.impressicocrm.com/api/tournament/matchScore/147598,238,0,0
1680593947131,293,Get Break list ,200,,Knock_out_Thread Group 1-53,text,true,,3218,338,77,77,https://pabsa.impressicocrm.com/api/tournament/119922/players,293,0,0
1680593946623,801,Get Players list ,200,,Knock_out_Thread Group 1-10,text,true,,3218,338,77,77,https://pabsa.impressicocrm.com/api/tournament/119922/players,801,0,0
1680593946967,465,Get single knockout Player details,200,,Knock_out_Thread Group 1-19,text,true,,1210,326,77,77,https://pabsa.impressicocrm.com/api/player/110368,465,0,0
1680593945654,1787,Home page ,200,OK,Knock_out_Thread Group 1-67,text,true,,3033,309,77,77,https://pabsa.impressicocrm.com/,1786,0,1654
1680593947072,390,Get Home page currency,200,,Knock_out_Thread Group 1-31,text,true,,9160,321,78,78,https://pabsa.impressicocrm.com/api/currency,389,0,0
1680593947245,217,Get single knockout Player details,200,,Knock_out_Thread Group 1-5,text,true,,1210,326,78,78,https://pabsa.impressicocrm.com/api/player/110368,217,0,0
1680593944615,2860,Get tournamnent list ,200,,Knock_out_Thread Group 1-46,text,true,,58880,389,78,78,https://pabsa.impressicocrm.com/api/tournament?limit=12&pageNumber=1&sportType=&tournamentName=&tournamentStyle=,1875,0,0
1680593944586,2892,Get tournamnent list ,200,,Knock_out_Thread Group 1-45,text,true,,58880,389,78,78,https://pabsa.impressicocrm.com/api/tournament?limit=12&pageNumber=1&sportType=&tournamentName=&tournamentStyle=,512,0,0
1680593945955,1532,Home page ,200,OK,Knock_out_Thread Group 1-70,text,true,,3033,309,78,78,https://pabsa.impressicocrm.com/,1531,0,1469
1680593947106,394,Get Home page country ,200,,Knock_out_Thread Group 1-71,text,true,,17270,320,78,78,https://pabsa.impressicocrm.com/api/country,370,0,0
1680593947023,486,Get Players schedule,200,,Knock_out_Thread Group 1-48,text,true,,5435,338,78,78,https://pabsa.impressicocrm.com/api/tournament/119922/matches,486,0,0
1680593947071,445,Get Home page currency,200,,Knock_out_Thread Group 1-37,text,true,,9160,321,78,78,https://pabsa.impressicocrm.com/api/currency,445,0,0
1680593947182,350,Get Break list ,200,,Knock_out_Thread Group 1-25,text,true,,3218,338,78,78,https://pabsa.impressicocrm.com/api/tournament/119922/players,350,0,0
1680593947137,418,Get Players schedule,200,,Knock_out_Thread Group 1-27,text,true,,5441,338,78,78,https://pabsa.impressicocrm.com/api/tournament/119922/matches,418,0,0
1680593947140,436,Get Home page currency,200,,Knock_out_Thread Group 1-43,text,true,,9160,321,79,79,https://pabsa.impressicocrm.com/api/currency,436,0,0
1680593947284,295,Get Break list ,200,,Knock_out_Thread Group 1-32,text,true,,3218,338,79,79,https://pabsa.impressicocrm.com/api/tournament/119922/players,295,0,0
1680593947163,421,Get knockout players list ,200,,Knock_out_Thread Group 1-20,text,true,,4598,340,79,79,https://pabsa.impressicocrm.com/api/tournament/118871/knockouts,421,0,0
1680593947251,334,Get Players list ,200,,Knock_out_Thread Group 1-52,text,true,,3218,338,79,79,https://pabsa.impressicocrm.com/api/tournament/119922/players,334,0,0
1680593947137,479,Get tournament result,200,,Knock_out_Thread Group 1-29,text,true,,5441,338,79,79,https://pabsa.impressicocrm.com/api/tournament/119922/matches,479,0,0
1680593946176,1450,Get tournamnent list ,200,,Knock_out_Thread Group 1-54,text,true,,58880,389,79,79,https://pabsa.impressicocrm.com/api/tournament?limit=12&pageNumber=1&sportType=&tournamentName=&tournamentStyle=,614,0,0
1680593947326,301,Get single knockout Player details,200,,Knock_out_Thread Group 1-9,text,true,,1210,326,79,79,https://pabsa.impressicocrm.com/api/player/110368,301,0,0
1680593947081,565,Get knockout players list ,200,,Knock_out_Thread Group 1-40,text,true,,4598,340,79,79,https://pabsa.impressicocrm.com/api/tournament/118871/knockouts,565,0,0
1680593945927,1719,Get tournamnent list ,200,,Knock_out_Thread Group 1-41,text,true,,58888,389,79,79,https://pabsa.impressicocrm.com/api/tournament?limit=12&pageNumber=1&sportType=&tournamentName=&tournamentStyle=,470,0,0
1680593947081,572,Get Players schedule,200,,Knock_out_Thread Group 1-7,text,true,,5441,338,79,79,https://pabsa.impressicocrm.com/api/tournament/119922/matches,572,0,0
1680593947390,273,Get knockout players list ,200,,Knock_out_Thread Group 1-1,text,true,,4598,340,80,80,https://pabsa.impressicocrm.com/api/tournament/118871/knockouts,273,0,0
1680593947314,353,Get Break list ,200,,Knock_out_Thread Group 1-50,text,true,,3218,338,80,80,https://pabsa.impressicocrm.com/api/tournament/119922/players,353,0,0
1680593945624,2051,Get tournamnent list ,200,,Knock_out_Thread Group 1-44,text,true,,58880,389,80,80,https://pabsa.impressicocrm.com/api/tournament?limit=12&pageNumber=1&sportType=&tournamentName=&tournamentStyle=,972,0,0
1680593947295,386,Get Players list ,200,,Knock_out_Thread Group 1-26,text,true,,3218,338,80,80,https://pabsa.impressicocrm.com/api/tournament/119922/players,386,0,0
1680593945880,1802,Get tournamnent list ,200,,Knock_out_Thread Group 1-6,text,true,,58880,389,80,80,https://pabsa.impressicocrm.com/api/tournament?limit=12&pageNumber=1&sportType=&tournamentName=&tournamentStyle=,716,0,0
1680593947171,539,Get Players schedule,200,,Knock_out_Thread Group 1-24,text,true,,5435,338,80,80,https://pabsa.impressicocrm.com/api/tournament/119922/matches,539,0,0
1680593947345,365,Get knockout players list ,200,,Knock_out_Thread Group 1-28,text,true,,4598,340,80,80,https://pabsa.impressicocrm.com/api/tournament/118871/knockouts,365,0,0
1680593947456,266,Home page ,200,OK,Knock_out_Thread Group 1-85,text,true,,3033,309,80,80,https://pabsa.impressicocrm.com/,266,0,206
1680593947488,237,Get Home page country ,200,,Knock_out_Thread Group 1-70,text,true,,17270,320,80,80,https://pabsa.impressicocrm.com/api/country,235,0,0
1680593947033,694,Get Players schedule,200,,Knock_out_Thread Group 1-23,text,true,,5441,338,80,80,https://pabsa.impressicocrm.com/api/tournament/119922/matches,694,0,0
1680593947248,488,Get Break list ,200,,Knock_out_Thread Group 1-17,text,true,,3218,338,80,80,https://pabsa.impressicocrm.com/api/tournament/119922/players,488,0,0
1680593947001,744,Get Break list ,200,,Knock_out_Thread Group 1-12,text,true,,3218,338,80,80,https://pabsa.impressicocrm.com/api/tournament/119922/players,744,0,0
1680593947137,611,Get Home page country ,200,,Knock_out_Thread Group 1-79,text,true,,17270,320,80,80,https://pabsa.impressicocrm.com/api/country,611,0,0
1680593947664,93,Get single knockout Player details,200,,Knock_out_Thread Group 1-1,text,true,,1210,326,81,81,https://pabsa.impressicocrm.com/api/player/110368,93,0,0
1680593947082,684,Get Home page country ,200,,Knock_out_Thread Group 1-69,text,true,,17270,320,81,81,https://pabsa.impressicocrm.com/api/country,683,0,0
1680593947370,397,Get Home page currency,200,,Knock_out_Thread Group 1-33,text,true,,9160,321,81,81,https://pabsa.impressicocrm.com/api/currency,397,0,0
1680593946937,836,Get Home page currency,200,,Knock_out_Thread Group 1-51,text,true,,9160,321,81,81,https://pabsa.impressicocrm.com/api/currency,836,0,0
1680593947192,585,Get Players schedule,200,,Knock_out_Thread Group 1-36,text,true,,5441,338,81,81,https://pabsa.impressicocrm.com/api/tournament/119922/matches,585,0,0
1680593947264,518,Get playerA_Vs_playerB,200,,Knock_out_Thread Group 1-22,text,true,,1239,341,81,81,https://pabsa.impressicocrm.com/api/tournament/matchScore/147598,518,0,0
1680593945622,2162,Get tournamnent list ,200,,Knock_out_Thread Group 1-60,text,true,,58880,389,80,80,https://pabsa.impressicocrm.com/api/tournament?limit=12&pageNumber=1&sportType=&tournamentName=&tournamentStyle=,717,0,0
1680593947299,491,Get Home page country ,200,,Knock_out_Thread Group 1-74,text,true,,17255,320,80,80,https://pabsa.impressicocrm.com/api/country,488,0,0
1680593947425,371,Get Break list ,200,,Knock_out_Thread Group 1-10,text,true,,3218,338,80,80,https://pabsa.impressicocrm.com/api/tournament/119922/players,371,0,0
1680593944454,3346,Home page ,200,OK,Knock_out_Thread Group 1-55,text,true,,3033,309,80,80,https://pabsa.impressicocrm.com/,3346,0,3235
1680593945757,2049,Home page ,200,OK,Knock_out_Thread Group 1-68,text,true,,3033,309,80,80,https://pabsa.impressicocrm.com/,2049,0,1634
1680593947559,255,Home page ,200,OK,Knock_out_Thread Group 1-86,text,true,,3033,309,80,80,https://pabsa.impressicocrm.com/,255,0,195
1680593947478,338,Get Home page currency,200,,Knock_out_Thread Group 1-45,text,true,,9160,321,80,80,https://pabsa.impressicocrm.com/api/currency,338,0,0
1680593947585,239,Get single knockout Player details,200,,Knock_out_Thread Group 1-20,text,true,,1210,326,80,80,https://pabsa.impressicocrm.com/api/player/110368,239,0,0
1680593945023,2811,Get tournamnent list ,200,,Knock_out_Thread Group 1-16,text,true,,58888,389,80,80,https://pabsa.impressicocrm.com/api/tournament?limit=12&pageNumber=1&sportType=&tournamentName=&tournamentStyle=,1548,0,0
1680593947556,291,Get knockout players list ,200,,Knock_out_Thread Group 1-27,text,true,,4598,340,80,80,https://pabsa.impressicocrm.com/api/tournament/118871/knockouts,291,0,0
1680593947647,200,Get single knockout Player details,200,,Knock_out_Thread Group 1-40,text,true,,1210,326,80,80,https://pabsa.impressicocrm.com/api/player/110368,200,0,0
1680593947509,345,Get knockout players list ,200,,Knock_out_Thread Group 1-48,text,true,,4598,340,81,81,https://pabsa.impressicocrm.com/api/tournament/118871/knockouts,345,0,0
1680593947654,208,Get knockout players list ,200,,Knock_out_Thread Group 1-7,text,true,,4598,340,81,81,https://pabsa.impressicocrm.com/api/tournament/118871/knockouts,208,0,0
1680593947517,346,Get Players list ,200,,Knock_out_Thread Group 1-37,text,true,,3218,338,81,81,https://pabsa.impressicocrm.com/api/tournament/119922/players,346,0,0
1680593946753,1117,Home page ,200,OK,Knock_out_Thread Group 1-78,text,true,,3033,309,81,81,https://pabsa.impressicocrm.com/,1117,0,948
1680593946776,1096,Get tournamnent list ,200,,Knock_out_Thread Group 1-72,text,true,,58880,389,81,81,https://pabsa.impressicocrm.com/api/tournament?limit=12&pageNumber=1&sportType=&tournamentName=&tournamentStyle=,485,0,0
1680593947586,304,Get Break list ,200,,Knock_out_Thread Group 1-52,text,true,,3218,338,81,81,https://pabsa.impressicocrm.com/api/tournament/119922/players,304,0,0
1680593947463,437,Get tournament result,200,,Knock_out_Thread Group 1-5,text,true,,5441,338,81,81,https://pabsa.impressicocrm.com/api/tournament/119922/matches,437,0,0
1680593947658,243,Home page ,200,OK,Knock_out_Thread Group 1-87,text,true,,3033,309,81,81,https://pabsa.impressicocrm.com/,243,0,186
1680593947711,204,Get single knockout Player details,200,,Knock_out_Thread Group 1-28,text,true,,1210,326,81,81,https://pabsa.impressicocrm.com/api/player/110368,204,0,0
1680593946642,1273,Get tournamnent list ,200,,Knock_out_Thread Group 1-61,text,true,,58888,389,81,81,https://pabsa.impressicocrm.com/api/tournament?limit=12&pageNumber=1&sportType=&tournamentName=&tournamentStyle=,636,0,0
1680593947425,498,Get Players schedule,200,,Knock_out_Thread Group 1-53,text,true,,5441,338,81,81,https://pabsa.impressicocrm.com/api/tournament/119922/matches,498,0,0
1680593947029,897,Get Home page country ,200,,Knock_out_Thread Group 1-66,text,true,,17255,320,81,81,https://pabsa.impressicocrm.com/api/country,897,0,0
1680593946189,1744,Get tournamnent list ,200,,Knock_out_Thread Group 1-39,text,true,,58880,389,81,81,https://pabsa.impressicocrm.com/api/tournament?limit=12&pageNumber=1&sportType=&tournamentName=&tournamentStyle=,887,0,0
1680593947442,497,Get Home page country ,200,,Knock_out_Thread Group 1-67,text,true,,17255,320,81,81,https://pabsa.impressicocrm.com/api/country,496,0,0
1680593947279,687,Get Home page currency,200,,Knock_out_Thread Group 1-42,text,true,,9160,321,82,82,https://pabsa.impressicocrm.com/api/currency,687,0,0
1680593943014,4953,Get tournamnent list ,200,,Knock_out_Thread Group 1-8,text,true,,58880,389,82,82,https://pabsa.impressicocrm.com/api/tournament?limit=12&pageNumber=1&sportType=&tournamentName=&tournamentStyle=,3360,0,0
1680593947462,509,Get Players list ,200,,Knock_out_Thread Group 1-31,text,true,,3218,338,82,82,https://pabsa.impressicocrm.com/api/tournament/119922/players,509,0,0
1680593947476,513,Get Home page currency,200,,Knock_out_Thread Group 1-46,text,true,,9160,321,82,82,https://pabsa.impressicocrm.com/api/currency,513,0,0
1680593947711,278,Get knockout players list ,200,,Knock_out_Thread Group 1-24,text,true,,4598,340,82,82,https://pabsa.impressicocrm.com/api/tournament/118871/knockouts,278,0,0
1680593946694,1299,Get tournamnent list ,200,,Knock_out_Thread Group 1-21,text,true,,58880,389,82,82,https://pabsa.impressicocrm.com/api/tournament?limit=12&pageNumber=1&sportType=&tournamentName=&tournamentStyle=,554,0,0
1680593947727,279,Get knockout players list ,200,,Knock_out_Thread Group 1-23,text,true,,4598,340,82,82,https://pabsa.impressicocrm.com/api/tournament/118871/knockouts,279,0,0
1680593944247,3762,Get tournamnent list ,200,,Knock_out_Thread Group 1-34,text,true,,58880,389,82,82,https://pabsa.impressicocrm.com/api/tournament?limit=12&pageNumber=1&sportType=&tournamentName=&tournamentStyle=,1179,0,0
1680593947682,331,Get Home page currency,200,,Knock_out_Thread Group 1-6,text,true,,9160,321,82,82,https://pabsa.impressicocrm.com/api/currency,331,0,0
1680593947433,582,Get tournament result,200,,Knock_out_Thread Group 1-19,text,true,,5441,338,82,82,https://pabsa.impressicocrm.com/api/tournament/119922/matches,582,0,0
1680593947723,302,Get Home page country ,200,,Knock_out_Thread Group 1-85,text,true,,17270,320,82,82,https://pabsa.impressicocrm.com/api/country,302,0,0
1680593947058,969,Home page ,200,OK,Knock_out_Thread Group 1-81,text,true,,3033,309,82,82,https://pabsa.impressicocrm.com/,968,0,843
1680593947616,414,Get playerA_Vs_playerB,200,,Knock_out_Thread Group 1-29,text,true,,1239,341,82,82,https://pabsa.impressicocrm.com/api/tournament/matchScore/147598,414,0,0
1680593947286,747,Get tournament result,200,,Knock_out_Thread Group 1-15,text,true,,5441,338,81,81,https://pabsa.impressicocrm.com/api/tournament/119922/matches,747,0,0
1680593947681,358,Get Break list ,200,,Knock_out_Thread Group 1-26,text,true,,3218,338,81,81,https://pabsa.impressicocrm.com/api/tournament/119922/players,358,0,0
1680593946276,1783,Get tournamnent list ,200,,Knock_out_Thread Group 1-58,text,true,,58880,389,82,82,https://pabsa.impressicocrm.com/api/tournament?limit=12&pageNumber=1&sportType=&tournamentName=&tournamentStyle=,431,0,0
1680593947580,485,Get Players schedule,200,,Knock_out_Thread Group 1-32,text,true,,5441,338,82,82,https://pabsa.impressicocrm.com/api/tournament/119922/matches,485,0,0
1680593946256,1815,Get tournamnent list ,200,,Knock_out_Thread Group 1-30,text,true,,58888,389,82,82,https://pabsa.impressicocrm.com/api/tournament?limit=12&pageNumber=1&sportType=&tournamentName=&tournamentStyle=,845,0,0
1680593947778,299,Get knockout players list ,200,,Knock_out_Thread Group 1-36,text,true,,4591,340,82,82,https://pabsa.impressicocrm.com/api/tournament/118871/knockouts,299,0,0
1680593946806,1274,Get tournamnent list ,200,,Knock_out_Thread Group 1-73,text,true,,58880,389,82,82,https://pabsa.impressicocrm.com/api/tournament?limit=12&pageNumber=1&sportType=&tournamentName=&tournamentStyle=,654,0,0
1680593947073,1026,Get tournamnent list ,200,,Knock_out_Thread Group 1-76,text,true,,58888,389,82,82,https://pabsa.impressicocrm.com/api/tournament?limit=12&pageNumber=1&sportType=&tournamentName=&tournamentStyle=,512,0,0
1680593947533,606,Get Players schedule,200,,Knock_out_Thread Group 1-25,text,true,,5441,338,82,82,https://pabsa.impressicocrm.com/api/tournament/119922/matches,606,0,0
1680593947847,356,Get single knockout Player details,200,,Knock_out_Thread Group 1-27,text,true,,1210,326,83,83,https://pabsa.impressicocrm.com/api/player/110368,355,0,0
1680593947855,365,Get single knockout Player details,200,,Knock_out_Thread Group 1-48,text,true,,1210,326,83,83,https://pabsa.impressicocrm.com/api/player/110368,365,0,0
1680593947577,676,Get Players list ,200,,Knock_out_Thread Group 1-43,text,true,,3218,338,83,83,https://pabsa.impressicocrm.com/api/tournament/119922/players,676,0,0
1680593947774,480,Get Players list ,200,,Knock_out_Thread Group 1-51,text,true,,3218,338,84,84,https://pabsa.impressicocrm.com/api/tournament/119922/players,480,0,0
1680593947863,401,Get single knockout Player details,200,,Knock_out_Thread Group 1-7,text,true,,1210,326,84,84,https://pabsa.impressicocrm.com/api/player/110368,401,0,0
1680593947736,531,Get Players schedule,200,,Knock_out_Thread Group 1-17,text,true,,5435,338,84,84,https://pabsa.impressicocrm.com/api/tournament/119922/matches,531,0,0
1680593947668,602,Get Players schedule,200,,Knock_out_Thread Group 1-50,text,true,,5441,338,84,84,https://pabsa.impressicocrm.com/api/tournament/119922/matches,601,0,0
1680593947900,395,Get playerA_Vs_playerB,200,,Knock_out_Thread Group 1-5,text,true,,1239,341,84,84,https://pabsa.impressicocrm.com/api/tournament/matchScore/147598,395,0,0
1680593947816,480,Get Players list ,200,,Knock_out_Thread Group 1-45,text,true,,3218,338,83,83,https://pabsa.impressicocrm.com/api/tournament/119922/players,480,0,0
1680593947784,518,Get Home page currency,200,,Knock_out_Thread Group 1-60,text,true,,9160,321,83,83,https://pabsa.impressicocrm.com/api/currency,518,0,0
1680593947902,412,Get Home page country ,200,,Knock_out_Thread Group 1-87,text,true,,17255,320,83,83,https://pabsa.impressicocrm.com/api/country,412,0,0
1680593947815,501,Get Home page country ,200,,Knock_out_Thread Group 1-86,text,true,,17270,320,83,83,https://pabsa.impressicocrm.com/api/country,500,0,0
1680593947864,468,Get Break list ,200,,Knock_out_Thread Group 1-37,text,true,,3218,338,83,83,https://pabsa.impressicocrm.com/api/tournament/119922/players,468,0,0
1680593947796,536,Get Players schedule,200,,Knock_out_Thread Group 1-10,text,true,,5435,338,83,83,https://pabsa.impressicocrm.com/api/tournament/119922/matches,536,0,0
1680593947183,1164,Get tournamnent list ,200,,Knock_out_Thread Group 1-63,text,true,,58880,389,83,83,https://pabsa.impressicocrm.com/api/tournament?limit=12&pageNumber=1&sportType=&tournamentName=&tournamentStyle=,574,0,0
1680593947745,607,Get Players schedule,200,,Knock_out_Thread Group 1-12,text,true,,5441,338,84,84,https://pabsa.impressicocrm.com/api/tournament/119922/matches,607,0,0
1680593946829,1525,Get tournamnent list ,200,,Knock_out_Thread Group 1-65,text,true,,58865,389,84,84,https://pabsa.impressicocrm.com/api/tournament?limit=12&pageNumber=1&sportType=&tournamentName=&tournamentStyle=,903,0,0
1680593947825,539,Get tournament result,200,,Knock_out_Thread Group 1-20,text,true,,5441,338,84,84,https://pabsa.impressicocrm.com/api/tournament/119922/matches,539,0,0
1680593947807,563,Get Home page country ,200,,Knock_out_Thread Group 1-68,text,true,,17255,320,84,84,https://pabsa.impressicocrm.com/api/country,519,0,0
1680593947956,414,Home page ,200,OK,Knock_out_Thread Group 1-90,text,true,,3033,309,84,84,https://pabsa.impressicocrm.com/,414,0,344
1680593947967,405,Get Home page currency,200,,Knock_out_Thread Group 1-8,text,true,,9160,321,84,84,https://pabsa.impressicocrm.com/api/currency,405,0,0
1680593947801,578,Get Home page country ,200,,Knock_out_Thread Group 1-55,text,true,,17255,320,84,84,https://pabsa.impressicocrm.com/api/country,577,0,0
1680593947757,626,Get tournament result,200,,Knock_out_Thread Group 1-1,text,true,,5441,338,84,84,https://pabsa.impressicocrm.com/api/tournament/119922/matches,626,0,0
1680593946154,2238,Get tournamnent list ,200,,Knock_out_Thread Group 1-49,text,true,,58888,389,84,84,https://pabsa.impressicocrm.com/api/tournament?limit=12&pageNumber=1&sportType=&tournamentName=&tournamentStyle=,612,0,0
1680593945866,2530,Get tournamnent list ,200,,Knock_out_Thread Group 1-57,text,true,,58880,389,84,84,https://pabsa.impressicocrm.com/api/tournament?limit=12&pageNumber=1&sportType=&tournamentName=&tournamentStyle=,607,0,0
1680593947994,406,Get Home page currency,200,,Knock_out_Thread Group 1-21,text,true,,9160,321,84,84,https://pabsa.impressicocrm.com/api/currency,406,0,0
1680593947916,484,Get Home page currency,200,,Knock_out_Thread Group 1-61,text,true,,9153,321,84,84,https://pabsa.impressicocrm.com/api/currency,484,0,0
1680593947967,445,Get Players list ,200,,Knock_out_Thread Group 1-42,text,true,,3218,338,84,84,https://pabsa.impressicocrm.com/api/tournament/119922/players,445,0,0
1680593947627,786,Get tournament result,200,,Knock_out_Thread Group 1-9,text,true,,5435,338,84,84,https://pabsa.impressicocrm.com/api/tournament/119922/matches,786,0,0
1680593947990,432,Get Players list ,200,,Knock_out_Thread Group 1-46,text,true,,3218,338,84,84,https://pabsa.impressicocrm.com/api/tournament/119922/players,432,0,0
1680593947872,551,Get Home page currency,200,,Knock_out_Thread Group 1-72,text,true,,9153,321,84,84,https://pabsa.impressicocrm.com/api/currency,550,0,0
1680593948016,414,Get playerA_Vs_playerB,200,,Knock_out_Thread Group 1-19,text,true,,1239,341,84,84,https://pabsa.impressicocrm.com/api/tournament/matchScore/147598,414,0,0
1680593947871,570,Get Home page country ,200,,Knock_out_Thread Group 1-78,text,true,,17270,320,83,83,https://pabsa.impressicocrm.com/api/country,570,0,0
1680593947972,469,Get Break list ,200,,Knock_out_Thread Group 1-31,text,true,,3218,338,83,83,https://pabsa.impressicocrm.com/api/tournament/119922/players,469,0,0
1680593948014,427,Get Players list ,200,,Knock_out_Thread Group 1-6,text,true,,3218,338,83,83,https://pabsa.impressicocrm.com/api/tournament/119922/players,427,0,0
1680593947933,509,Get Home page currency,200,,Knock_out_Thread Group 1-39,text,true,,9160,321,83,83,https://pabsa.impressicocrm.com/api/currency,509,0,0
1680593948078,366,Get single knockout Player details,200,,Knock_out_Thread Group 1-36,text,true,,1210,326,83,83,https://pabsa.impressicocrm.com/api/player/110368,366,0,0
1680593948140,314,Get knockout players list ,200,,Knock_out_Thread Group 1-25,text,true,,4591,340,83,83,https://pabsa.impressicocrm.com/api/tournament/118871/knockouts,314,0,0
1680593948035,439,Get playerA_Vs_playerB,200,,Knock_out_Thread Group 1-15,text,true,,1239,341,84,84,https://pabsa.impressicocrm.com/api/tournament/matchScore/147598,439,0,0
1680593947234,1243,Get Home page currency,200,,Knock_out_Thread Group 1-59,text,true,,9153,321,83,83,https://pabsa.impressicocrm.com/api/currency,1243,0,0
1680593947755,723,Home page ,200,OK,Knock_out_Thread Group 1-88,text,true,,3033,309,83,83,https://pabsa.impressicocrm.com/,723,0,191
1680593947923,561,Get knockout players list ,200,,Knock_out_Thread Group 1-53,text,true,,4591,340,83,83,https://pabsa.impressicocrm.com/api/tournament/118871/knockouts,560,0,0
1680593947916,579,Get tournament result,200,,Knock_out_Thread Group 1-28,text,true,,5435,338,83,83,https://pabsa.impressicocrm.com/api/tournament/119922/matches,579,0,0
1680593948065,439,Get knockout players list ,200,,Knock_out_Thread Group 1-32,text,true,,4591,340,83,83,https://pabsa.impressicocrm.com/api/tournament/118871/knockouts,439,0,0
1680593948072,467,Get Home page currency,200,,Knock_out_Thread Group 1-30,text,true,,9160,321,83,83,https://pabsa.impressicocrm.com/api/currency,467,0,0
1680593948254,288,Get Break list ,200,,Knock_out_Thread Group 1-43,text,true,,3218,338,83,83,https://pabsa.impressicocrm.com/api/tournament/119922/players,288,0,0
1680593947647,896,Get Home page currency,200,,Knock_out_Thread Group 1-41,text,true,,9153,321,83,83,https://pabsa.impressicocrm.com/api/currency,896,0,0
1680593948268,275,Get knockout players list ,200,,Knock_out_Thread Group 1-17,text,true,,4598,340,83,83,https://pabsa.impressicocrm.com/api/tournament/118871/knockouts,275,0,0
1680593948270,296,Get knockout players list ,200,,Knock_out_Thread Group 1-50,text,true,,4598,340,84,84,https://pabsa.impressicocrm.com/api/tournament/118871/knockouts,296,0,0
1680593948100,469,Get Home page currency,200,,Knock_out_Thread Group 1-76,text,true,,9153,321,84,84,https://pabsa.impressicocrm.com/api/currency,469,0,0
1680593947726,845,Get tournamnent list ,200,,Knock_out_Thread Group 1-70,text,true,,58880,389,84,84,https://pabsa.impressicocrm.com/api/tournament?limit=12&pageNumber=1&sportType=&tournamentName=&tournamentStyle=,538,0,0
1680593947153,1422,Home page ,200,OK,Knock_out_Thread Group 1-82,text,true,,3033,309,84,84,https://pabsa.impressicocrm.com/,1422,0,243
1680593947767,809,Get Players list ,200,,Knock_out_Thread Group 1-33,text,true,,3218,338,84,84,https://pabsa.impressicocrm.com/api/tournament/119922/players,809,0,0
1680593948155,421,Home page ,200,OK,Knock_out_Thread Group 1-92,text,true,,3033,309,84,84,https://pabsa.impressicocrm.com/,421,0,242
1680593948010,581,Get Home page currency,200,,Knock_out_Thread Group 1-34,text,true,,9153,321,84,84,https://pabsa.impressicocrm.com/api/currency,581,0,0
1680593948060,532,Get Home page currency,200,,Knock_out_Thread Group 1-58,text,true,,9160,321,84,84,https://pabsa.impressicocrm.com/api/currency,532,0,0
1680593947990,614,Get single knockout Player details,200,,Knock_out_Thread Group 1-24,text,true,,1210,326,84,84,https://pabsa.impressicocrm.com/api/player/110368,614,0,0
1680593947627,979,Get Home page currency,200,,Knock_out_Thread Group 1-54,text,true,,9160,321,84,84,https://pabsa.impressicocrm.com/api/currency,979,0,0
1680593948333,275,Get knockout players list ,200,,Knock_out_Thread Group 1-10,text,true,,4591,340,84,84,https://pabsa.impressicocrm.com/api/tournament/118871/knockouts,275,0,0
1680593947257,1367,Home page ,200,OK,Knock_out_Thread Group 1-83,text,true,,3033,309,84,84,https://pabsa.impressicocrm.com/,1367,0,1280
1680593948008,631,Get single knockout Player details,200,,Knock_out_Thread Group 1-23,text,true,,1210,326,84,84,https://pabsa.impressicocrm.com/api/player/110368,631,0,0
1680593948297,352,Get Break list ,200,,Knock_out_Thread Group 1-45,text,true,,3218,338,84,84,https://pabsa.impressicocrm.com/api/tournament/119922/players,351,0,0
1680593948028,622,Get Home page country ,200,,Knock_out_Thread Group 1-81,text,true,,17255,320,84,84,https://pabsa.impressicocrm.com/api/country,622,0,0
1680593948255,399,Get Break list ,200,,Knock_out_Thread Group 1-51,text,true,,3218,338,85,85,https://pabsa.impressicocrm.com/api/tournament/119922/players,399,0,0
1680593948302,358,Get Players list ,200,,Knock_out_Thread Group 1-60,text,true,,3218,338,85,85,https://pabsa.impressicocrm.com/api/tournament/119922/players,358,0,0
1680593947890,781,Get Players schedule,200,,Knock_out_Thread Group 1-52,text,true,,5441,338,85,85,https://pabsa.impressicocrm.com/api/tournament/119922/matches,781,0,0
1680593948353,327,Get knockout players list ,200,,Knock_out_Thread Group 1-12,text,true,,4598,340,85,85,https://pabsa.impressicocrm.com/api/tournament/118871/knockouts,327,0,0
1680593945355,3336,Home page ,200,OK,Knock_out_Thread Group 1-64,text,true,,3033,309,85,85,https://pabsa.impressicocrm.com/,3336,0,3227
1680593947835,906,Get Home page currency,200,,Knock_out_Thread Group 1-16,text,true,,9160,321,85,85,https://pabsa.impressicocrm.com/api/currency,906,0,0
1680593948347,396,Get Home page currency,200,,Knock_out_Thread Group 1-63,text,true,,9160,321,85,85,https://pabsa.impressicocrm.com/api/currency,396,0,0
1680593948081,665,Get Home page currency,200,,Knock_out_Thread Group 1-73,text,true,,9153,321,85,85,https://pabsa.impressicocrm.com/api/currency,665,0,0
1680593948039,709,Get Players schedule,200,,Knock_out_Thread Group 1-26,text,true,,5441,338,85,85,https://pabsa.impressicocrm.com/api/tournament/119922/matches,709,0,0
1680593947854,940,Home page ,200,OK,Knock_out_Thread Group 1-89,text,true,,3033,309,86,86,https://pabsa.impressicocrm.com/,940,0,694
1680593948384,417,Get playerA_Vs_playerB,200,,Knock_out_Thread Group 1-1,text,true,,1239,341,86,86,https://pabsa.impressicocrm.com/api/tournament/matchScore/147598,417,0,0
1680593948265,537,Get tournament result,200,,Knock_out_Thread Group 1-7,text,true,,5441,338,86,86,https://pabsa.impressicocrm.com/api/tournament/119922/matches,537,0,0
1680593948372,442,Get Players list ,200,,Knock_out_Thread Group 1-8,text,true,,3218,338,85,85,https://pabsa.impressicocrm.com/api/tournament/119922/players,442,0,0
1680593948554,273,Home page ,200,OK,Knock_out_Thread Group 1-96,text,true,,3033,309,85,85,https://pabsa.impressicocrm.com/,273,0,207
1680593948455,405,Home page ,200,OK,Knock_out_Thread Group 1-95,text,true,,3033,309,86,86,https://pabsa.impressicocrm.com/,404,0,331
1680593948371,502,Get Home page country ,200,,Knock_out_Thread Group 1-90,text,true,,17270,320,86,86,https://pabsa.impressicocrm.com/api/country,502,0,0
1680593947748,1128,Get tournamnent list ,200,,Knock_out_Thread Group 1-79,text,true,,58880,389,86,86,https://pabsa.impressicocrm.com/api/tournament?limit=12&pageNumber=1&sportType=&tournamentName=&tournamentStyle=,660,0,0
1680593948422,486,Get Break list ,200,,Knock_out_Thread Group 1-46,text,true,,3218,338,86,86,https://pabsa.impressicocrm.com/api/tournament/119922/players,486,0,0
1680593948454,455,Get single knockout Player details,200,,Knock_out_Thread Group 1-25,text,true,,1210,326,86,86,https://pabsa.impressicocrm.com/api/player/110368,455,0,0
1680593948400,524,Get Players list ,200,,Knock_out_Thread Group 1-21,text,true,,3218,338,86,86,https://pabsa.impressicocrm.com/api/tournament/119922/players,524,0,0
1680593948396,530,Get Home page currency,200,,Knock_out_Thread Group 1-57,text,true,,9160,321,86,86,https://pabsa.impressicocrm.com/api/currency,530,0,0
1680593948423,509,Get Players list ,200,,Knock_out_Thread Group 1-72,text,true,,3218,338,86,86,https://pabsa.impressicocrm.com/api/tournament/119922/players,509,0,0
1680593948393,541,Get Home page currency,200,,Knock_out_Thread Group 1-49,text,true,,9160,321,86,86,https://pabsa.impressicocrm.com/api/currency,541,0,0
1680593948653,283,Home page ,200,OK,Knock_out_Thread Group 1-97,text,true,,3033,309,86,86,https://pabsa.impressicocrm.com/,283,0,209
1680593948484,453,Get single knockout Player details,200,,Knock_out_Thread Group 1-53,text,true,,1210,326,86,86,https://pabsa.impressicocrm.com/api/player/110368,453,0,0
1680593948442,514,Get Players list ,200,,Knock_out_Thread Group 1-39,text,true,,3218,338,86,86,https://pabsa.impressicocrm.com/api/tournament/119922/players,514,0,0
1680593947332,1644,Get tournamnent list ,200,,Knock_out_Thread Group 1-77,text,true,,58880,389,87,87,https://pabsa.impressicocrm.com/api/tournament?limit=12&pageNumber=1&sportType=&tournamentName=&tournamentStyle=,624,0,0
1680593948203,778,Get tournament result,200,,Knock_out_Thread Group 1-27,text,true,,5441,338,87,87,https://pabsa.impressicocrm.com/api/tournament/119922/matches,778,0,0
1680593948543,446,Get single knockout Player details,200,,Knock_out_Thread Group 1-17,text,true,,1210,326,87,87,https://pabsa.impressicocrm.com/api/player/110368,446,0,0
1680593948026,963,Get tournamnent list ,200,,Knock_out_Thread Group 1-85,text,true,,58888,389,87,87,https://pabsa.impressicocrm.com/api/tournament?limit=12&pageNumber=1&sportType=&tournamentName=&tournamentStyle=,627,0,0
1680593947848,1144,Get tournament result,200,,Knock_out_Thread Group 1-40,text,true,,5441,338,87,87,https://pabsa.impressicocrm.com/api/tournament/119922/matches,1143,0,0
1680593948814,178,Get Break list ,200,,Knock_out_Thread Group 1-8,text,true,,3218,338,87,87,https://pabsa.impressicocrm.com/api/tournament/119922/players,178,0,0
1680593947676,1322,Get Home page currency,200,,Knock_out_Thread Group 1-44,text,true,,9160,321,87,87,https://pabsa.impressicocrm.com/api/currency,1322,0,0
1680593948566,442,Get single knockout Player details,200,,Knock_out_Thread Group 1-50,text,true,,1210,326,87,87,https://pabsa.impressicocrm.com/api/player/110368,442,0,0
1680593948412,597,Get Break list ,200,,Knock_out_Thread Group 1-42,text,true,,3218,338,87,87,https://pabsa.impressicocrm.com/api/tournament/119922/players,597,0,0
1680593948496,518,Get playerA_Vs_playerB,200,,Knock_out_Thread Group 1-28,text,true,,1239,341,87,87,https://pabsa.impressicocrm.com/api/tournament/matchScore/147598,518,0,0
1680593948221,793,Get tournament result,200,,Knock_out_Thread Group 1-48,text,true,,5441,338,87,87,https://pabsa.impressicocrm.com/api/tournament/119922/matches,793,0,0
1680593948608,422,Get single knockout Player details,200,,Knock_out_Thread Group 1-10,text,true,,1210,326,86,86,https://pabsa.impressicocrm.com/api/player/110368,422,0,0
1680593948478,571,Get Home page country ,200,,Knock_out_Thread Group 1-88,text,true,,17255,320,86,86,https://pabsa.impressicocrm.com/api/country,571,0,0
1680593948592,458,Get Players list ,200,,Knock_out_Thread Group 1-58,text,true,,3218,338,86,86,https://pabsa.impressicocrm.com/api/tournament/119922/players,458,0,0
1680593948539,515,Get Players list ,200,,Knock_out_Thread Group 1-30,text,true,,3218,338,87,87,https://pabsa.impressicocrm.com/api/tournament/119922/players,515,0,0
1680593948477,584,Get Players list ,200,,Knock_out_Thread Group 1-59,text,true,,3218,338,87,87,https://pabsa.impressicocrm.com/api/tournament/119922/players,584,0,0
1680593948569,521,Get Players list ,200,,Knock_out_Thread Group 1-76,text,true,,3218,338,87,87,https://pabsa.impressicocrm.com/api/tournament/119922/players,521,0,0
1680593948365,752,Get playerA_Vs_playerB,200,,Knock_out_Thread Group 1-20,text,true,,1239,341,87,87,https://pabsa.impressicocrm.com/api/tournament/matchScore/147598,752,0,0
1680593948543,589,Get Players list ,200,,Knock_out_Thread Group 1-41,text,true,,3218,338,86,86,https://pabsa.impressicocrm.com/api/tournament/119922/players,589,0,0
1680593948680,477,Get single knockout Player details,200,,Knock_out_Thread Group 1-12,text,true,,1210,326,87,87,https://pabsa.impressicocrm.com/api/player/110368,477,0,0
1680593948414,750,Get playerA_Vs_playerB,200,,Knock_out_Thread Group 1-9,text,true,,1239,341,87,87,https://pabsa.impressicocrm.com/api/tournament/matchScore/147598,750,0,0
1680593948591,576,Get Players list ,200,,Knock_out_Thread Group 1-34,text,true,,3218,338,86,86,https://pabsa.impressicocrm.com/api/tournament/119922/players,576,0,0
1680593948571,601,Get Home page currency,200,,Knock_out_Thread Group 1-70,text,true,,9160,321,86,86,https://pabsa.impressicocrm.com/api/currency,601,0,0
1680593945157,4027,Home page ,200,OK,Knock_out_Thread Group 1-62,text,true,,3033,309,86,86,https://pabsa.impressicocrm.com/,4027,0,3596
1680593948333,895,Get Players schedule,200,,Knock_out_Thread Group 1-37,text,true,,5435,338,86,86,https://pabsa.impressicocrm.com/api/tournament/119922/matches,894,0,0
1680593948576,661,Get Home page country ,200,,Knock_out_Thread Group 1-92,text,true,,17270,320,86,86,https://pabsa.impressicocrm.com/api/country,661,0,0
1680593948505,737,Get single knockout Player details,200,,Knock_out_Thread Group 1-32,text,true,,1210,326,86,86,https://pabsa.impressicocrm.com/api/player/110368,737,0,0
1680593948748,498,Get knockout players list ,200,,Knock_out_Thread Group 1-26,text,true,,4598,340,86,86,https://pabsa.impressicocrm.com/api/tournament/118871/knockouts,498,0,0
1680593948400,848,Get Players list ,200,,Knock_out_Thread Group 1-61,text,true,,3218,338,86,86,https://pabsa.impressicocrm.com/api/tournament/119922/players,847,0,0
1680593948802,471,Get playerA_Vs_playerB,200,,Knock_out_Thread Group 1-7,text,true,,1239,341,87,87,https://pabsa.impressicocrm.com/api/tournament/matchScore/147598,471,0,0
1680593948671,603,Get knockout players list ,200,,Knock_out_Thread Group 1-52,text,true,,4598,340,86,86,https://pabsa.impressicocrm.com/api/tournament/118871/knockouts,603,0,0
1680593948441,835,Get Break list ,200,,Knock_out_Thread Group 1-6,text,true,,3218,338,86,86,https://pabsa.impressicocrm.com/api/tournament/119922/players,835,0,0
1680593948314,967,Get tournamnent list ,200,,Knock_out_Thread Group 1-87,text,true,,58880,389,86,86,https://pabsa.impressicocrm.com/api/tournament?limit=12&pageNumber=1&sportType=&tournamentName=&tournamentStyle=,561,0,0
1680593948604,682,Get tournament result,200,,Knock_out_Thread Group 1-24,text,true,,5435,338,86,86,https://pabsa.impressicocrm.com/api/tournament/119922/matches,682,0,0
1680593948316,972,Get tournamnent list ,200,,Knock_out_Thread Group 1-86,text,true,,58865,389,86,86,https://pabsa.impressicocrm.com/api/tournament?limit=12&pageNumber=1&sportType=&tournamentName=&tournamentStyle=,547,0,0
1680593948957,338,Home page ,200,OK,Knock_out_Thread Group 1-100,text,true,,3033,309,86,86,https://pabsa.impressicocrm.com/,338,0,277
1680593948742,559,Get Players list ,200,,Knock_out_Thread Group 1-16,text,true,,3218,338,86,86,https://pabsa.impressicocrm.com/api/tournament/119922/players,559,0,0
1680593948828,474,Get Home page country ,200,,Knock_out_Thread Group 1-96,text,true,,17270,320,86,86,https://pabsa.impressicocrm.com/api/country,473,0,0
1680593948606,707,Get Players list ,200,,Knock_out_Thread Group 1-54,text,true,,3218,338,86,86,https://pabsa.impressicocrm.com/api/tournament/119922/players,707,0,0
1680593946789,2528,Get tournamnent list ,200,,Knock_out_Thread Group 1-47,text,true,,58880,389,86,86,https://pabsa.impressicocrm.com/api/tournament?limit=12&pageNumber=1&sportType=&tournamentName=&tournamentStyle=,790,0,0
1680593948056,1304,Home page ,200,OK,Knock_out_Thread Group 1-91,text,true,,3033,309,87,87,https://pabsa.impressicocrm.com/,1304,0,1235
1680593948445,919,Get tournament result,200,,Knock_out_Thread Group 1-36,text,true,,5441,338,87,87,https://pabsa.impressicocrm.com/api/tournament/119922/matches,919,0,0
1680593948924,442,Get Break list ,200,,Knock_out_Thread Group 1-21,text,true,,3218,338,87,87,https://pabsa.impressicocrm.com/api/tournament/119922/players,442,0,0
1680593948747,634,Get Players list ,200,,Knock_out_Thread Group 1-73,text,true,,3218,338,87,87,https://pabsa.impressicocrm.com/api/tournament/119922/players,634,0,0
1680593948639,743,Get tournament result,200,,Knock_out_Thread Group 1-23,text,true,,5435,338,87,87,https://pabsa.impressicocrm.com/api/tournament/119922/matches,743,0,0
1680593948661,725,Get Break list ,200,,Knock_out_Thread Group 1-60,text,true,,3218,338,87,87,https://pabsa.impressicocrm.com/api/tournament/119922/players,725,0,0
1680593948576,814,Get Break list ,200,,Knock_out_Thread Group 1-33,text,true,,3218,338,87,87,https://pabsa.impressicocrm.com/api/tournament/119922/players,814,0,0
1680593948861,566,Get Home page country ,200,,Knock_out_Thread Group 1-95,text,true,,17270,320,87,87,https://pabsa.impressicocrm.com/api/country,566,0,0
1680593948649,787,Get Players schedule,200,,Knock_out_Thread Group 1-45,text,true,,5441,338,87,87,https://pabsa.impressicocrm.com/api/tournament/119922/matches,787,0,0
1680593948753,696,Home page ,200,OK,Knock_out_Thread Group 1-98,text,true,,3033,309,87,87,https://pabsa.impressicocrm.com/,696,0,523
1680593948957,502,Get Break list ,200,,Knock_out_Thread Group 1-39,text,true,,3218,338,88,88,https://pabsa.impressicocrm.com/api/tournament/119922/players,502,0,0
1680593948981,479,Get playerA_Vs_playerB,200,,Knock_out_Thread Group 1-27,text,true,,1239,341,88,88,https://pabsa.impressicocrm.com/api/tournament/matchScore/147598,479,0,0
1680593948927,538,Get Players list ,200,,Knock_out_Thread Group 1-57,text,true,,3218,338,87,87,https://pabsa.impressicocrm.com/api/tournament/119922/players,538,0,0
1680593947354,2112,Home page ,200,OK,Knock_out_Thread Group 1-84,text,true,,3033,309,87,87,https://pabsa.impressicocrm.com/,2112,0,1922
1680593948990,482,Get Home page currency,200,,Knock_out_Thread Group 1-85,text,true,,9153,321,87,87,https://pabsa.impressicocrm.com/api/currency,482,0,0
1680593948692,784,Get Home page country ,200,,Knock_out_Thread Group 1-64,text,true,,17270,320,87,87,https://pabsa.impressicocrm.com/api/country,780,0,0
1680593948654,850,Get Players schedule,200,,Knock_out_Thread Group 1-51,text,true,,5435,338,87,87,https://pabsa.impressicocrm.com/api/tournament/119922/matches,850,0,0
1680593948992,512,Get playerA_Vs_playerB,200,,Knock_out_Thread Group 1-40,text,true,,1239,341,87,87,https://pabsa.impressicocrm.com/api/tournament/matchScore/147598,512,0,0
1680593949015,512,Get playerA_Vs_playerB,200,,Knock_out_Thread Group 1-48,text,true,,1239,341,86,86,https://pabsa.impressicocrm.com/api/tournament/matchScore/147598,512,0,0
1680593948542,989,Get Players schedule,200,,Knock_out_Thread Group 1-43,text,true,,5441,338,85,85,https://pabsa.impressicocrm.com/api/tournament/119922/matches,989,0,0
1680593948354,1178,Get Home page currency,200,,Knock_out_Thread Group 1-65,text,true,,9160,321,85,85,https://pabsa.impressicocrm.com/api/currency,1178,0,0
1680593948998,537,Get Players list ,200,,Knock_out_Thread Group 1-44,text,true,,3218,338,85,85,https://pabsa.impressicocrm.com/api/tournament/119922/players,537,0,0
1680593948744,831,Get Players list ,200,,Knock_out_Thread Group 1-63,text,true,,3218,338,86,86,https://pabsa.impressicocrm.com/api/tournament/119922/players,831,0,0
1680593947191,2388,Get tournamnent list ,200,,Knock_out_Thread Group 1-56,text,true,,58880,389,86,86,https://pabsa.impressicocrm.com/api/tournament?limit=12&pageNumber=1&sportType=&tournamentName=&tournamentStyle=,807,0,0
1680593948977,611,Get Home page currency,200,,Knock_out_Thread Group 1-77,text,true,,9160,321,86,86,https://pabsa.impressicocrm.com/api/currency,611,0,0
1680593948934,665,Get Players list ,200,,Knock_out_Thread Group 1-49,text,true,,3218,338,86,86,https://pabsa.impressicocrm.com/api/tournament/119922/players,665,0,0
1680593949051,555,Get Break list ,200,,Knock_out_Thread Group 1-58,text,true,,3218,338,86,86,https://pabsa.impressicocrm.com/api/tournament/119922/players,555,0,0
1680593948908,707,Get Players schedule,200,,Knock_out_Thread Group 1-46,text,true,,5441,338,86,86,https://pabsa.impressicocrm.com/api/tournament/119922/matches,707,0,0
1680593948993,632,Get Players schedule,200,,Knock_out_Thread Group 1-8,text,true,,5441,338,86,86,https://pabsa.impressicocrm.com/api/tournament/119922/matches,632,0,0
1680593949091,543,Get Break list ,200,,Knock_out_Thread Group 1-76,text,true,,3218,338,86,86,https://pabsa.impressicocrm.com/api/tournament/119922/players,543,0,0
1680593947926,1708,Get tournamnent list ,200,,Knock_out_Thread Group 1-66,text,true,,58880,389,86,86,https://pabsa.impressicocrm.com/api/tournament?limit=12&pageNumber=1&sportType=&tournamentName=&tournamentStyle=,815,0,0
1680593949055,587,Get Break list ,200,,Knock_out_Thread Group 1-30,text,true,,3218,338,86,86,https://pabsa.impressicocrm.com/api/tournament/119922/players,587,0,0
1680593948353,1289,Home page ,200,OK,Knock_out_Thread Group 1-94,text,true,,3033,309,86,86,https://pabsa.impressicocrm.com/,1289,0,1219
1680593948937,726,Get Home page country ,200,,Knock_out_Thread Group 1-97,text,true,,17270,320,87,87,https://pabsa.impressicocrm.com/api/country,726,0,0
1680593948877,792,Get Home page currency,200,,Knock_out_Thread Group 1-79,text,true,,9160,321,87,87,https://pabsa.impressicocrm.com/api/currency,792,0,0
1680593949247,434,Get single knockout Player details,200,,Knock_out_Thread Group 1-26,text,true,,1210,326,87,87,https://pabsa.impressicocrm.com/api/player/110368,434,0,0
1680593948255,1434,Home page ,200,OK,Knock_out_Thread Group 1-93,text,true,,3033,309,87,87,https://pabsa.impressicocrm.com/,1434,0,1355
1680593949275,432,Get single knockout Player details,200,,Knock_out_Thread Group 1-52,text,true,,1210,326,87,87,https://pabsa.impressicocrm.com/api/player/110368,432,0,0
1680593948857,851,Home page ,200,OK,Knock_out_Thread Group 1-99,text,true,,3033,309,87,87,https://pabsa.impressicocrm.com/,850,0,682
1680593949133,578,Get Break list ,200,,Knock_out_Thread Group 1-41,text,true,,3218,338,87,87,https://pabsa.impressicocrm.com/api/tournament/119922/players,578,0,0
1680593948937,774,Get tournament result,200,,Knock_out_Thread Group 1-53,text,true,,5441,338,87,87,https://pabsa.impressicocrm.com/api/tournament/119922/matches,774,0,0
1680593948441,1285,Get Players schedule,200,,Knock_out_Thread Group 1-31,text,true,,5441,338,87,87,https://pabsa.impressicocrm.com/api/tournament/119922/matches,1285,0,0
1680593948933,810,Get Break list ,200,,Knock_out_Thread Group 1-72,text,true,,3218,338,87,87,https://pabsa.impressicocrm.com/api/tournament/119922/players,810,0,0
1680593949009,738,Get Players schedule,200,,Knock_out_Thread Group 1-42,text,true,,5441,338,87,87,https://pabsa.impressicocrm.com/api/tournament/119922/matches,738,0,0
1680593947501,2248,Get tournamnent list ,200,,Knock_out_Thread Group 1-71,text,true,,58865,389,87,87,https://pabsa.impressicocrm.com/api/tournament?limit=12&pageNumber=1&sportType=&tournamentName=&tournamentStyle=,887,0,0
1680593949168,582,Get Break list ,200,,Knock_out_Thread Group 1-34,text,true,,3218,338,87,87,https://pabsa.impressicocrm.com/api/tournament/119922/players,582,0,0
1680593948909,846,Get tournament result,200,,Knock_out_Thread Group 1-25,text,true,,5441,338,88,88,https://pabsa.impressicocrm.com/api/tournament/119922/matches,846,0,0
1680593949287,507,Get playerA_Vs_playerB,200,,Knock_out_Thread Group 1-24,text,true,,1239,341,88,88,https://pabsa.impressicocrm.com/api/tournament/matchScore/147598,507,0,0
1680593949030,765,Get tournament result,200,,Knock_out_Thread Group 1-10,text,true,,5441,338,87,87,https://pabsa.impressicocrm.com/api/tournament/119922/matches,765,0,0
1680593949228,580,Get knockout players list ,200,,Knock_out_Thread Group 1-37,text,true,,4598,340,87,87,https://pabsa.impressicocrm.com/api/tournament/118871/knockouts,580,0,0
1680593949302,525,Get Break list ,200,,Knock_out_Thread Group 1-16,text,true,,3218,338,87,87,https://pabsa.impressicocrm.com/api/tournament/119922/players,525,0,0
1680593949317,515,Get Home page currency,200,,Knock_out_Thread Group 1-47,text,true,,9160,321,87,87,https://pabsa.impressicocrm.com/api/currency,515,0,0
1680593949288,557,Get Home page currency,200,,Knock_out_Thread Group 1-86,text,true,,9160,321,87,87,https://pabsa.impressicocrm.com/api/currency,557,0,0
1680593949365,483,Get playerA_Vs_playerB,200,,Knock_out_Thread Group 1-36,text,true,,1239,341,87,87,https://pabsa.impressicocrm.com/api/tournament/matchScore/147598,483,0,0
1680593949281,581,Get Home page currency,200,,Knock_out_Thread Group 1-87,text,true,,9160,321,87,87,https://pabsa.impressicocrm.com/api/currency,581,0,0
1680593949383,514,Get playerA_Vs_playerB,200,,Knock_out_Thread Group 1-23,text,true,,1239,341,87,87,https://pabsa.impressicocrm.com/api/tournament/matchScore/147598,514,0,0
1680593949314,594,Get Break list ,200,,Knock_out_Thread Group 1-54,text,true,,3218,338,86,86,https://pabsa.impressicocrm.com/api/tournament/119922/players,594,0,0
1680593949382,532,Get Break list ,200,,Knock_out_Thread Group 1-73,text,true,,3218,338,86,86,https://pabsa.impressicocrm.com/api/tournament/119922/players,532,0,0
1680593949437,480,Get knockout players list ,200,,Knock_out_Thread Group 1-45,text,true,,4598,340,86,86,https://pabsa.impressicocrm.com/api/tournament/118871/knockouts,480,0,0
1680593948370,1553,Get tournamnent list ,200,,Knock_out_Thread Group 1-68,text,true,,58880,389,86,86,https://pabsa.impressicocrm.com/api/tournament?limit=12&pageNumber=1&sportType=&tournamentName=&tournamentStyle=,752,0,0
1680593949062,894,Get Break list ,200,,Knock_out_Thread Group 1-59,text,true,,3218,338,87,87,https://pabsa.impressicocrm.com/api/tournament/119922/players,894,0,0
1680593949296,666,Get Home page country ,200,,Knock_out_Thread Group 1-100,text,true,,17270,320,87,87,https://pabsa.impressicocrm.com/api/country,666,0,0
1680593949472,503,Get Players list ,200,,Knock_out_Thread Group 1-85,text,true,,3218,338,87,87,https://pabsa.impressicocrm.com/api/tournament/119922/players,503,0,0
1680593949450,528,Get Home page country ,200,,Knock_out_Thread Group 1-98,text,true,,17270,320,87,87,https://pabsa.impressicocrm.com/api/country,528,0,0
1680593949242,785,Get tournament result,200,,Knock_out_Thread Group 1-32,text,true,,5441,338,87,87,https://pabsa.impressicocrm.com/api/tournament/119922/matches,785,0,0
1680593949276,753,Get Players schedule,200,,Knock_out_Thread Group 1-6,text,true,,5441,338,87,87,https://pabsa.impressicocrm.com/api/tournament/119922/matches,753,0,0
1680593949173,859,Get Players list ,200,,Knock_out_Thread Group 1-70,text,true,,3218,338,87,87,https://pabsa.impressicocrm.com/api/tournament/119922/players,859,0,0
1680593947939,2098,Get tournamnent list ,200,,Knock_out_Thread Group 1-67,text,true,,58888,389,87,87,https://pabsa.impressicocrm.com/api/tournament?limit=12&pageNumber=1&sportType=&tournamentName=&tournamentStyle=,815,0,0
1680593949505,533,Get knockout players list ,200,,Knock_out_Thread Group 1-51,text,true,,4598,340,87,87,https://pabsa.impressicocrm.com/api/tournament/118871/knockouts,533,0,0
1680593946456,3600,Home page ,200,OK,Knock_out_Thread Group 1-75,text,true,,3033,309,88,88,https://pabsa.impressicocrm.com/,3599,0,3358
1680593948990,1086,Get tournament result,200,,Knock_out_Thread Group 1-17,text,true,,5441,338,88,88,https://pabsa.impressicocrm.com/api/tournament/119922/matches,1086,0,0
1680593949467,612,Get Break list ,200,,Knock_out_Thread Group 1-57,text,true,,3218,338,88,88,https://pabsa.impressicocrm.com/api/tournament/119922/players,612,0,0
1680593949588,495,Get Players list ,200,,Knock_out_Thread Group 1-77,text,true,,3218,338,88,88,https://pabsa.impressicocrm.com/api/tournament/119922/players,495,0,0
1680593949625,459,Get knockout players list ,200,,Knock_out_Thread Group 1-8,text,true,,4598,340,88,88,https://pabsa.impressicocrm.com/api/tournament/118871/knockouts,459,0,0
1680593949531,570,Get knockout players list ,200,,Knock_out_Thread Group 1-43,text,true,,4598,340,88,88,https://pabsa.impressicocrm.com/api/tournament/118871/knockouts,570,0,0
1680593949360,745,Get Home page country ,200,,Knock_out_Thread Group 1-91,text,true,,17270,320,88,88,https://pabsa.impressicocrm.com/api/country,744,0,0
1680593949532,578,Get Players list ,200,,Knock_out_Thread Group 1-65,text,true,,3218,338,88,88,https://pabsa.impressicocrm.com/api/tournament/119922/players,578,0,0
1680593946816,3294,Get tournamnent list ,200,,Knock_out_Thread Group 1-35,text,true,,58880,389,88,88,https://pabsa.impressicocrm.com/api/tournament?limit=12&pageNumber=1&sportType=&tournamentName=&tournamentStyle=,785,0,0
1680593949575,543,Get Break list ,200,,Knock_out_Thread Group 1-63,text,true,,3218,338,88,88,https://pabsa.impressicocrm.com/api/tournament/119922/players,543,0,0
1680593948576,1542,Get Home page country ,200,,Knock_out_Thread Group 1-82,text,true,,17255,320,88,88,https://pabsa.impressicocrm.com/api/country,1542,0,0
1680593949366,753,Get Players schedule,200,,Knock_out_Thread Group 1-21,text,true,,5435,338,88,88,https://pabsa.impressicocrm.com/api/tournament/119922/matches,753,0,0
1680593949008,1130,Get tournament result,200,,Knock_out_Thread Group 1-50,text,true,,5441,338,88,88,https://pabsa.impressicocrm.com/api/tournament/119922/matches,1129,0,0
1680593949536,610,Get Break list ,200,,Knock_out_Thread Group 1-44,text,true,,3218,338,88,88,https://pabsa.impressicocrm.com/api/tournament/119922/players,610,0,0
1680593949634,528,Get Home page currency,200,,Knock_out_Thread Group 1-66,text,true,,9160,321,89,89,https://pabsa.impressicocrm.com/api/currency,528,0,0
1680593949185,984,Get Home page country ,200,,Knock_out_Thread Group 1-62,text,true,,17255,320,89,89,https://pabsa.impressicocrm.com/api/country,983,0,0
1680593949616,560,Get knockout players list ,200,,Knock_out_Thread Group 1-46,text,true,,4598,340,89,89,https://pabsa.impressicocrm.com/api/tournament/118871/knockouts,560,0,0
1680593949580,598,Get Home page currency,200,,Knock_out_Thread Group 1-56,text,true,,9160,321,89,89,https://pabsa.impressicocrm.com/api/currency,598,0,0
1680593949599,597,Get Break list ,200,,Knock_out_Thread Group 1-49,text,true,,3218,338,89,89,https://pabsa.impressicocrm.com/api/tournament/119922/players,597,0,0
1680593949634,569,Get Players schedule,200,,Knock_out_Thread Group 1-76,text,true,,5441,338,89,89,https://pabsa.impressicocrm.com/api/tournament/119922/matches,569,0,0
1680593948794,1425,Get Home page country ,200,,Knock_out_Thread Group 1-89,text,true,,17270,320,89,89,https://pabsa.impressicocrm.com/api/country,1344,0,0
1680593949553,673,Home page ,200,OK,Knock_out_Thread Group 1-106,text,true,,3033,309,89,89,https://pabsa.impressicocrm.com/,673,0,612
1680593948441,1786,Get tournamnent list ,200,,Knock_out_Thread Group 1-78,text,true,,58880,389,89,89,https://pabsa.impressicocrm.com/api/tournament?limit=12&pageNumber=1&sportType=&tournamentName=&tournamentStyle=,1223,0,0
1680593949386,845,Get Players schedule,200,,Knock_out_Thread Group 1-60,text,true,,5441,338,89,89,https://pabsa.impressicocrm.com/api/tournament/119922/matches,845,0,0
1680593949248,991,Get Break list ,200,,Knock_out_Thread Group 1-61,text,true,,3218,338,89,89,https://pabsa.impressicocrm.com/api/tournament/119922/players,991,0,0
1680593949711,562,Get playerA_Vs_playerB,200,,Knock_out_Thread Group 1-53,text,true,,1239,341,90,90,https://pabsa.impressicocrm.com/api/tournament/matchScore/147598,562,0,0
1680593949747,533,Get knockout players list ,200,,Knock_out_Thread Group 1-42,text,true,,4598,340,89,89,https://pabsa.impressicocrm.com/api/tournament/118871/knockouts,533,0,0
1680593949726,554,Get knockout players list ,200,,Knock_out_Thread Group 1-31,text,true,,4598,340,89,89,https://pabsa.impressicocrm.com/api/tournament/118871/knockouts,554,0,0
1680593949460,834,Get Players schedule,200,,Knock_out_Thread Group 1-39,text,true,,5441,338,89,89,https://pabsa.impressicocrm.com/api/tournament/119922/matches,834,0,0
1680593949749,574,Get Home page currency,200,,Knock_out_Thread Group 1-71,text,true,,9160,321,89,89,https://pabsa.impressicocrm.com/api/currency,574,0,0
1680593948650,1675,Get tournamnent list ,200,,Knock_out_Thread Group 1-81,text,true,,58880,389,89,89,https://pabsa.impressicocrm.com/api/tournament?limit=12&pageNumber=1&sportType=&tournamentName=&tournamentStyle=,951,0,0
1680593949809,528,Get single knockout Player details,200,,Knock_out_Thread Group 1-37,text,true,,1210,326,89,89,https://pabsa.impressicocrm.com/api/player/110368,528,0,0
1680593949755,593,Get playerA_Vs_playerB,200,,Knock_out_Thread Group 1-25,text,true,,1239,341,89,89,https://pabsa.impressicocrm.com/api/tournament/matchScore/147598,593,0,0
1680593949669,697,Get Players list ,200,,Knock_out_Thread Group 1-79,text,true,,3218,338,89,89,https://pabsa.impressicocrm.com/api/tournament/119922/players,697,0,0
1680593949302,1068,Get tournamnent list ,200,,Knock_out_Thread Group 1-96,text,true,,58880,389,89,89,https://pabsa.impressicocrm.com/api/tournament?limit=12&pageNumber=1&sportType=&tournamentName=&tournamentStyle=,736,0,0
1680593949711,665,Get Players schedule,200,,Knock_out_Thread Group 1-41,text,true,,5441,338,89,89,https://pabsa.impressicocrm.com/api/tournament/119922/matches,665,0,0
1680593949832,549,Get Players list ,200,,Knock_out_Thread Group 1-47,text,true,,3218,338,89,89,https://pabsa.impressicocrm.com/api/tournament/119922/players,549,0,0
1680593949391,1009,Get Players schedule,200,,Knock_out_Thread Group 1-33,text,true,,5441,338,89,89,https://pabsa.impressicocrm.com/api/tournament/119922/matches,1009,0,0
1680593949918,508,Get single knockout Player details,200,,Knock_out_Thread Group 1-45,text,true,,1210,326,89,89,https://pabsa.impressicocrm.com/api/player/110368,508,0,0
1680593949845,582,Get Players list ,200,,Knock_out_Thread Group 1-86,text,true,,3218,338,89,89,https://pabsa.impressicocrm.com/api/tournament/119922/players,582,0,0
1680593949854,591,Home page ,200,OK,Knock_out_Thread Group 1-109,text,true,,3033,309,89,89,https://pabsa.impressicocrm.com/,591,0,367
1680593949454,1007,Home page ,200,OK,Knock_out_Thread Group 1-105,text,true,,3033,309,90,90,https://pabsa.impressicocrm.com/,1006,0,867
1680593949862,619,Get Players list ,200,,Knock_out_Thread Group 1-87,text,true,,3218,338,90,90,https://pabsa.impressicocrm.com/api/tournament/119922/players,619,0,0
1680593949924,558,Get Home page currency,200,,Knock_out_Thread Group 1-68,text,true,,9153,321,90,90,https://pabsa.impressicocrm.com/api/currency,558,0,0
1680593949153,1372,Home page ,200,OK,Knock_out_Thread Group 1-102,text,true,,3033,309,90,90,https://pabsa.impressicocrm.com/,1371,0,1217
1680593949050,1484,Get tournamnent list ,200,,Knock_out_Thread Group 1-88,text,true,,58880,389,90,90,https://pabsa.impressicocrm.com/api/tournament?limit=12&pageNumber=1&sportType=&tournamentName=&tournamentStyle=,737,0,0
1680593949976,570,Get Break list ,200,,Knock_out_Thread Group 1-85,text,true,,3218,338,90,90,https://pabsa.impressicocrm.com/api/tournament/119922/players,570,0,0
1680593950039,512,Get single knockout Player details,200,,Knock_out_Thread Group 1-51,text,true,,1210,326,90,90,https://pabsa.impressicocrm.com/api/player/110368,512,0,0
1680593949708,849,Get tournament result,200,,Knock_out_Thread Group 1-52,text,true,,5435,338,91,91,https://pabsa.impressicocrm.com/api/tournament/119922/matches,849,0,0
1680593949681,878,Get tournament result,200,,Knock_out_Thread Group 1-26,text,true,,5441,338,91,91,https://pabsa.impressicocrm.com/api/tournament/119922/matches,878,0,0
1680593950085,482,Get single knockout Player details,200,,Knock_out_Thread Group 1-8,text,true,,1210,326,91,91,https://pabsa.impressicocrm.com/api/player/110368,482,0,0
1680593947766,2819,Get tournamnent list ,200,,Knock_out_Thread Group 1-69,text,true,,58865,389,91,91,https://pabsa.impressicocrm.com/api/tournament?limit=12&pageNumber=1&sportType=&tournamentName=&tournamentStyle=,888,0,0
1680593949743,852,Get Players schedule,200,,Knock_out_Thread Group 1-72,text,true,,5441,338,91,91,https://pabsa.impressicocrm.com/api/tournament/119922/matches,852,0,0
1680593950028,568,Get playerA_Vs_playerB,200,,Knock_out_Thread Group 1-32,text,true,,1239,341,91,91,https://pabsa.impressicocrm.com/api/tournament/matchScore/147598,568,0,0
1680593950102,511,Get single knockout Player details,200,,Knock_out_Thread Group 1-43,text,true,,1210,326,90,90,https://pabsa.impressicocrm.com/api/player/110368,511,0,0
1680593950120,506,Get knockout players list ,200,,Knock_out_Thread Group 1-21,text,true,,4598,340,90,90,https://pabsa.impressicocrm.com/api/tournament/118871/knockouts,506,0,0
1680593949467,1172,Get Home page country ,200,,Knock_out_Thread Group 1-84,text,true,,17270,320,90,90,https://pabsa.impressicocrm.com/api/country,1092,0,0
1680593947790,2863,Get tournamnent list ,200,,Knock_out_Thread Group 1-74,text,true,,58865,389,91,91,https://pabsa.impressicocrm.com/api/tournament?limit=12&pageNumber=1&sportType=&tournamentName=&tournamentStyle=,1069,0,0
1680593949795,858,Get playerA_Vs_playerB,200,,Knock_out_Thread Group 1-10,text,true,,1239,341,91,91,https://pabsa.impressicocrm.com/api/tournament/matchScore/147598,858,0,0
1680593950077,583,Get playerA_Vs_playerB,200,,Knock_out_Thread Group 1-17,text,true,,1239,341,90,90,https://pabsa.impressicocrm.com/api/tournament/matchScore/147598,583,0,0
1680593949909,751,Get Players schedule,200,,Knock_out_Thread Group 1-54,text,true,,5441,338,90,90,https://pabsa.impressicocrm.com/api/tournament/119922/matches,751,0,0
1680593949690,970,Get Home page country ,200,,Knock_out_Thread Group 1-93,text,true,,17270,320,90,90,https://pabsa.impressicocrm.com/api/country,970,0,0
1680593950033,640,Get Break list ,200,,Knock_out_Thread Group 1-70,text,true,,3218,338,89,89,https://pabsa.impressicocrm.com/api/tournament/119922/players,640,0,0
1680593950038,649,Get Home page currency,200,,Knock_out_Thread Group 1-67,text,true,,9160,321,89,89,https://pabsa.impressicocrm.com/api/currency,649,0,0
1680593949642,1054,Get Players schedule,200,,Knock_out_Thread Group 1-30,text,true,,5441,338,89,89,https://pabsa.impressicocrm.com/api/tournament/119922/matches,1054,0,0
1680593950357,344,Home page ,200,OK,Knock_out_Thread Group 1-114,text,true,,3033,309,89,89,https://pabsa.impressicocrm.com/,344,0,258
1680593949915,789,Get Players schedule,200,,Knock_out_Thread Group 1-73,text,true,,5435,338,89,89,https://pabsa.impressicocrm.com/api/tournament/119922/matches,789,0,0
1680593950177,528,Get single knockout Player details,200,,Knock_out_Thread Group 1-46,text,true,,1210,326,89,89,https://pabsa.impressicocrm.com/api/player/110368,528,0,0
1680593950054,663,Home page ,200,OK,Knock_out_Thread Group 1-111,text,true,,3033,309,89,89,https://pabsa.impressicocrm.com/,663,0,578
1680593950112,615,Get Break list ,200,,Knock_out_Thread Group 1-65,text,true,,3218,338,89,89,https://pabsa.impressicocrm.com/api/tournament/119922/players,615,0,0
1680593949827,901,Get Players schedule,200,,Knock_out_Thread Group 1-16,text,true,,5441,338,89,89,https://pabsa.impressicocrm.com/api/tournament/119922/matches,901,0,0
1680593950162,570,Get Players list ,200,,Knock_out_Thread Group 1-66,text,true,,3218,338,89,89,https://pabsa.impressicocrm.com/api/tournament/119922/players,570,0,0
1680593949957,776,Get Players schedule,200,,Knock_out_Thread Group 1-59,text,true,,5441,338,89,89,https://pabsa.impressicocrm.com/api/tournament/119922/matches,776,0,0
1680593949642,1091,Get Home page country ,200,,Knock_out_Thread Group 1-94,text,true,,17270,320,89,89,https://pabsa.impressicocrm.com/api/country,1090,0,0
1680593950454,286,Home page ,200,OK,Knock_out_Thread Group 1-115,text,true,,3033,309,89,89,https://pabsa.impressicocrm.com/,286,0,216
1680593950203,540,Get knockout players list ,200,,Knock_out_Thread Group 1-76,text,true,,4598,340,89,89,https://pabsa.impressicocrm.com/api/tournament/118871/knockouts,540,0,0
1680593949750,994,Get Players schedule,200,,Knock_out_Thread Group 1-34,text,true,,5441,338,89,89,https://pabsa.impressicocrm.com/api/tournament/119922/matches,994,0,0
1680593950112,635,Get Home page currency,200,,Knock_out_Thread Group 1-35,text,true,,9160,321,89,89,https://pabsa.impressicocrm.com/api/currency,635,0,0
1680593949606,1149,Get Players schedule,200,,Knock_out_Thread Group 1-58,text,true,,5435,338,90,90,https://pabsa.impressicocrm.com/api/tournament/119922/matches,1149,0,0
1680593949237,1525,Get tournamnent list ,200,,Knock_out_Thread Group 1-92,text,true,,58888,389,90,90,https://pabsa.impressicocrm.com/api/tournament?limit=12&pageNumber=1&sportType=&tournamentName=&tournamentStyle=,790,0,0
1680593950139,625,Get playerA_Vs_playerB,200,,Knock_out_Thread Group 1-50,text,true,,1239,341,90,90,https://pabsa.impressicocrm.com/api/tournament/matchScore/147598,625,0,0
1680593948874,1906,Get tournamnent list ,200,,Knock_out_Thread Group 1-90,text,true,,58880,389,89,89,https://pabsa.impressicocrm.com/api/tournament?limit=12&pageNumber=1&sportType=&tournamentName=&tournamentStyle=,1089,0,0
1680593948380,2400,Get tournamnent list ,200,,Knock_out_Thread Group 1-55,text,true,,58880,389,89,89,https://pabsa.impressicocrm.com/api/tournament?limit=12&pageNumber=1&sportType=&tournamentName=&tournamentStyle=,1152,0,0
1680593950231,614,Get knockout players list ,200,,Knock_out_Thread Group 1-60,text,true,,4598,340,89,89,https://pabsa.impressicocrm.com/api/tournament/118871/knockouts,614,0,0
1680593949752,1096,Home page ,200,OK,Knock_out_Thread Group 1-108,text,true,,3033,309,89,89,https://pabsa.impressicocrm.com/,1096,0,331
1680593949708,1151,Get Home page country ,200,,Knock_out_Thread Group 1-99,text,true,,17270,320,90,90,https://pabsa.impressicocrm.com/api/country,1151,0,0
1680593950228,639,Get Home page currency,200,,Knock_out_Thread Group 1-78,text,true,,9160,321,90,90,https://pabsa.impressicocrm.com/api/currency,639,0,0
1680593950161,722,Home page ,200,OK,Knock_out_Thread Group 1-112,text,true,,3033,309,90,90,https://pabsa.impressicocrm.com/,722,0,347
1680593949958,945,Home page ,200,OK,Knock_out_Thread Group 1-110,text,true,,3033,309,90,90,https://pabsa.impressicocrm.com/,945,0,800
1680593950741,177,Get Home page country ,200,,Knock_out_Thread Group 1-115,text,true,,17270,320,90,90,https://pabsa.impressicocrm.com/api/country,171,0,0
1680593950755,174,Get knockout players list ,200,,Knock_out_Thread Group 1-58,text,true,,4598,340,90,90,https://pabsa.impressicocrm.com/api/tournament/118871/knockouts,174,0,0
1680593949254,1684,Home page ,200,OK,Knock_out_Thread Group 1-103,text,true,,3033,309,90,90,https://pabsa.impressicocrm.com/,1683,0,1368
1680593950227,719,Get Home page country ,200,,Knock_out_Thread Group 1-106,text,true,,17270,320,90,90,https://pabsa.impressicocrm.com/api/country,650,0,0
1680593949055,1901,Home page ,200,OK,Knock_out_Thread Group 1-101,text,true,,3033,309,91,91,https://pabsa.impressicocrm.com/,1901,0,1777
1680593950147,814,Get Players schedule,200,,Knock_out_Thread Group 1-44,text,true,,5441,338,91,91,https://pabsa.impressicocrm.com/api/tournament/119922/matches,814,0,0
1680593950080,889,Get Players schedule,200,,Knock_out_Thread Group 1-57,text,true,,5441,338,91,91,https://pabsa.impressicocrm.com/api/tournament/119922/matches,889,0,0
1680593950057,912,Get Home page country ,200,,Knock_out_Thread Group 1-75,text,true,,17270,320,91,91,https://pabsa.impressicocrm.com/api/country,912,0,0
1680593950377,627,Get knockout players list ,200,,Knock_out_Thread Group 1-41,text,true,,4598,340,91,91,https://pabsa.impressicocrm.com/api/tournament/118871/knockouts,627,0,0
1680593950428,591,Get Break list ,200,,Knock_out_Thread Group 1-86,text,true,,3218,338,91,91,https://pabsa.impressicocrm.com/api/tournament/119922/players,591,0,0
1680593950083,946,Get Break list ,200,,Knock_out_Thread Group 1-77,text,true,,3218,338,91,91,https://pabsa.impressicocrm.com/api/tournament/119922/players,946,0,0
1680593950367,683,Get Break list ,200,,Knock_out_Thread Group 1-79,text,true,,3218,338,91,91,https://pabsa.impressicocrm.com/api/tournament/119922/players,683,0,0
1680593950482,568,Get Break list ,200,,Knock_out_Thread Group 1-87,text,true,,3218,338,91,91,https://pabsa.impressicocrm.com/api/tournament/119922/players,568,0,0
1680593950382,674,Get Break list ,200,,Knock_out_Thread Group 1-47,text,true,,3218,338,92,92,https://pabsa.impressicocrm.com/api/tournament/119922/players,674,0,0
1680593950400,656,Get knockout players list ,200,,Knock_out_Thread Group 1-33,text,true,,4598,340,92,92,https://pabsa.impressicocrm.com/api/tournament/118871/knockouts,656,0,0
1680593949663,1393,Get tournamnent list ,200,,Knock_out_Thread Group 1-97,text,true,,58880,389,92,92,https://pabsa.impressicocrm.com/api/tournament?limit=12&pageNumber=1&sportType=&tournamentName=&tournamentStyle=,838,0,0
1680593949963,1093,Get tournamnent list ,200,,Knock_out_Thread Group 1-100,text,true,,58880,389,92,92,https://pabsa.impressicocrm.com/api/tournament?limit=12&pageNumber=1&sportType=&tournamentName=&tournamentStyle=,715,0,0
1680593949352,1708,Home page ,200,OK,Knock_out_Thread Group 1-104,text,true,,3033,309,92,92,https://pabsa.impressicocrm.com/,1708,0,1325
1680593950324,741,Get Players list ,200,,Knock_out_Thread Group 1-71,text,true,,3218,338,92,92,https://pabsa.impressicocrm.com/api/tournament/119922/players,741,0,0
1680593946953,4112,Home page ,200,OK,Knock_out_Thread Group 1-80,text,true,,3033,309,92,92,https://pabsa.impressicocrm.com/,4112,0,3723
1680593950482,596,Get Players list ,200,,Knock_out_Thread Group 1-68,text,true,,3218,338,92,92,https://pabsa.impressicocrm.com/api/tournament/119922/players,596,0,0
1680593950558,528,Get playerA_Vs_playerB,200,,Knock_out_Thread Group 1-52,text,true,,1239,341,92,92,https://pabsa.impressicocrm.com/api/tournament/matchScore/147598,528,0,0
1680593950626,460,Get single knockout Player details,200,,Knock_out_Thread Group 1-21,text,true,,1210,326,92,92,https://pabsa.impressicocrm.com/api/player/110368,460,0,0
1680593950560,526,Get playerA_Vs_playerB,200,,Knock_out_Thread Group 1-26,text,true,,1239,341,92,92,https://pabsa.impressicocrm.com/api/tournament/matchScore/147598,526,0,0
1680593949158,1928,Get tournament result,200,,Knock_out_Thread Group 1-12,text,true,,5435,338,92,92,https://pabsa.impressicocrm.com/api/tournament/119922/matches,1928,0,0
1680593950595,491,Get knockout players list ,200,,Knock_out_Thread Group 1-72,text,true,,4598,340,92,92,https://pabsa.impressicocrm.com/api/tournament/118871/knockouts,491,0,0
1680593950660,438,Get knockout players list ,200,,Knock_out_Thread Group 1-54,text,true,,4598,340,90,90,https://pabsa.impressicocrm.com/api/tournament/118871/knockouts,438,0,0
1680593950525,613,Get Home page country ,200,,Knock_out_Thread Group 1-102,text,true,,17270,320,90,90,https://pabsa.impressicocrm.com/api/country,613,0,0
1680593950197,973,Get Players schedule,200,,Knock_out_Thread Group 1-49,text,true,,5441,338,91,91,https://pabsa.impressicocrm.com/api/tournament/119922/matches,973,0,0
1680593950119,1061,Get Players schedule,200,,Knock_out_Thread Group 1-63,text,true,,5441,338,91,91,https://pabsa.impressicocrm.com/api/tournament/119922/matches,1061,0,0
1680593950696,508,Get knockout players list ,200,,Knock_out_Thread Group 1-30,text,true,,4598,340,91,91,https://pabsa.impressicocrm.com/api/tournament/118871/knockouts,508,0,0
1680593950687,541,Get Players list ,200,,Knock_out_Thread Group 1-67,text,true,,3218,338,91,91,https://pabsa.impressicocrm.com/api/tournament/119922/players,541,0,0
1680593950552,681,Home page ,200,OK,Knock_out_Thread Group 1-116,text,true,,3033,309,91,91,https://pabsa.impressicocrm.com/,681,0,434
1680593950179,1068,Get Players list ,200,,Knock_out_Thread Group 1-56,text,true,,3218,338,91,91,https://pabsa.impressicocrm.com/api/tournament/119922/players,1068,0,0
1680593950743,526,Get single knockout Player details,200,,Knock_out_Thread Group 1-76,text,true,,1210,326,92,92,https://pabsa.impressicocrm.com/api/player/110368,526,0,0
1680593950701,568,Get Home page country ,200,,Knock_out_Thread Group 1-114,text,true,,17270,320,92,92,https://pabsa.impressicocrm.com/api/country,568,0,0
1680593950338,944,Get tournament result,200,,Knock_out_Thread Group 1-37,text,true,,5441,338,92,92,https://pabsa.impressicocrm.com/api/tournament/119922/matches,944,0,0
1680593950281,1022,Get single knockout Player details,200,,Knock_out_Thread Group 1-31,text,true,,1210,326,92,92,https://pabsa.impressicocrm.com/api/player/110368,1022,0,0
1680593950653,650,Get Home page currency,200,,Knock_out_Thread Group 1-74,text,true,,9160,321,92,92,https://pabsa.impressicocrm.com/api/currency,650,0,0
1680593950732,572,Get Break list ,200,,Knock_out_Thread Group 1-66,text,true,,3218,338,92,92,https://pabsa.impressicocrm.com/api/tournament/119922/players,571,0,0
1680593950846,469,Get single knockout Player details,200,,Knock_out_Thread Group 1-60,text,true,,1210,326,92,92,https://pabsa.impressicocrm.com/api/player/110368,469,0,0
1680593950704,612,Get knockout players list ,200,,Knock_out_Thread Group 1-73,text,true,,4591,340,92,92,https://pabsa.impressicocrm.com/api/tournament/118871/knockouts,612,0,0
1680593950029,1295,Get knockout players list ,200,,Knock_out_Thread Group 1-6,text,true,,4598,340,92,92,https://pabsa.impressicocrm.com/api/tournament/118871/knockouts,1295,0,0
1680593950551,781,Get tournament result,200,,Knock_out_Thread Group 1-51,text,true,,5441,338,92,92,https://pabsa.impressicocrm.com/api/tournament/119922/matches,781,0,0
1680593950567,767,Get tournament result,200,,Knock_out_Thread Group 1-8,text,true,,5441,338,92,92,https://pabsa.impressicocrm.com/api/tournament/119922/matches,767,0,0
1680593950930,419,Get single knockout Player details,200,,Knock_out_Thread Group 1-58,text,true,,1210,326,92,92,https://pabsa.impressicocrm.com/api/player/110368,419,0,0
1680593950780,602,Get Home page currency,200,,Knock_out_Thread Group 1-55,text,true,,9153,321,93,93,https://pabsa.impressicocrm.com/api/currency,601,0,0
1680593950961,420,Get knockout players list ,200,,Knock_out_Thread Group 1-44,text,true,,4598,340,93,93,https://pabsa.impressicocrm.com/api/tournament/118871/knockouts,420,0,0
1680593950744,641,Get knockout players list ,200,,Knock_out_Thread Group 1-34,text,true,,4598,340,93,93,https://pabsa.impressicocrm.com/api/tournament/118871/knockouts,641,0,0
1680593949653,1733,Home page ,200,OK,Knock_out_Thread Group 1-107,text,true,,3033,309,93,93,https://pabsa.impressicocrm.com/,1733,0,1265
1680593950733,657,Get knockout players list ,200,,Knock_out_Thread Group 1-59,text,true,,4591,340,93,93,https://pabsa.impressicocrm.com/api/tournament/118871/knockouts,657,0,0
1680593950969,427,Get knockout players list ,200,,Knock_out_Thread Group 1-57,text,true,,4598,340,93,93,https://pabsa.impressicocrm.com/api/tournament/118871/knockouts,427,0,0
1680593950295,1109,Get knockout players list ,200,,Knock_out_Thread Group 1-39,text,true,,4598,340,93,93,https://pabsa.impressicocrm.com/api/tournament/118871/knockouts,1109,0,0
1680593950613,792,Get tournament result,200,,Knock_out_Thread Group 1-43,text,true,,5441,338,93,93,https://pabsa.impressicocrm.com/api/tournament/119922/matches,791,0,0
1680593950717,688,Get Home page country ,200,,Knock_out_Thread Group 1-111,text,true,,17270,320,93,93,https://pabsa.impressicocrm.com/api/country,688,0,0
1680593950728,685,Get knockout players list ,200,,Knock_out_Thread Group 1-16,text,true,,4591,340,93,93,https://pabsa.impressicocrm.com/api/tournament/118871/knockouts,685,0,0
1680593951005,410,Get single knockout Player details,200,,Knock_out_Thread Group 1-41,text,true,,1210,326,93,93,https://pabsa.impressicocrm.com/api/player/110368,410,0,0
1680593950868,560,Get Players list ,200,,Knock_out_Thread Group 1-78,text,true,,3218,338,93,93,https://pabsa.impressicocrm.com/api/tournament/119922/players,560,0,0
1680593950747,694,Get Players list ,200,,Knock_out_Thread Group 1-35,text,true,,3218,338,93,93,https://pabsa.impressicocrm.com/api/tournament/119922/players,694,0,0
1680593950780,684,Get Home page currency,200,,Knock_out_Thread Group 1-90,text,true,,9153,321,94,94,https://pabsa.impressicocrm.com/api/currency,683,0,0
1680593950426,1041,Get tournament result,200,,Knock_out_Thread Group 1-45,text,true,,5441,338,94,94,https://pabsa.impressicocrm.com/api/tournament/119922/matches,1041,0,0
1680593950674,800,Get Players schedule,200,,Knock_out_Thread Group 1-70,text,true,,5441,338,94,94,https://pabsa.impressicocrm.com/api/tournament/119922/matches,800,0,0
1680593951153,322,Home page ,200,OK,Knock_out_Thread Group 1-122,text,true,,3033,309,94,94,https://pabsa.impressicocrm.com/,322,0,243
1680593950727,799,Get Players schedule,200,,Knock_out_Thread Group 1-65,text,true,,5441,338,94,94,https://pabsa.impressicocrm.com/api/tournament/119922/matches,799,0,0
1680593949428,2098,Get tournamnent list ,200,,Knock_out_Thread Group 1-95,text,true,,58880,389,94,94,https://pabsa.impressicocrm.com/api/tournament?limit=12&pageNumber=1&sportType=&tournamentName=&tournamentStyle=,859,0,0
1680593950904,631,Get Home page country ,200,,Knock_out_Thread Group 1-110,text,true,,17270,320,94,94,https://pabsa.impressicocrm.com/api/country,631,0,0
1680593950239,1301,Get Players schedule,200,,Knock_out_Thread Group 1-61,text,true,,5441,338,94,94,https://pabsa.impressicocrm.com/api/tournament/119922/matches,1301,0,0
1680593951057,493,Get single knockout Player details,200,,Knock_out_Thread Group 1-33,text,true,,1210,326,94,94,https://pabsa.impressicocrm.com/api/player/110368,493,0,0
1680593950957,598,Get Home page country ,200,,Knock_out_Thread Group 1-101,text,true,,17270,320,95,95,https://pabsa.impressicocrm.com/api/country,598,0,0
1680593950281,1279,Get single knockout Player details,200,,Knock_out_Thread Group 1-42,text,true,,1210,326,95,95,https://pabsa.impressicocrm.com/api/player/110368,1279,0,0
1680593950705,855,Get tournament result,200,,Knock_out_Thread Group 1-46,text,true,,5441,338,95,95,https://pabsa.impressicocrm.com/api/tournament/119922/matches,855,0,0
1680593949477,2083,Get tournamnent list ,200,,Knock_out_Thread Group 1-64,text,true,,58880,389,95,95,https://pabsa.impressicocrm.com/api/tournament?limit=12&pageNumber=1&sportType=&tournamentName=&tournamentStyle=,1333,0,0
1680593951086,528,Get single knockout Player details,200,,Knock_out_Thread Group 1-72,text,true,,1210,326,95,95,https://pabsa.impressicocrm.com/api/player/110368,528,0,0
1680593951057,557,Get Home page currency,200,,Knock_out_Thread Group 1-100,text,true,,9160,321,95,95,https://pabsa.impressicocrm.com/api/currency,557,0,0
1680593951065,549,Get Break list ,200,,Knock_out_Thread Group 1-71,text,true,,3218,338,95,95,https://pabsa.impressicocrm.com/api/tournament/119922/players,549,0,0
1680593950852,771,Home page ,200,OK,Knock_out_Thread Group 1-119,text,true,,3033,309,95,95,https://pabsa.impressicocrm.com/,771,0,674
1680593950653,979,Home page ,200,OK,Knock_out_Thread Group 1-117,text,true,,3033,309,95,95,https://pabsa.impressicocrm.com/,979,0,811
1680593951098,563,Get single knockout Player details,200,,Knock_out_Thread Group 1-54,text,true,,1210,326,96,96,https://pabsa.impressicocrm.com/api/player/110368,563,0,0
1680593950938,732,Get Home page country ,200,,Knock_out_Thread Group 1-103,text,true,,17270,320,96,96,https://pabsa.impressicocrm.com/api/country,732,0,0
1680593951078,597,Get Break list ,200,,Knock_out_Thread Group 1-68,text,true,,3218,338,96,96,https://pabsa.impressicocrm.com/api/tournament/119922/players,597,0,0
1680593951204,471,Get single knockout Player details,200,,Knock_out_Thread Group 1-30,text,true,,1210,326,96,96,https://pabsa.impressicocrm.com/api/player/110368,471,0,0
1680593951086,593,Get playerA_Vs_playerB,200,,Knock_out_Thread Group 1-12,text,true,,1239,341,96,96,https://pabsa.impressicocrm.com/api/tournament/matchScore/147598,593,0,0
1680593951030,664,Get Players schedule,200,,Knock_out_Thread Group 1-77,text,true,,5441,338,95,95,https://pabsa.impressicocrm.com/api/tournament/119922/matches,664,0,0
1680593950546,1148,Get Players schedule,200,,Knock_out_Thread Group 1-85,text,true,,5441,338,95,95,https://pabsa.impressicocrm.com/api/tournament/119922/matches,1148,0,0
1680593951357,359,Home page ,200,OK,Knock_out_Thread Group 1-124,text,true,,3033,309,95,95,https://pabsa.impressicocrm.com/,359,0,275
1680593949979,1759,Get tournamnent list ,200,,Knock_out_Thread Group 1-98,text,true,,58888,389,95,95,https://pabsa.impressicocrm.com/api/tournament?limit=12&pageNumber=1&sportType=&tournamentName=&tournamentStyle=,931,0,0
1680593951170,584,Get knockout players list ,200,,Knock_out_Thread Group 1-49,text,true,,4598,340,96,96,https://pabsa.impressicocrm.com/api/tournament/118871/knockouts,584,0,0
1680593951325,447,Get single knockout Player details,200,,Knock_out_Thread Group 1-6,text,true,,1210,326,96,96,https://pabsa.impressicocrm.com/api/player/110368,447,0,0
1680593951181,591,Get knockout players list ,200,,Knock_out_Thread Group 1-63,text,true,,4598,340,96,96,https://pabsa.impressicocrm.com/api/tournament/118871/knockouts,591,0,0
1680593951050,730,Get Players schedule,200,,Knock_out_Thread Group 1-79,text,true,,5441,338,96,96,https://pabsa.impressicocrm.com/api/tournament/119922/matches,730,0,0
1680593951229,551,Get Break list ,200,,Knock_out_Thread Group 1-67,text,true,,3218,338,96,96,https://pabsa.impressicocrm.com/api/tournament/119922/players,551,0,0
1680593951050,743,Get Players schedule,200,,Knock_out_Thread Group 1-87,text,true,,5441,338,96,96,https://pabsa.impressicocrm.com/api/tournament/119922/matches,743,0,0
1680593951247,624,Get Break list ,200,,Knock_out_Thread Group 1-56,text,true,,3218,338,97,97,https://pabsa.impressicocrm.com/api/tournament/119922/players,624,0,0
1680593950849,1023,Get Home page country ,200,,Knock_out_Thread Group 1-108,text,true,,17270,320,97,97,https://pabsa.impressicocrm.com/api/country,1022,0,0
1680593950955,932,Home page ,200,OK,Knock_out_Thread Group 1-120,text,true,,3033,309,97,97,https://pabsa.impressicocrm.com/,931,0,757
1680593951333,558,Get playerA_Vs_playerB,200,,Knock_out_Thread Group 1-51,text,true,,1239,341,97,97,https://pabsa.impressicocrm.com/api/tournament/matchScore/147598,558,0,0
1680593951385,511,Get single knockout Player details,200,,Knock_out_Thread Group 1-34,text,true,,1210,326,96,96,https://pabsa.impressicocrm.com/api/player/110368,510,0,0
1680593951335,566,Get playerA_Vs_playerB,200,,Knock_out_Thread Group 1-8,text,true,,1239,341,96,96,https://pabsa.impressicocrm.com/api/tournament/matchScore/147598,565,0,0
1680593951304,597,Get Players list ,200,,Knock_out_Thread Group 1-74,text,true,,3218,338,96,96,https://pabsa.impressicocrm.com/api/tournament/119922/players,597,0,0
1680593951382,524,Get single knockout Player details,200,,Knock_out_Thread Group 1-44,text,true,,1210,326,95,95,https://pabsa.impressicocrm.com/api/player/110368,524,0,0
1680593951397,509,Get single knockout Player details,200,,Knock_out_Thread Group 1-57,text,true,,1210,326,95,95,https://pabsa.impressicocrm.com/api/player/110368,509,0,0
1680593951391,515,Get single knockout Player details,200,,Knock_out_Thread Group 1-59,text,true,,1210,326,95,95,https://pabsa.impressicocrm.com/api/player/110368,514,0,0
1680593950535,1371,Get Home page currency,200,,Knock_out_Thread Group 1-88,text,true,,9160,321,95,95,https://pabsa.impressicocrm.com/api/currency,1371,0,0
1680593951270,636,Get tournament result,200,,Knock_out_Thread Group 1-76,text,true,,5441,338,95,95,https://pabsa.impressicocrm.com/api/tournament/119922/matches,636,0,0
1680593948624,3286,Get Home page country ,200,,Knock_out_Thread Group 1-83,text,true,,17270,320,95,95,https://pabsa.impressicocrm.com/api/country,3282,0,0
1680593950371,1539,Get Home page currency,200,,Knock_out_Thread Group 1-96,text,true,,9160,321,95,95,https://pabsa.impressicocrm.com/api/currency,1539,0,0
1680593951057,872,Get Players schedule,200,,Knock_out_Thread Group 1-47,text,true,,5441,338,95,95,https://pabsa.impressicocrm.com/api/tournament/119922/matches,872,0,0
1680593950762,1175,Get Home page currency,200,,Knock_out_Thread Group 1-92,text,true,,9153,321,95,95,https://pabsa.impressicocrm.com/api/currency,1175,0,0
1680593951413,529,Get single knockout Player details,200,,Knock_out_Thread Group 1-16,text,true,,1210,326,95,95,https://pabsa.impressicocrm.com/api/player/110368,529,0,0
1680593950446,1507,Get Home page country ,200,,Knock_out_Thread Group 1-109,text,true,,17270,320,96,96,https://pabsa.impressicocrm.com/api/country,1507,0,0
1680593951382,571,Get Players list ,200,,Knock_out_Thread Group 1-55,text,true,,3218,338,96,96,https://pabsa.impressicocrm.com/api/tournament/119922/players,571,0,0
1680593950461,1500,Get Home page country ,200,,Knock_out_Thread Group 1-105,text,true,,17270,320,96,96,https://pabsa.impressicocrm.com/api/country,1500,0,0
1680593951475,491,Get knockout players list ,200,,Knock_out_Thread Group 1-70,text,true,,4598,340,96,96,https://pabsa.impressicocrm.com/api/tournament/118871/knockouts,491,0,0
1680593950918,1057,Get tournamnent list ,200,,Knock_out_Thread Group 1-115,text,true,,58880,389,96,96,https://pabsa.impressicocrm.com/api/tournament?limit=12&pageNumber=1&sportType=&tournamentName=&tournamentStyle=,820,0,0
1680593951405,575,Get playerA_Vs_playerB,200,,Knock_out_Thread Group 1-43,text,true,,1239,341,96,96,https://pabsa.impressicocrm.com/api/tournament/matchScore/147598,575,0,0
1680593951019,961,Get Players schedule,200,,Knock_out_Thread Group 1-86,text,true,,5441,338,96,96,https://pabsa.impressicocrm.com/api/tournament/119922/matches,961,0,0
1680593951464,543,Get Players list ,200,,Knock_out_Thread Group 1-90,text,true,,3218,338,95,95,https://pabsa.impressicocrm.com/api/tournament/119922/players,543,0,0
1680593951428,611,Get Break list ,200,,Knock_out_Thread Group 1-78,text,true,,3218,338,95,95,https://pabsa.impressicocrm.com/api/tournament/119922/players,611,0,0
1680593951527,514,Get knockout players list ,200,,Knock_out_Thread Group 1-65,text,true,,4598,340,95,95,https://pabsa.impressicocrm.com/api/tournament/118871/knockouts,514,0,0
1680593950884,1212,Get Home page country ,200,,Knock_out_Thread Group 1-112,text,true,,17270,320,96,96,https://pabsa.impressicocrm.com/api/country,1166,0,0
1680593950752,1353,Home page ,200,OK,Knock_out_Thread Group 1-118,text,true,,3033,309,96,96,https://pabsa.impressicocrm.com/,1353,0,1273
1680593951316,795,Get single knockout Player details,200,,Knock_out_Thread Group 1-73,text,true,,1210,326,96,96,https://pabsa.impressicocrm.com/api/player/110368,795,0,0
1680593951561,550,Get playerA_Vs_playerB,200,,Knock_out_Thread Group 1-46,text,true,,1239,341,96,96,https://pabsa.impressicocrm.com/api/tournament/matchScore/147598,550,0,0
1680593951752,378,Home page ,200,OK,Knock_out_Thread Group 1-128,text,true,,3033,309,95,95,https://pabsa.impressicocrm.com/,378,0,290
1680593951057,1076,Get Home page currency,200,,Knock_out_Thread Group 1-97,text,true,,9160,321,95,95,https://pabsa.impressicocrm.com/api/currency,1076,0,0
1680593951452,718,Home page ,200,OK,Knock_out_Thread Group 1-125,text,true,,3033,309,96,96,https://pabsa.impressicocrm.com/,717,0,286
1680593951405,842,Get single knockout Player details,200,,Knock_out_Thread Group 1-39,text,true,,1210,326,96,96,https://pabsa.impressicocrm.com/api/player/110368,842,0,0
1680593951315,949,Get tournament result,200,,Knock_out_Thread Group 1-60,text,true,,5441,338,97,97,https://pabsa.impressicocrm.com/api/tournament/119922/matches,948,0,0
1680593951754,532,Get single knockout Player details,200,,Knock_out_Thread Group 1-49,text,true,,1210,326,97,97,https://pabsa.impressicocrm.com/api/player/110368,532,0,0
1680593951772,518,Get single knockout Player details,200,,Knock_out_Thread Group 1-63,text,true,,1210,326,97,97,https://pabsa.impressicocrm.com/api/player/110368,518,0,0
1680593951468,858,Get playerA_Vs_playerB,200,,Knock_out_Thread Group 1-45,text,true,,1239,341,97,97,https://pabsa.impressicocrm.com/api/tournament/matchScore/147598,858,0,0
1680593950119,2230,Get tournamnent list ,200,,Knock_out_Thread Group 1-82,text,true,,58880,389,96,96,https://pabsa.impressicocrm.com/api/tournament?limit=12&pageNumber=1&sportType=&tournamentName=&tournamentStyle=,967,0,0
1680593951061,1291,Get Home page country ,200,,Knock_out_Thread Group 1-104,text,true,,17270,320,96,96,https://pabsa.impressicocrm.com/api/country,1290,0,0
1680593951086,1268,Get tournament result,200,,Knock_out_Thread Group 1-21,text,true,,5441,338,97,97,https://pabsa.impressicocrm.com/api/tournament/119922/matches,1268,0,0
1680593951793,585,Get knockout players list ,200,,Knock_out_Thread Group 1-87,text,true,,4598,340,97,97,https://pabsa.impressicocrm.com/api/tournament/118871/knockouts,585,0,0
1680593950326,2057,Get Home page currency,200,,Knock_out_Thread Group 1-81,text,true,,9160,321,97,97,https://pabsa.impressicocrm.com/api/currency,2057,0,0
1680593951233,1150,Get Home page country ,200,,Knock_out_Thread Group 1-116,text,true,,17270,320,97,97,https://pabsa.impressicocrm.com/api/country,1150,0,0
1680593951614,779,Get Players list ,200,,Knock_out_Thread Group 1-100,text,true,,3218,338,97,97,https://pabsa.impressicocrm.com/api/tournament/119922/players,779,0,0
1680593951282,1130,Get playerA_Vs_playerB,200,,Knock_out_Thread Group 1-37,text,true,,1239,341,97,97,https://pabsa.impressicocrm.com/api/tournament/matchScore/147598,1130,0,0
1680593952264,151,Get playerA_Vs_playerB,200,,Knock_out_Thread Group 1-60,text,true,,1239,341,96,96,https://pabsa.impressicocrm.com/api/tournament/matchScore/147598,151,0,0
1680593951551,870,Get tournament result,200,,Knock_out_Thread Group 1-33,text,true,,5441,338,95,95,https://pabsa.impressicocrm.com/api/tournament/119922/matches,870,0,0
1680593951738,700,Get Home page currency,200,,Knock_out_Thread Group 1-98,text,true,,9160,321,95,95,https://pabsa.impressicocrm.com/api/currency,700,0,0
1680593951675,785,Get tournament result,200,,Knock_out_Thread Group 1-30,text,true,,5441,338,96,96,https://pabsa.impressicocrm.com/api/tournament/119922/matches,785,0,0
1680593951614,846,Get tournament result,200,,Knock_out_Thread Group 1-72,text,true,,5441,338,96,96,https://pabsa.impressicocrm.com/api/tournament/119922/matches,846,0,0
1680593951415,1045,Get tournament result,200,,Knock_out_Thread Group 1-41,text,true,,5435,338,96,96,https://pabsa.impressicocrm.com/api/tournament/119922/matches,1045,0,0
1680593951653,807,Home page ,200,OK,Knock_out_Thread Group 1-127,text,true,,3033,309,96,96,https://pabsa.impressicocrm.com/,807,0,699
1680593951475,991,Get Home page country ,200,,Knock_out_Thread Group 1-122,text,true,,17270,320,96,96,https://pabsa.impressicocrm.com/api/country,985,0,0
1680593951675,791,Get Players schedule,200,,Knock_out_Thread Group 1-68,text,true,,5441,338,96,96,https://pabsa.impressicocrm.com/api/tournament/119922/matches,791,0,0
1680593951906,609,Get playerA_Vs_playerB,200,,Knock_out_Thread Group 1-76,text,true,,1239,341,96,96,https://pabsa.impressicocrm.com/api/tournament/matchScore/147598,609,0,0
1680593951716,809,Get Home page country ,200,,Knock_out_Thread Group 1-124,text,true,,17270,320,95,95,https://pabsa.impressicocrm.com/api/country,809,0,0
1680593951527,1028,Get Home page currency,200,,Knock_out_Thread Group 1-95,text,true,,9160,321,96,96,https://pabsa.impressicocrm.com/api/currency,1028,0,0
1680593951552,1013,Home page ,200,OK,Knock_out_Thread Group 1-126,text,true,,3033,309,96,96,https://pabsa.impressicocrm.com/,1013,0,908
1680593951966,602,Get single knockout Player details,200,,Knock_out_Thread Group 1-70,text,true,,1210,326,96,96,https://pabsa.impressicocrm.com/api/player/110368,602,0,0
1680593951888,684,Get Home page country ,200,,Knock_out_Thread Group 1-120,text,true,,17270,320,96,96,https://pabsa.impressicocrm.com/api/country,684,0,0
1680593951260,1317,Home page ,200,OK,Knock_out_Thread Group 1-123,text,true,,3033,309,96,96,https://pabsa.impressicocrm.com/,1317,0,1247
1680593951906,674,Get Players list ,200,,Knock_out_Thread Group 1-88,text,true,,3218,338,96,96,https://pabsa.impressicocrm.com/api/tournament/119922/players,674,0,0
1680593951541,1042,Get knockout players list ,200,,Knock_out_Thread Group 1-61,text,true,,4598,340,96,96,https://pabsa.impressicocrm.com/api/tournament/118871/knockouts,1041,0,0
1680593951350,1262,Get tournament result,200,,Knock_out_Thread Group 1-58,text,true,,5441,338,96,96,https://pabsa.impressicocrm.com/api/tournament/119922/matches,1262,0,0
1680593951066,1550,Get Home page country ,200,,Knock_out_Thread Group 1-80,text,true,,17270,320,96,96,https://pabsa.impressicocrm.com/api/country,1550,0,0
1680593951632,984,Get Home page country ,200,,Knock_out_Thread Group 1-117,text,true,,17270,320,96,96,https://pabsa.impressicocrm.com/api/country,984,0,0
1680593951780,836,Get knockout players list ,200,,Knock_out_Thread Group 1-79,text,true,,4598,340,96,96,https://pabsa.impressicocrm.com/api/tournament/118871/knockouts,836,0,0
1680593951441,1179,Get Break list ,200,,Knock_out_Thread Group 1-35,text,true,,3218,338,96,96,https://pabsa.impressicocrm.com/api/tournament/119922/players,1179,0,0
1680593951929,691,Get knockout players list ,200,,Knock_out_Thread Group 1-47,text,true,,4598,340,96,96,https://pabsa.impressicocrm.com/api/tournament/118871/knockouts,691,0,0
1680593951695,925,Get knockout players list ,200,,Knock_out_Thread Group 1-77,text,true,,4591,340,96,96,https://pabsa.impressicocrm.com/api/tournament/118871/knockouts,925,0,0
1680593951872,768,Get Players schedule,200,,Knock_out_Thread Group 1-56,text,true,,5441,338,96,96,https://pabsa.impressicocrm.com/api/tournament/119922/matches,768,0,0
1680593951304,1336,Get tournament result,200,,Knock_out_Thread Group 1-31,text,true,,5441,338,96,96,https://pabsa.impressicocrm.com/api/tournament/119922/matches,1336,0,0
1680593951896,754,Get tournament result,200,,Knock_out_Thread Group 1-34,text,true,,5441,338,96,96,https://pabsa.impressicocrm.com/api/tournament/119922/matches,754,0,0
1680593952256,398,Home page ,200,OK,Knock_out_Thread Group 1-133,text,true,,3033,309,97,97,https://pabsa.impressicocrm.com/,397,0,304
1680593951980,699,Get knockout players list ,200,,Knock_out_Thread Group 1-86,text,true,,4598,340,97,97,https://pabsa.impressicocrm.com/api/tournament/118871/knockouts,699,0,0
1680593951561,1134,Get Home page currency,200,,Knock_out_Thread Group 1-64,text,true,,9160,321,97,97,https://pabsa.impressicocrm.com/api/currency,1134,0,0
1680593951623,1072,Get Home page country ,200,,Knock_out_Thread Group 1-119,text,true,,17270,320,97,97,https://pabsa.impressicocrm.com/api/country,997,0,0
1680593951560,1136,Get tournament result,200,,Knock_out_Thread Group 1-42,text,true,,5441,338,97,97,https://pabsa.impressicocrm.com/api/tournament/119922/matches,1136,0,0
1680593951937,759,Get Players list ,200,,Knock_out_Thread Group 1-92,text,true,,3218,338,97,97,https://pabsa.impressicocrm.com/api/tournament/119922/players,758,0,0
1680593951780,929,Get Players schedule,200,,Knock_out_Thread Group 1-67,text,true,,5441,338,97,97,https://pabsa.impressicocrm.com/api/tournament/119922/matches,929,0,0
1680593952106,606,Get Home page country ,200,,Knock_out_Thread Group 1-118,text,true,,17270,320,97,97,https://pabsa.impressicocrm.com/api/country,606,0,0
1680593951953,794,Home page ,200,OK,Knock_out_Thread Group 1-130,text,true,,3033,309,97,97,https://pabsa.impressicocrm.com/,794,0,732
1680593952052,737,Home page ,200,OK,Knock_out_Thread Group 1-131,text,true,,3033,309,98,98,https://pabsa.impressicocrm.com/,737,0,665
1680593951695,1108,Get knockout players list ,200,,Knock_out_Thread Group 1-85,text,true,,4591,340,98,98,https://pabsa.impressicocrm.com/api/tournament/118871/knockouts,1108,0,0
1680593951906,919,Get tournament result,200,,Knock_out_Thread Group 1-44,text,true,,5441,338,98,98,https://pabsa.impressicocrm.com/api/tournament/119922/matches,919,0,0
1680593952379,448,Get single knockout Player details,200,,Knock_out_Thread Group 1-87,text,true,,1210,326,98,98,https://pabsa.impressicocrm.com/api/player/110368,448,0,0
1680593952008,819,Get Break list ,200,,Knock_out_Thread Group 1-90,text,true,,3218,338,98,98,https://pabsa.impressicocrm.com/api/tournament/119922/players,819,0,0
1680593951911,919,Get Players list ,200,,Knock_out_Thread Group 1-96,text,true,,3218,338,98,98,https://pabsa.impressicocrm.com/api/tournament/119922/players,918,0,0
1680593951614,1243,Get Players schedule,200,,Knock_out_Thread Group 1-71,text,true,,5441,338,99,99,https://pabsa.impressicocrm.com/api/tournament/119922/matches,1243,0,0
1680593951954,924,Get Break list ,200,,Knock_out_Thread Group 1-55,text,true,,3218,338,99,99,https://pabsa.impressicocrm.com/api/tournament/119922/players,924,0,0
1680593951906,972,Get tournament result,200,,Knock_out_Thread Group 1-59,text,true,,5441,338,99,99,https://pabsa.impressicocrm.com/api/tournament/119922/matches,972,0,0
1680593952133,752,Get Players list ,200,,Knock_out_Thread Group 1-97,text,true,,3218,338,99,99,https://pabsa.impressicocrm.com/api/tournament/119922/players,752,0,0
1680593952042,853,Get single knockout Player details,200,,Knock_out_Thread Group 1-65,text,true,,1210,326,99,99,https://pabsa.impressicocrm.com/api/player/110368,853,0,0
1680593952355,559,Get playerA_Vs_playerB,200,,Knock_out_Thread Group 1-21,text,true,,1239,341,99,99,https://pabsa.impressicocrm.com/api/tournament/matchScore/147598,559,0,0
1680593952422,529,Get playerA_Vs_playerB,200,,Knock_out_Thread Group 1-33,text,true,,1239,341,98,98,https://pabsa.impressicocrm.com/api/tournament/matchScore/147598,529,0,0
1680593951304,1687,Get Players schedule,200,,Knock_out_Thread Group 1-66,text,true,,5441,338,98,98,https://pabsa.impressicocrm.com/api/tournament/119922/matches,1687,0,0
1680593952354,640,Home page ,200,OK,Knock_out_Thread Group 1-134,text,true,,3033,309,98,98,https://pabsa.impressicocrm.com/,640,0,267
1680593952438,574,Get Players list ,200,,Knock_out_Thread Group 1-98,text,true,,3218,338,98,98,https://pabsa.impressicocrm.com/api/tournament/119922/players,574,0,0
1680593951772,1242,Get tournament result,200,,Knock_out_Thread Group 1-6,text,true,,5441,338,98,98,https://pabsa.impressicocrm.com/api/tournament/119922/matches,1242,0,0
1680593952350,677,Get Home page currency,200,,Knock_out_Thread Group 1-82,text,true,,9160,321,98,98,https://pabsa.impressicocrm.com/api/currency,677,0,0
1680593951976,1060,Get Home page currency,200,,Knock_out_Thread Group 1-115,text,true,,9160,321,98,98,https://pabsa.impressicocrm.com/api/currency,1060,0,0
1680593952461,585,Get playerA_Vs_playerB,200,,Knock_out_Thread Group 1-41,text,true,,1239,341,98,98,https://pabsa.impressicocrm.com/api/tournament/matchScore/147598,585,0,0
1680593952583,475,Get single knockout Player details,200,,Knock_out_Thread Group 1-61,text,true,,1210,326,98,98,https://pabsa.impressicocrm.com/api/player/110368,475,0,0
1680593952467,591,Get knockout players list ,200,,Knock_out_Thread Group 1-68,text,true,,4598,340,98,98,https://pabsa.impressicocrm.com/api/tournament/118871/knockouts,591,0,0
1680593952394,674,Get Break list ,200,,Knock_out_Thread Group 1-100,text,true,,3218,338,98,98,https://pabsa.impressicocrm.com/api/tournament/119922/players,674,0,0
1680593952383,693,Get Players list ,200,,Knock_out_Thread Group 1-81,text,true,,3218,338,98,98,https://pabsa.impressicocrm.com/api/tournament/119922/players,693,0,0
1680593952248,890,Get tournament result,200,,Knock_out_Thread Group 1-39,text,true,,5441,338,98,98,https://pabsa.impressicocrm.com/api/tournament/119922/matches,890,0,0
1680593952752,400,Home page ,200,OK,Knock_out_Thread Group 1-138,text,true,,3033,309,99,99,https://pabsa.impressicocrm.com/,400,0,302
1680593952612,547,Get playerA_Vs_playerB,200,,Knock_out_Thread Group 1-58,text,true,,1239,341,99,99,https://pabsa.impressicocrm.com/api/tournament/matchScore/147598,547,0,0
1680593952461,713,Get Home page country ,200,,Knock_out_Thread Group 1-127,text,true,,17270,320,98,98,https://pabsa.impressicocrm.com/api/country,713,0,0
1680593952621,555,Get single knockout Player details,200,,Knock_out_Thread Group 1-77,text,true,,1210,326,98,98,https://pabsa.impressicocrm.com/api/player/110368,555,0,0
1680593952679,502,Get single knockout Player details,200,,Knock_out_Thread Group 1-86,text,true,,1210,326,98,98,https://pabsa.impressicocrm.com/api/player/110368,502,0,0
1680593952578,619,Get Home page country ,200,,Knock_out_Thread Group 1-123,text,true,,17270,320,98,98,https://pabsa.impressicocrm.com/api/country,619,0,0
1680593951906,1308,Get tournament result,200,,Knock_out_Thread Group 1-57,text,true,,5441,338,98,98,https://pabsa.impressicocrm.com/api/tournament/119922/matches,1308,0,0
1680593952555,684,Get Players list ,200,,Knock_out_Thread Group 1-95,text,true,,3218,338,98,98,https://pabsa.impressicocrm.com/api/tournament/119922/players,684,0,0
1680593952696,547,Get playerA_Vs_playerB,200,,Knock_out_Thread Group 1-42,text,true,,1239,341,98,98,https://pabsa.impressicocrm.com/api/tournament/matchScore/147598,547,0,0
1680593951902,1351,Get Break list ,200,,Knock_out_Thread Group 1-74,text,true,,3218,338,98,98,https://pabsa.impressicocrm.com/api/tournament/119922/players,1351,0,0
1680593952709,560,Get knockout players list ,200,,Knock_out_Thread Group 1-67,text,true,,4598,340,98,98,https://pabsa.impressicocrm.com/api/tournament/118871/knockouts,560,0,0
1680593951052,2233,Home page ,200,OK,Knock_out_Thread Group 1-121,text,true,,3033,309,98,98,https://pabsa.impressicocrm.com/,2233,0,660
1680593950169,3119,Get tournamnent list ,200,,Knock_out_Thread Group 1-62,text,true,,58880,389,98,98,https://pabsa.impressicocrm.com/api/tournament?limit=12&pageNumber=1&sportType=&tournamentName=&tournamentStyle=,1391,0,0
1680593952461,848,Get playerA_Vs_playerB,200,,Knock_out_Thread Group 1-30,text,true,,1239,341,98,98,https://pabsa.impressicocrm.com/api/tournament/matchScore/147598,848,0,0
1680593952825,488,Get playerA_Vs_playerB,200,,Knock_out_Thread Group 1-44,text,true,,1239,341,97,97,https://pabsa.impressicocrm.com/api/tournament/matchScore/147598,488,0,0
1680593952641,691,Get knockout players list ,200,,Knock_out_Thread Group 1-56,text,true,,4598,340,96,96,https://pabsa.impressicocrm.com/api/tournament/118871/knockouts,691,0,0
1680593952616,733,Get single knockout Player details,200,,Knock_out_Thread Group 1-79,text,true,,1210,326,96,96,https://pabsa.impressicocrm.com/api/player/110368,733,0,0
1680593950105,3244,Get tournamnent list ,200,,Knock_out_Thread Group 1-91,text,true,,58880,389,96,96,https://pabsa.impressicocrm.com/api/tournament?limit=12&pageNumber=1&sportType=&tournamentName=&tournamentStyle=,1065,0,0
1680593952654,719,Get Home page country ,200,,Knock_out_Thread Group 1-133,text,true,,17255,320,97,97,https://pabsa.impressicocrm.com/api/country,718,0,0
1680593952621,769,Get Players schedule,200,,Knock_out_Thread Group 1-35,text,true,,5441,338,97,97,https://pabsa.impressicocrm.com/api/tournament/119922/matches,769,0,0
1680593952879,534,Get playerA_Vs_playerB,200,,Knock_out_Thread Group 1-59,text,true,,1239,341,97,97,https://pabsa.impressicocrm.com/api/tournament/matchScore/147598,534,0,0
1680593953015,425,Get playerA_Vs_playerB,200,,Knock_out_Thread Group 1-6,text,true,,1239,341,96,96,https://pabsa.impressicocrm.com/api/tournament/matchScore/147598,425,0,0
1680593952831,611,Get Break list ,200,,Knock_out_Thread Group 1-96,text,true,,3218,338,95,95,https://pabsa.impressicocrm.com/api/tournament/119922/players,611,0,0
1680593952111,1331,Get tournament result,200,,Knock_out_Thread Group 1-73,text,true,,5441,338,95,95,https://pabsa.impressicocrm.com/api/tournament/119922/matches,1331,0,0
1680593952696,746,Get Players list ,200,,Knock_out_Thread Group 1-64,text,true,,3218,338,95,95,https://pabsa.impressicocrm.com/api/tournament/119922/players,746,0,0
1680593952171,1275,Get Home page country ,200,,Knock_out_Thread Group 1-125,text,true,,17255,320,95,95,https://pabsa.impressicocrm.com/api/country,1275,0,0
1680593952621,830,Get single knockout Player details,200,,Knock_out_Thread Group 1-47,text,true,,1210,326,95,95,https://pabsa.impressicocrm.com/api/player/110368,830,0,0
1680593953059,399,Get single knockout Player details,200,,Knock_out_Thread Group 1-68,text,true,,1210,326,96,96,https://pabsa.impressicocrm.com/api/player/110368,399,0,0
1680593952641,833,Get playerA_Vs_playerB,200,,Knock_out_Thread Group 1-31,text,true,,1239,341,96,96,https://pabsa.impressicocrm.com/api/tournament/matchScore/147598,833,0,0
1680593952857,620,Get knockout players list ,200,,Knock_out_Thread Group 1-71,text,true,,4598,340,95,95,https://pabsa.impressicocrm.com/api/tournament/118871/knockouts,620,0,0
1680593952886,613,Get Break list ,200,,Knock_out_Thread Group 1-97,text,true,,3218,338,95,95,https://pabsa.impressicocrm.com/api/tournament/119922/players,613,0,0
1680593952568,957,Get tournament result,200,,Knock_out_Thread Group 1-70,text,true,,5441,338,95,95,https://pabsa.impressicocrm.com/api/tournament/119922/matches,957,0,0
1680593952804,763,Get single knockout Player details,200,,Knock_out_Thread Group 1-85,text,true,,1210,326,96,96,https://pabsa.impressicocrm.com/api/player/110368,763,0,0
1680593953037,530,Get Players list ,200,,Knock_out_Thread Group 1-115,text,true,,3218,338,96,96,https://pabsa.impressicocrm.com/api/tournament/119922/players,530,0,0
1680593950733,2837,Get tournamnent list ,200,,Knock_out_Thread Group 1-94,text,true,,58888,389,96,96,https://pabsa.impressicocrm.com/api/tournament?limit=12&pageNumber=1&sportType=&tournamentName=&tournamentStyle=,1144,0,0
1680593952748,831,Get Home page country ,200,,Knock_out_Thread Group 1-130,text,true,,17270,320,96,96,https://pabsa.impressicocrm.com/api/country,831,0,0
1680593952651,928,Get playerA_Vs_playerB,200,,Knock_out_Thread Group 1-34,text,true,,1239,341,96,96,https://pabsa.impressicocrm.com/api/tournament/matchScore/147598,928,0,0
1680593953442,149,Get playerA_Vs_playerB,200,,Knock_out_Thread Group 1-73,text,true,,1239,341,95,95,https://pabsa.impressicocrm.com/api/tournament/matchScore/147598,149,0,0
1680593952828,777,Get tournament result,200,,Knock_out_Thread Group 1-87,text,true,,5435,338,94,94,https://pabsa.impressicocrm.com/api/tournament/119922/matches,777,0,0
1680593952291,1316,Get tournament result,200,,Knock_out_Thread Group 1-63,text,true,,5435,338,94,94,https://pabsa.impressicocrm.com/api/tournament/119922/matches,1316,0,0
1680593953270,339,Get single knockout Player details,200,,Knock_out_Thread Group 1-67,text,true,,1210,326,94,94,https://pabsa.impressicocrm.com/api/player/110368,339,0,0
1680593951942,1678,Get tournament result,200,,Knock_out_Thread Group 1-16,text,true,,5441,338,94,94,https://pabsa.impressicocrm.com/api/tournament/119922/matches,1678,0,0
1680593953028,593,Get Players list ,200,,Knock_out_Thread Group 1-82,text,true,,3218,338,94,94,https://pabsa.impressicocrm.com/api/tournament/119922/players,593,0,0
1680593953013,612,Get Break list ,200,,Knock_out_Thread Group 1-98,text,true,,3218,338,94,94,https://pabsa.impressicocrm.com/api/tournament/119922/players,612,0,0
1680593953215,423,Get playerA_Vs_playerB,200,,Knock_out_Thread Group 1-57,text,true,,1239,341,94,94,https://pabsa.impressicocrm.com/api/tournament/matchScore/147598,423,0,0
1680593952286,1352,Get tournament result,200,,Knock_out_Thread Group 1-49,text,true,,5441,338,94,94,https://pabsa.impressicocrm.com/api/tournament/119922/matches,1352,0,0
1680593953077,564,Get Break list ,200,,Knock_out_Thread Group 1-81,text,true,,3218,338,93,93,https://pabsa.impressicocrm.com/api/tournament/119922/players,564,0,0
1680593953139,510,Get playerA_Vs_playerB,200,,Knock_out_Thread Group 1-39,text,true,,1239,341,93,93,https://pabsa.impressicocrm.com/api/tournament/matchScore/147598,510,0,0
1680593953333,319,Get single knockout Player details,200,,Knock_out_Thread Group 1-56,text,true,,1210,326,93,93,https://pabsa.impressicocrm.com/api/player/110368,319,0,0
1680593953390,262,Get knockout players list ,200,,Knock_out_Thread Group 1-35,text,true,,4598,340,93,93,https://pabsa.impressicocrm.com/api/tournament/118871/knockouts,262,0,0
1680593952789,877,Get Home page country ,200,,Knock_out_Thread Group 1-131,text,true,,17270,320,93,93,https://pabsa.impressicocrm.com/api/country,877,0,0
1680593952461,1214,Get playerA_Vs_playerB,200,,Knock_out_Thread Group 1-72,text,true,,1239,341,93,93,https://pabsa.impressicocrm.com/api/tournament/matchScore/147598,1214,0,0
1680593950639,3042,Get tournamnent list ,200,,Knock_out_Thread Group 1-84,text,true,,58880,389,92,92,https://pabsa.impressicocrm.com/api/tournament?limit=12&pageNumber=1&sportType=&tournamentName=&tournamentStyle=,1247,0,0
1680593952696,1000,Get Break list ,200,,Knock_out_Thread Group 1-92,text,true,,3218,338,92,92,https://pabsa.impressicocrm.com/api/tournament/119922/players,1000,0,0
1680593952580,1121,Get Break list ,200,,Knock_out_Thread Group 1-88,text,true,,3218,338,92,92,https://pabsa.impressicocrm.com/api/tournament/119922/players,1121,0,0
1680593951853,1852,Home page ,200,OK,Knock_out_Thread Group 1-129,text,true,,3033,309,92,92,https://pabsa.impressicocrm.com/,1852,0,1717
1680593953240,480,Get Break list ,200,,Knock_out_Thread Group 1-95,text,true,,3218,338,92,92,https://pabsa.impressicocrm.com/api/tournament/119922/players,480,0,0
1680593952452,1269,Home page ,200,OK,Knock_out_Thread Group 1-135,text,true,,3033,309,92,92,https://pabsa.impressicocrm.com/,1268,0,904
1680593953477,308,Get single knockout Player details,200,,Knock_out_Thread Group 1-71,text,true,,1210,326,93,93,https://pabsa.impressicocrm.com/api/player/110368,308,0,0
1680593952553,1241,Home page ,200,OK,Knock_out_Thread Group 1-136,text,true,,3033,309,93,93,https://pabsa.impressicocrm.com/,1241,0,547
1680593952131,1664,Get Home page country ,200,,Knock_out_Thread Group 1-128,text,true,,17270,320,93,93,https://pabsa.impressicocrm.com/api/country,1654,0,0
1680593950660,3159,Get tournamnent list ,200,,Knock_out_Thread Group 1-93,text,true,,58888,389,93,93,https://pabsa.impressicocrm.com/api/tournament?limit=12&pageNumber=1&sportType=&tournamentName=&tournamentStyle=,913,0,0
1680593953059,786,Get tournament result,200,,Knock_out_Thread Group 1-61,text,true,,5441,338,93,93,https://pabsa.impressicocrm.com/api/tournament/119922/matches,786,0,0
1680593953442,407,Get Break list ,200,,Knock_out_Thread Group 1-64,text,true,,3218,338,93,93,https://pabsa.impressicocrm.com/api/tournament/119922/players,407,0,0
1680593953525,324,Get playerA_Vs_playerB,200,,Knock_out_Thread Group 1-70,text,true,,1239,341,93,93,https://pabsa.impressicocrm.com/api/tournament/matchScore/147598,324,0,0
1680593952992,864,Get knockout players list ,200,,Knock_out_Thread Group 1-66,text,true,,4598,340,93,93,https://pabsa.impressicocrm.com/api/tournament/118871/knockouts,864,0,0
1680593952828,1035,Get Players schedule,200,,Knock_out_Thread Group 1-90,text,true,,5441,338,93,93,https://pabsa.impressicocrm.com/api/tournament/119922/matches,1035,0,0
1680593952565,1327,Get Home page country ,200,,Knock_out_Thread Group 1-126,text,true,,17270,320,93,93,https://pabsa.impressicocrm.com/api/country,1325,0,0
1680593953567,331,Get Break list ,200,,Knock_out_Thread Group 1-115,text,true,,3218,338,93,93,https://pabsa.impressicocrm.com/api/tournament/119922/players,331,0,0
1680593953607,315,Get playerA_Vs_playerB,200,,Knock_out_Thread Group 1-63,text,true,,1239,341,93,93,https://pabsa.impressicocrm.com/api/tournament/matchScore/147598,315,0,0
1680593952854,1069,Home page ,200,OK,Knock_out_Thread Group 1-139,text,true,,3033,309,93,93,https://pabsa.impressicocrm.com/,1068,0,942
1680593953651,297,Home page ,200,OK,Knock_out_Thread Group 1-147,text,true,,3033,309,92,92,https://pabsa.impressicocrm.com/,297,0,223
1680593952654,1297,Home page ,200,OK,Knock_out_Thread Group 1-137,text,true,,3033,309,92,92,https://pabsa.impressicocrm.com/,1297,0,255
1680593953350,603,Get tournament result,200,,Knock_out_Thread Group 1-79,text,true,,5441,338,92,92,https://pabsa.impressicocrm.com/api/tournament/119922/matches,603,0,0
1680593953605,368,Get playerA_Vs_playerB,200,,Knock_out_Thread Group 1-87,text,true,,1239,341,93,93,https://pabsa.impressicocrm.com/api/tournament/matchScore/147598,368,0,0
1680593953621,357,Get playerA_Vs_playerB,200,,Knock_out_Thread Group 1-16,text,true,,1239,341,92,92,https://pabsa.impressicocrm.com/api/tournament/matchScore/147598,357,0,0
1680593953177,801,Get tournament result,200,,Knock_out_Thread Group 1-77,text,true,,5441,338,92,92,https://pabsa.impressicocrm.com/api/tournament/119922/matches,801,0,0
1680593951661,2321,Get tournament result,200,,Knock_out_Thread Group 1-54,text,true,,5441,338,91,91,https://pabsa.impressicocrm.com/api/tournament/119922/matches,2321,0,0
1680593953653,358,Get single knockout Player details,200,,Knock_out_Thread Group 1-35,text,true,,1210,326,91,91,https://pabsa.impressicocrm.com/api/player/110368,358,0,0
1680593953154,908,Get Home page country ,200,,Knock_out_Thread Group 1-138,text,true,,17270,320,92,92,https://pabsa.impressicocrm.com/api/country,819,0,0
1680593953622,440,Get Break list ,200,,Knock_out_Thread Group 1-82,text,true,,3218,338,92,92,https://pabsa.impressicocrm.com/api/tournament/119922/players,440,0,0
1680593953442,620,Get Players schedule,200,,Knock_out_Thread Group 1-96,text,true,,5441,338,92,92,https://pabsa.impressicocrm.com/api/tournament/119922/matches,620,0,0
1680593953286,781,Get Home page country ,200,,Knock_out_Thread Group 1-121,text,true,,17270,320,92,92,https://pabsa.impressicocrm.com/api/country,740,0,0
1680593952995,1088,Get Home page country ,200,,Knock_out_Thread Group 1-134,text,true,,17270,320,92,92,https://pabsa.impressicocrm.com/api/country,1088,0,0
1680593953355,733,Home page ,200,OK,Knock_out_Thread Group 1-144,text,true,,3033,309,92,92,https://pabsa.impressicocrm.com/,733,0,548
1680593953181,912,Get tournament result,200,,Knock_out_Thread Group 1-86,text,true,,5441,338,92,92,https://pabsa.impressicocrm.com/api/tournament/119922/matches,912,0,0
1680593953753,355,Home page ,200,OK,Knock_out_Thread Group 1-148,text,true,,3033,309,92,92,https://pabsa.impressicocrm.com/,355,0,269
1680593953567,590,Get tournament result,200,,Knock_out_Thread Group 1-85,text,true,,5441,338,93,93,https://pabsa.impressicocrm.com/api/tournament/119922/matches,590,0,0
1680593953458,701,Get tournament result,200,,Knock_out_Thread Group 1-68,text,true,,5441,338,93,93,https://pabsa.impressicocrm.com/api/tournament/119922/matches,701,0,0
1680593953451,710,Get tournament result,200,,Knock_out_Thread Group 1-47,text,true,,5441,338,93,93,https://pabsa.impressicocrm.com/api/tournament/119922/matches,710,0,0
1680593952896,1277,Get tournament result,200,,Knock_out_Thread Group 1-65,text,true,,5441,338,93,93,https://pabsa.impressicocrm.com/api/tournament/119922/matches,1276,0,0
1680593953053,1140,Home page ,200,OK,Knock_out_Thread Group 1-141,text,true,,3033,309,93,93,https://pabsa.impressicocrm.com/,1139,0,975
1680593952040,2157,Get Players schedule,200,,Knock_out_Thread Group 1-78,text,true,,5441,338,93,93,https://pabsa.impressicocrm.com/api/tournament/119922/matches,2157,0,0
1680593953253,954,Get Players schedule,200,,Knock_out_Thread Group 1-74,text,true,,5441,338,93,93,https://pabsa.impressicocrm.com/api/tournament/119922/matches,954,0,0
1680593953455,764,Home page ,200,OK,Knock_out_Thread Group 1-145,text,true,,3033,309,93,93,https://pabsa.impressicocrm.com/,764,0,408
1680593953857,365,Get single knockout Player details,200,,Knock_out_Thread Group 1-66,text,true,,1210,326,93,93,https://pabsa.impressicocrm.com/api/player/110368,364,0,0
1680593952879,1361,Get Players schedule,200,,Knock_out_Thread Group 1-55,text,true,,5441,338,93,93,https://pabsa.impressicocrm.com/api/tournament/119922/matches,1361,0,0
1680593953499,774,Get Players schedule,200,,Knock_out_Thread Group 1-97,text,true,,5435,338,94,94,https://pabsa.impressicocrm.com/api/tournament/119922/matches,774,0,0
1680593953289,984,Get Home page currency,200,,Knock_out_Thread Group 1-62,text,true,,9160,321,94,94,https://pabsa.impressicocrm.com/api/currency,984,0,0
1680593953846,427,Get playerA_Vs_playerB,200,,Knock_out_Thread Group 1-61,text,true,,1239,341,94,94,https://pabsa.impressicocrm.com/api/tournament/matchScore/147598,427,0,0
1680593953609,668,Get tournament result,200,,Knock_out_Thread Group 1-67,text,true,,5435,338,93,93,https://pabsa.impressicocrm.com/api/tournament/119922/matches,668,0,0
1680593953639,670,Get playerA_Vs_playerB,200,,Knock_out_Thread Group 1-49,text,true,,1239,341,93,93,https://pabsa.impressicocrm.com/api/tournament/matchScore/147598,670,0,0
1680593953863,450,Get knockout players list ,200,,Knock_out_Thread Group 1-90,text,true,,4591,340,92,92,https://pabsa.impressicocrm.com/api/tournament/118871/knockouts,450,0,0
1680593951536,2777,Get tournamnent list ,200,,Knock_out_Thread Group 1-110,text,true,,58880,389,92,92,https://pabsa.impressicocrm.com/api/tournament?limit=12&pageNumber=1&sportType=&tournamentName=&tournamentStyle=,1711,0,0
1680593953820,502,Get Home page currency,200,,Knock_out_Thread Group 1-93,text,true,,9160,321,92,92,https://pabsa.impressicocrm.com/api/currency,502,0,0
1680593952954,1388,Home page ,200,OK,Knock_out_Thread Group 1-140,text,true,,3033,309,92,92,https://pabsa.impressicocrm.com/,1388,0,391
1680593953979,387,Get playerA_Vs_playerB,200,,Knock_out_Thread Group 1-77,text,true,,1239,341,93,93,https://pabsa.impressicocrm.com/api/tournament/matchScore/147598,387,0,0
1680593953795,571,Get tournament result,200,,Knock_out_Thread Group 1-71,text,true,,5435,338,93,93,https://pabsa.impressicocrm.com/api/tournament/119922/matches,571,0,0
1680593950220,4147,Get tournamnent list ,200,,Knock_out_Thread Group 1-89,text,true,,58880,389,93,93,https://pabsa.impressicocrm.com/api/tournament?limit=12&pageNumber=1&sportType=&tournamentName=&tournamentStyle=,1320,0,0
1680593953953,447,Get playerA_Vs_playerB,200,,Knock_out_Thread Group 1-79,text,true,,1239,341,92,92,https://pabsa.impressicocrm.com/api/tournament/matchScore/147598,447,0,0
1680593953983,426,Get playerA_Vs_playerB,200,,Knock_out_Thread Group 1-54,text,true,,1239,341,91,91,https://pabsa.impressicocrm.com/api/tournament/matchScore/147598,426,0,0
1680593954055,361,Home page ,200,OK,Knock_out_Thread Group 1-151,text,true,,3033,309,90,90,https://pabsa.impressicocrm.com/,361,0,271
1680593953069,1363,Get Players schedule,200,,Knock_out_Thread Group 1-100,text,true,,5435,338,90,90,https://pabsa.impressicocrm.com/api/tournament/119922/matches,1363,0,0
1680593953850,592,Get Players schedule,200,,Knock_out_Thread Group 1-64,text,true,,5441,338,90,90,https://pabsa.impressicocrm.com/api/tournament/119922/matches,592,0,0
1680593954063,379,Get knockout players list ,200,,Knock_out_Thread Group 1-96,text,true,,4598,340,90,90,https://pabsa.impressicocrm.com/api/tournament/118871/knockouts,378,0,0
1680593954093,386,Get playerA_Vs_playerB,200,,Knock_out_Thread Group 1-86,text,true,,1239,341,91,91,https://pabsa.impressicocrm.com/api/tournament/matchScore/147598,386,0,0
1680593953721,763,Get Players schedule,200,,Knock_out_Thread Group 1-95,text,true,,5441,338,90,90,https://pabsa.impressicocrm.com/api/tournament/119922/matches,763,0,0
1680593953641,857,Get Players schedule,200,,Knock_out_Thread Group 1-81,text,true,,5435,338,90,90,https://pabsa.impressicocrm.com/api/tournament/119922/matches,857,0,0
1680593954157,365,Get playerA_Vs_playerB,200,,Knock_out_Thread Group 1-85,text,true,,1239,341,90,90,https://pabsa.impressicocrm.com/api/tournament/matchScore/147598,365,0,0
1680593954089,453,Get Home page country ,200,,Knock_out_Thread Group 1-144,text,true,,17270,320,89,89,https://pabsa.impressicocrm.com/api/country,453,0,0
1680593954108,437,Get Home page country ,200,,Knock_out_Thread Group 1-148,text,true,,17270,320,89,89,https://pabsa.impressicocrm.com/api/country,435,0,0
1680593954159,388,Get playerA_Vs_playerB,200,,Knock_out_Thread Group 1-68,text,true,,1239,341,89,89,https://pabsa.impressicocrm.com/api/tournament/matchScore/147598,388,0,0
1680593952153,2408,Home page ,200,OK,Knock_out_Thread Group 1-132,text,true,,3033,309,89,89,https://pabsa.impressicocrm.com/,2408,0,1675
1680593953552,1015,Home page ,200,OK,Knock_out_Thread Group 1-146,text,true,,3033,309,89,89,https://pabsa.impressicocrm.com/,1014,0,382
1680593953795,788,Get Home page country ,200,,Knock_out_Thread Group 1-136,text,true,,17270,320,89,89,https://pabsa.impressicocrm.com/api/country,724,0,0
1680593954173,422,Get playerA_Vs_playerB,200,,Knock_out_Thread Group 1-65,text,true,,1239,341,89,89,https://pabsa.impressicocrm.com/api/tournament/matchScore/147598,422,0,0
1680593954314,283,Get single knockout Player details,200,,Knock_out_Thread Group 1-90,text,true,,1210,326,88,88,https://pabsa.impressicocrm.com/api/player/110368,283,0,0
1680593954241,378,Get knockout players list ,200,,Knock_out_Thread Group 1-55,text,true,,4598,340,88,88,https://pabsa.impressicocrm.com/api/tournament/118871/knockouts,378,0,0
1680593953625,996,Get Players schedule,200,,Knock_out_Thread Group 1-98,text,true,,5441,338,88,88,https://pabsa.impressicocrm.com/api/tournament/119922/matches,995,0,0
1680593953898,735,Get Players schedule,200,,Knock_out_Thread Group 1-115,text,true,,5441,338,88,88,https://pabsa.impressicocrm.com/api/tournament/119922/matches,735,0,0
1680593954012,621,Get tournament result,200,,Knock_out_Thread Group 1-35,text,true,,5441,338,88,88,https://pabsa.impressicocrm.com/api/tournament/119922/matches,621,0,0
1680593954442,198,Get single knockout Player details,200,,Knock_out_Thread Group 1-96,text,true,,1210,326,88,88,https://pabsa.impressicocrm.com/api/player/110368,198,0,0
1680593954273,370,Get knockout players list ,200,,Knock_out_Thread Group 1-97,text,true,,4591,340,88,88,https://pabsa.impressicocrm.com/api/tournament/118871/knockouts,370,0,0
1680593953350,1302,Get Home page currency,200,,Knock_out_Thread Group 1-91,text,true,,9160,321,88,88,https://pabsa.impressicocrm.com/api/currency,1302,0,0
1680593954207,445,Get knockout players list ,200,,Knock_out_Thread Group 1-74,text,true,,4598,340,88,88,https://pabsa.impressicocrm.com/api/tournament/118871/knockouts,445,0,0
1680593954278,392,Get playerA_Vs_playerB,200,,Knock_out_Thread Group 1-67,text,true,,1239,341,89,89,https://pabsa.impressicocrm.com/api/tournament/matchScore/147598,392,0,0
1680593953954,716,Home page ,200,OK,Knock_out_Thread Group 1-150,text,true,,3033,309,89,89,https://pabsa.impressicocrm.com/,716,0,630
1680593954366,316,Get playerA_Vs_playerB,200,,Knock_out_Thread Group 1-71,text,true,,1239,341,88,88,https://pabsa.impressicocrm.com/api/tournament/matchScore/147598,316,0,0
1680593954432,250,Get knockout players list ,200,,Knock_out_Thread Group 1-100,text,true,,4598,340,88,88,https://pabsa.impressicocrm.com/api/tournament/118871/knockouts,250,0,0
1680593954619,70,Get single knockout Player details,200,,Knock_out_Thread Group 1-55,text,true,,1210,326,87,87,https://pabsa.impressicocrm.com/api/player/110368,70,0,0
1680593951962,2727,Get tournamnent list ,200,,Knock_out_Thread Group 1-105,text,true,,58880,389,87,87,https://pabsa.impressicocrm.com/api/tournament?limit=12&pageNumber=1&sportType=&tournamentName=&tournamentStyle=,1771,0,0
1680593954254,439,Home page ,200,OK,Knock_out_Thread Group 1-153,text,true,,3033,309,87,87,https://pabsa.impressicocrm.com/,439,0,223
1680593953854,844,Home page ,200,OK,Knock_out_Thread Group 1-149,text,true,,3033,309,87,87,https://pabsa.impressicocrm.com/,844,0,492
1680593954368,338,Get Home page currency,200,,Knock_out_Thread Group 1-89,text,true,,9160,321,87,87,https://pabsa.impressicocrm.com/api/currency,338,0,0
1680593952096,2627,Get tournamnent list ,200,,Knock_out_Thread Group 1-112,text,true,,58888,389,87,87,https://pabsa.impressicocrm.com/api/tournament?limit=12&pageNumber=1&sportType=&tournamentName=&tournamentStyle=,1537,0,0
1680593954652,76,Get single knockout Player details,200,,Knock_out_Thread Group 1-74,text,true,,1210,326,87,87,https://pabsa.impressicocrm.com/api/player/110368,76,0,0
1680593953681,1049,Get Home page currency,200,,Knock_out_Thread Group 1-84,text,true,,9160,321,87,87,https://pabsa.impressicocrm.com/api/currency,1049,0,0
1680593954455,291,Home page ,200,OK,Knock_out_Thread Group 1-155,text,true,,3033,309,87,87,https://pabsa.impressicocrm.com/,291,0,219
1680593954682,69,Get single knockout Player details,200,,Knock_out_Thread Group 1-100,text,true,,1210,326,87,87,https://pabsa.impressicocrm.com/api/player/110368,69,0,0
1680593954273,483,Get Players list ,200,,Knock_out_Thread Group 1-62,text,true,,3218,338,88,88,https://pabsa.impressicocrm.com/api/tournament/119922/players,483,0,0
1680593954314,447,Get Home page currency,200,,Knock_out_Thread Group 1-110,text,true,,9160,321,88,88,https://pabsa.impressicocrm.com/api/currency,447,0,0
1680593953721,1048,Get Home page country ,200,,Knock_out_Thread Group 1-135,text,true,,17270,320,88,88,https://pabsa.impressicocrm.com/api/country,1047,0,0
1680593953701,1083,Get Players schedule,200,,Knock_out_Thread Group 1-88,text,true,,5441,338,88,88,https://pabsa.impressicocrm.com/api/tournament/119922/matches,1083,0,0
1680593954161,628,Get playerA_Vs_playerB,200,,Knock_out_Thread Group 1-47,text,true,,1239,341,88,88,https://pabsa.impressicocrm.com/api/tournament/matchScore/147598,628,0,0
1680593953652,1140,Get tournament result,200,,Knock_out_Thread Group 1-56,text,true,,5441,338,87,87,https://pabsa.impressicocrm.com/api/tournament/119922/matches,1140,0,0
1680593954633,180,Get playerA_Vs_playerB,200,,Knock_out_Thread Group 1-35,text,true,,1239,341,87,87,https://pabsa.impressicocrm.com/api/tournament/matchScore/147598,180,0,0
1680593954063,782,Get Players schedule,200,,Knock_out_Thread Group 1-82,text,true,,5441,338,86,86,https://pabsa.impressicocrm.com/api/tournament/119922/matches,782,0,0
1680593952466,2386,Get tournamnent list ,200,,Knock_out_Thread Group 1-122,text,true,,58880,389,87,87,https://pabsa.impressicocrm.com/api/tournament?limit=12&pageNumber=1&sportType=&tournamentName=&tournamentStyle=,1175,0,0
1680593954552,303,Home page ,200,OK,Knock_out_Thread Group 1-156,text,true,,3033,309,87,87,https://pabsa.impressicocrm.com/,303,0,232
1680593954671,186,Get Home page country ,200,,Knock_out_Thread Group 1-150,text,true,,17270,320,87,87,https://pabsa.impressicocrm.com/api/country,186,0,0
1680593953924,954,Get Home page country ,200,,Knock_out_Thread Group 1-139,text,true,,17270,320,87,87,https://pabsa.impressicocrm.com/api/country,889,0,0
1680593954598,287,Get tournament result,200,,Knock_out_Thread Group 1-90,text,true,,5441,338,87,87,https://pabsa.impressicocrm.com/api/tournament/119922/matches,287,0,0
1680593954784,118,Get knockout players list ,200,,Knock_out_Thread Group 1-88,text,true,,4598,340,87,87,https://pabsa.impressicocrm.com/api/tournament/118871/knockouts,118,0,0
1680593954498,413,Get knockout players list ,200,,Knock_out_Thread Group 1-81,text,true,,4598,340,87,87,https://pabsa.impressicocrm.com/api/tournament/118871/knockouts,413,0,0
1680593954641,273,Get tournament result,200,,Knock_out_Thread Group 1-96,text,true,,5441,338,87,87,https://pabsa.impressicocrm.com/api/tournament/119922/matches,273,0,0
1680593954442,490,Get knockout players list ,200,,Knock_out_Thread Group 1-64,text,true,,4598,340,87,87,https://pabsa.impressicocrm.com/api/tournament/118871/knockouts,490,0,0
1680593954730,204,Get Players list ,200,,Knock_out_Thread Group 1-84,text,true,,3218,338,87,87,https://pabsa.impressicocrm.com/api/tournament/119922/players,204,0,0
1680593953696,1247,Get Players schedule,200,,Knock_out_Thread Group 1-92,text,true,,5435,338,87,87,https://pabsa.impressicocrm.com/api/tournament/119922/matches,1247,0,0
1680593954689,256,Get Home page currency,200,,Knock_out_Thread Group 1-105,text,true,,9153,321,87,87,https://pabsa.impressicocrm.com/api/currency,256,0,0
1680593954562,385,Get Home page country ,200,,Knock_out_Thread Group 1-132,text,true,,17270,320,87,87,https://pabsa.impressicocrm.com/api/country,310,0,0
1680593954723,224,Get Home page currency,200,,Knock_out_Thread Group 1-112,text,true,,9160,321,87,87,https://pabsa.impressicocrm.com/api/currency,224,0,0
1680593954793,159,Get playerA_Vs_playerB,200,,Knock_out_Thread Group 1-56,text,true,,1239,341,88,88,https://pabsa.impressicocrm.com/api/tournament/matchScore/147598,159,0,0
1680593954912,70,Get single knockout Player details,200,,Knock_out_Thread Group 1-81,text,true,,1210,326,87,87,https://pabsa.impressicocrm.com/api/player/110368,70,0,0
1680593954902,80,Get single knockout Player details,200,,Knock_out_Thread Group 1-88,text,true,,1210,326,87,87,https://pabsa.impressicocrm.com/api/player/110368,80,0,0
1680593954756,231,Get Break list ,200,,Knock_out_Thread Group 1-62,text,true,,3218,338,87,87,https://pabsa.impressicocrm.com/api/tournament/119922/players,231,0,0
1680593954222,765,Get tournament result,200,,Knock_out_Thread Group 1-66,text,true,,5441,338,87,87,https://pabsa.impressicocrm.com/api/tournament/119922/matches,765,0,0
1680593954886,115,Get playerA_Vs_playerB,200,,Knock_out_Thread Group 1-90,text,true,,1239,341,87,87,https://pabsa.impressicocrm.com/api/tournament/matchScore/147598,115,0,0
1680593954343,658,Get Home page country ,200,,Knock_out_Thread Group 1-140,text,true,,17255,320,87,87,https://pabsa.impressicocrm.com/api/country,658,0,0
1680593954621,380,Get knockout players list ,200,,Knock_out_Thread Group 1-98,text,true,,4591,340,87,87,https://pabsa.impressicocrm.com/api/tournament/118871/knockouts,380,0,0
1680593954747,254,Get Home page country ,200,,Knock_out_Thread Group 1-155,text,true,,17270,320,87,87,https://pabsa.impressicocrm.com/api/country,254,0,0
1680593954761,247,Get Players list ,200,,Knock_out_Thread Group 1-110,text,true,,3218,338,86,86,https://pabsa.impressicocrm.com/api/tournament/119922/players,247,0,0
1680593954643,371,Get single knockout Player details,200,,Knock_out_Thread Group 1-97,text,true,,1210,326,86,86,https://pabsa.impressicocrm.com/api/player/110368,371,0,0
1680593954693,340,Get Home page country ,200,,Knock_out_Thread Group 1-153,text,true,,17270,320,86,86,https://pabsa.impressicocrm.com/api/country,340,0,0
1680593954914,121,Get playerA_Vs_playerB,200,,Knock_out_Thread Group 1-96,text,true,,1239,341,86,86,https://pabsa.impressicocrm.com/api/tournament/matchScore/147598,121,0,0
1680593953254,1806,Home page ,200,OK,Knock_out_Thread Group 1-143,text,true,,3033,309,86,86,https://pabsa.impressicocrm.com/,1806,0,1678
1680593954935,151,Get Break list ,200,,Knock_out_Thread Group 1-84,text,true,,3218,338,86,86,https://pabsa.impressicocrm.com/api/tournament/119922/players,151,0,0
1680593954751,346,Get tournament result,200,,Knock_out_Thread Group 1-100,text,true,,5441,338,86,86,https://pabsa.impressicocrm.com/api/tournament/119922/matches,346,0,0
1680593954729,372,Get tournament result,200,,Knock_out_Thread Group 1-74,text,true,,5441,338,86,86,https://pabsa.impressicocrm.com/api/tournament/119922/matches,372,0,0
1680593954943,161,Get knockout players list ,200,,Knock_out_Thread Group 1-92,text,true,,4598,340,86,86,https://pabsa.impressicocrm.com/api/tournament/118871/knockouts,161,0,0
1680593954633,476,Get knockout players list ,200,,Knock_out_Thread Group 1-115,text,true,,4598,340,86,86,https://pabsa.impressicocrm.com/api/tournament/118871/knockouts,476,0,0
1680593954706,405,Get Players list ,200,,Knock_out_Thread Group 1-89,text,true,,3218,338,86,86,https://pabsa.impressicocrm.com/api/tournament/119922/players,405,0,0
1680593953952,1164,Get Home page country ,200,,Knock_out_Thread Group 1-137,text,true,,17255,320,86,86,https://pabsa.impressicocrm.com/api/country,1162,0,0
1680593954194,922,Get Home page country ,200,,Knock_out_Thread Group 1-141,text,true,,17270,320,86,86,https://pabsa.impressicocrm.com/api/country,920,0,0
1680593954323,819,Get Players list ,200,,Knock_out_Thread Group 1-93,text,true,,3218,338,86,86,https://pabsa.impressicocrm.com/api/tournament/119922/players,819,0,0
1680593954220,955,Get Home page country ,200,,Knock_out_Thread Group 1-145,text,true,,17270,320,87,87,https://pabsa.impressicocrm.com/api/country,593,0,0
1680593953373,1823,Get tournamnent list ,200,,Knock_out_Thread Group 1-133,text,true,,58880,389,87,87,https://pabsa.impressicocrm.com/api/tournament?limit=12&pageNumber=1&sportType=&tournamentName=&tournamentStyle=,756,0,0
1680593954853,372,Get Home page currency,200,,Knock_out_Thread Group 1-122,text,true,,9153,321,87,87,https://pabsa.impressicocrm.com/api/currency,372,0,0
1680593954197,1036,Get knockout players list ,200,,Knock_out_Thread Group 1-78,text,true,,4591,340,87,87,https://pabsa.impressicocrm.com/api/tournament/118871/knockouts,1036,0,0
1680593955097,138,Get playerA_Vs_playerB,200,,Knock_out_Thread Group 1-100,text,true,,1239,341,87,87,https://pabsa.impressicocrm.com/api/tournament/matchScore/147598,138,0,0
1680593953570,1667,Get Home page currency,200,,Knock_out_Thread Group 1-94,text,true,,9160,321,86,86,https://pabsa.impressicocrm.com/api/currency,1667,0,0
1680593954652,589,Get Players list ,200,,Knock_out_Thread Group 1-91,text,true,,3218,338,86,86,https://pabsa.impressicocrm.com/api/tournament/119922/players,589,0,0
1680593951139,4110,Get tournamnent list ,200,,Knock_out_Thread Group 1-102,text,true,,58880,389,86,86,https://pabsa.impressicocrm.com/api/tournament?limit=12&pageNumber=1&sportType=&tournamentName=&tournamentStyle=,1367,0,0
1680593950969,4280,Get tournamnent list ,200,,Knock_out_Thread Group 1-75,text,true,,58888,389,86,86,https://pabsa.impressicocrm.com/api/tournament?limit=12&pageNumber=1&sportType=&tournamentName=&tournamentStyle=,1001,0,0
1680593954855,396,Get Home page country ,200,,Knock_out_Thread Group 1-156,text,true,,17270,320,86,86,https://pabsa.impressicocrm.com/api/country,396,0,0
1680593951406,3848,Get tournamnent list ,200,,Knock_out_Thread Group 1-111,text,true,,58880,389,87,87,https://pabsa.impressicocrm.com/api/tournament?limit=12&pageNumber=1&sportType=&tournamentName=&tournamentStyle=,2290,0,0
1680593950946,4314,Get tournamnent list ,200,,Knock_out_Thread Group 1-106,text,true,,58880,389,87,87,https://pabsa.impressicocrm.com/api/tournament?limit=12&pageNumber=1&sportType=&tournamentName=&tournamentStyle=,1015,0,0
1680593955104,181,Get single knockout Player details,200,,Knock_out_Thread Group 1-92,text,true,,1210,326,87,87,https://pabsa.impressicocrm.com/api/player/110368,181,0,0
1680593955109,180,Get single knockout Player details,200,,Knock_out_Thread Group 1-115,text,true,,1210,326,87,87,https://pabsa.impressicocrm.com/api/player/110368,180,0,0
1680593954932,365,Get single knockout Player details,200,,Knock_out_Thread Group 1-64,text,true,,1210,326,87,87,https://pabsa.impressicocrm.com/api/player/110368,365,0,0
1680593954653,649,Home page ,200,OK,Knock_out_Thread Group 1-157,text,true,,3033,309,87,87,https://pabsa.impressicocrm.com/,649,0,222
1680593954689,631,Get tournament result,200,,Knock_out_Thread Group 1-55,text,true,,5441,338,87,87,https://pabsa.impressicocrm.com/api/tournament/119922/matches,631,0,0
1680593954417,905,Get Home page country ,200,,Knock_out_Thread Group 1-151,text,true,,17270,320,87,87,https://pabsa.impressicocrm.com/api/country,903,0,0
1680593953153,2174,Home page ,200,OK,Knock_out_Thread Group 1-142,text,true,,3033,309,87,87,https://pabsa.impressicocrm.com/,2173,0,1689
1680593954567,773,Get Home page country ,200,,Knock_out_Thread Group 1-146,text,true,,17270,320,87,87,https://pabsa.impressicocrm.com/api/country,772,0,0
1680593955101,241,Get playerA_Vs_playerB,200,,Knock_out_Thread Group 1-74,text,true,,1239,341,87,87,https://pabsa.impressicocrm.com/api/tournament/matchScore/147598,241,0,0
1680593954153,1205,Home page ,200,OK,Knock_out_Thread Group 1-152,text,true,,3033,309,87,87,https://pabsa.impressicocrm.com/,1204,0,1064
1680593951387,3976,Get Home page country ,200,,Knock_out_Thread Group 1-107,text,true,,17270,320,87,87,https://pabsa.impressicocrm.com/api/country,3976,0,0
1680593951671,3695,Get tournamnent list ,200,,Knock_out_Thread Group 1-103,text,true,,58880,389,87,87,https://pabsa.impressicocrm.com/api/tournament?limit=12&pageNumber=1&sportType=&tournamentName=&tournamentStyle=,1382,0,0
1680593954987,388,Get Players schedule,200,,Knock_out_Thread Group 1-62,text,true,,5435,338,87,87,https://pabsa.impressicocrm.com/api/tournament/119922/matches,388,0,0
1680593953579,1800,Get tournamnent list ,200,,Knock_out_Thread Group 1-130,text,true,,58880,389,87,87,https://pabsa.impressicocrm.com/api/tournament?limit=12&pageNumber=1&sportType=&tournamentName=&tournamentStyle=,760,0,0
1680593954067,1317,Get tournamnent list ,200,,Knock_out_Thread Group 1-121,text,true,,58880,389,87,87,https://pabsa.impressicocrm.com/api/tournament?limit=12&pageNumber=1&sportType=&tournamentName=&tournamentStyle=,785,0,0
1680593954982,410,Get tournament result,200,,Knock_out_Thread Group 1-81,text,true,,5441,338,87,87,https://pabsa.impressicocrm.com/api/tournament/119922/matches,410,0,0
1680593950860,4542,Get tournamnent list ,200,,Knock_out_Thread Group 1-99,text,true,,58888,389,87,87,https://pabsa.impressicocrm.com/api/tournament?limit=12&pageNumber=1&sportType=&tournamentName=&tournamentStyle=,2411,0,0
1680593954982,427,Get tournament result,200,,Knock_out_Thread Group 1-88,text,true,,5441,338,87,87,https://pabsa.impressicocrm.com/api/tournament/119922/matches,427,0,0
1680593955060,360,Get Home page country ,200,,Knock_out_Thread Group 1-143,text,true,,17270,320,87,87,https://pabsa.impressicocrm.com/api/country,345,0,0
1680593954987,433,Get playerA_Vs_playerB,200,,Knock_out_Thread Group 1-66,text,true,,1239,341,87,87,https://pabsa.impressicocrm.com/api/tournament/matchScore/147598,433,0,0
1680593955143,280,Get Break list ,200,,Knock_out_Thread Group 1-93,text,true,,3218,338,86,86,https://pabsa.impressicocrm.com/api/tournament/119922/players,280,0,0
1680593955225,212,Get Players list ,200,,Knock_out_Thread Group 1-122,text,true,,3218,338,86,86,https://pabsa.impressicocrm.com/api/tournament/119922/players,212,0,0
1680593955001,451,Get single knockout Player details,200,,Knock_out_Thread Group 1-98,text,true,,1210,326,86,86,https://pabsa.impressicocrm.com/api/player/110368,451,0,0
1680593954484,978,Get knockout players list ,200,,Knock_out_Thread Group 1-95,text,true,,4598,340,87,87,https://pabsa.impressicocrm.com/api/tournament/118871/knockouts,978,0,0
1680593954945,517,Get Players list ,200,,Knock_out_Thread Group 1-105,text,true,,3218,338,87,87,https://pabsa.impressicocrm.com/api/tournament/119922/players,517,0,0
1680593955112,362,Get Break list ,200,,Knock_out_Thread Group 1-89,text,true,,3218,338,87,87,https://pabsa.impressicocrm.com/api/tournament/119922/players,362,0,0
1680593955197,283,Get Home page currency,200,,Knock_out_Thread Group 1-133,text,true,,9160,321,87,87,https://pabsa.impressicocrm.com/api/currency,282,0,0
1680593954356,1130,Home page ,200,OK,Knock_out_Thread Group 1-154,text,true,,3033,309,87,87,https://pabsa.impressicocrm.com/,1129,0,314
1680593955321,189,Get playerA_Vs_playerB,200,,Knock_out_Thread Group 1-55,text,true,,1239,341,87,87,https://pabsa.impressicocrm.com/api/tournament/matchScore/147598,189,0,0
1680593954851,660,Home page ,200,OK,Knock_out_Thread Group 1-159,text,true,,3033,309,87,87,https://pabsa.impressicocrm.com/,660,0,586
1680593953949,1568,Get Home page country ,200,,Knock_out_Thread Group 1-147,text,true,,17270,320,86,86,https://pabsa.impressicocrm.com/api/country,1568,0,0
1680593955249,275,Get Home page currency,200,,Knock_out_Thread Group 1-75,text,true,,9160,321,86,86,https://pabsa.impressicocrm.com/api/currency,275,0,0
1680593954698,830,Get Home page country ,200,,Knock_out_Thread Group 1-149,text,true,,17270,320,86,86,https://pabsa.impressicocrm.com/api/country,830,0,0
1680593955238,299,Get Players list ,200,,Knock_out_Thread Group 1-94,text,true,,3218,338,86,86,https://pabsa.impressicocrm.com/api/tournament/119922/players,299,0,0
1680593955242,339,Get Break list ,200,,Knock_out_Thread Group 1-91,text,true,,3218,338,87,87,https://pabsa.impressicocrm.com/api/tournament/119922/players,339,0,0
1680593955008,595,Get Break list ,200,,Knock_out_Thread Group 1-110,text,true,,3218,338,87,87,https://pabsa.impressicocrm.com/api/tournament/119922/players,595,0,0
1680593955375,228,Get knockout players list ,200,,Knock_out_Thread Group 1-62,text,true,,4598,340,87,87,https://pabsa.impressicocrm.com/api/tournament/118871/knockouts,228,0,0
1680593954845,764,Get knockout players list ,200,,Knock_out_Thread Group 1-82,text,true,,4598,340,87,87,https://pabsa.impressicocrm.com/api/tournament/118871/knockouts,764,0,0
1680593955255,356,Get Home page currency,200,,Knock_out_Thread Group 1-111,text,true,,9160,321,87,87,https://pabsa.impressicocrm.com/api/currency,356,0,0
1680593955261,350,Get Home page currency,200,,Knock_out_Thread Group 1-106,text,true,,9160,321,87,87,https://pabsa.impressicocrm.com/api/currency,350,0,0
1680593952696,2930,Get tournamnent list ,200,,Knock_out_Thread Group 1-119,text,true,,58888,389,87,87,https://pabsa.impressicocrm.com/api/tournament?limit=12&pageNumber=1&sportType=&tournamentName=&tournamentStyle=,1033,0,0
1680593955409,240,Get playerA_Vs_playerB,200,,Knock_out_Thread Group 1-88,text,true,,1239,341,87,87,https://pabsa.impressicocrm.com/api/tournament/matchScore/147598,240,0,0
1680593955393,270,Get playerA_Vs_playerB,200,,Knock_out_Thread Group 1-81,text,true,,1239,341,87,87,https://pabsa.impressicocrm.com/api/tournament/matchScore/147598,270,0,0
1680593955087,597,Get Players schedule,200,,Knock_out_Thread Group 1-84,text,true,,5441,338,86,86,https://pabsa.impressicocrm.com/api/tournament/119922/matches,597,0,0
1680593953446,2238,Get tournamnent list ,200,,Knock_out_Thread Group 1-125,text,true,,58880,389,86,86,https://pabsa.impressicocrm.com/api/tournament?limit=12&pageNumber=1&sportType=&tournamentName=&tournamentStyle=,909,0,0
1680593955254,442,Home page ,200,OK,Knock_out_Thread Group 1-163,text,true,,3033,309,86,86,https://pabsa.impressicocrm.com/,442,0,252
1680593955285,421,Get tournament result,200,,Knock_out_Thread Group 1-92,text,true,,5435,338,86,86,https://pabsa.impressicocrm.com/api/tournament/119922/matches,421,0,0
1680593955463,253,Get single knockout Player details,200,,Knock_out_Thread Group 1-95,text,true,,1210,326,86,86,https://pabsa.impressicocrm.com/api/player/110368,253,0,0
1680593955297,429,Get tournament result,200,,Knock_out_Thread Group 1-64,text,true,,5441,338,86,86,https://pabsa.impressicocrm.com/api/tournament/119922/matches,429,0,0
1680593955380,349,Get Home page currency,200,,Knock_out_Thread Group 1-130,text,true,,9160,321,86,86,https://pabsa.impressicocrm.com/api/currency,349,0,0
1680593955249,486,Get Home page currency,200,,Knock_out_Thread Group 1-102,text,true,,9153,321,86,86,https://pabsa.impressicocrm.com/api/currency,486,0,0
1680593955328,415,Get Home page country ,200,,Knock_out_Thread Group 1-142,text,true,,17270,320,86,86,https://pabsa.impressicocrm.com/api/country,326,0,0
1680593955234,520,Get single knockout Player details,200,,Knock_out_Thread Group 1-78,text,true,,1210,326,87,87,https://pabsa.impressicocrm.com/api/player/110368,520,0,0
1680593954953,801,Home page ,200,OK,Knock_out_Thread Group 1-160,text,true,,3033,309,87,87,https://pabsa.impressicocrm.com/,801,0,671
1680593955303,454,Get Home page country ,200,,Knock_out_Thread Group 1-157,text,true,,17270,320,87,87,https://pabsa.impressicocrm.com/api/country,454,0,0
1680593955367,399,Get Home page currency,200,,Knock_out_Thread Group 1-103,text,true,,9160,321,87,87,https://pabsa.impressicocrm.com/api/currency,399,0,0
1680593955014,800,Get tournament result,200,,Knock_out_Thread Group 1-97,text,true,,5441,338,87,87,https://pabsa.impressicocrm.com/api/tournament/119922/matches,800,0,0
1680593953197,2617,Get tournamnent list ,200,,Knock_out_Thread Group 1-123,text,true,,58888,389,87,87,https://pabsa.impressicocrm.com/api/tournament?limit=12&pageNumber=1&sportType=&tournamentName=&tournamentStyle=,1760,0,0
1680593955553,299,Home page ,200,OK,Knock_out_Thread Group 1-166,text,true,,3033,309,87,87,https://pabsa.impressicocrm.com/,299,0,228
1680593955512,353,Get Home page country ,200,,Knock_out_Thread Group 1-159,text,true,,17270,320,88,88,https://pabsa.impressicocrm.com/api/country,353,0,0
1680593954947,922,Get Players list ,200,,Knock_out_Thread Group 1-112,text,true,,3218,338,88,88,https://pabsa.impressicocrm.com/api/tournament/119922/players,922,0,0
1680593955463,429,Get Break list ,200,,Knock_out_Thread Group 1-105,text,true,,3218,338,88,88,https://pabsa.impressicocrm.com/api/tournament/119922/players,429,0,0
1680593954545,1347,Get tournamnent list ,200,,Knock_out_Thread Group 1-148,text,true,,58888,389,88,88,https://pabsa.impressicocrm.com/api/tournament?limit=12&pageNumber=1&sportType=&tournamentName=&tournamentStyle=,549,0,0
1680593955609,303,Get single knockout Player details,200,,Knock_out_Thread Group 1-82,text,true,,1210,326,88,88,https://pabsa.impressicocrm.com/api/player/110368,302,0,0
1680593955385,527,Get Home page currency,200,,Knock_out_Thread Group 1-121,text,true,,9160,321,88,88,https://pabsa.impressicocrm.com/api/currency,526,0,0
1680593954063,1854,Get tournamnent list ,200,,Knock_out_Thread Group 1-138,text,true,,58880,389,88,88,https://pabsa.impressicocrm.com/api/tournament?limit=12&pageNumber=1&sportType=&tournamentName=&tournamentStyle=,626,0,0
1680593955359,577,Get Home page country ,200,,Knock_out_Thread Group 1-152,text,true,,17270,320,88,88,https://pabsa.impressicocrm.com/api/country,575,0,0
1680593955525,411,Get Players list ,200,,Knock_out_Thread Group 1-75,text,true,,3218,338,88,88,https://pabsa.impressicocrm.com/api/tournament/119922/players,411,0,0
1680593955403,556,Get Home page currency,200,,Knock_out_Thread Group 1-99,text,true,,9160,321,89,89,https://pabsa.impressicocrm.com/api/currency,556,0,0
1680593955611,389,Get Players list ,200,,Knock_out_Thread Group 1-106,text,true,,3218,338,89,89,https://pabsa.impressicocrm.com/api/tournament/119922/players,389,0,0
1680593955353,652,Home page ,200,OK,Knock_out_Thread Group 1-164,text,true,,3033,309,89,89,https://pabsa.impressicocrm.com/,652,0,560
1680593955706,301,Get playerA_Vs_playerB,200,,Knock_out_Thread Group 1-92,text,true,,1239,341,89,89,https://pabsa.impressicocrm.com/api/tournament/matchScore/147598,301,0,0
1680593955651,357,Home page ,200,OK,Knock_out_Thread Group 1-167,text,true,,3033,309,89,89,https://pabsa.impressicocrm.com/,356,0,271
1680593955726,286,Get playerA_Vs_playerB,200,,Knock_out_Thread Group 1-64,text,true,,1239,341,88,88,https://pabsa.impressicocrm.com/api/tournament/matchScore/147598,286,0,0
1680593955627,404,Get Home page currency,200,,Knock_out_Thread Group 1-119,text,true,,9160,321,87,87,https://pabsa.impressicocrm.com/api/currency,404,0,0
1680593955684,383,Get knockout players list ,200,,Knock_out_Thread Group 1-84,text,true,,4598,340,88,88,https://pabsa.impressicocrm.com/api/tournament/118871/knockouts,383,0,0
1680593953174,2893,Get tournamnent list ,200,,Knock_out_Thread Group 1-127,text,true,,58888,389,88,88,https://pabsa.impressicocrm.com/api/tournament?limit=12&pageNumber=1&sportType=&tournamentName=&tournamentStyle=,1768,0,0
1680593955001,1066,Get tournamnent list ,200,,Knock_out_Thread Group 1-140,text,true,,58880,389,88,88,https://pabsa.impressicocrm.com/api/tournament?limit=12&pageNumber=1&sportType=&tournamentName=&tournamentStyle=,499,0,0
1680593954752,1316,Home page ,200,OK,Knock_out_Thread Group 1-158,text,true,,3033,309,88,88,https://pabsa.impressicocrm.com/,1316,0,1219
1680593955438,653,Get Break list ,200,,Knock_out_Thread Group 1-122,text,true,,3218,338,88,88,https://pabsa.impressicocrm.com/api/tournament/119922/players,653,0,0
1680593955611,494,Get Players list ,200,,Knock_out_Thread Group 1-111,text,true,,3218,338,88,88,https://pabsa.impressicocrm.com/api/tournament/119922/players,494,0,0
1680593955289,824,Get tournament result,200,,Knock_out_Thread Group 1-115,text,true,,5441,338,88,88,https://pabsa.impressicocrm.com/api/tournament/119922/matches,824,0,0
1680593955604,513,Get Players schedule,200,,Knock_out_Thread Group 1-110,text,true,,5435,338,88,88,https://pabsa.impressicocrm.com/api/tournament/119922/matches,513,0,0
1680593955736,381,Get Players list ,200,,Knock_out_Thread Group 1-102,text,true,,3218,338,88,88,https://pabsa.impressicocrm.com/api/tournament/119922/players,381,0,0
1680593955697,426,Get Home page country ,200,,Knock_out_Thread Group 1-163,text,true,,17270,320,88,88,https://pabsa.impressicocrm.com/api/country,426,0,0
1680593952352,3788,Get tournamnent list ,200,,Knock_out_Thread Group 1-104,text,true,,58888,389,88,88,https://pabsa.impressicocrm.com/api/tournament?limit=12&pageNumber=1&sportType=&tournamentName=&tournamentStyle=,2239,0,0
1680593952526,3618,Get tournamnent list ,200,,Knock_out_Thread Group 1-124,text,true,,58880,389,88,88,https://pabsa.impressicocrm.com/api/tournament?limit=12&pageNumber=1&sportType=&tournamentName=&tournamentStyle=,1068,0,0
1680593955454,702,Home page ,200,OK,Knock_out_Thread Group 1-165,text,true,,3033,309,89,89,https://pabsa.impressicocrm.com/,702,0,269
1680593955604,553,Get single knockout Player details,200,,Knock_out_Thread Group 1-62,text,true,,1210,326,89,89,https://pabsa.impressicocrm.com/api/player/110368,553,0,0
1680593955815,350,Get playerA_Vs_playerB,200,,Knock_out_Thread Group 1-97,text,true,,1239,341,89,89,https://pabsa.impressicocrm.com/api/tournament/matchScore/147598,350,0,0
1680593955766,399,Get Players list ,200,,Knock_out_Thread Group 1-103,text,true,,3218,338,89,89,https://pabsa.impressicocrm.com/api/tournament/119922/players,399,0,0
1680593953666,2501,Get tournamnent list ,200,,Knock_out_Thread Group 1-131,text,true,,58888,389,88,88,https://pabsa.impressicocrm.com/api/tournament?limit=12&pageNumber=1&sportType=&tournamentName=&tournamentStyle=,1076,0,0
1680593955581,602,Get Players schedule,200,,Knock_out_Thread Group 1-91,text,true,,5441,338,88,88,https://pabsa.impressicocrm.com/api/tournament/119922/matches,602,0,0
1680593955538,651,Get Break list ,200,,Knock_out_Thread Group 1-94,text,true,,3218,338,88,88,https://pabsa.impressicocrm.com/api/tournament/119922/players,651,0,0
1680593955853,348,Home page ,200,OK,Knock_out_Thread Group 1-169,text,true,,3033,309,88,88,https://pabsa.impressicocrm.com/,348,0,270
1680593954084,2150,Get tournamnent list ,200,,Knock_out_Thread Group 1-134,text,true,,58888,389,88,88,https://pabsa.impressicocrm.com/api/tournament?limit=12&pageNumber=1&sportType=&tournamentName=&tournamentStyle=,1007,0,0
1680593955453,799,Get tournament result,200,,Knock_out_Thread Group 1-98,text,true,,5435,338,89,89,https://pabsa.impressicocrm.com/api/tournament/119922/matches,799,0,0
1680593955869,388,Get Break list ,200,,Knock_out_Thread Group 1-112,text,true,,3218,338,89,89,https://pabsa.impressicocrm.com/api/tournament/119922/players,388,0,0
1680593955474,791,Get Players schedule,200,,Knock_out_Thread Group 1-89,text,true,,5441,338,89,89,https://pabsa.impressicocrm.com/api/tournament/119922/matches,791,0,0
1680593955815,489,Get Home page currency,200,,Knock_out_Thread Group 1-123,text,true,,9160,321,89,89,https://pabsa.impressicocrm.com/api/currency,489,0,0
1680593956068,236,Get single knockout Player details,200,,Knock_out_Thread Group 1-84,text,true,,1210,326,89,89,https://pabsa.impressicocrm.com/api/player/110368,236,0,0
1680593955937,367,Get Break list ,200,,Knock_out_Thread Group 1-75,text,true,,3218,338,89,89,https://pabsa.impressicocrm.com/api/tournament/119922/players,367,0,0
1680593951270,5033,Get tournamnent list ,200,,Knock_out_Thread Group 1-114,text,true,,58880,389,89,89,https://pabsa.impressicocrm.com/api/tournament?limit=12&pageNumber=1&sportType=&tournamentName=&tournamentStyle=,2799,0,0
1680593953893,2410,Get tournamnent list ,200,,Knock_out_Thread Group 1-126,text,true,,58880,389,89,89,https://pabsa.impressicocrm.com/api/tournament?limit=12&pageNumber=1&sportType=&tournamentName=&tournamentStyle=,793,0,0
1680593952616,3703,Get tournamnent list ,200,,Knock_out_Thread Group 1-117,text,true,,58880,389,89,89,https://pabsa.impressicocrm.com/api/tournament?limit=12&pageNumber=1&sportType=&tournamentName=&tournamentStyle=,1163,0,0
1680593955912,415,Get Players list ,200,,Knock_out_Thread Group 1-121,text,true,,3218,338,89,89,https://pabsa.impressicocrm.com/api/tournament/119922/players,415,0,0
1680593951911,4418,Get tournamnent list ,200,,Knock_out_Thread Group 1-83,text,true,,58880,389,89,89,https://pabsa.impressicocrm.com/api/tournament?limit=12&pageNumber=1&sportType=&tournamentName=&tournamentStyle=,2330,0,0
1680593955752,585,Home page ,200,OK,Knock_out_Thread Group 1-168,text,true,,3033,309,89,89,https://pabsa.impressicocrm.com/,585,0,513
1680593955893,450,Get Home page currency,200,,Knock_out_Thread Group 1-148,text,true,,9160,321,89,89,https://pabsa.impressicocrm.com/api/currency,450,0,0
1680593955729,614,Get Players list ,200,,Knock_out_Thread Group 1-130,text,true,,3218,338,89,89,https://pabsa.impressicocrm.com/api/tournament/119922/players,614,0,0
1680593956118,228,Get knockout players list ,200,,Knock_out_Thread Group 1-110,text,true,,4598,340,89,89,https://pabsa.impressicocrm.com/api/tournament/118871/knockouts,228,0,0
1680593955001,1345,Get tournamnent list ,200,,Knock_out_Thread Group 1-155,text,true,,58880,389,89,89,https://pabsa.impressicocrm.com/api/tournament?limit=12&pageNumber=1&sportType=&tournamentName=&tournamentStyle=,478,0,0
1680593955959,389,Get Players list ,200,,Knock_out_Thread Group 1-99,text,true,,3218,338,89,89,https://pabsa.impressicocrm.com/api/tournament/119922/players,389,0,0
1680593955716,636,Get tournament result,200,,Knock_out_Thread Group 1-95,text,true,,5441,338,89,89,https://pabsa.impressicocrm.com/api/tournament/119922/matches,636,0,0
1680593956114,238,Get playerA_Vs_playerB,200,,Knock_out_Thread Group 1-115,text,true,,1239,341,89,89,https://pabsa.impressicocrm.com/api/tournament/matchScore/147598,238,0,0
1680593956069,296,Get Home page country ,200,,Knock_out_Thread Group 1-158,text,true,,17270,320,89,89,https://pabsa.impressicocrm.com/api/country,293,0,0
1680593956001,364,Get Break list ,200,,Knock_out_Thread Group 1-106,text,true,,3218,338,89,89,https://pabsa.impressicocrm.com/api/tournament/119922/players,364,0,0
1680593954584,1788,Get tournamnent list ,200,,Knock_out_Thread Group 1-136,text,true,,58888,389,89,89,https://pabsa.impressicocrm.com/api/tournament?limit=12&pageNumber=1&sportType=&tournamentName=&tournamentStyle=,782,0,0
1680593956068,308,Get Home page currency,200,,Knock_out_Thread Group 1-140,text,true,,9160,321,89,89,https://pabsa.impressicocrm.com/api/currency,308,0,0
1680593955918,460,Get Home page currency,200,,Knock_out_Thread Group 1-138,text,true,,9160,321,89,89,https://pabsa.impressicocrm.com/api/currency,460,0,0
1680593955853,528,Get Home page country ,200,,Knock_out_Thread Group 1-166,text,true,,17255,320,89,89,https://pabsa.impressicocrm.com/api/country,528,0,0
1680593951954,4429,Get tournamnent list ,200,,Knock_out_Thread Group 1-109,text,true,,58880,389,89,89,https://pabsa.impressicocrm.com/api/tournament?limit=12&pageNumber=1&sportType=&tournamentName=&tournamentStyle=,1630,0,0
1680593956055,336,Home page ,200,OK,Knock_out_Thread Group 1-171,text,true,,3033,309,89,89,https://pabsa.impressicocrm.com/,336,0,260
1680593955486,908,Get Home page country ,200,,Knock_out_Thread Group 1-154,text,true,,17270,320,89,89,https://pabsa.impressicocrm.com/api/country,908,0,0
1680593952713,3693,Get tournamnent list ,200,,Knock_out_Thread Group 1-118,text,true,,58888,389,89,89,https://pabsa.impressicocrm.com/api/tournament?limit=12&pageNumber=1&sportType=&tournamentName=&tournamentStyle=,1954,0,0
1680593956068,343,Get Home page currency,200,,Knock_out_Thread Group 1-127,text,true,,9153,321,89,89,https://pabsa.impressicocrm.com/api/currency,343,0,0
1680593956118,295,Get Break list ,200,,Knock_out_Thread Group 1-102,text,true,,3218,338,89,89,https://pabsa.impressicocrm.com/api/tournament/119922/players,295,0,0
1680593956031,382,Get Players list ,200,,Knock_out_Thread Group 1-119,text,true,,3218,338,89,89,https://pabsa.impressicocrm.com/api/tournament/119922/players,382,0,0
1680593955754,669,Get Home page country ,200,,Knock_out_Thread Group 1-160,text,true,,17255,320,89,89,https://pabsa.impressicocrm.com/api/country,669,0,0
1680593955754,669,Get tournament result,200,,Knock_out_Thread Group 1-78,text,true,,5435,338,89,89,https://pabsa.impressicocrm.com/api/tournament/119922/matches,669,0,0
1680593956165,268,Get Break list ,200,,Knock_out_Thread Group 1-103,text,true,,3218,338,89,89,https://pabsa.impressicocrm.com/api/tournament/119922/players,268,0,0
1680593956106,330,Get Break list ,200,,Knock_out_Thread Group 1-111,text,true,,3218,338,89,89,https://pabsa.impressicocrm.com/api/tournament/119922/players,330,0,0
1680593953795,2654,Get tournamnent list ,200,,Knock_out_Thread Group 1-128,text,true,,58880,389,89,89,https://pabsa.impressicocrm.com/api/tournament?limit=12&pageNumber=1&sportType=&tournamentName=&tournamentStyle=,1496,0,0
1680593956252,245,Get playerA_Vs_playerB,200,,Knock_out_Thread Group 1-98,text,true,,1239,341,90,90,https://pabsa.impressicocrm.com/api/tournament/matchScore/147598,245,0,0
1680593955363,1142,Get tournamnent list ,200,,Knock_out_Thread Group 1-107,text,true,,58880,389,89,89,https://pabsa.impressicocrm.com/api/tournament?limit=12&pageNumber=1&sportType=&tournamentName=&tournamentStyle=,570,0,0
1680593956141,386,Get Home page currency,200,,Knock_out_Thread Group 1-104,text,true,,9160,321,89,89,https://pabsa.impressicocrm.com/api/currency,386,0,0
1680593955912,615,Get tournament result,200,,Knock_out_Thread Group 1-82,text,true,,5441,338,89,89,https://pabsa.impressicocrm.com/api/tournament/119922/matches,615,0,0
1680593952384,4143,Get tournamnent list ,200,,Knock_out_Thread Group 1-116,text,true,,58888,389,89,89,https://pabsa.impressicocrm.com/api/tournament?limit=12&pageNumber=1&sportType=&tournamentName=&tournamentStyle=,2558,0,0
1680593951872,4663,Get tournamnent list ,200,,Knock_out_Thread Group 1-108,text,true,,58880,389,89,89,https://pabsa.impressicocrm.com/api/tournament?limit=12&pageNumber=1&sportType=&tournamentName=&tournamentStyle=,881,0,0
1680593956265,271,Get knockout players list ,200,,Knock_out_Thread Group 1-89,text,true,,4598,340,89,89,https://pabsa.impressicocrm.com/api/tournament/118871/knockouts,271,0,0
1680593956252,312,Home page ,200,OK,Knock_out_Thread Group 1-173,text,true,,3033,309,90,90,https://pabsa.impressicocrm.com/,312,0,245
1680593956234,359,Get Home page currency,200,,Knock_out_Thread Group 1-134,text,true,,9153,321,90,90,https://pabsa.impressicocrm.com/api/currency,359,0,0
1680593956201,395,Get Home page country ,200,,Knock_out_Thread Group 1-169,text,true,,17270,320,90,90,https://pabsa.impressicocrm.com/api/country,395,0,0
1680593956328,268,Get Break list ,200,,Knock_out_Thread Group 1-121,text,true,,3218,338,90,90,https://pabsa.impressicocrm.com/api/tournament/119922/players,268,0,0
1680593955480,1116,Get Players list ,200,,Knock_out_Thread Group 1-133,text,true,,3218,338,90,90,https://pabsa.impressicocrm.com/api/tournament/119922/players,1116,0,0
1680593955684,916,Get Home page currency,200,,Knock_out_Thread Group 1-125,text,true,,9160,321,90,90,https://pabsa.impressicocrm.com/api/currency,916,0,0
1680593955953,647,Home page ,200,OK,Knock_out_Thread Group 1-170,text,true,,3033,309,90,90,https://pabsa.impressicocrm.com/,647,0,557
1680593956347,257,Get single knockout Player details,200,,Knock_out_Thread Group 1-110,text,true,,1210,326,90,90,https://pabsa.impressicocrm.com/api/player/110368,257,0,0
1680593956343,261,Get Break list ,200,,Knock_out_Thread Group 1-130,text,true,,3218,338,90,90,https://pabsa.impressicocrm.com/api/tournament/119922/players,261,0,0
1680593956189,415,Get Players schedule,200,,Knock_out_Thread Group 1-94,text,true,,5441,338,90,90,https://pabsa.impressicocrm.com/api/tournament/119922/matches,415,0,0
1680593956304,304,Get Players list ,200,,Knock_out_Thread Group 1-123,text,true,,3218,338,90,90,https://pabsa.impressicocrm.com/api/tournament/119922/players,304,0,0
1680593956330,298,Get Home page currency,200,,Knock_out_Thread Group 1-83,text,true,,9160,321,90,90,https://pabsa.impressicocrm.com/api/currency,298,0,0
1680593956343,304,Get Players list ,200,,Knock_out_Thread Group 1-148,text,true,,3218,338,90,90,https://pabsa.impressicocrm.com/api/tournament/119922/players,304,0,0
1680593955033,1624,Get tournamnent list ,200,,Knock_out_Thread Group 1-153,text,true,,58888,389,91,91,https://pabsa.impressicocrm.com/api/tournament?limit=12&pageNumber=1&sportType=&tournamentName=&tournamentStyle=,497,0,0
1680593955053,1604,Home page ,200,OK,Knock_out_Thread Group 1-161,text,true,,3033,309,91,91,https://pabsa.impressicocrm.com/,1604,0,1444
1680593955155,1512,Home page ,200,OK,Knock_out_Thread Group 1-162,text,true,,3033,309,91,91,https://pabsa.impressicocrm.com/,1512,0,1355
1680593956353,324,Get playerA_Vs_playerB,200,,Knock_out_Thread Group 1-95,text,true,,1239,341,91,91,https://pabsa.impressicocrm.com/api/tournament/matchScore/147598,324,0,0
1680593956304,417,Get Home page currency,200,,Knock_out_Thread Group 1-114,text,true,,9160,321,90,90,https://pabsa.impressicocrm.com/api/currency,417,0,0
1680593956091,630,Get Players schedule,200,,Knock_out_Thread Group 1-122,text,true,,5441,338,90,90,https://pabsa.impressicocrm.com/api/tournament/119922/matches,630,0,0
1680593955252,1469,Get tournamnent list ,200,,Knock_out_Thread Group 1-156,text,true,,58880,389,90,90,https://pabsa.impressicocrm.com/api/tournament?limit=12&pageNumber=1&sportType=&tournamentName=&tournamentStyle=,469,0,0
1680593956376,345,Get Players list ,200,,Knock_out_Thread Group 1-140,text,true,,3218,338,90,90,https://pabsa.impressicocrm.com/api/tournament/119922/players,345,0,0
1680593956257,474,Get Players schedule,200,,Knock_out_Thread Group 1-112,text,true,,5441,338,90,90,https://pabsa.impressicocrm.com/api/tournament/119922/matches,474,0,0
1680593956158,573,Get tournament result,200,,Knock_out_Thread Group 1-62,text,true,,5441,338,90,90,https://pabsa.impressicocrm.com/api/tournament/119922/matches,573,0,0
1680593956304,431,Get Home page currency,200,,Knock_out_Thread Group 1-126,text,true,,9160,321,90,90,https://pabsa.impressicocrm.com/api/currency,431,0,0
1680593956338,407,Get Home page country ,200,,Knock_out_Thread Group 1-168,text,true,,17270,320,90,90,https://pabsa.impressicocrm.com/api/country,407,0,0
1680593956183,562,Get knockout players list ,200,,Knock_out_Thread Group 1-91,text,true,,4591,340,90,90,https://pabsa.impressicocrm.com/api/tournament/118871/knockouts,562,0,0
1680593955892,855,Get Players schedule,200,,Knock_out_Thread Group 1-105,text,true,,5441,338,90,90,https://pabsa.impressicocrm.com/api/tournament/119922/matches,855,0,0
1680593956414,373,Get Break list ,200,,Knock_out_Thread Group 1-119,text,true,,3218,338,91,91,https://pabsa.impressicocrm.com/api/tournament/119922/players,373,0,0
1680593955323,1477,Get tournamnent list ,200,,Knock_out_Thread Group 1-151,text,true,,58888,389,91,91,https://pabsa.impressicocrm.com/api/tournament?limit=12&pageNumber=1&sportType=&tournamentName=&tournamentStyle=,744,0,0
1680593956145,687,Get Home page currency,200,,Knock_out_Thread Group 1-124,text,true,,9160,321,91,91,https://pabsa.impressicocrm.com/api/currency,687,0,0
1680593954857,1982,Get tournamnent list ,200,,Knock_out_Thread Group 1-150,text,true,,58880,389,91,91,https://pabsa.impressicocrm.com/api/tournament?limit=12&pageNumber=1&sportType=&tournamentName=&tournamentStyle=,1174,0,0
1680593956453,387,Home page ,200,OK,Knock_out_Thread Group 1-175,text,true,,3033,309,91,91,https://pabsa.impressicocrm.com/,387,0,227
1680593956424,420,Get playerA_Vs_playerB,200,,Knock_out_Thread Group 1-78,text,true,,1239,341,91,91,https://pabsa.impressicocrm.com/api/tournament/matchScore/147598,420,0,0
1680593956536,354,Get single knockout Player details,200,,Knock_out_Thread Group 1-89,text,true,,1210,326,91,91,https://pabsa.impressicocrm.com/api/player/110368,354,0,0
1680593956527,371,Get playerA_Vs_playerB,200,,Knock_out_Thread Group 1-82,text,true,,1239,341,91,91,https://pabsa.impressicocrm.com/api/tournament/matchScore/147598,371,0,0
1680593956506,396,Get Home page currency,200,,Knock_out_Thread Group 1-107,text,true,,9153,321,90,90,https://pabsa.impressicocrm.com/api/currency,396,0,0
1680593956527,375,Get Players list ,200,,Knock_out_Thread Group 1-104,text,true,,3218,338,90,90,https://pabsa.impressicocrm.com/api/tournament/119922/players,375,0,0
1680593956392,515,Get Home page country ,200,,Knock_out_Thread Group 1-171,text,true,,17270,320,90,90,https://pabsa.impressicocrm.com/api/country,440,0,0
1680593956347,563,Get Home page currency,200,,Knock_out_Thread Group 1-155,text,true,,9160,321,90,90,https://pabsa.impressicocrm.com/api/currency,563,0,0
1680593956556,357,Home page ,200,OK,Knock_out_Thread Group 1-176,text,true,,3033,309,90,90,https://pabsa.impressicocrm.com/,357,0,284
1680593955423,1494,Get Players schedule,200,,Knock_out_Thread Group 1-93,text,true,,5441,338,90,90,https://pabsa.impressicocrm.com/api/tournament/119922/matches,1494,0,0
1680593954543,2376,Get tournamnent list ,200,,Knock_out_Thread Group 1-144,text,true,,58880,389,90,90,https://pabsa.impressicocrm.com/api/tournament?limit=12&pageNumber=1&sportType=&tournamentName=&tournamentStyle=,585,0,0
1680593956378,552,Get Players list ,200,,Knock_out_Thread Group 1-138,text,true,,3218,338,90,90,https://pabsa.impressicocrm.com/api/tournament/119922/players,552,0,0
1680593956319,615,Get Home page currency,200,,Knock_out_Thread Group 1-117,text,true,,9160,321,90,90,https://pabsa.impressicocrm.com/api/currency,615,0,0
1680593955744,1190,Get tournamnent list ,200,,Knock_out_Thread Group 1-142,text,true,,58888,389,90,90,https://pabsa.impressicocrm.com/api/tournament?limit=12&pageNumber=1&sportType=&tournamentName=&tournamentStyle=,681,0,0
1680593956528,418,Get Home page currency,200,,Knock_out_Thread Group 1-116,text,true,,9160,321,90,90,https://pabsa.impressicocrm.com/api/currency,418,0,0
1680593956412,540,Get Players list ,200,,Knock_out_Thread Group 1-127,text,true,,3218,338,91,91,https://pabsa.impressicocrm.com/api/tournament/119922/players,540,0,0
1680593956565,397,Get Home page country ,200,,Knock_out_Thread Group 1-173,text,true,,17270,320,91,91,https://pabsa.impressicocrm.com/api/country,397,0,0
1680593955175,1789,Get tournamnent list ,200,,Knock_out_Thread Group 1-145,text,true,,58880,389,91,91,https://pabsa.impressicocrm.com/api/tournament?limit=12&pageNumber=1&sportType=&tournamentName=&tournamentStyle=,604,0,0
1680593955865,1109,Get tournamnent list ,200,,Knock_out_Thread Group 1-159,text,true,,58865,389,91,91,https://pabsa.impressicocrm.com/api/tournament?limit=12&pageNumber=1&sportType=&tournamentName=&tournamentStyle=,662,0,0
1680593952573,4401,Get tournamnent list ,200,,Knock_out_Thread Group 1-120,text,true,,58880,389,91,91,https://pabsa.impressicocrm.com/api/tournament?limit=12&pageNumber=1&sportType=&tournamentName=&tournamentStyle=,2243,0,0
1680593956594,384,Get Players list ,200,,Knock_out_Thread Group 1-134,text,true,,3218,338,91,91,https://pabsa.impressicocrm.com/api/tournament/119922/players,384,0,0
1680593956651,335,Home page ,200,OK,Knock_out_Thread Group 1-177,text,true,,3033,309,91,91,https://pabsa.impressicocrm.com/,335,0,264
1680593956601,396,Get Home page country ,200,,Knock_out_Thread Group 1-170,text,true,,17270,320,91,91,https://pabsa.impressicocrm.com/api/country,394,0,0
1680593956365,632,Get Players schedule,200,,Knock_out_Thread Group 1-106,text,true,,5441,338,91,91,https://pabsa.impressicocrm.com/api/tournament/119922/matches,632,0,0
1680593956605,394,Get knockout players list ,200,,Knock_out_Thread Group 1-94,text,true,,4591,340,91,91,https://pabsa.impressicocrm.com/api/tournament/118871/knockouts,394,0,0
1680593955117,1911,Get tournamnent list ,200,,Knock_out_Thread Group 1-141,text,true,,58880,389,91,91,https://pabsa.impressicocrm.com/api/tournament?limit=12&pageNumber=1&sportType=&tournamentName=&tournamentStyle=,682,0,0
1680593956413,660,Get Players schedule,200,,Knock_out_Thread Group 1-102,text,true,,5441,338,92,92,https://pabsa.impressicocrm.com/api/tournament/119922/matches,660,0,0
1680593956006,1070,Get Home page country ,200,,Knock_out_Thread Group 1-164,text,true,,17270,320,92,92,https://pabsa.impressicocrm.com/api/country,678,0,0
1680593956349,728,Get Break list ,200,,Knock_out_Thread Group 1-99,text,true,,3218,338,92,92,https://pabsa.impressicocrm.com/api/tournament/119922/players,728,0,0
1680593956449,628,Get Home page currency,200,,Knock_out_Thread Group 1-128,text,true,,9160,321,92,92,https://pabsa.impressicocrm.com/api/currency,628,0,0
1680593956628,449,Get Players list ,200,,Knock_out_Thread Group 1-83,text,true,,3218,338,92,92,https://pabsa.impressicocrm.com/api/tournament/119922/players,449,0,0
1680593956753,324,Home page ,200,OK,Knock_out_Thread Group 1-178,text,true,,3033,309,92,92,https://pabsa.impressicocrm.com/,324,0,245
1680593956745,335,Get single knockout Player details,200,,Knock_out_Thread Group 1-91,text,true,,1210,326,92,92,https://pabsa.impressicocrm.com/api/player/110368,335,0,0
1680593956647,433,Get Break list ,200,,Knock_out_Thread Group 1-148,text,true,,3218,338,92,92,https://pabsa.impressicocrm.com/api/tournament/119922/players,433,0,0
1680593956609,477,Get Break list ,200,,Knock_out_Thread Group 1-123,text,true,,3218,338,92,92,https://pabsa.impressicocrm.com/api/tournament/119922/players,477,0,0
1680593956384,702,Get Home page currency,200,,Knock_out_Thread Group 1-109,text,true,,9160,321,92,92,https://pabsa.impressicocrm.com/api/currency,702,0,0
1680593956600,491,Get Players list ,200,,Knock_out_Thread Group 1-125,text,true,,3218,338,92,92,https://pabsa.impressicocrm.com/api/tournament/119922/players,491,0,0
1680593956304,820,Get Players schedule,200,,Knock_out_Thread Group 1-75,text,true,,5441,338,92,92,https://pabsa.impressicocrm.com/api/tournament/119922/matches,820,0,0
1680593956731,393,Get knockout players list ,200,,Knock_out_Thread Group 1-112,text,true,,4598,340,92,92,https://pabsa.impressicocrm.com/api/tournament/118871/knockouts,393,0,0
1680593956721,418,Get Players list ,200,,Knock_out_Thread Group 1-114,text,true,,3218,338,92,92,https://pabsa.impressicocrm.com/api/tournament/119922/players,418,0,0
1680593956434,712,Get Players schedule,200,,Knock_out_Thread Group 1-103,text,true,,5441,338,92,92,https://pabsa.impressicocrm.com/api/tournament/119922/matches,712,0,0
1680593956731,421,Get playerA_Vs_playerB,200,,Knock_out_Thread Group 1-62,text,true,,1239,341,92,92,https://pabsa.impressicocrm.com/api/tournament/matchScore/147598,421,0,0
1680593956354,799,Home page ,200,OK,Knock_out_Thread Group 1-174,text,true,,3033,309,93,93,https://pabsa.impressicocrm.com/,798,0,719
1680593956854,299,Home page ,200,OK,Knock_out_Thread Group 1-179,text,true,,3033,309,93,93,https://pabsa.impressicocrm.com/,298,0,223
1680593956597,557,Get Players schedule,200,,Knock_out_Thread Group 1-121,text,true,,5435,338,92,92,https://pabsa.impressicocrm.com/api/tournament/119922/matches,557,0,0
1680593954947,2207,Get tournamnent list ,200,,Knock_out_Thread Group 1-132,text,true,,58880,389,92,92,https://pabsa.impressicocrm.com/api/tournament?limit=12&pageNumber=1&sportType=&tournamentName=&tournamentStyle=,1084,0,0
1680593956721,465,Get Break list ,200,,Knock_out_Thread Group 1-140,text,true,,3218,338,92,92,https://pabsa.impressicocrm.com/api/tournament/119922/players,465,0,0
1680593956407,786,Get Home page currency,200,,Knock_out_Thread Group 1-118,text,true,,9160,321,92,92,https://pabsa.impressicocrm.com/api/currency,785,0,0
1680593956841,373,Get Home page country ,200,,Knock_out_Thread Group 1-175,text,true,,17270,320,92,92,https://pabsa.impressicocrm.com/api/country,371,0,0
1680593954878,2336,Get tournamnent list ,200,,Knock_out_Thread Group 1-139,text,true,,58888,389,92,92,https://pabsa.impressicocrm.com/api/tournament?limit=12&pageNumber=1&sportType=&tournamentName=&tournamentStyle=,838,0,0
1680593956800,417,Get Home page currency,200,,Knock_out_Thread Group 1-151,text,true,,9160,321,92,92,https://pabsa.impressicocrm.com/api/currency,417,0,0
1680593956304,915,Get tournament result,200,,Knock_out_Thread Group 1-84,text,true,,5441,338,92,92,https://pabsa.impressicocrm.com/api/tournament/119922/matches,915,0,0
1680593956373,855,Get Home page currency,200,,Knock_out_Thread Group 1-136,text,true,,9160,321,92,92,https://pabsa.impressicocrm.com/api/currency,855,0,0
1680593956605,624,Get tournament result,200,,Knock_out_Thread Group 1-110,text,true,,5441,338,92,92,https://pabsa.impressicocrm.com/api/tournament/119922/matches,624,0,0
1680593956747,486,Get knockout players list ,200,,Knock_out_Thread Group 1-105,text,true,,4591,340,92,92,https://pabsa.impressicocrm.com/api/tournament/118871/knockouts,486,0,0
1680593956735,512,Get Players list ,200,,Knock_out_Thread Group 1-126,text,true,,3218,338,92,92,https://pabsa.impressicocrm.com/api/tournament/119922/players,512,0,0
1680593956934,336,Get Home page currency,200,,Knock_out_Thread Group 1-142,text,true,,9160,321,93,93,https://pabsa.impressicocrm.com/api/currency,336,0,0
1680593956903,374,Get Players list ,200,,Knock_out_Thread Group 1-107,text,true,,3218,338,93,93,https://pabsa.impressicocrm.com/api/tournament/119922/players,374,0,0
1680593956840,449,Get Home page currency,200,,Knock_out_Thread Group 1-150,text,true,,9160,321,93,93,https://pabsa.impressicocrm.com/api/currency,449,0,0
1680593956910,411,Get Players list ,200,,Knock_out_Thread Group 1-155,text,true,,3218,338,93,93,https://pabsa.impressicocrm.com/api/tournament/119922/players,411,0,0
1680593952616,4709,Get tournamnent list ,200,,Knock_out_Thread Group 1-80,text,true,,58880,389,93,93,https://pabsa.impressicocrm.com/api/tournament?limit=12&pageNumber=1&sportType=&tournamentName=&tournamentStyle=,2825,0,0
1680593956657,669,Get Home page country ,200,,Knock_out_Thread Group 1-161,text,true,,17270,320,93,93,https://pabsa.impressicocrm.com/api/country,669,0,0
1680593955517,1821,Get tournamnent list ,200,,Knock_out_Thread Group 1-147,text,true,,58880,389,93,93,https://pabsa.impressicocrm.com/api/tournament?limit=12&pageNumber=1&sportType=&tournamentName=&tournamentStyle=,851,0,0
1680593956931,411,Get Break list ,200,,Knock_out_Thread Group 1-138,text,true,,3218,338,93,93,https://pabsa.impressicocrm.com/api/tournament/119922/players,411,0,0
1680593957053,291,Home page ,200,OK,Knock_out_Thread Group 1-181,text,true,,3033,309,93,93,https://pabsa.impressicocrm.com/,291,0,212
1680593957000,348,Get single knockout Player details,200,,Knock_out_Thread Group 1-94,text,true,,1210,326,93,93,https://pabsa.impressicocrm.com/api/player/110368,348,0,0
1680593956918,434,Get knockout players list ,200,,Knock_out_Thread Group 1-93,text,true,,4598,340,94,94,https://pabsa.impressicocrm.com/api/tournament/118871/knockouts,434,0,0
1680593957073,285,Get knockout players list ,200,,Knock_out_Thread Group 1-102,text,true,,4598,340,94,94,https://pabsa.impressicocrm.com/api/tournament/118871/knockouts,285,0,0
1680593956953,413,Get Break list ,200,,Knock_out_Thread Group 1-127,text,true,,3218,338,94,94,https://pabsa.impressicocrm.com/api/tournament/119922/players,413,0,0
1680593955421,1948,Get tournamnent list ,200,,Knock_out_Thread Group 1-143,text,true,,58888,389,94,94,https://pabsa.impressicocrm.com/api/tournament?limit=12&pageNumber=1&sportType=&tournamentName=&tournamentStyle=,868,0,0
1680593956934,435,Get Players list ,200,,Knock_out_Thread Group 1-117,text,true,,3218,338,94,94,https://pabsa.impressicocrm.com/api/tournament/119922/players,435,0,0
1680593956964,411,Get Home page currency,200,,Knock_out_Thread Group 1-145,text,true,,9160,321,94,94,https://pabsa.impressicocrm.com/api/currency,411,0,0
1680593956833,542,Get Players list ,200,,Knock_out_Thread Group 1-124,text,true,,3218,338,94,94,https://pabsa.impressicocrm.com/api/tournament/119922/players,542,0,0
1680593956008,1372,Get Home page country ,200,,Knock_out_Thread Group 1-167,text,true,,17270,320,94,94,https://pabsa.impressicocrm.com/api/country,1372,0,0
1680593956998,388,Get knockout players list ,200,,Knock_out_Thread Group 1-106,text,true,,4598,340,94,94,https://pabsa.impressicocrm.com/api/tournament/118871/knockouts,388,0,0
1680593956597,811,Get Break list ,200,,Knock_out_Thread Group 1-133,text,true,,3218,338,94,94,https://pabsa.impressicocrm.com/api/tournament/119922/players,811,0,0
1680593956914,499,Get Home page country ,200,,Knock_out_Thread Group 1-176,text,true,,17255,320,94,94,https://pabsa.impressicocrm.com/api/country,499,0,0
1680593956436,978,Get Players schedule,200,,Knock_out_Thread Group 1-111,text,true,,5441,338,94,94,https://pabsa.impressicocrm.com/api/tournament/119922/matches,978,0,0
1680593956721,698,Get knockout players list ,200,,Knock_out_Thread Group 1-122,text,true,,4598,340,94,94,https://pabsa.impressicocrm.com/api/tournament/118871/knockouts,698,0,0
1680593956986,438,Get Home page country ,200,,Knock_out_Thread Group 1-177,text,true,,17270,320,94,94,https://pabsa.impressicocrm.com/api/country,438,0,0
1680593956946,479,Get Players list ,200,,Knock_out_Thread Group 1-116,text,true,,3218,338,94,94,https://pabsa.impressicocrm.com/api/tournament/119922/players,479,0,0
1680593956167,1280,Get Home page currency,200,,Knock_out_Thread Group 1-131,text,true,,9160,321,94,94,https://pabsa.impressicocrm.com/api/currency,1280,0,0
1680593956979,468,Get Break list ,200,,Knock_out_Thread Group 1-134,text,true,,3218,338,94,94,https://pabsa.impressicocrm.com/api/tournament/119922/players,468,0,0
1680593956974,484,Get Home page currency,200,,Knock_out_Thread Group 1-120,text,true,,9160,321,95,95,https://pabsa.impressicocrm.com/api/currency,484,0,0
1680593957125,345,Get single knockout Player details,200,,Knock_out_Thread Group 1-112,text,true,,1210,326,95,95,https://pabsa.impressicocrm.com/api/player/110368,345,0,0
1680593957155,336,Home page ,200,OK,Knock_out_Thread Group 1-182,text,true,,3033,309,95,95,https://pabsa.impressicocrm.com/,336,0,253
1680593957125,369,Get knockout players list ,200,,Knock_out_Thread Group 1-75,text,true,,4598,340,95,95,https://pabsa.impressicocrm.com/api/tournament/118871/knockouts,369,0,0
1680593956891,623,Get tournament result,200,,Knock_out_Thread Group 1-89,text,true,,5441,338,95,95,https://pabsa.impressicocrm.com/api/tournament/119922/matches,623,0,0
1680593954769,2745,Get tournamnent list ,200,,Knock_out_Thread Group 1-135,text,true,,58865,389,95,95,https://pabsa.impressicocrm.com/api/tournament?limit=12&pageNumber=1&sportType=&tournamentName=&tournamentStyle=,2075,0,0
1680593956605,927,Get Players schedule,200,,Knock_out_Thread Group 1-130,text,true,,5441,338,95,95,https://pabsa.impressicocrm.com/api/tournament/119922/matches,927,0,0
1680593957092,443,Get Break list ,200,,Knock_out_Thread Group 1-125,text,true,,3218,338,95,95,https://pabsa.impressicocrm.com/api/tournament/119922/players,443,0,0
1680593956157,1418,Get Home page country ,200,,Knock_out_Thread Group 1-165,text,true,,17270,320,96,96,https://pabsa.impressicocrm.com/api/country,1003,0,0
1680593956962,613,Get tournamnent list ,200,,Knock_out_Thread Group 1-173,text,true,,58880,389,96,96,https://pabsa.impressicocrm.com/api/tournament?limit=12&pageNumber=1&sportType=&tournamentName=&tournamentStyle=,325,0,0
1680593957077,498,Get Players list ,200,,Knock_out_Thread Group 1-128,text,true,,3218,338,96,96,https://pabsa.impressicocrm.com/api/tournament/119922/players,498,0,0
1680593957140,454,Get Break list ,200,,Knock_out_Thread Group 1-114,text,true,,3218,338,96,96,https://pabsa.impressicocrm.com/api/tournament/119922/players,454,0,0
1680593956657,938,Get Home page currency,200,,Knock_out_Thread Group 1-153,text,true,,9153,321,96,96,https://pabsa.impressicocrm.com/api/currency,937,0,0
1680593957146,448,Get knockout players list ,200,,Knock_out_Thread Group 1-103,text,true,,4591,340,96,96,https://pabsa.impressicocrm.com/api/tournament/118871/knockouts,448,0,0
1680593957028,571,Get Home page currency,200,,Knock_out_Thread Group 1-141,text,true,,9160,321,96,96,https://pabsa.impressicocrm.com/api/currency,571,0,0
1680593957220,410,Get playerA_Vs_playerB,200,,Knock_out_Thread Group 1-84,text,true,,1239,341,96,96,https://pabsa.impressicocrm.com/api/tournament/matchScore/147598,410,0,0
1680593957193,443,Get Players list ,200,,Knock_out_Thread Group 1-118,text,true,,3218,338,95,95,https://pabsa.impressicocrm.com/api/tournament/119922/players,443,0,0
1680593956668,1003,Get Home page country ,200,,Knock_out_Thread Group 1-162,text,true,,17270,320,96,96,https://pabsa.impressicocrm.com/api/country,1003,0,0
1680593957087,584,Get Players list ,200,,Knock_out_Thread Group 1-109,text,true,,3218,338,96,96,https://pabsa.impressicocrm.com/api/tournament/119922/players,584,0,0
1680593956155,1517,Home page ,200,OK,Knock_out_Thread Group 1-172,text,true,,3033,309,96,96,https://pabsa.impressicocrm.com/,1516,0,1270
1680593957155,518,Get knockout players list ,200,,Knock_out_Thread Group 1-121,text,true,,4598,340,96,96,https://pabsa.impressicocrm.com/api/tournament/118871/knockouts,518,0,0
1680593957154,524,Get Home page country ,200,,Knock_out_Thread Group 1-174,text,true,,17270,320,96,96,https://pabsa.impressicocrm.com/api/country,524,0,0
1680593957228,450,Get Players list ,200,,Knock_out_Thread Group 1-136,text,true,,3218,338,96,96,https://pabsa.impressicocrm.com/api/tournament/119922/players,450,0,0
1680593957087,595,Get Players schedule,200,,Knock_out_Thread Group 1-123,text,true,,5441,338,96,96,https://pabsa.impressicocrm.com/api/tournament/119922/matches,595,0,0
1680593957156,526,Get Home page currency,200,,Knock_out_Thread Group 1-132,text,true,,9153,321,96,96,https://pabsa.impressicocrm.com/api/currency,526,0,0
1680593956721,961,Get Home page currency,200,,Knock_out_Thread Group 1-156,text,true,,9160,321,96,96,https://pabsa.impressicocrm.com/api/currency,961,0,0
1680593957154,528,Get Home page country ,200,,Knock_out_Thread Group 1-179,text,true,,17270,320,96,96,https://pabsa.impressicocrm.com/api/country,528,0,0
1680593957081,605,Get Players schedule,200,,Knock_out_Thread Group 1-148,text,true,,5441,338,96,96,https://pabsa.impressicocrm.com/api/tournament/119922/matches,605,0,0
1680593957229,457,Get playerA_Vs_playerB,200,,Knock_out_Thread Group 1-110,text,true,,1239,341,96,96,https://pabsa.impressicocrm.com/api/tournament/matchScore/147598,457,0,0
1680593957217,473,Get Players list ,200,,Knock_out_Thread Group 1-151,text,true,,3218,338,95,95,https://pabsa.impressicocrm.com/api/tournament/119922/players,473,0,0
1680593957358,365,Get single knockout Player details,200,,Knock_out_Thread Group 1-102,text,true,,1210,326,95,95,https://pabsa.impressicocrm.com/api/player/110368,365,0,0
1680593957270,478,Get Players list ,200,,Knock_out_Thread Group 1-142,text,true,,3218,338,95,95,https://pabsa.impressicocrm.com/api/tournament/119922/players,477,0,0
1680593957277,478,Get Break list ,200,,Knock_out_Thread Group 1-107,text,true,,3218,338,96,96,https://pabsa.impressicocrm.com/api/tournament/119922/players,478,0,0
1680593956535,1223,Get Home page currency,200,,Knock_out_Thread Group 1-108,text,true,,9160,321,96,96,https://pabsa.impressicocrm.com/api/currency,1223,0,0
1680593956597,1164,Get tournamnent list ,200,,Knock_out_Thread Group 1-169,text,true,,58880,389,96,96,https://pabsa.impressicocrm.com/api/tournament?limit=12&pageNumber=1&sportType=&tournamentName=&tournamentStyle=,644,0,0
1680593956952,837,Home page ,200,OK,Knock_out_Thread Group 1-180,text,true,,3033,309,96,96,https://pabsa.impressicocrm.com/,837,0,223
1680593957386,406,Get single knockout Player details,200,,Knock_out_Thread Group 1-106,text,true,,1210,326,96,96,https://pabsa.impressicocrm.com/api/player/110368,406,0,0
1680593956974,818,Get Home page currency,200,,Knock_out_Thread Group 1-159,text,true,,9160,321,96,96,https://pabsa.impressicocrm.com/api/currency,818,0,0
1680593956365,1427,Get tournamnent list ,200,,Knock_out_Thread Group 1-158,text,true,,58880,389,96,96,https://pabsa.impressicocrm.com/api/tournament?limit=12&pageNumber=1&sportType=&tournamentName=&tournamentStyle=,533,0,0
1680593957344,451,Get Home page country ,200,,Knock_out_Thread Group 1-181,text,true,,17270,320,96,96,https://pabsa.impressicocrm.com/api/country,451,0,0
1680593957081,714,Get tournament result,200,,Knock_out_Thread Group 1-91,text,true,,5441,338,96,96,https://pabsa.impressicocrm.com/api/tournament/119922/matches,714,0,0
1680593957077,722,Get Players schedule,200,,Knock_out_Thread Group 1-99,text,true,,5441,338,96,96,https://pabsa.impressicocrm.com/api/tournament/119922/matches,722,0,0
1680593956903,896,Get Break list ,200,,Knock_out_Thread Group 1-104,text,true,,3218,338,96,96,https://pabsa.impressicocrm.com/api/tournament/119922/players,896,0,0
1680593957321,478,Get Break list ,200,,Knock_out_Thread Group 1-155,text,true,,3218,338,96,96,https://pabsa.impressicocrm.com/api/tournament/119922/players,478,0,0
1680593957289,510,Get Players list ,200,,Knock_out_Thread Group 1-150,text,true,,3218,338,96,96,https://pabsa.impressicocrm.com/api/tournament/119922/players,510,0,0
1680593956920,912,Get Home page currency,200,,Knock_out_Thread Group 1-144,text,true,,9160,321,96,96,https://pabsa.impressicocrm.com/api/currency,912,0,0
1680593957682,168,Get Players list ,200,,Knock_out_Thread Group 1-132,text,true,,3218,338,96,96,https://pabsa.impressicocrm.com/api/tournament/119922/players,168,0,0
1680593957187,670,Get Players schedule,200,,Knock_out_Thread Group 1-140,text,true,,5441,338,97,97,https://pabsa.impressicocrm.com/api/tournament/119922/matches,670,0,0
1680593957369,492,Get Break list ,200,,Knock_out_Thread Group 1-117,text,true,,3218,338,97,97,https://pabsa.impressicocrm.com/api/tournament/119922/players,492,0,0
1680593955937,1929,Get tournamnent list ,200,,Knock_out_Thread Group 1-152,text,true,,58880,389,97,97,https://pabsa.impressicocrm.com/api/tournament?limit=12&pageNumber=1&sportType=&tournamentName=&tournamentStyle=,590,0,0
1680593957325,547,Get Home page currency,200,,Knock_out_Thread Group 1-80,text,true,,9160,321,97,97,https://pabsa.impressicocrm.com/api/currency,547,0,0
1680593957555,321,Home page ,200,OK,Knock_out_Thread Group 1-186,text,true,,3033,309,97,97,https://pabsa.impressicocrm.com/,321,0,245
1680593955757,2121,Get tournamnent list ,200,,Knock_out_Thread Group 1-157,text,true,,58865,389,97,97,https://pabsa.impressicocrm.com/api/tournament?limit=12&pageNumber=1&sportType=&tournamentName=&tournamentStyle=,839,0,0
1680593957375,503,Get Players list ,200,,Knock_out_Thread Group 1-145,text,true,,3218,338,97,97,https://pabsa.impressicocrm.com/api/tournament/119922/players,503,0,0
1680593956787,1122,Get Players schedule,200,,Knock_out_Thread Group 1-119,text,true,,5441,338,97,97,https://pabsa.impressicocrm.com/api/tournament/119922/matches,1122,0,0
1680593957453,460,Home page ,200,OK,Knock_out_Thread Group 1-185,text,true,,3033,309,97,97,https://pabsa.impressicocrm.com/,459,0,356
1680593957215,711,Get Home page currency,200,,Knock_out_Thread Group 1-139,text,true,,9160,321,97,97,https://pabsa.impressicocrm.com/api/currency,711,0,0
1680593957234,692,Get single knockout Player details,200,,Knock_out_Thread Group 1-105,text,true,,1210,326,97,97,https://pabsa.impressicocrm.com/api/player/110368,692,0,0
1680593956423,1503,Get tournamnent list ,200,,Knock_out_Thread Group 1-160,text,true,,58880,389,97,97,https://pabsa.impressicocrm.com/api/tournament?limit=12&pageNumber=1&sportType=&tournamentName=&tournamentStyle=,619,0,0
1680593956381,1544,Get tournamnent list ,200,,Knock_out_Thread Group 1-166,text,true,,58888,389,97,97,https://pabsa.impressicocrm.com/api/tournament?limit=12&pageNumber=1&sportType=&tournamentName=&tournamentStyle=,590,0,0
1680593957408,573,Get Players schedule,200,,Knock_out_Thread Group 1-133,text,true,,5441,338,98,98,https://pabsa.impressicocrm.com/api/tournament/119922/matches,573,0,0
1680593957415,587,Get knockout players list ,200,,Knock_out_Thread Group 1-111,text,true,,4598,340,98,98,https://pabsa.impressicocrm.com/api/tournament/118871/knockouts,587,0,0
1680593957494,539,Get single knockout Player details,200,,Knock_out_Thread Group 1-75,text,true,,1210,326,98,98,https://pabsa.impressicocrm.com/api/player/110368,539,0,0
1680593956908,1135,Get tournamnent list ,200,,Knock_out_Thread Group 1-171,text,true,,58888,389,98,98,https://pabsa.impressicocrm.com/api/tournament?limit=12&pageNumber=1&sportType=&tournamentName=&tournamentStyle=,547,0,0
1680593957366,683,Get Players schedule,200,,Knock_out_Thread Group 1-127,text,true,,5441,338,98,98,https://pabsa.impressicocrm.com/api/tournament/119922/matches,683,0,0
1680593957425,627,Get Break list ,200,,Knock_out_Thread Group 1-116,text,true,,3218,338,99,99,https://pabsa.impressicocrm.com/api/tournament/119922/players,627,0,0
1680593943969,14083,Get tournamnent list ,200,,Knock_out_Thread Group 1-38,text,true,,58880,389,99,99,https://pabsa.impressicocrm.com/api/tournament?limit=12&pageNumber=1&sportType=&tournamentName=&tournamentStyle=,13386,0,0
1680593957448,616,Get Players schedule,200,,Knock_out_Thread Group 1-134,text,true,,5435,338,99,99,https://pabsa.impressicocrm.com/api/tournament/119922/matches,616,0,0
1680593957514,578,Get Home page currency,200,,Knock_out_Thread Group 1-135,text,true,,9160,321,99,99,https://pabsa.impressicocrm.com/api/currency,578,0,0
1680593957514,624,Get playerA_Vs_playerB,200,,Knock_out_Thread Group 1-89,text,true,,1239,341,99,99,https://pabsa.impressicocrm.com/api/tournament/matchScore/147598,624,0,0
1680593957248,891,Get Break list ,200,,Knock_out_Thread Group 1-126,text,true,,3218,338,99,99,https://pabsa.impressicocrm.com/api/tournament/119922/players,891,0,0
1680593957339,805,Get Home page currency,200,,Knock_out_Thread Group 1-147,text,true,,9160,321,98,98,https://pabsa.impressicocrm.com/api/currency,805,0,0
1680593957458,696,Get Players list ,200,,Knock_out_Thread Group 1-120,text,true,,3218,338,99,99,https://pabsa.impressicocrm.com/api/tournament/119922/players,696,0,0
1680593957595,561,Get Players list ,200,,Knock_out_Thread Group 1-153,text,true,,3218,338,99,99,https://pabsa.impressicocrm.com/api/tournament/119922/players,561,0,0
1680593957595,617,Get Players schedule,200,,Knock_out_Thread Group 1-114,text,true,,5435,338,99,99,https://pabsa.impressicocrm.com/api/tournament/119922/matches,617,0,0
1680593957674,547,Get single knockout Player details,200,,Knock_out_Thread Group 1-121,text,true,,1210,326,99,99,https://pabsa.impressicocrm.com/api/player/110368,547,0,0
1680593955117,3120,Get tournamnent list ,200,,Knock_out_Thread Group 1-137,text,true,,58880,389,99,99,https://pabsa.impressicocrm.com/api/tournament?limit=12&pageNumber=1&sportType=&tournamentName=&tournamentStyle=,854,0,0
1680593957419,825,Get single knockout Player details,200,,Knock_out_Thread Group 1-122,text,true,,1210,326,99,99,https://pabsa.impressicocrm.com/api/player/110368,825,0,0
1680593957686,558,Get knockout players list ,200,,Knock_out_Thread Group 1-148,text,true,,4598,340,99,99,https://pabsa.impressicocrm.com/api/tournament/118871/knockouts,558,0,0
1680593957679,604,Get Break list ,200,,Knock_out_Thread Group 1-136,text,true,,3218,338,100,100,https://pabsa.impressicocrm.com/api/tournament/119922/players,604,0,0
1680593957683,618,Get Players list ,200,,Knock_out_Thread Group 1-156,text,true,,3218,338,100,100,https://pabsa.impressicocrm.com/api/tournament/119922/players,618,0,0
1680593957448,853,Get Players list ,200,,Knock_out_Thread Group 1-131,text,true,,3218,338,100,100,https://pabsa.impressicocrm.com/api/tournament/119922/players,853,0,0
1680593957637,665,Get Break list ,200,,Knock_out_Thread Group 1-118,text,true,,3218,338,100,100,https://pabsa.impressicocrm.com/api/tournament/119922/players,665,0,0
1680593957599,711,Get Players list ,200,,Knock_out_Thread Group 1-141,text,true,,3218,338,100,100,https://pabsa.impressicocrm.com/api/tournament/119922/players,711,0,0
1680593957672,645,Get Break list ,200,,Knock_out_Thread Group 1-109,text,true,,3218,338,100,100,https://pabsa.impressicocrm.com/api/tournament/119922/players,645,0,0
1680593957342,975,Get Players schedule,200,,Knock_out_Thread Group 1-138,text,true,,5441,338,100,100,https://pabsa.impressicocrm.com/api/tournament/119922/matches,975,0,0
1680593957682,639,Get knockout players list ,200,,Knock_out_Thread Group 1-123,text,true,,4598,340,100,100,https://pabsa.impressicocrm.com/api/tournament/118871/knockouts,639,0,0
1680593957690,636,Get Break list ,200,,Knock_out_Thread Group 1-151,text,true,,3218,338,100,100,https://pabsa.impressicocrm.com/api/tournament/119922/players,636,0,0
1680593957595,739,Get single knockout Player details,200,,Knock_out_Thread Group 1-103,text,true,,1210,326,100,100,https://pabsa.impressicocrm.com/api/player/110368,739,0,0
1680593956998,1336,Get tournamnent list ,200,,Knock_out_Thread Group 1-170,text,true,,58888,389,100,100,https://pabsa.impressicocrm.com/api/tournament?limit=12&pageNumber=1&sportType=&tournamentName=&tournamentStyle=,434,0,0
1680593957352,989,Get single knockout Player details,200,,Knock_out_Thread Group 1-93,text,true,,1210,326,100,100,https://pabsa.impressicocrm.com/api/player/110368,989,0,0
1680593957078,1265,Get Home page country ,200,,Knock_out_Thread Group 1-178,text,true,,17270,320,100,100,https://pabsa.impressicocrm.com/api/country,1205,0,0
1680593957375,969,Get Break list ,200,,Knock_out_Thread Group 1-124,text,true,,3218,338,100,100,https://pabsa.impressicocrm.com/api/tournament/119922/players,969,0,0
1680593958053,314,Home page ,200,OK,Knock_out_Thread Group 1-191,text,true,,3033,309,101,101,https://pabsa.impressicocrm.com/,314,0,245
1680593957078,1296,Get Break list ,200,,Knock_out_Thread Group 1-83,text,true,,3218,338,101,101,https://pabsa.impressicocrm.com/api/tournament/119922/players,1296,0,0
1680593956124,2285,Get tournamnent list ,200,,Knock_out_Thread Group 1-163,text,true,,58888,389,101,101,https://pabsa.impressicocrm.com/api/tournament?limit=12&pageNumber=1&sportType=&tournamentName=&tournamentStyle=,784,0,0
1680593957796,617,Get playerA_Vs_playerB,200,,Knock_out_Thread Group 1-91,text,true,,1239,341,101,101,https://pabsa.impressicocrm.com/api/tournament/matchScore/147598,617,0,0
1680593957536,877,Get Players schedule,200,,Knock_out_Thread Group 1-125,text,true,,5441,338,101,101,https://pabsa.impressicocrm.com/api/tournament/119922/matches,877,0,0
1680593957215,1198,Get tournamnent list ,200,,Knock_out_Thread Group 1-175,text,true,,58880,389,101,101,https://pabsa.impressicocrm.com/api/tournament?limit=12&pageNumber=1&sportType=&tournamentName=&tournamentStyle=,635,0,0
1680593957352,1066,Home page ,200,OK,Knock_out_Thread Group 1-184,text,true,,3033,309,100,100,https://pabsa.impressicocrm.com/,1066,0,566
1680593957576,845,Get Break list ,200,,Knock_out_Thread Group 1-128,text,true,,3218,338,100,100,https://pabsa.impressicocrm.com/api/tournament/119922/players,845,0,0
1680593957369,1092,Get Home page currency,200,,Knock_out_Thread Group 1-143,text,true,,9160,321,101,101,https://pabsa.impressicocrm.com/api/currency,1092,0,0
1680593957857,604,Get knockout players list ,200,,Knock_out_Thread Group 1-140,text,true,,4598,340,101,101,https://pabsa.impressicocrm.com/api/tournament/118871/knockouts,604,0,0
1680593957575,898,Get Home page currency,200,,Knock_out_Thread Group 1-173,text,true,,9160,321,101,101,https://pabsa.impressicocrm.com/api/currency,898,0,0
1680593957793,682,Get Home page currency,200,,Knock_out_Thread Group 1-158,text,true,,9160,321,101,101,https://pabsa.impressicocrm.com/api/currency,682,0,0
1680593957752,727,Home page ,200,OK,Knock_out_Thread Group 1-188,text,true,,3033,309,101,101,https://pabsa.impressicocrm.com/,726,0,229
1680593957755,726,Get Players schedule,200,,Knock_out_Thread Group 1-107,text,true,,5441,338,101,101,https://pabsa.impressicocrm.com/api/tournament/119922/matches,726,0,0
1680593957652,838,Home page ,200,OK,Knock_out_Thread Group 1-187,text,true,,3033,309,101,101,https://pabsa.impressicocrm.com/,837,0,257
1680593957723,775,Get tournament result,200,,Knock_out_Thread Group 1-102,text,true,,5441,338,101,101,https://pabsa.impressicocrm.com/api/tournament/119922/matches,775,0,0
1680593957348,1156,Get tournament result,200,,Knock_out_Thread Group 1-94,text,true,,5441,338,101,101,https://pabsa.impressicocrm.com/api/tournament/119922/matches,1156,0,0
1680593957793,711,Get Players list ,200,,Knock_out_Thread Group 1-159,text,true,,3218,338,101,101,https://pabsa.impressicocrm.com/api/tournament/119922/players,711,0,0
1680593957759,754,Get Players list ,200,,Knock_out_Thread Group 1-108,text,true,,3218,338,101,101,https://pabsa.impressicocrm.com/api/tournament/119922/players,754,0,0
1680593957761,762,Get Home page currency,200,,Knock_out_Thread Group 1-169,text,true,,9160,321,101,101,https://pabsa.impressicocrm.com/api/currency,762,0,0
1680593957470,1053,Get tournament result,200,,Knock_out_Thread Group 1-112,text,true,,5435,338,101,101,https://pabsa.impressicocrm.com/api/tournament/119922/matches,1053,0,0
1680593957251,1275,Home page ,200,OK,Knock_out_Thread Group 1-183,text,true,,3033,309,101,101,https://pabsa.impressicocrm.com/,1274,0,189
1680593957800,737,Get knockout players list ,200,,Knock_out_Thread Group 1-99,text,true,,4598,340,101,101,https://pabsa.impressicocrm.com/api/tournament/118871/knockouts,737,0,0
1680593957872,683,Get Players list ,200,,Knock_out_Thread Group 1-80,text,true,,3218,338,102,102,https://pabsa.impressicocrm.com/api/tournament/119922/players,683,0,0
1680593957850,710,Get Break list ,200,,Knock_out_Thread Group 1-132,text,true,,3218,338,102,102,https://pabsa.impressicocrm.com/api/tournament/119922/players,710,0,0
1680593957832,731,Get Players list ,200,,Knock_out_Thread Group 1-144,text,true,,3218,338,102,102,https://pabsa.impressicocrm.com/api/tournament/119922/players,731,0,0
1680593957878,696,Get Break list ,200,,Knock_out_Thread Group 1-145,text,true,,3218,338,102,102,https://pabsa.impressicocrm.com/api/tournament/119922/players,696,0,0
1680593958003,573,Get single knockout Player details,200,,Knock_out_Thread Group 1-111,text,true,,1210,326,102,102,https://pabsa.impressicocrm.com/api/player/110368,573,0,0
1680593957867,711,Get Home page currency,200,,Knock_out_Thread Group 1-152,text,true,,9153,321,102,102,https://pabsa.impressicocrm.com/api/currency,711,0,0
1680593957878,755,Get Home page currency,200,,Knock_out_Thread Group 1-157,text,true,,9160,321,102,102,https://pabsa.impressicocrm.com/api/currency,755,0,0
1680593958352,282,Home page ,200,OK,Knock_out_Thread Group 1-194,text,true,,3033,309,102,102,https://pabsa.impressicocrm.com/,281,0,212
1680593957926,713,Get Home page currency,200,,Knock_out_Thread Group 1-160,text,true,,9160,321,102,102,https://pabsa.impressicocrm.com/api/currency,713,0,0
1680593958064,581,Get knockout players list ,200,,Knock_out_Thread Group 1-134,text,true,,4598,340,102,102,https://pabsa.impressicocrm.com/api/tournament/118871/knockouts,581,0,0
1680593957877,772,Get Home page country ,200,,Knock_out_Thread Group 1-186,text,true,,17255,320,102,102,https://pabsa.impressicocrm.com/api/country,772,0,0
1680593957927,722,Get Home page currency,200,,Knock_out_Thread Group 1-166,text,true,,9160,321,102,102,https://pabsa.impressicocrm.com/api/currency,722,0,0
1680593957926,788,Get Players list ,200,,Knock_out_Thread Group 1-139,text,true,,3218,338,103,103,https://pabsa.impressicocrm.com/api/tournament/119922/players,788,0,0
1680593957913,802,Get Home page country ,200,,Knock_out_Thread Group 1-185,text,true,,17270,320,103,103,https://pabsa.impressicocrm.com/api/country,802,0,0
1680593957673,1045,Get Home page country ,200,,Knock_out_Thread Group 1-172,text,true,,17270,320,103,103,https://pabsa.impressicocrm.com/api/country,1045,0,0
1680593958213,524,Get knockout players list ,200,,Knock_out_Thread Group 1-114,text,true,,4598,340,103,103,https://pabsa.impressicocrm.com/api/tournament/118871/knockouts,524,0,0
1680593958050,695,Get knockout players list ,200,,Knock_out_Thread Group 1-127,text,true,,4598,340,103,103,https://pabsa.impressicocrm.com/api/tournament/118871/knockouts,695,0,0
1680593958245,504,Get single knockout Player details,200,,Knock_out_Thread Group 1-148,text,true,,1210,326,103,103,https://pabsa.impressicocrm.com/api/player/110368,504,0,0
1680593958033,716,Get tournament result,200,,Knock_out_Thread Group 1-75,text,true,,5441,338,103,103,https://pabsa.impressicocrm.com/api/tournament/119922/matches,716,0,0
1680593957793,959,Get tournament result,200,,Knock_out_Thread Group 1-106,text,true,,5441,338,104,104,https://pabsa.impressicocrm.com/api/tournament/119922/matches,959,0,0
1680593958157,609,Get Break list ,200,,Knock_out_Thread Group 1-153,text,true,,3218,338,104,104,https://pabsa.impressicocrm.com/api/tournament/119922/players,609,0,0
1680593957790,1007,Get Home page country ,200,,Knock_out_Thread Group 1-180,text,true,,17270,320,104,104,https://pabsa.impressicocrm.com/api/country,1007,0,0
1680593958154,643,Home page ,200,OK,Knock_out_Thread Group 1-192,text,true,,3033,309,104,104,https://pabsa.impressicocrm.com/,643,0,551
1680593957748,1062,Get Break list ,200,,Knock_out_Thread Group 1-142,text,true,,3218,338,104,104,https://pabsa.impressicocrm.com/api/tournament/119922/players,1062,0,0
1680593957800,1015,Get Players schedule,200,,Knock_out_Thread Group 1-104,text,true,,5441,338,104,104,https://pabsa.impressicocrm.com/api/tournament/119922/matches,1015,0,0
1680593957861,957,Get Players schedule,200,,Knock_out_Thread Group 1-117,text,true,,5441,338,104,104,https://pabsa.impressicocrm.com/api/tournament/119922/matches,957,0,0
1680593958302,525,Get Break list ,200,,Knock_out_Thread Group 1-156,text,true,,3218,338,104,104,https://pabsa.impressicocrm.com/api/tournament/119922/players,524,0,0
1680593958155,672,Get Break list ,200,,Knock_out_Thread Group 1-120,text,true,,3218,338,104,104,https://pabsa.impressicocrm.com/api/tournament/119922/players,671,0,0
1680593958322,527,Get single knockout Player details,200,,Knock_out_Thread Group 1-123,text,true,,1210,326,104,104,https://pabsa.impressicocrm.com/api/player/110368,527,0,0
1680593958311,538,Get Break list ,200,,Knock_out_Thread Group 1-141,text,true,,3218,338,104,104,https://pabsa.impressicocrm.com/api/tournament/119922/players,538,0,0
1680593958254,620,Home page ,200,OK,Knock_out_Thread Group 1-193,text,true,,3033,309,105,105,https://pabsa.impressicocrm.com/,619,0,543
1680593955529,3350,Get tournamnent list ,200,,Knock_out_Thread Group 1-149,text,true,,58888,389,105,105,https://pabsa.impressicocrm.com/api/tournament?limit=12&pageNumber=1&sportType=&tournamentName=&tournamentStyle=,2065,0,0
1680593957909,971,Get knockout players list ,200,,Knock_out_Thread Group 1-119,text,true,,4598,340,105,105,https://pabsa.impressicocrm.com/api/tournament/118871/knockouts,970,0,0
1680593957926,965,Get tournament result,200,,Knock_out_Thread Group 1-105,text,true,,5435,338,105,105,https://pabsa.impressicocrm.com/api/tournament/119922/matches,965,0,0
1680593958238,662,Get Home page currency,200,,Knock_out_Thread Group 1-137,text,true,,9160,321,105,105,https://pabsa.impressicocrm.com/api/currency,661,0,0
1680593958053,863,Get Players schedule,200,,Knock_out_Thread Group 1-116,text,true,,5441,338,105,105,https://pabsa.impressicocrm.com/api/tournament/119922/matches,863,0,0
1680593958302,614,Get Break list ,200,,Knock_out_Thread Group 1-131,text,true,,3218,338,105,105,https://pabsa.impressicocrm.com/api/tournament/119922/players,614,0,0
1680593958317,622,Get knockout players list ,200,,Knock_out_Thread Group 1-138,text,true,,4598,340,105,105,https://pabsa.impressicocrm.com/api/tournament/118871/knockouts,622,0,0
1680593958053,914,Get Home page currency,200,,Knock_out_Thread Group 1-38,text,true,,9153,321,106,106,https://pabsa.impressicocrm.com/api/currency,914,0,0
1680593958093,890,Get Players list ,200,,Knock_out_Thread Group 1-135,text,true,,3218,338,106,106,https://pabsa.impressicocrm.com/api/tournament/119922/players,890,0,0
1680593958653,344,Home page ,200,OK,Knock_out_Thread Group 1-197,text,true,,3033,309,106,106,https://pabsa.impressicocrm.com/,343,0,263
1680593957981,1029,Get knockout players list ,200,,Knock_out_Thread Group 1-133,text,true,,4598,340,106,106,https://pabsa.impressicocrm.com/api/tournament/118871/knockouts,1029,0,0
1680593958140,877,Get Players schedule,200,,Knock_out_Thread Group 1-126,text,true,,5441,338,106,106,https://pabsa.impressicocrm.com/api/tournament/119922/matches,877,0,0
1680593957532,1508,Get knockout players list ,200,,Knock_out_Thread Group 1-130,text,true,,4598,340,106,106,https://pabsa.impressicocrm.com/api/tournament/118871/knockouts,1508,0,0
1680593957953,1095,Home page ,200,OK,Knock_out_Thread Group 1-190,text,true,,3033,309,106,106,https://pabsa.impressicocrm.com/,1095,0,927
1680593958752,307,Home page ,200,OK,Knock_out_Thread Group 1-198,text,true,,3033,309,107,107,https://pabsa.impressicocrm.com/,307,0,236
1680593957381,1685,Get tournamnent list ,200,,Knock_out_Thread Group 1-167,text,true,,58880,389,107,107,https://pabsa.impressicocrm.com/api/tournament?limit=12&pageNumber=1&sportType=&tournamentName=&tournamentStyle=,899,0,0
1680593958335,783,Get tournament result,200,,Knock_out_Thread Group 1-103,text,true,,5441,338,107,107,https://pabsa.impressicocrm.com/api/tournament/119922/matches,783,0,0
1680593959010,111,Get single knockout Player details,200,,Knock_out_Thread Group 1-133,text,true,,1210,326,107,107,https://pabsa.impressicocrm.com/api/player/110368,111,0,0
1680593957575,1558,Get tournamnent list ,200,,Knock_out_Thread Group 1-165,text,true,,58880,389,107,107,https://pabsa.impressicocrm.com/api/tournament?limit=12&pageNumber=1&sportType=&tournamentName=&tournamentStyle=,941,0,0
1680593958221,923,Get tournament result,200,,Knock_out_Thread Group 1-121,text,true,,5441,338,107,107,https://pabsa.impressicocrm.com/api/tournament/119922/matches,923,0,0
1680593958474,670,Get Players list ,200,,Knock_out_Thread Group 1-173,text,true,,3218,338,107,107,https://pabsa.impressicocrm.com/api/tournament/119922/players,670,0,0
1680593958303,846,Get Players schedule,200,,Knock_out_Thread Group 1-118,text,true,,5441,338,107,107,https://pabsa.impressicocrm.com/api/tournament/119922/matches,846,0,0
1680593958537,628,Get single knockout Player details,200,,Knock_out_Thread Group 1-99,text,true,,1210,326,108,108,https://pabsa.impressicocrm.com/api/player/110368,628,0,0
1680593958475,690,Get Players list ,200,,Knock_out_Thread Group 1-158,text,true,,3218,338,108,108,https://pabsa.impressicocrm.com/api/tournament/119922/players,690,0,0
1680593958414,754,Get knockout players list ,200,,Knock_out_Thread Group 1-125,text,true,,4598,340,108,108,https://pabsa.impressicocrm.com/api/tournament/118871/knockouts,754,0,0
1680593958505,672,Get playerA_Vs_playerB,200,,Knock_out_Thread Group 1-94,text,true,,1239,341,108,108,https://pabsa.impressicocrm.com/api/tournament/matchScore/147598,672,0,0
1680593958317,861,Get Players schedule,200,,Knock_out_Thread Group 1-109,text,true,,5435,338,108,108,https://pabsa.impressicocrm.com/api/tournament/119922/matches,861,0,0
1680593958462,724,Get Players list ,200,,Knock_out_Thread Group 1-143,text,true,,3218,338,107,107,https://pabsa.impressicocrm.com/api/tournament/119922/players,724,0,0
1680593958505,687,Get Break list ,200,,Knock_out_Thread Group 1-159,text,true,,3218,338,107,107,https://pabsa.impressicocrm.com/api/tournament/119922/players,687,0,0
1680593958523,669,Get playerA_Vs_playerB,200,,Knock_out_Thread Group 1-112,text,true,,1239,341,107,107,https://pabsa.impressicocrm.com/api/tournament/matchScore/147598,669,0,0
1680593958327,877,Get Players schedule,200,,Knock_out_Thread Group 1-151,text,true,,5441,338,106,106,https://pabsa.impressicocrm.com/api/tournament/119922/matches,877,0,0
1680593957492,1718,Get Home page country ,200,,Knock_out_Thread Group 1-182,text,true,,17270,320,106,106,https://pabsa.impressicocrm.com/api/country,1718,0,0
1680593958344,879,Get Players schedule,200,,Knock_out_Thread Group 1-124,text,true,,5441,338,106,106,https://pabsa.impressicocrm.com/api/tournament/119922/matches,879,0,0
1680593958342,881,Get tournament result,200,,Knock_out_Thread Group 1-93,text,true,,5441,338,106,106,https://pabsa.impressicocrm.com/api/tournament/119922/matches,881,0,0
1680593956395,2836,Get tournamnent list ,200,,Knock_out_Thread Group 1-154,text,true,,58880,389,106,106,https://pabsa.impressicocrm.com/api/tournament?limit=12&pageNumber=1&sportType=&tournamentName=&tournamentStyle=,919,0,0
1680593958556,682,Get Break list ,200,,Knock_out_Thread Group 1-80,text,true,,3218,338,106,106,https://pabsa.impressicocrm.com/api/tournament/119922/players,682,0,0
1680593958482,756,Get knockout players list ,200,,Knock_out_Thread Group 1-107,text,true,,4598,340,106,106,https://pabsa.impressicocrm.com/api/tournament/118871/knockouts,756,0,0
1680593958523,723,Get Players list ,200,,Knock_out_Thread Group 1-169,text,true,,3218,338,106,106,https://pabsa.impressicocrm.com/api/tournament/119922/players,723,0,0
1680593958646,623,Get single knockout Player details,200,,Knock_out_Thread Group 1-134,text,true,,1210,326,107,107,https://pabsa.impressicocrm.com/api/player/110368,623,0,0
1680593958554,716,Home page ,200,OK,Knock_out_Thread Group 1-196,text,true,,3033,309,107,107,https://pabsa.impressicocrm.com/,715,0,547
1680593958854,416,Home page ,200,OK,Knock_out_Thread Group 1-199,text,true,,3033,309,107,107,https://pabsa.impressicocrm.com/,415,0,225
1680593958410,864,Get Home page currency,200,,Knock_out_Thread Group 1-163,text,true,,9160,321,107,107,https://pabsa.impressicocrm.com/api/currency,864,0,0
1680593957672,1602,Get tournamnent list ,200,,Knock_out_Thread Group 1-162,text,true,,58880,389,107,107,https://pabsa.impressicocrm.com/api/tournament?limit=12&pageNumber=1&sportType=&tournamentName=&tournamentStyle=,977,0,0
1680593958527,747,Get Home page country ,200,,Knock_out_Thread Group 1-183,text,true,,17270,320,107,107,https://pabsa.impressicocrm.com/api/country,747,0,0
1680593958145,1129,Get Players list ,200,,Knock_out_Thread Group 1-147,text,true,,3218,338,107,107,https://pabsa.impressicocrm.com/api/tournament/119922/players,1129,0,0
1680593958958,317,Home page ,200,OK,Knock_out_Thread Group 1-200,text,true,,3033,309,107,107,https://pabsa.impressicocrm.com/,316,0,229
1680593958044,1249,Get Home page currency,200,,Knock_out_Thread Group 1-171,text,true,,9160,321,107,107,https://pabsa.impressicocrm.com/api/currency,1249,0,0
1680593958639,669,Get Players list ,200,,Knock_out_Thread Group 1-160,text,true,,3218,338,107,107,https://pabsa.impressicocrm.com/api/tournament/119922/players,669,0,0
1680593958563,757,Get Break list ,200,,Knock_out_Thread Group 1-144,text,true,,3218,338,107,107,https://pabsa.impressicocrm.com/api/tournament/119922/players,757,0,0
1680593957796,1536,Get tournamnent list ,200,,Knock_out_Thread Group 1-181,text,true,,58888,389,107,107,https://pabsa.impressicocrm.com/api/tournament?limit=12&pageNumber=1&sportType=&tournamentName=&tournamentStyle=,909,0,0
1680593958738,600,Get single knockout Player details,200,,Knock_out_Thread Group 1-114,text,true,,1210,326,107,107,https://pabsa.impressicocrm.com/api/player/110368,600,0,0
1680593958578,769,Get Players list ,200,,Knock_out_Thread Group 1-152,text,true,,3218,338,107,107,https://pabsa.impressicocrm.com/api/tournament/119922/players,769,0,0
1680593958335,1026,Get Home page currency,200,,Knock_out_Thread Group 1-170,text,true,,9160,321,108,108,https://pabsa.impressicocrm.com/api/currency,1026,0,0
1680593958462,902,Get single knockout Player details,200,,Knock_out_Thread Group 1-140,text,true,,1210,326,108,108,https://pabsa.impressicocrm.com/api/player/110368,902,0,0
1680593957800,1566,Get Players schedule,200,,Knock_out_Thread Group 1-155,text,true,,5441,338,108,108,https://pabsa.impressicocrm.com/api/tournament/119922/matches,1566,0,0
1680593958514,852,Get Break list ,200,,Knock_out_Thread Group 1-108,text,true,,3218,338,108,108,https://pabsa.impressicocrm.com/api/tournament/119922/players,852,0,0
1680593958244,1155,Get tournament result,200,,Knock_out_Thread Group 1-122,text,true,,5441,338,108,108,https://pabsa.impressicocrm.com/api/tournament/119922/matches,1155,0,0
1680593958752,648,Get playerA_Vs_playerB,200,,Knock_out_Thread Group 1-106,text,true,,1239,341,108,108,https://pabsa.impressicocrm.com/api/tournament/matchScore/147598,648,0,0
1680593958374,1029,Get Players schedule,200,,Knock_out_Thread Group 1-83,text,true,,5435,338,107,107,https://pabsa.impressicocrm.com/api/tournament/119922/matches,1029,0,0
1680593958283,1120,Get Players schedule,200,,Knock_out_Thread Group 1-136,text,true,,5441,338,107,107,https://pabsa.impressicocrm.com/api/tournament/119922/matches,1120,0,0
1680593957077,2328,Get tournamnent list ,200,,Knock_out_Thread Group 1-164,text,true,,58880,389,107,107,https://pabsa.impressicocrm.com/api/tournament?limit=12&pageNumber=1&sportType=&tournamentName=&tournamentStyle=,1418,0,0
1680593958561,848,Get Players schedule,200,,Knock_out_Thread Group 1-132,text,true,,5441,338,107,107,https://pabsa.impressicocrm.com/api/tournament/119922/matches,848,0,0
1680593958749,681,Get playerA_Vs_playerB,200,,Knock_out_Thread Group 1-75,text,true,,1239,341,107,107,https://pabsa.impressicocrm.com/api/tournament/matchScore/147598,681,0,0
1680593957326,2104,Get tournamnent list ,200,,Knock_out_Thread Group 1-161,text,true,,58880,389,107,107,https://pabsa.impressicocrm.com/api/tournament?limit=12&pageNumber=1&sportType=&tournamentName=&tournamentStyle=,952,0,0
1680593958414,1019,Get Home page currency,200,,Knock_out_Thread Group 1-175,text,true,,9160,321,106,106,https://pabsa.impressicocrm.com/api/currency,1019,0,0
1680593955340,4093,Get tournamnent list ,200,,Knock_out_Thread Group 1-146,text,true,,58880,389,106,106,https://pabsa.impressicocrm.com/api/tournament?limit=12&pageNumber=1&sportType=&tournamentName=&tournamentStyle=,1702,0,0
1680593957854,1610,Home page ,200,OK,Knock_out_Thread Group 1-189,text,true,,3033,309,107,107,https://pabsa.impressicocrm.com/,1609,0,1235
1680593958714,751,Get Break list ,200,,Knock_out_Thread Group 1-139,text,true,,3218,338,107,107,https://pabsa.impressicocrm.com/api/tournament/119922/players,751,0,0
1680593958575,896,Get Players schedule,200,,Knock_out_Thread Group 1-145,text,true,,5441,338,107,107,https://pabsa.impressicocrm.com/api/tournament/119922/matches,896,0,0
1680593958815,656,Get knockout players list ,200,,Knock_out_Thread Group 1-104,text,true,,4598,340,107,107,https://pabsa.impressicocrm.com/api/tournament/118871/knockouts,656,0,0
1680593959157,315,Home page ,200,OK,Knock_out_Thread Group 1-202,text,true,,3033,309,107,107,https://pabsa.impressicocrm.com/,314,0,236
1680593958491,998,Get Home page country ,200,,Knock_out_Thread Group 1-187,text,true,,17270,320,107,107,https://pabsa.impressicocrm.com/api/country,926,0,0
1680593958368,1127,Get Home page country ,200,,Knock_out_Thread Group 1-191,text,true,,17270,320,107,107,https://pabsa.impressicocrm.com/api/country,1127,0,0
1680593959052,451,Home page ,200,OK,Knock_out_Thread Group 1-201,text,true,,3033,309,107,107,https://pabsa.impressicocrm.com/,451,0,371
1680593958818,689,Get knockout players list ,200,,Knock_out_Thread Group 1-117,text,true,,4598,340,107,107,https://pabsa.impressicocrm.com/api/tournament/118871/knockouts,689,0,0
1680593958798,779,Get Home page country ,200,,Knock_out_Thread Group 1-192,text,true,,17270,320,108,108,https://pabsa.impressicocrm.com/api/country,776,0,0
1680593958880,717,Get single knockout Player details,200,,Knock_out_Thread Group 1-119,text,true,,1210,326,108,108,https://pabsa.impressicocrm.com/api/player/110368,717,0,0
1680593958479,1156,Get Home page country ,200,,Knock_out_Thread Group 1-188,text,true,,17270,320,108,108,https://pabsa.impressicocrm.com/api/country,1156,0,0
1680593958419,1254,Get Home page country ,200,,Knock_out_Thread Group 1-184,text,true,,17270,320,109,109,https://pabsa.impressicocrm.com/api/country,865,0,0
1680593958766,907,Get Players schedule,200,,Knock_out_Thread Group 1-153,text,true,,5441,338,109,109,https://pabsa.impressicocrm.com/api/tournament/119922/matches,907,0,0
1680593958649,1024,Get Players list ,200,,Knock_out_Thread Group 1-166,text,true,,3218,338,109,109,https://pabsa.impressicocrm.com/api/tournament/119922/players,1024,0,0
1680593958634,1045,Get Home page country ,200,,Knock_out_Thread Group 1-194,text,true,,17270,320,109,109,https://pabsa.impressicocrm.com/api/country,1045,0,0
1680593958746,938,Get single knockout Player details,200,,Knock_out_Thread Group 1-127,text,true,,1210,326,109,109,https://pabsa.impressicocrm.com/api/player/110368,938,0,0
1680593958811,873,Get Players schedule,200,,Knock_out_Thread Group 1-142,text,true,,5441,338,109,109,https://pabsa.impressicocrm.com/api/tournament/119922/matches,873,0,0
1680593958422,1265,Get Players schedule,200,,Knock_out_Thread Group 1-128,text,true,,5441,338,109,109,https://pabsa.impressicocrm.com/api/tournament/119922/matches,1265,0,0
1680593958875,836,Get Home page country ,200,,Knock_out_Thread Group 1-193,text,true,,17270,320,109,109,https://pabsa.impressicocrm.com/api/country,836,0,0
1680593953705,6006,Get Home page country ,200,,Knock_out_Thread Group 1-129,text,true,,17270,320,109,109,https://pabsa.impressicocrm.com/api/country,6006,0,0
1680593957683,2028,Get tournamnent list ,200,,Knock_out_Thread Group 1-179,text,true,,58880,389,109,109,https://pabsa.impressicocrm.com/api/tournament?limit=12&pageNumber=1&sportType=&tournamentName=&tournamentStyle=,1022,0,0
1680593958892,825,Get playerA_Vs_playerB,200,,Knock_out_Thread Group 1-105,text,true,,1239,341,109,109,https://pabsa.impressicocrm.com/api/tournament/matchScore/147598,825,0,0
1680593958499,1235,Get playerA_Vs_playerB,200,,Knock_out_Thread Group 1-102,text,true,,1239,341,108,108,https://pabsa.impressicocrm.com/api/tournament/matchScore/147598,1235,0,0
1680593959454,300,Home page ,200,OK,Knock_out_Thread Group 1-205,text,true,,3033,309,108,108,https://pabsa.impressicocrm.com/,300,0,226
1680593959169,589,Get single knockout Player details,200,,Knock_out_Thread Group 1-125,text,true,,1210,326,108,108,https://pabsa.impressicocrm.com/api/player/110368,589,0,0
1680593959059,753,Get Home page country ,200,,Knock_out_Thread Group 1-198,text,true,,17270,320,108,108,https://pabsa.impressicocrm.com/api/country,753,0,0
1680593958827,985,Get Players schedule,200,,Knock_out_Thread Group 1-120,text,true,,5441,338,108,108,https://pabsa.impressicocrm.com/api/tournament/119922/matches,985,0,0
1680593958984,832,Get Break list ,200,,Knock_out_Thread Group 1-135,text,true,,3218,338,108,108,https://pabsa.impressicocrm.com/api/tournament/119922/players,832,0,0
1680593959119,697,Get playerA_Vs_playerB,200,,Knock_out_Thread Group 1-103,text,true,,1239,341,108,108,https://pabsa.impressicocrm.com/api/tournament/matchScore/147598,697,0,0
1680593959239,588,Get single knockout Player details,200,,Knock_out_Thread Group 1-107,text,true,,1210,326,107,107,https://pabsa.impressicocrm.com/api/player/110368,588,0,0
1680593957413,2420,Get tournamnent list ,200,,Knock_out_Thread Group 1-176,text,true,,58880,389,107,107,https://pabsa.impressicocrm.com/api/tournament?limit=12&pageNumber=1&sportType=&tournamentName=&tournamentStyle=,992,0,0
1680593958900,933,Get Players list ,200,,Knock_out_Thread Group 1-137,text,true,,3218,338,107,107,https://pabsa.impressicocrm.com/api/tournament/119922/players,933,0,0
1680593959150,685,Get knockout players list ,200,,Knock_out_Thread Group 1-118,text,true,,4598,340,107,107,https://pabsa.impressicocrm.com/api/tournament/118871/knockouts,685,0,0
1680593959017,823,Get knockout players list ,200,,Knock_out_Thread Group 1-126,text,true,,4598,340,107,107,https://pabsa.impressicocrm.com/api/tournament/118871/knockouts,822,0,0
1680593959178,662,Get knockout players list ,200,,Knock_out_Thread Group 1-109,text,true,,4598,340,107,107,https://pabsa.impressicocrm.com/api/tournament/118871/knockouts,661,0,0
1680593958998,876,Get Home page country ,200,,Knock_out_Thread Group 1-197,text,true,,17270,320,108,108,https://pabsa.impressicocrm.com/api/country,876,0,0
1680593958967,907,Get Players list ,200,,Knock_out_Thread Group 1-38,text,true,,3218,338,108,108,https://pabsa.impressicocrm.com/api/tournament/119922/players,907,0,0
1680593959223,661,Get playerA_Vs_playerB,200,,Knock_out_Thread Group 1-93,text,true,,1239,341,108,108,https://pabsa.impressicocrm.com/api/tournament/matchScore/147598,661,0,0
1680593958850,1034,Get tournament result,200,,Knock_out_Thread Group 1-123,text,true,,5441,338,108,108,https://pabsa.impressicocrm.com/api/tournament/119922/matches,1034,0,0
1680593950586,9305,Get Home page currency,200,,Knock_out_Thread Group 1-69,text,true,,9160,321,107,107,https://pabsa.impressicocrm.com/api/currency,9305,0,0
1680593958916,991,Get knockout players list ,200,,Knock_out_Thread Group 1-116,text,true,,4598,340,107,107,https://pabsa.impressicocrm.com/api/tournament/118871/knockouts,991,0,0
1680593959066,867,Get Home page currency,200,,Knock_out_Thread Group 1-167,text,true,,9160,321,107,107,https://pabsa.impressicocrm.com/api/currency,867,0,0
1680593959187,755,Get Break list ,200,,Knock_out_Thread Group 1-143,text,true,,3218,338,107,107,https://pabsa.impressicocrm.com/api/tournament/119922/players,755,0,0
1680593958749,1193,Get tournament result,200,,Knock_out_Thread Group 1-148,text,true,,5441,338,107,107,https://pabsa.impressicocrm.com/api/tournament/119922/matches,1193,0,0
1680593958850,1105,Get Players schedule,200,,Knock_out_Thread Group 1-141,text,true,,5441,338,108,108,https://pabsa.impressicocrm.com/api/tournament/119922/matches,1105,0,0
1680593959134,833,Get Home page currency,200,,Knock_out_Thread Group 1-165,text,true,,9160,321,108,108,https://pabsa.impressicocrm.com/api/currency,833,0,0
1680593958634,1339,Get Players list ,200,,Knock_out_Thread Group 1-157,text,true,,3218,338,108,108,https://pabsa.impressicocrm.com/api/tournament/119922/players,1339,0,0
1680593958939,1042,Get single knockout Player details,200,,Knock_out_Thread Group 1-138,text,true,,1210,326,108,108,https://pabsa.impressicocrm.com/api/player/110368,1042,0,0
1680593959274,715,Get Players list ,200,,Knock_out_Thread Group 1-163,text,true,,3218,338,108,108,https://pabsa.impressicocrm.com/api/tournament/119922/players,715,0,0
1680593959041,956,Get single knockout Player details,200,,Knock_out_Thread Group 1-130,text,true,,1210,326,108,108,https://pabsa.impressicocrm.com/api/player/110368,956,0,0
1680593959275,726,Get Break list ,200,,Knock_out_Thread Group 1-147,text,true,,3218,338,108,108,https://pabsa.impressicocrm.com/api/tournament/119922/players,726,0,0
1680593959049,958,Get Home page country ,200,,Knock_out_Thread Group 1-190,text,true,,17270,320,108,108,https://pabsa.impressicocrm.com/api/country,921,0,0
1680593957800,2218,Get Break list ,200,,Knock_out_Thread Group 1-150,text,true,,3218,338,108,108,https://pabsa.impressicocrm.com/api/tournament/119922/players,2218,0,0
1680593959275,743,Get Home page country ,200,,Knock_out_Thread Group 1-200,text,true,,17270,320,108,108,https://pabsa.impressicocrm.com/api/country,743,0,0
1680593959204,814,Get knockout players list ,200,,Knock_out_Thread Group 1-151,text,true,,4591,340,108,108,https://pabsa.impressicocrm.com/api/tournament/118871/knockouts,814,0,0
1680593959247,785,Get Break list ,200,,Knock_out_Thread Group 1-169,text,true,,3218,338,108,108,https://pabsa.impressicocrm.com/api/tournament/119922/players,785,0,0
1680593959753,282,Home page ,200,OK,Knock_out_Thread Group 1-208,text,true,,3033,309,108,108,https://pabsa.impressicocrm.com/,282,0,217
1680593959308,735,Get Break list ,200,,Knock_out_Thread Group 1-160,text,true,,3218,338,108,108,https://pabsa.impressicocrm.com/api/tournament/119922/players,735,0,0
1680593959192,872,Get Players schedule,200,,Knock_out_Thread Group 1-159,text,true,,5435,338,109,109,https://pabsa.impressicocrm.com/api/tournament/119922/matches,872,0,0
1680593959145,919,Get playerA_Vs_playerB,200,,Knock_out_Thread Group 1-121,text,true,,1239,341,109,109,https://pabsa.impressicocrm.com/api/tournament/matchScore/147598,919,0,0
1680593959239,832,Get Players schedule,200,,Knock_out_Thread Group 1-80,text,true,,5441,338,108,108,https://pabsa.impressicocrm.com/api/tournament/119922/matches,832,0,0
1680593959410,674,Get knockout players list ,200,,Knock_out_Thread Group 1-132,text,true,,4598,340,108,108,https://pabsa.impressicocrm.com/api/tournament/118871/knockouts,674,0,0
1680593959293,802,Get Players list ,200,,Knock_out_Thread Group 1-171,text,true,,3218,338,108,108,https://pabsa.impressicocrm.com/api/tournament/119922/players,802,0,0
1680593959145,977,Get Break list ,200,,Knock_out_Thread Group 1-173,text,true,,3218,338,108,108,https://pabsa.impressicocrm.com/api/tournament/119922/players,977,0,0
1680593959472,650,Get single knockout Player details,200,,Knock_out_Thread Group 1-104,text,true,,1210,326,108,108,https://pabsa.impressicocrm.com/api/player/110368,650,0,0
1680593959399,723,Get playerA_Vs_playerB,200,,Knock_out_Thread Group 1-122,text,true,,1239,341,108,108,https://pabsa.impressicocrm.com/api/tournament/matchScore/147598,723,0,0
1680593959366,756,Get knockout players list ,200,,Knock_out_Thread Group 1-155,text,true,,4598,340,108,108,https://pabsa.impressicocrm.com/api/tournament/118871/knockouts,756,0,0
1680593959472,650,Get knockout players list ,200,,Knock_out_Thread Group 1-145,text,true,,4598,340,108,108,https://pabsa.impressicocrm.com/api/tournament/118871/knockouts,650,0,0
1680593957424,2699,Get tournamnent list ,200,,Knock_out_Thread Group 1-177,text,true,,58888,389,108,108,https://pabsa.impressicocrm.com/api/tournament?limit=12&pageNumber=1&sportType=&tournamentName=&tournamentStyle=,2330,0,0
1680593959347,792,Get Break list ,200,,Knock_out_Thread Group 1-152,text,true,,3218,338,107,107,https://pabsa.impressicocrm.com/api/tournament/119922/players,792,0,0
1680593959508,631,Get single knockout Player details,200,,Knock_out_Thread Group 1-117,text,true,,1210,326,107,107,https://pabsa.impressicocrm.com/api/player/110368,631,0,0
1680593959223,920,Get knockout players list ,200,,Knock_out_Thread Group 1-124,text,true,,4598,340,107,107,https://pabsa.impressicocrm.com/api/tournament/118871/knockouts,920,0,0
1680593959403,743,Get knockout players list ,200,,Knock_out_Thread Group 1-136,text,true,,4598,340,107,107,https://pabsa.impressicocrm.com/api/tournament/118871/knockouts,743,0,0
1680593959166,984,Get tournament result,200,,Knock_out_Thread Group 1-99,text,true,,5441,338,107,107,https://pabsa.impressicocrm.com/api/tournament/119922/matches,984,0,0
1680593959275,878,Get Home page currency,200,,Knock_out_Thread Group 1-162,text,true,,9160,321,108,108,https://pabsa.impressicocrm.com/api/currency,878,0,0
1680593958916,1263,Get Players schedule,200,,Knock_out_Thread Group 1-131,text,true,,5441,338,108,108,https://pabsa.impressicocrm.com/api/tournament/119922/matches,1263,0,0
1680593959353,833,Home page ,200,OK,Knock_out_Thread Group 1-204,text,true,,3033,309,108,108,https://pabsa.impressicocrm.com/,833,0,732
1680593959121,1068,Get tournament result,200,,Knock_out_Thread Group 1-133,text,true,,5441,338,108,108,https://pabsa.impressicocrm.com/api/tournament/119922/matches,1068,0,0
1680593959464,730,Get Home page country ,200,,Knock_out_Thread Group 1-189,text,true,,17270,320,108,108,https://pabsa.impressicocrm.com/api/country,727,0,0
1680593959433,784,Get Players list ,200,,Knock_out_Thread Group 1-175,text,true,,3218,338,108,108,https://pabsa.impressicocrm.com/api/tournament/119922/players,784,0,0
1680593959853,364,Home page ,200,OK,Knock_out_Thread Group 1-209,text,true,,3033,309,108,108,https://pabsa.impressicocrm.com/,364,0,272
1680593959166,1055,Get Break list ,200,,Knock_out_Thread Group 1-158,text,true,,3218,338,108,108,https://pabsa.impressicocrm.com/api/tournament/119922/players,1055,0,0
1680593959473,748,Get Home page country ,200,,Knock_out_Thread Group 1-202,text,true,,17255,320,108,108,https://pabsa.impressicocrm.com/api/country,748,0,0
1680593959434,799,Get Home page currency,200,,Knock_out_Thread Group 1-146,text,true,,9160,321,108,108,https://pabsa.impressicocrm.com/api/currency,799,0,0
1680593959320,948,Get Players schedule,200,,Knock_out_Thread Group 1-144,text,true,,5441,338,109,109,https://pabsa.impressicocrm.com/api/tournament/119922/matches,948,0,0
1680593959504,777,Get Home page country ,200,,Knock_out_Thread Group 1-201,text,true,,17270,320,109,109,https://pabsa.impressicocrm.com/api/country,777,0,0
1680593959952,338,Home page ,200,OK,Knock_out_Thread Group 1-210,text,true,,3033,309,109,109,https://pabsa.impressicocrm.com/,338,0,259
1680593959271,1026,Get Home page country ,200,,Knock_out_Thread Group 1-196,text,true,,17270,320,109,109,https://pabsa.impressicocrm.com/api/country,1026,0,0
1680593959673,631,Get knockout players list ,200,,Knock_out_Thread Group 1-153,text,true,,4598,340,109,109,https://pabsa.impressicocrm.com/api/tournament/118871/knockouts,631,0,0
1680593959466,849,Get Players schedule,200,,Knock_out_Thread Group 1-139,text,true,,5441,338,109,109,https://pabsa.impressicocrm.com/api/tournament/119922/matches,849,0,0
1680593959405,933,Get Home page currency,200,,Knock_out_Thread Group 1-164,text,true,,9160,321,109,109,https://pabsa.impressicocrm.com/api/currency,933,0,0
1680593959684,658,Get knockout players list ,200,,Knock_out_Thread Group 1-142,text,true,,4598,340,109,109,https://pabsa.impressicocrm.com/api/tournament/118871/knockouts,658,0,0
1680593959333,1028,Get Home page currency,200,,Knock_out_Thread Group 1-181,text,true,,9153,321,110,110,https://pabsa.impressicocrm.com/api/currency,1028,0,0
1680593958798,1572,Get tournamnent list ,200,,Knock_out_Thread Group 1-180,text,true,,58888,389,110,110,https://pabsa.impressicocrm.com/api/tournament?limit=12&pageNumber=1&sportType=&tournamentName=&tournamentStyle=,1018,0,0
1680593960055,316,Home page ,200,OK,Knock_out_Thread Group 1-211,text,true,,3033,309,110,110,https://pabsa.impressicocrm.com/,315,0,242
1680593958344,2034,Get tournamnent list ,200,,Knock_out_Thread Group 1-178,text,true,,58880,389,110,110,https://pabsa.impressicocrm.com/api/tournament?limit=12&pageNumber=1&sportType=&tournamentName=&tournamentStyle=,1420,0,0
1680593959338,1046,Get tournament result,200,,Knock_out_Thread Group 1-114,text,true,,5441,338,110,110,https://pabsa.impressicocrm.com/api/tournament/119922/matches,1046,0,0
1680593958649,1765,Get tournamnent list ,200,,Knock_out_Thread Group 1-186,text,true,,58880,389,110,110,https://pabsa.impressicocrm.com/api/tournament?limit=12&pageNumber=1&sportType=&tournamentName=&tournamentStyle=,1109,0,0
1680593959598,817,Get tournament result,200,,Knock_out_Thread Group 1-119,text,true,,5441,338,110,110,https://pabsa.impressicocrm.com/api/tournament/119922/matches,817,0,0
1680593958453,1968,Home page ,200,OK,Knock_out_Thread Group 1-195,text,true,,3033,309,110,110,https://pabsa.impressicocrm.com/,1967,0,764
1680593959687,752,Get knockout players list ,200,,Knock_out_Thread Group 1-128,text,true,,4591,340,110,110,https://pabsa.impressicocrm.com/api/tournament/118871/knockouts,752,0,0
1680593959840,627,Get single knockout Player details,200,,Knock_out_Thread Group 1-109,text,true,,1210,326,111,111,https://pabsa.impressicocrm.com/api/player/110368,627,0,0
1680593959835,642,Get single knockout Player details,200,,Knock_out_Thread Group 1-118,text,true,,1210,326,111,111,https://pabsa.impressicocrm.com/api/player/110368,642,0,0
1680593959361,1116,Get Players list ,200,,Knock_out_Thread Group 1-170,text,true,,3218,338,111,111,https://pabsa.impressicocrm.com/api/tournament/119922/players,1116,0,0
1680593959840,652,Get single knockout Player details,200,,Knock_out_Thread Group 1-126,text,true,,1210,326,111,111,https://pabsa.impressicocrm.com/api/player/110368,652,0,0
1680593959755,742,Get Home page country ,200,,Knock_out_Thread Group 1-205,text,true,,17270,320,111,111,https://pabsa.impressicocrm.com/api/country,741,0,0
1680593959270,1226,Get tournament result,200,,Knock_out_Thread Group 1-134,text,true,,5441,338,111,111,https://pabsa.impressicocrm.com/api/tournament/119922/matches,1226,0,0
1680593959884,626,Get playerA_Vs_playerB,200,,Knock_out_Thread Group 1-123,text,true,,1239,341,111,111,https://pabsa.impressicocrm.com/api/tournament/matchScore/147598,626,0,0
1680593959673,877,Get Break list ,200,,Knock_out_Thread Group 1-166,text,true,,3218,338,110,110,https://pabsa.impressicocrm.com/api/tournament/119922/players,877,0,0
1680593959271,1294,Get Home page country ,200,,Knock_out_Thread Group 1-199,text,true,,17270,320,111,111,https://pabsa.impressicocrm.com/api/country,1221,0,0
1680593959711,855,Get Home page currency,200,,Knock_out_Thread Group 1-179,text,true,,9160,321,111,111,https://pabsa.impressicocrm.com/api/currency,855,0,0
1680593959403,1174,Get knockout players list ,200,,Knock_out_Thread Group 1-83,text,true,,4591,340,111,111,https://pabsa.impressicocrm.com/api/tournament/118871/knockouts,1174,0,0
1680593959812,765,Get knockout players list ,200,,Knock_out_Thread Group 1-120,text,true,,4598,340,111,111,https://pabsa.impressicocrm.com/api/tournament/118871/knockouts,765,0,0
1680593959834,759,Get Home page currency,200,,Knock_out_Thread Group 1-176,text,true,,9153,321,111,111,https://pabsa.impressicocrm.com/api/currency,759,0,0
1680593959364,1235,Get tournament result,200,,Knock_out_Thread Group 1-140,text,true,,5441,338,111,111,https://pabsa.impressicocrm.com/api/tournament/119922/matches,1234,0,0
1680593959907,696,Get single knockout Player details,200,,Knock_out_Thread Group 1-116,text,true,,1210,326,111,111,https://pabsa.impressicocrm.com/api/player/110368,696,0,0
1680593959252,1390,Home page ,200,OK,Knock_out_Thread Group 1-203,text,true,,3033,309,111,111,https://pabsa.impressicocrm.com/,1390,0,627
1680593960354,316,Home page ,200,OK,Knock_out_Thread Group 1-214,text,true,,3033,309,112,112,https://pabsa.impressicocrm.com/,316,0,239
1680593959933,746,Get Players list ,200,,Knock_out_Thread Group 1-167,text,true,,3218,338,112,112,https://pabsa.impressicocrm.com/api/tournament/119922/players,746,0,0
1680593959942,751,Get Players schedule,200,,Knock_out_Thread Group 1-143,text,true,,5435,338,112,112,https://pabsa.impressicocrm.com/api/tournament/119922/matches,751,0,0
1680593959891,806,Get Players list ,200,,Knock_out_Thread Group 1-69,text,true,,3218,338,112,112,https://pabsa.impressicocrm.com/api/tournament/119922/players,806,0,0
1680593959942,759,Get playerA_Vs_playerB,200,,Knock_out_Thread Group 1-148,text,true,,1239,341,112,112,https://pabsa.impressicocrm.com/api/tournament/matchScore/147598,758,0,0
1680593958827,1914,Get Players schedule,200,,Knock_out_Thread Group 1-156,text,true,,5441,338,111,111,https://pabsa.impressicocrm.com/api/tournament/119922/matches,1914,0,0
1680593959816,946,Get Players schedule,200,,Knock_out_Thread Group 1-135,text,true,,5441,338,112,112,https://pabsa.impressicocrm.com/api/tournament/119922/matches,946,0,0
1680593959955,823,Get knockout players list ,200,,Knock_out_Thread Group 1-141,text,true,,4598,340,112,112,https://pabsa.impressicocrm.com/api/tournament/118871/knockouts,823,0,0
1680593960019,762,Get single knockout Player details,200,,Knock_out_Thread Group 1-151,text,true,,1210,326,112,112,https://pabsa.impressicocrm.com/api/player/110368,762,0,0
1680593959968,815,Get Players list ,200,,Knock_out_Thread Group 1-165,text,true,,3218,338,112,112,https://pabsa.impressicocrm.com/api/tournament/119922/players,815,0,0
1680593959684,1105,Get tournament result,200,,Knock_out_Thread Group 1-127,text,true,,5441,338,112,112,https://pabsa.impressicocrm.com/api/tournament/119922/matches,1104,0,0
1680593960002,791,Get Players schedule,200,,Knock_out_Thread Group 1-147,text,true,,5441,338,112,112,https://pabsa.impressicocrm.com/api/tournament/119922/matches,791,0,0
1680593959759,1037,Get tournament result,200,,Knock_out_Thread Group 1-125,text,true,,5441,338,112,112,https://pabsa.impressicocrm.com/api/tournament/119922/matches,1037,0,0
1680593960254,545,Home page ,200,OK,Knock_out_Thread Group 1-213,text,true,,3033,309,112,112,https://pabsa.impressicocrm.com/,545,0,312
1680593959990,810,Get Break list ,200,,Knock_out_Thread Group 1-163,text,true,,3218,338,112,112,https://pabsa.impressicocrm.com/api/tournament/119922/players,810,0,0
1680593960085,718,Get single knockout Player details,200,,Knock_out_Thread Group 1-132,text,true,,1210,326,112,112,https://pabsa.impressicocrm.com/api/player/110368,718,0,0
1680593960072,731,Get knockout players list ,200,,Knock_out_Thread Group 1-80,text,true,,4598,340,112,112,https://pabsa.impressicocrm.com/api/tournament/118871/knockouts,731,0,0
1680593960065,744,Get knockout players list ,200,,Knock_out_Thread Group 1-159,text,true,,4598,340,112,112,https://pabsa.impressicocrm.com/api/tournament/118871/knockouts,744,0,0
1680593956745,4064,Get tournamnent list ,200,,Knock_out_Thread Group 1-168,text,true,,58888,389,112,112,https://pabsa.impressicocrm.com/api/tournament?limit=12&pageNumber=1&sportType=&tournamentName=&tournamentStyle=,1090,0,0
1680593960123,691,Get single knockout Player details,200,,Knock_out_Thread Group 1-155,text,true,,1210,326,112,112,https://pabsa.impressicocrm.com/api/player/110368,691,0,0
1680593960123,695,Get single knockout Player details,200,,Knock_out_Thread Group 1-145,text,true,,1210,326,112,112,https://pabsa.impressicocrm.com/api/player/110368,695,0,0
1680593960036,809,Get Home page country ,200,,Knock_out_Thread Group 1-208,text,true,,17270,320,112,112,https://pabsa.impressicocrm.com/api/country,805,0,0
1680593960452,396,Home page ,200,OK,Knock_out_Thread Group 1-215,text,true,,3033,309,112,112,https://pabsa.impressicocrm.com/,395,0,322
1680593959431,1437,Get Home page currency,200,,Knock_out_Thread Group 1-161,text,true,,9160,321,113,113,https://pabsa.impressicocrm.com/api/currency,1437,0,0
1680593959827,1071,Get tournament result,200,,Knock_out_Thread Group 1-107,text,true,,5441,338,113,113,https://pabsa.impressicocrm.com/api/tournament/119922/matches,1071,0,0
1680593960385,520,Get playerA_Vs_playerB,200,,Knock_out_Thread Group 1-114,text,true,,1239,341,113,113,https://pabsa.impressicocrm.com/api/tournament/matchScore/147598,520,0,0
1680593959812,1096,Get tournamnent list ,200,,Knock_out_Thread Group 1-198,text,true,,58888,389,112,112,https://pabsa.impressicocrm.com/api/tournament?limit=12&pageNumber=1&sportType=&tournamentName=&tournamentStyle=,953,0,0
1680593960124,802,Get Home page currency,200,,Knock_out_Thread Group 1-177,text,true,,9160,321,112,112,https://pabsa.impressicocrm.com/api/currency,802,0,0
1680593960552,374,Home page ,200,OK,Knock_out_Thread Group 1-216,text,true,,3033,309,112,112,https://pabsa.impressicocrm.com/,374,0,281
1680593959874,1054,Get Break list ,200,,Knock_out_Thread Group 1-38,text,true,,3218,338,112,112,https://pabsa.impressicocrm.com/api/tournament/119922/players,1054,0,0
1680593959553,1376,Home page ,200,OK,Knock_out_Thread Group 1-206,text,true,,3033,309,112,112,https://pabsa.impressicocrm.com/,1375,0,935
1680593960096,876,Get Break list ,200,,Knock_out_Thread Group 1-171,text,true,,3218,338,113,113,https://pabsa.impressicocrm.com/api/tournament/119922/players,876,0,0
1680593960152,823,Home page ,200,OK,Knock_out_Thread Group 1-212,text,true,,3033,309,113,113,https://pabsa.impressicocrm.com/,822,0,319
1680593959653,1325,Home page ,200,OK,Knock_out_Thread Group 1-207,text,true,,3033,309,113,113,https://pabsa.impressicocrm.com/,1324,0,1146
1680593960147,840,Get single knockout Player details,200,,Knock_out_Thread Group 1-136,text,true,,1210,326,113,113,https://pabsa.impressicocrm.com/api/player/110368,840,0,0
1680593958718,2284,Get tournamnent list ,200,,Knock_out_Thread Group 1-172,text,true,,58880,389,113,113,https://pabsa.impressicocrm.com/api/tournament?limit=12&pageNumber=1&sportType=&tournamentName=&tournamentStyle=,1309,0,0
1680593960316,704,Get knockout players list ,200,,Knock_out_Thread Group 1-139,text,true,,4598,340,113,113,https://pabsa.impressicocrm.com/api/tournament/118871/knockouts,704,0,0
1680593960898,125,Get playerA_Vs_playerB,200,,Knock_out_Thread Group 1-107,text,true,,1239,341,113,113,https://pabsa.impressicocrm.com/api/tournament/matchScore/147598,125,0,0
1680593959998,1037,Get tournament result,200,,Knock_out_Thread Group 1-130,text,true,,5435,338,112,112,https://pabsa.impressicocrm.com/api/tournament/119922/matches,1037,0,0
1680593960752,295,Home page ,200,OK,Knock_out_Thread Group 1-218,text,true,,3033,309,112,112,https://pabsa.impressicocrm.com/,295,0,228
1680593959366,1686,Get Players schedule,200,,Knock_out_Thread Group 1-108,text,true,,5435,338,112,113,https://pabsa.impressicocrm.com/api/tournament/119922/matches,1686,0,0
1680593958880,2172,Get Home page currency,200,,Knock_out_Thread Group 1-149,text,true,,9160,321,112,113,https://pabsa.impressicocrm.com/api/currency,2172,0,0
1680593960150,927,Get playerA_Vs_playerB,200,,Knock_out_Thread Group 1-99,text,true,,1239,341,113,113,https://pabsa.impressicocrm.com/api/tournament/matchScore/147598,927,0,0
1680593960153,926,Get Players list ,200,,Knock_out_Thread Group 1-162,text,true,,3218,338,112,112,https://pabsa.impressicocrm.com/api/tournament/119922/players,926,0,0
1680593960043,1052,Get Players schedule,200,,Knock_out_Thread Group 1-160,text,true,,5441,338,112,112,https://pabsa.impressicocrm.com/api/tournament/119922/matches,1052,0,0
1680593960179,918,Get knockout players list ,200,,Knock_out_Thread Group 1-131,text,true,,4598,340,112,112,https://pabsa.impressicocrm.com/api/tournament/118871/knockouts,918,0,0
1680593960653,445,Home page ,200,OK,Knock_out_Thread Group 1-217,text,true,,3033,309,112,112,https://pabsa.impressicocrm.com/,445,0,365
1680593960019,1082,Get Players schedule,200,,Knock_out_Thread Group 1-150,text,true,,5441,338,112,112,https://pabsa.impressicocrm.com/api/tournament/119922/matches,1082,0,0
1680593960033,1072,Get Players schedule,200,,Knock_out_Thread Group 1-169,text,true,,5441,338,112,112,https://pabsa.impressicocrm.com/api/tournament/119922/matches,1072,0,0
1680593959981,1124,Get tournament result,200,,Knock_out_Thread Group 1-138,text,true,,5441,338,112,112,https://pabsa.impressicocrm.com/api/tournament/119922/matches,1124,0,0
1680593960189,920,Get playerA_Vs_playerB,200,,Knock_out_Thread Group 1-133,text,true,,1239,341,112,112,https://pabsa.impressicocrm.com/api/tournament/matchScore/147598,920,0,0
1680593960123,987,Get tournament result,200,,Knock_out_Thread Group 1-104,text,true,,5441,338,112,112,https://pabsa.impressicocrm.com/api/tournament/119922/matches,987,0,0
1680593960304,808,Get single knockout Player details,200,,Knock_out_Thread Group 1-153,text,true,,1210,326,111,111,https://pabsa.impressicocrm.com/api/player/110368,808,0,0
1680593960123,1030,Get Players schedule,200,,Knock_out_Thread Group 1-173,text,true,,5441,338,112,112,https://pabsa.impressicocrm.com/api/tournament/119922/matches,1030,0,0
1680593960852,302,Home page ,200,OK,Knock_out_Thread Group 1-219,text,true,,3033,309,112,112,https://pabsa.impressicocrm.com/,301,0,221
1680593959210,1944,Get tournamnent list ,200,,Knock_out_Thread Group 1-182,text,true,,58880,389,112,112,https://pabsa.impressicocrm.com/api/tournament?limit=12&pageNumber=1&sportType=&tournamentName=&tournamentStyle=,1011,0,0
1680593959974,1193,Get Break list ,200,,Knock_out_Thread Group 1-157,text,true,,3218,338,112,112,https://pabsa.impressicocrm.com/api/tournament/119922/players,1193,0,0
1680593960217,950,Get Break list ,200,,Knock_out_Thread Group 1-175,text,true,,3218,338,112,112,https://pabsa.impressicocrm.com/api/tournament/119922/players,950,0,0
1680593960187,983,Get Home page country ,200,,Knock_out_Thread Group 1-204,text,true,,17270,320,112,112,https://pabsa.impressicocrm.com/api/country,980,0,0
1680593960343,830,Get single knockout Player details,200,,Knock_out_Thread Group 1-142,text,true,,1210,326,112,112,https://pabsa.impressicocrm.com/api/player/110368,830,0,0
1680593960218,959,Get Home page country ,200,,Knock_out_Thread Group 1-209,text,true,,17270,320,112,112,https://pabsa.impressicocrm.com/api/country,958,0,0
1680593958577,2611,Get tournament result,200,,Knock_out_Thread Group 1-111,text,true,,5441,338,112,112,https://pabsa.impressicocrm.com/api/tournament/119922/matches,2611,0,0
1680593960234,971,Get Players list ,200,,Knock_out_Thread Group 1-146,text,true,,3218,338,112,112,https://pabsa.impressicocrm.com/api/tournament/119922/players,971,0,0
1680593960139,1089,Get Players schedule,200,,Knock_out_Thread Group 1-152,text,true,,5441,338,112,112,https://pabsa.impressicocrm.com/api/tournament/119922/matches,1089,0,0
1680593960269,966,Get knockout players list ,200,,Knock_out_Thread Group 1-144,text,true,,4591,340,112,112,https://pabsa.impressicocrm.com/api/tournament/118871/knockouts,966,0,0
1680593960362,889,Get Players list ,200,,Knock_out_Thread Group 1-181,text,true,,3218,338,112,112,https://pabsa.impressicocrm.com/api/tournament/119922/players,889,0,0
1680593959489,1765,Get tournamnent list ,200,,Knock_out_Thread Group 1-187,text,true,,58880,389,113,113,https://pabsa.impressicocrm.com/api/tournament?limit=12&pageNumber=1&sportType=&tournamentName=&tournamentStyle=,1248,0,0
1680593960291,966,Get Home page country ,200,,Knock_out_Thread Group 1-210,text,true,,17270,320,113,113,https://pabsa.impressicocrm.com/api/country,966,0,0
1680593960339,918,Get Players list ,200,,Knock_out_Thread Group 1-164,text,true,,3218,338,113,113,https://pabsa.impressicocrm.com/api/tournament/119922/players,918,0,0
1680593960440,829,Get single knockout Player details,200,,Knock_out_Thread Group 1-128,text,true,,1210,326,113,113,https://pabsa.impressicocrm.com/api/player/110368,829,0,0
1680593960371,901,Get Home page currency,200,,Knock_out_Thread Group 1-180,text,true,,9160,321,113,113,https://pabsa.impressicocrm.com/api/currency,901,0,0
1680593960371,930,Get Home page country ,200,,Knock_out_Thread Group 1-211,text,true,,17270,320,113,113,https://pabsa.impressicocrm.com/api/country,930,0,0
1680593959680,1621,Get tournamnent list ,200,,Knock_out_Thread Group 1-194,text,true,,58880,389,113,113,https://pabsa.impressicocrm.com/api/tournament?limit=12&pageNumber=1&sportType=&tournamentName=&tournamentStyle=,1058,0,0
1680593959275,2030,Get tournamnent list ,200,,Knock_out_Thread Group 1-183,text,true,,58880,389,113,113,https://pabsa.impressicocrm.com/api/tournament?limit=12&pageNumber=1&sportType=&tournamentName=&tournamentStyle=,881,0,0
1680593958715,2590,Get tournamnent list ,200,,Knock_out_Thread Group 1-185,text,true,,58880,389,113,113,https://pabsa.impressicocrm.com/api/tournament?limit=12&pageNumber=1&sportType=&tournamentName=&tournamentStyle=,1049,0,0
1680593959231,2079,Get Home page currency,200,,Knock_out_Thread Group 1-154,text,true,,9153,321,113,113,https://pabsa.impressicocrm.com/api/currency,2079,0,0
1680593959834,1476,Get Break list ,200,,Knock_out_Thread Group 1-137,text,true,,3218,338,113,113,https://pabsa.impressicocrm.com/api/tournament/119922/players,1476,0,0
1680593960954,356,Home page ,200,OK,Knock_out_Thread Group 1-220,text,true,,3033,309,113,113,https://pabsa.impressicocrm.com/,356,0,266
1680593960415,910,Get playerA_Vs_playerB,200,,Knock_out_Thread Group 1-119,text,true,,1239,341,113,113,https://pabsa.impressicocrm.com/api/tournament/matchScore/147598,910,0,0
1680593960414,915,Get Home page currency,200,,Knock_out_Thread Group 1-186,text,true,,9160,321,112,112,https://pabsa.impressicocrm.com/api/currency,915,0,0
1680593959636,1700,Get tournamnent list ,200,,Knock_out_Thread Group 1-188,text,true,,58888,389,112,112,https://pabsa.impressicocrm.com/api/tournament?limit=12&pageNumber=1&sportType=&tournamentName=&tournamentStyle=,1182,0,0
1680593960139,1221,Get tournament result,200,,Knock_out_Thread Group 1-117,text,true,,5441,338,113,113,https://pabsa.impressicocrm.com/api/tournament/119922/matches,1221,0,0
1680593960497,872,Get playerA_Vs_playerB,200,,Knock_out_Thread Group 1-134,text,true,,1239,341,113,113,https://pabsa.impressicocrm.com/api/tournament/matchScore/147598,872,0,0
1680593957679,3695,Get tournamnent list ,200,,Knock_out_Thread Group 1-174,text,true,,58880,389,112,112,https://pabsa.impressicocrm.com/api/tournament?limit=12&pageNumber=1&sportType=&tournamentName=&tournamentStyle=,884,0,0
1680593961054,343,Home page ,200,OK,Knock_out_Thread Group 1-221,text,true,,3033,309,112,112,https://pabsa.impressicocrm.com/,343,0,264
1680593960578,834,Get single knockout Player details,200,,Knock_out_Thread Group 1-120,text,true,,1210,326,112,112,https://pabsa.impressicocrm.com/api/player/110368,834,0,0
1680593959578,1834,Get tournamnent list ,200,,Knock_out_Thread Group 1-192,text,true,,58880,389,112,112,https://pabsa.impressicocrm.com/api/tournament?limit=12&pageNumber=1&sportType=&tournamentName=&tournamentStyle=,1248,0,0
1680593960578,843,Get single knockout Player details,200,,Knock_out_Thread Group 1-83,text,true,,1210,326,112,112,https://pabsa.impressicocrm.com/api/player/110368,843,0,0
1680593959711,1722,Get tournamnent list ,200,,Knock_out_Thread Group 1-129,text,true,,58880,389,112,112,https://pabsa.impressicocrm.com/api/tournament?limit=12&pageNumber=1&sportType=&tournamentName=&tournamentStyle=,1115,0,0
1680593960221,1219,Get Players schedule,200,,Knock_out_Thread Group 1-158,text,true,,5441,338,112,112,https://pabsa.impressicocrm.com/api/tournament/119922/matches,1219,0,0
1680593960593,890,Get Players list ,200,,Knock_out_Thread Group 1-176,text,true,,3218,338,113,113,https://pabsa.impressicocrm.com/api/tournament/119922/players,890,0,0
1680593960478,1010,Get Break list ,200,,Knock_out_Thread Group 1-170,text,true,,3218,338,113,113,https://pabsa.impressicocrm.com/api/tournament/119922/players,1010,0,0
1680593960599,889,Get playerA_Vs_playerB,200,,Knock_out_Thread Group 1-140,text,true,,1239,341,113,113,https://pabsa.impressicocrm.com/api/tournament/matchScore/147598,889,0,0
1680593960566,927,Get Players list ,200,,Knock_out_Thread Group 1-179,text,true,,3218,338,112,112,https://pabsa.impressicocrm.com/api/tournament/119922/players,927,0,0
1680593960693,810,Get knockout players list ,200,,Knock_out_Thread Group 1-143,text,true,,4598,340,112,112,https://pabsa.impressicocrm.com/api/tournament/118871/knockouts,810,0,0
1680593960421,1099,Get Home page country ,200,,Knock_out_Thread Group 1-195,text,true,,17255,320,112,112,https://pabsa.impressicocrm.com/api/country,1034,0,0
1680593960477,1067,Get tournament result,200,,Knock_out_Thread Group 1-118,text,true,,5441,338,112,112,https://pabsa.impressicocrm.com/api/tournament/119922/matches,1067,0,0
1680593961154,391,Home page ,200,OK,Knock_out_Thread Group 1-222,text,true,,3033,309,112,112,https://pabsa.impressicocrm.com/,391,0,300
1680593960778,779,Get single knockout Player details,200,,Knock_out_Thread Group 1-141,text,true,,1210,326,113,113,https://pabsa.impressicocrm.com/api/player/110368,779,0,0
1680593960680,881,Get Break list ,200,,Knock_out_Thread Group 1-167,text,true,,3218,338,113,113,https://pabsa.impressicocrm.com/api/tournament/119922/players,881,0,0
1680593960671,892,Get Home page country ,200,,Knock_out_Thread Group 1-214,text,true,,17255,320,113,113,https://pabsa.impressicocrm.com/api/country,892,0,0
1680593960697,877,Get Break list ,200,,Knock_out_Thread Group 1-69,text,true,,3218,338,113,113,https://pabsa.impressicocrm.com/api/tournament/119922/players,877,0,0
1680593960762,815,Get knockout players list ,200,,Knock_out_Thread Group 1-135,text,true,,4598,340,113,113,https://pabsa.impressicocrm.com/api/tournament/118871/knockouts,815,0,0
1680593960793,784,Get knockout players list ,200,,Knock_out_Thread Group 1-147,text,true,,4598,340,113,113,https://pabsa.impressicocrm.com/api/tournament/118871/knockouts,784,0,0
1680593960810,776,Get single knockout Player details,200,,Knock_out_Thread Group 1-159,text,true,,1210,326,113,113,https://pabsa.impressicocrm.com/api/player/110368,776,0,0
1680593960741,845,Get knockout players list ,200,,Knock_out_Thread Group 1-156,text,true,,4598,340,113,113,https://pabsa.impressicocrm.com/api/tournament/118871/knockouts,845,0,0
1680593960467,1134,Get tournament result,200,,Knock_out_Thread Group 1-109,text,true,,5435,338,113,113,https://pabsa.impressicocrm.com/api/tournament/119922/matches,1134,0,0
1680593959673,1943,Get tournamnent list ,200,,Knock_out_Thread Group 1-184,text,true,,58865,389,113,113,https://pabsa.impressicocrm.com/api/tournament?limit=12&pageNumber=1&sportType=&tournamentName=&tournamentStyle=,1480,0,0
1680593960803,817,Get single knockout Player details,200,,Knock_out_Thread Group 1-80,text,true,,1210,326,113,113,https://pabsa.impressicocrm.com/api/player/110368,816,0,0
1680593961254,370,Home page ,200,OK,Knock_out_Thread Group 1-223,text,true,,3033,309,113,113,https://pabsa.impressicocrm.com/,369,0,281
1680593960194,1432,Get tournamnent list ,200,,Knock_out_Thread Group 1-189,text,true,,58880,389,113,113,https://pabsa.impressicocrm.com/api/tournament?limit=12&pageNumber=1&sportType=&tournamentName=&tournamentStyle=,1178,0,0
1680593960797,835,Get playerA_Vs_playerB,200,,Knock_out_Thread Group 1-125,text,true,,1239,341,113,113,https://pabsa.impressicocrm.com/api/tournament/matchScore/147598,835,0,0
1680593960784,854,Get Break list ,200,,Knock_out_Thread Group 1-165,text,true,,3218,338,112,112,https://pabsa.impressicocrm.com/api/tournament/119922/players,854,0,0
1680593960789,876,Get playerA_Vs_playerB,200,,Knock_out_Thread Group 1-127,text,true,,1239,341,113,113,https://pabsa.impressicocrm.com/api/tournament/matchScore/147598,876,0,0
1680593960144,1538,Get single knockout Player details,200,,Knock_out_Thread Group 1-124,text,true,,1210,326,112,112,https://pabsa.impressicocrm.com/api/player/110368,1538,0,0
1680593959495,2219,Get tournamnent list ,200,,Knock_out_Thread Group 1-191,text,true,,58888,389,112,112,https://pabsa.impressicocrm.com/api/tournament?limit=12&pageNumber=1&sportType=&tournamentName=&tournamentStyle=,1480,0,0
1680593960799,918,Get Home page country ,200,,Knock_out_Thread Group 1-213,text,true,,17270,320,112,112,https://pabsa.impressicocrm.com/api/country,918,0,0
1680593960493,1224,Get tournament result,200,,Knock_out_Thread Group 1-126,text,true,,5441,338,112,112,https://pabsa.impressicocrm.com/api/tournament/119922/matches,1224,0,0
1680593961354,370,Home page ,200,OK,Knock_out_Thread Group 1-224,text,true,,3033,309,112,112,https://pabsa.impressicocrm.com/,369,0,270
1680593959874,1861,Get tournamnent list ,200,,Knock_out_Thread Group 1-197,text,true,,58880,389,112,112,https://pabsa.impressicocrm.com/api/tournament?limit=12&pageNumber=1&sportType=&tournamentName=&tournamentStyle=,1035,0,0
1680593960643,1103,Get Home page country ,200,,Knock_out_Thread Group 1-203,text,true,,17270,320,112,112,https://pabsa.impressicocrm.com/api/country,1095,0,0
1680593960379,1379,Get Home page currency,200,,Knock_out_Thread Group 1-178,text,true,,9160,321,113,113,https://pabsa.impressicocrm.com/api/currency,1379,0,0
1680593960927,831,Get Players list ,200,,Knock_out_Thread Group 1-177,text,true,,3218,338,113,113,https://pabsa.impressicocrm.com/api/tournament/119922/players,831,0,0
1680593960019,1755,Get tournamnent list ,200,,Knock_out_Thread Group 1-200,text,true,,58880,389,113,113,https://pabsa.impressicocrm.com/api/tournament?limit=12&pageNumber=1&sportType=&tournamentName=&tournamentStyle=,1086,0,0
1680593961453,333,Home page ,200,OK,Knock_out_Thread Group 1-225,text,true,,3033,309,113,113,https://pabsa.impressicocrm.com/,333,0,261
1680593961021,768,Get single knockout Player details,200,,Knock_out_Thread Group 1-139,text,true,,1210,326,113,113,https://pabsa.impressicocrm.com/api/player/110368,768,0,0
1680593960550,1242,Get Players schedule,200,,Knock_out_Thread Group 1-166,text,true,,5435,338,113,113,https://pabsa.impressicocrm.com/api/tournament/119922/matches,1242,0,0
1680593960869,944,Get Players list ,200,,Knock_out_Thread Group 1-161,text,true,,3218,338,113,113,https://pabsa.impressicocrm.com/api/tournament/119922/players,944,0,0
1680593960221,1592,Get tournamnent list ,200,,Knock_out_Thread Group 1-202,text,true,,58880,389,113,113,https://pabsa.impressicocrm.com/api/tournament?limit=12&pageNumber=1&sportType=&tournamentName=&tournamentStyle=,1255,0,0
1680593960927,896,Get Home page country ,200,,Knock_out_Thread Group 1-216,text,true,,17270,320,113,113,https://pabsa.impressicocrm.com/api/country,896,0,0
1680593960848,977,Get Home page country ,200,,Knock_out_Thread Group 1-215,text,true,,17270,320,113,113,https://pabsa.impressicocrm.com/api/country,977,0,0
1680593961036,793,Get playerA_Vs_playerB,200,,Knock_out_Thread Group 1-130,text,true,,1239,341,113,113,https://pabsa.impressicocrm.com/api/tournament/matchScore/147598,793,0,0
1680593961554,303,Home page ,200,OK,Knock_out_Thread Group 1-226,text,true,,3033,309,113,113,https://pabsa.impressicocrm.com/,303,0,235
1680593961098,765,Get single knockout Player details,200,,Knock_out_Thread Group 1-131,text,true,,1210,326,113,113,https://pabsa.impressicocrm.com/api/player/110368,765,0,0
1680593960781,1084,Get tournament result,200,,Knock_out_Thread Group 1-151,text,true,,5441,338,113,113,https://pabsa.impressicocrm.com/api/tournament/119922/matches,1084,0,0
1680593960803,1062,Get tournament result,200,,Knock_out_Thread Group 1-132,text,true,,5441,338,113,113,https://pabsa.impressicocrm.com/api/tournament/119922/matches,1062,0,0
1680593961095,770,Get knockout players list ,200,,Knock_out_Thread Group 1-160,text,true,,4598,340,113,113,https://pabsa.impressicocrm.com/api/tournament/118871/knockouts,770,0,0
1680593961793,90,Get knockout players list ,200,,Knock_out_Thread Group 1-166,text,true,,4598,340,113,113,https://pabsa.impressicocrm.com/api/tournament/118871/knockouts,90,0,0
1680593961101,802,Get knockout players list ,200,,Knock_out_Thread Group 1-150,text,true,,4598,340,113,113,https://pabsa.impressicocrm.com/api/tournament/118871/knockouts,802,0,0
1680593960814,1099,Get tournament result,200,,Knock_out_Thread Group 1-155,text,true,,5441,338,113,113,https://pabsa.impressicocrm.com/api/tournament/119922/matches,1099,0,0
1680593961048,870,Get Home page country ,200,,Knock_out_Thread Group 1-218,text,true,,17270,320,113,113,https://pabsa.impressicocrm.com/api/country,858,0,0
1680593961003,915,Get Home page currency,200,,Knock_out_Thread Group 1-172,text,true,,9153,321,113,113,https://pabsa.impressicocrm.com/api/currency,915,0,0
1680593960497,1426,Get tournamnent list ,200,,Knock_out_Thread Group 1-205,text,true,,58888,389,113,113,https://pabsa.impressicocrm.com/api/tournament?limit=12&pageNumber=1&sportType=&tournamentName=&tournamentStyle=,1119,0,0
1680593961106,820,Get knockout players list ,200,,Knock_out_Thread Group 1-169,text,true,,4598,340,113,113,https://pabsa.impressicocrm.com/api/tournament/118871/knockouts,820,0,0
1680593960801,1132,Get Players schedule,200,,Knock_out_Thread Group 1-163,text,true,,5441,338,113,113,https://pabsa.impressicocrm.com/api/tournament/119922/matches,1132,0,0
1680593961153,780,Get knockout players list ,200,,Knock_out_Thread Group 1-173,text,true,,4598,340,113,113,https://pabsa.impressicocrm.com/api/tournament/118871/knockouts,780,0,0
1680593961080,856,Get Break list ,200,,Knock_out_Thread Group 1-162,text,true,,3218,338,113,113,https://pabsa.impressicocrm.com/api/tournament/119922/players,855,0,0
1680593959711,2233,Get tournamnent list ,200,,Knock_out_Thread Group 1-193,text,true,,58880,389,113,113,https://pabsa.impressicocrm.com/api/tournament?limit=12&pageNumber=1&sportType=&tournamentName=&tournamentStyle=,1797,0,0
1680593961106,844,Get playerA_Vs_playerB,200,,Knock_out_Thread Group 1-138,text,true,,1239,341,113,113,https://pabsa.impressicocrm.com/api/tournament/matchScore/147598,844,0,0
1680593960604,1346,Get tournament result,200,,Knock_out_Thread Group 1-116,text,true,,5441,338,113,113,https://pabsa.impressicocrm.com/api/tournament/119922/matches,1346,0,0
1680593960810,1151,Get Home page currency,200,,Knock_out_Thread Group 1-168,text,true,,9153,321,113,113,https://pabsa.impressicocrm.com/api/currency,1150,0,0
1680593960818,1147,Get tournament result,200,,Knock_out_Thread Group 1-145,text,true,,5441,338,113,113,https://pabsa.impressicocrm.com/api/tournament/119922/matches,1147,0,0
1680593960282,1688,Get tournamnent list ,200,,Knock_out_Thread Group 1-201,text,true,,58880,389,113,113,https://pabsa.impressicocrm.com/api/tournament?limit=12&pageNumber=1&sportType=&tournamentName=&tournamentStyle=,1297,0,0
1680593960972,1000,Get Players schedule,200,,Knock_out_Thread Group 1-171,text,true,,5441,338,113,113,https://pabsa.impressicocrm.com/api/tournament/119922/matches,1000,0,0
1680593960008,1964,Get tournamnent list ,200,,Knock_out_Thread Group 1-190,text,true,,58880,389,113,113,https://pabsa.impressicocrm.com/api/tournament?limit=12&pageNumber=1&sportType=&tournamentName=&tournamentStyle=,1366,0,0
1680593961053,923,Get Players list ,200,,Knock_out_Thread Group 1-149,text,true,,3218,338,113,113,https://pabsa.impressicocrm.com/api/tournament/119922/players,923,0,0
1680593961053,944,Get knockout players list ,200,,Knock_out_Thread Group 1-108,text,true,,4598,340,113,113,https://pabsa.impressicocrm.com/api/tournament/118871/knockouts,944,0,0
1680593961110,894,Get playerA_Vs_playerB,200,,Knock_out_Thread Group 1-104,text,true,,1239,341,113,113,https://pabsa.impressicocrm.com/api/tournament/matchScore/147598,894,0,0
1680593961155,857,Get Home page country ,200,,Knock_out_Thread Group 1-219,text,true,,17270,320,112,112,https://pabsa.impressicocrm.com/api/country,854,0,0
1680593960976,1042,Get Home page country ,200,,Knock_out_Thread Group 1-212,text,true,,17270,320,112,112,https://pabsa.impressicocrm.com/api/country,1012,0,0
1680593961189,852,Get playerA_Vs_playerB,200,,Knock_out_Thread Group 1-111,text,true,,1239,341,112,112,https://pabsa.impressicocrm.com/api/tournament/matchScore/147598,852,0,0
1680593961753,303,Home page ,200,OK,Knock_out_Thread Group 1-228,text,true,,3033,309,112,112,https://pabsa.impressicocrm.com/,303,0,227
1680593960930,1129,Get Home page country ,200,,Knock_out_Thread Group 1-206,text,true,,17270,320,112,112,https://pabsa.impressicocrm.com/api/country,1063,0,0
1680593961236,834,Get single knockout Player details,200,,Knock_out_Thread Group 1-144,text,true,,1210,326,112,112,https://pabsa.impressicocrm.com/api/player/110368,834,0,0
1680593960929,1147,Get Players schedule,200,,Knock_out_Thread Group 1-38,text,true,,5441,338,112,112,https://pabsa.impressicocrm.com/api/tournament/119922/matches,1147,0,0
1680593961155,928,Get Home page currency,200,,Knock_out_Thread Group 1-182,text,true,,9160,321,112,112,https://pabsa.impressicocrm.com/api/currency,928,0,0
1680593961653,438,Home page ,200,OK,Knock_out_Thread Group 1-227,text,true,,3033,309,112,112,https://pabsa.impressicocrm.com/,438,0,251
1680593960845,1272,Get tournamnent list ,200,,Knock_out_Thread Group 1-208,text,true,,58880,389,112,112,https://pabsa.impressicocrm.com/api/tournament?limit=12&pageNumber=1&sportType=&tournamentName=&tournamentStyle=,1071,0,0
1680593961229,895,Get knockout players list ,200,,Knock_out_Thread Group 1-152,text,true,,4598,340,112,112,https://pabsa.impressicocrm.com/api/tournament/118871/knockouts,895,0,0
1680593961252,879,Get Break list ,200,,Knock_out_Thread Group 1-181,text,true,,3218,338,112,112,https://pabsa.impressicocrm.com/api/tournament/119922/players,879,0,0
1680593961206,928,Get Break list ,200,,Knock_out_Thread Group 1-146,text,true,,3218,338,112,112,https://pabsa.impressicocrm.com/api/tournament/119922/players,928,0,0
1680593961112,1022,Get tournament result,200,,Knock_out_Thread Group 1-153,text,true,,5441,338,112,112,https://pabsa.impressicocrm.com/api/tournament/119922/matches,1022,0,0
1680593961858,304,Home page ,200,OK,Knock_out_Thread Group 1-229,text,true,,3033,309,113,113,https://pabsa.impressicocrm.com/,304,0,225
1680593961638,534,Get Players schedule,200,,Knock_out_Thread Group 1-165,text,true,,5441,338,113,113,https://pabsa.impressicocrm.com/api/tournament/119922/matches,534,0,0
1680593960298,1881,Get tournamnent list ,200,,Knock_out_Thread Group 1-196,text,true,,58880,389,113,113,https://pabsa.impressicocrm.com/api/tournament?limit=12&pageNumber=1&sportType=&tournamentName=&tournamentStyle=,1243,0,0
1680593960909,1273,Get Home page currency,200,,Knock_out_Thread Group 1-198,text,true,,9160,321,113,113,https://pabsa.impressicocrm.com/api/currency,1273,0,0
1680593961302,890,Get Home page currency,200,,Knock_out_Thread Group 1-194,text,true,,9160,321,113,113,https://pabsa.impressicocrm.com/api/currency,890,0,0
1680593961306,893,Get Home page currency,200,,Knock_out_Thread Group 1-183,text,true,,9160,321,113,113,https://pabsa.impressicocrm.com/api/currency,893,0,0
1680593961173,1039,Get tournament result,200,,Knock_out_Thread Group 1-142,text,true,,5441,338,113,113,https://pabsa.impressicocrm.com/api/tournament/119922/matches,1039,0,0
1680593961273,974,Get Players list ,200,,Knock_out_Thread Group 1-180,text,true,,3218,338,113,113,https://pabsa.impressicocrm.com/api/tournament/119922/players,974,0,0
1680593961257,1016,Get Break list ,200,,Knock_out_Thread Group 1-164,text,true,,3218,338,114,114,https://pabsa.impressicocrm.com/api/tournament/119922/players,1016,0,0
1680593961361,922,Get playerA_Vs_playerB,200,,Knock_out_Thread Group 1-117,text,true,,1239,341,114,114,https://pabsa.impressicocrm.com/api/tournament/matchScore/147598,922,0,0
1680593961337,951,Get Home page currency,200,,Knock_out_Thread Group 1-188,text,true,,9160,321,113,113,https://pabsa.impressicocrm.com/api/currency,951,0,0
1680593961167,1158,Get Players schedule,200,,Knock_out_Thread Group 1-157,text,true,,5441,338,113,113,https://pabsa.impressicocrm.com/api/tournament/119922/matches,1158,0,0
1680593961503,826,Get single knockout Player details,200,,Knock_out_Thread Group 1-143,text,true,,1210,326,113,113,https://pabsa.impressicocrm.com/api/player/110368,826,0,0
1680593961311,1022,Get Home page country ,200,,Knock_out_Thread Group 1-220,text,true,,17270,320,113,113,https://pabsa.impressicocrm.com/api/country,1022,0,0
1680593960988,1345,Get tournament result,200,,Knock_out_Thread Group 1-136,text,true,,5441,338,113,113,https://pabsa.impressicocrm.com/api/tournament/119922/matches,1345,0,0
1680593961270,1063,Get tournament result,200,,Knock_out_Thread Group 1-128,text,true,,5441,338,113,113,https://pabsa.impressicocrm.com/api/tournament/119922/matches,1063,0,0
1680593961330,1003,Get Players list ,200,,Knock_out_Thread Group 1-186,text,true,,3218,338,113,113,https://pabsa.impressicocrm.com/api/tournament/119922/players,1003,0,0
1680593961399,955,Get Home page country ,200,,Knock_out_Thread Group 1-221,text,true,,17270,320,114,114,https://pabsa.impressicocrm.com/api/country,955,0,0
1680593962054,311,Home page ,200,OK,Knock_out_Thread Group 1-231,text,true,,3033,309,114,114,https://pabsa.impressicocrm.com/,311,0,234
1680593961545,840,Get playerA_Vs_playerB,200,,Knock_out_Thread Group 1-118,text,true,,1239,341,114,114,https://pabsa.impressicocrm.com/api/tournament/matchScore/147598,840,0,0
1680593961310,1075,Get Players list ,200,,Knock_out_Thread Group 1-154,text,true,,3218,338,114,114,https://pabsa.impressicocrm.com/api/tournament/119922/players,1075,0,0
1680593961434,959,Get Home page currency,200,,Knock_out_Thread Group 1-129,text,true,,9160,321,113,113,https://pabsa.impressicocrm.com/api/currency,959,0,0
1680593961167,1240,Get Players schedule,200,,Knock_out_Thread Group 1-175,text,true,,5441,338,113,113,https://pabsa.impressicocrm.com/api/tournament/119922/matches,1240,0,0
1680593961484,945,Get Break list ,200,,Knock_out_Thread Group 1-176,text,true,,3218,338,113,113,https://pabsa.impressicocrm.com/api/tournament/119922/players,945,0,0
1680593961440,989,Get knockout players list ,200,,Knock_out_Thread Group 1-158,text,true,,4598,340,113,113,https://pabsa.impressicocrm.com/api/tournament/118871/knockouts,989,0,0
1680593961577,858,Get single knockout Player details,200,,Knock_out_Thread Group 1-147,text,true,,1210,326,113,113,https://pabsa.impressicocrm.com/api/player/110368,858,0,0
1680593961310,1125,Get Players schedule,200,,Knock_out_Thread Group 1-137,text,true,,5441,338,113,113,https://pabsa.impressicocrm.com/api/tournament/119922/matches,1125,0,0
1680593961546,895,Get Home page country ,200,,Knock_out_Thread Group 1-222,text,true,,17270,320,113,113,https://pabsa.impressicocrm.com/api/country,895,0,0
1680593961255,1187,Get Home page currency,200,,Knock_out_Thread Group 1-187,text,true,,9153,321,113,113,https://pabsa.impressicocrm.com/api/currency,1187,0,0
1680593961494,949,Get Break list ,200,,Knock_out_Thread Group 1-179,text,true,,3218,338,113,113,https://pabsa.impressicocrm.com/api/tournament/119922/players,948,0,0
1680593961577,868,Get single knockout Player details,200,,Knock_out_Thread Group 1-135,text,true,,1210,326,113,113,https://pabsa.impressicocrm.com/api/player/110368,868,0,0
1680593961586,861,Get single knockout Player details,200,,Knock_out_Thread Group 1-156,text,true,,1210,326,113,113,https://pabsa.impressicocrm.com/api/player/110368,861,0,0
1680593962153,335,Home page ,200,OK,Knock_out_Thread Group 1-232,text,true,,3033,309,114,114,https://pabsa.impressicocrm.com/,334,0,258
1680593961602,894,Get playerA_Vs_playerB,200,,Knock_out_Thread Group 1-109,text,true,,1239,341,114,114,https://pabsa.impressicocrm.com/api/tournament/matchScore/147598,894,0,0
1680593961309,1212,Get Home page currency,200,,Knock_out_Thread Group 1-185,text,true,,9160,321,113,113,https://pabsa.impressicocrm.com/api/currency,1211,0,0
1680593961412,1161,Get tournament result,200,,Knock_out_Thread Group 1-120,text,true,,5441,338,114,114,https://pabsa.impressicocrm.com/api/tournament/119922/matches,1161,0,0
1680593961575,1009,Get Players schedule,200,,Knock_out_Thread Group 1-69,text,true,,5441,338,114,114,https://pabsa.impressicocrm.com/api/tournament/119922/matches,1008,0,0
1680593961302,1285,Get tournamnent list ,200,,Knock_out_Thread Group 1-211,text,true,,58880,389,114,114,https://pabsa.impressicocrm.com/api/tournament?limit=12&pageNumber=1&sportType=&tournamentName=&tournamentStyle=,1133,0,0
1680593962253,334,Home page ,200,OK,Knock_out_Thread Group 1-233,text,true,,3033,309,114,114,https://pabsa.impressicocrm.com/,334,0,257
1680593961616,973,Get Home page currency,200,,Knock_out_Thread Group 1-184,text,true,,9160,321,114,114,https://pabsa.impressicocrm.com/api/currency,973,0,0
1680593961624,979,Get Home page country ,200,,Knock_out_Thread Group 1-223,text,true,,17270,320,114,114,https://pabsa.impressicocrm.com/api/country,979,0,0
1680593961714,934,Get Home page currency,200,,Knock_out_Thread Group 1-191,text,true,,9160,321,114,114,https://pabsa.impressicocrm.com/api/currency,934,0,0
1680593961489,1161,Get Players schedule,200,,Knock_out_Thread Group 1-170,text,true,,5435,338,114,114,https://pabsa.impressicocrm.com/api/tournament/119922/matches,1161,0,0
1680593961177,1473,Get tournamnent list ,200,,Knock_out_Thread Group 1-209,text,true,,58888,389,114,114,https://pabsa.impressicocrm.com/api/tournament?limit=12&pageNumber=1&sportType=&tournamentName=&tournamentStyle=,1227,0,0
1680593961626,1036,Get Home page currency,200,,Knock_out_Thread Group 1-189,text,true,,9160,321,115,115,https://pabsa.impressicocrm.com/api/currency,1036,0,0
1680593962353,317,Home page ,200,OK,Knock_out_Thread Group 1-234,text,true,,3033,309,115,115,https://pabsa.impressicocrm.com/,317,0,246
1680593961586,1089,Get tournament result,200,,Knock_out_Thread Group 1-159,text,true,,5441,338,115,115,https://pabsa.impressicocrm.com/api/tournament/119922/matches,1089,0,0
1680593961718,958,Get playerA_Vs_playerB,200,,Knock_out_Thread Group 1-126,text,true,,1239,341,115,115,https://pabsa.impressicocrm.com/api/tournament/matchScore/147598,958,0,0
1680593961421,1257,Get tournament result,200,,Knock_out_Thread Group 1-83,text,true,,5441,338,114,114,https://pabsa.impressicocrm.com/api/tournament/119922/matches,1257,0,0
1680593961786,940,Get Home page country ,200,,Knock_out_Thread Group 1-225,text,true,,17270,320,114,114,https://pabsa.impressicocrm.com/api/country,938,0,0
1680593961775,951,Get Home page currency,200,,Knock_out_Thread Group 1-200,text,true,,9160,321,114,114,https://pabsa.impressicocrm.com/api/currency,951,0,0
1680593961814,920,Get Home page currency,200,,Knock_out_Thread Group 1-202,text,true,,9160,321,114,114,https://pabsa.impressicocrm.com/api/currency,920,0,0
1680593961759,978,Get Players list ,200,,Knock_out_Thread Group 1-178,text,true,,3218,338,114,114,https://pabsa.impressicocrm.com/api/tournament/119922/players,978,0,0
1680593961099,1642,Get Home page country ,200,,Knock_out_Thread Group 1-217,text,true,,17270,320,114,114,https://pabsa.impressicocrm.com/api/country,1642,0,0
1680593961558,1186,Get tournament result,200,,Knock_out_Thread Group 1-141,text,true,,5441,338,114,114,https://pabsa.impressicocrm.com/api/tournament/119922/matches,1186,0,0
1680593962454,290,Home page ,200,OK,Knock_out_Thread Group 1-235,text,true,,3033,309,114,114,https://pabsa.impressicocrm.com/,290,0,225
1680593961866,891,Get single knockout Player details,200,,Knock_out_Thread Group 1-160,text,true,,1210,326,115,115,https://pabsa.impressicocrm.com/api/player/110368,891,0,0
1680593961724,1043,Get Home page country ,200,,Knock_out_Thread Group 1-224,text,true,,17270,320,115,115,https://pabsa.impressicocrm.com/api/country,1043,0,0
1680593961858,929,Get Home page country ,200,,Knock_out_Thread Group 1-226,text,true,,17255,320,115,115,https://pabsa.impressicocrm.com/api/country,929,0,0
1680593960566,2221,Get tournamnent list ,200,,Knock_out_Thread Group 1-199,text,true,,58865,389,115,115,https://pabsa.impressicocrm.com/api/tournament?limit=12&pageNumber=1&sportType=&tournamentName=&tournamentStyle=,1380,0,0
1680593961620,1175,Get tournament result,200,,Knock_out_Thread Group 1-80,text,true,,5435,338,115,115,https://pabsa.impressicocrm.com/api/tournament/119922/matches,1175,0,0
1680593961884,913,Get single knockout Player details,200,,Knock_out_Thread Group 1-166,text,true,,1210,326,115,115,https://pabsa.impressicocrm.com/api/player/110368,913,0,0
1680593961904,909,Get single knockout Player details,200,,Knock_out_Thread Group 1-150,text,true,,1210,326,115,115,https://pabsa.impressicocrm.com/api/player/110368,909,0,0
1680593961934,920,Get single knockout Player details,200,,Knock_out_Thread Group 1-173,text,true,,1210,326,115,115,https://pabsa.impressicocrm.com/api/player/110368,920,0,0
1680593961926,931,Get single knockout Player details,200,,Knock_out_Thread Group 1-169,text,true,,1210,326,116,116,https://pabsa.impressicocrm.com/api/player/110368,931,0,0
1680593961170,1692,Get tournamnent list ,200,,Knock_out_Thread Group 1-204,text,true,,58865,389,116,116,https://pabsa.impressicocrm.com/api/tournament?limit=12&pageNumber=1&sportType=&tournamentName=&tournamentStyle=,1184,0,0
1680593961866,1000,Get playerA_Vs_playerB,200,,Knock_out_Thread Group 1-132,text,true,,1239,341,116,116,https://pabsa.impressicocrm.com/api/tournament/matchScore/147598,1000,0,0
1680593962554,322,Home page ,200,OK,Knock_out_Thread Group 1-236,text,true,,3033,309,115,115,https://pabsa.impressicocrm.com/,322,0,252
1680593961413,1465,Get Home page currency,200,,Knock_out_Thread Group 1-192,text,true,,9160,321,115,115,https://pabsa.impressicocrm.com/api/currency,1465,0,0
1680593961914,968,Get playerA_Vs_playerB,200,,Knock_out_Thread Group 1-155,text,true,,1239,341,115,115,https://pabsa.impressicocrm.com/api/tournament/matchScore/147598,968,0,0
1680593961682,1212,Get tournament result,200,,Knock_out_Thread Group 1-124,text,true,,5435,338,114,114,https://pabsa.impressicocrm.com/api/tournament/119922/matches,1212,0,0
1680593961972,946,Get knockout players list ,200,,Knock_out_Thread Group 1-171,text,true,,4591,340,114,114,https://pabsa.impressicocrm.com/api/tournament/118871/knockouts,946,0,0
1680593961951,1001,Get playerA_Vs_playerB,200,,Knock_out_Thread Group 1-116,text,true,,1239,341,115,115,https://pabsa.impressicocrm.com/api/tournament/matchScore/147598,1001,0,0
1680593960978,1979,Get Home page country ,200,,Knock_out_Thread Group 1-207,text,true,,17255,320,114,114,https://pabsa.impressicocrm.com/api/country,1978,0,0
1680593961814,1167,Get Break list ,200,,Knock_out_Thread Group 1-161,text,true,,3218,338,114,114,https://pabsa.impressicocrm.com/api/tournament/119922/players,1167,0,0
1680593961998,1013,Get single knockout Player details,200,,Knock_out_Thread Group 1-108,text,true,,1210,326,114,114,https://pabsa.impressicocrm.com/api/player/110368,1013,0,0
1680593962076,935,Get knockout players list ,200,,Knock_out_Thread Group 1-38,text,true,,4598,340,114,114,https://pabsa.impressicocrm.com/api/tournament/118871/knockouts,935,0,0
1680593962118,897,Get Home page currency,200,,Knock_out_Thread Group 1-208,text,true,,9160,321,114,114,https://pabsa.impressicocrm.com/api/currency,897,0,0
1680593962124,896,Get single knockout Player details,200,,Knock_out_Thread Group 1-152,text,true,,1210,326,114,114,https://pabsa.impressicocrm.com/api/player/110368,895,0,0
1680593961789,1235,Get tournament result,200,,Knock_out_Thread Group 1-139,text,true,,5441,338,114,114,https://pabsa.impressicocrm.com/api/tournament/119922/matches,1235,0,0
1680593961973,1060,Get Home page currency,200,,Knock_out_Thread Group 1-190,text,true,,9160,321,114,114,https://pabsa.impressicocrm.com/api/currency,1060,0,0
1680593961954,1079,Home page ,200,OK,Knock_out_Thread Group 1-230,text,true,,3033,309,114,114,https://pabsa.impressicocrm.com/,1079,0,277
1680593962083,957,Get Players list ,200,,Knock_out_Thread Group 1-182,text,true,,3218,338,114,114,https://pabsa.impressicocrm.com/api/tournament/119922/players,957,0,0
1680593961736,1344,Get Home page currency,200,,Knock_out_Thread Group 1-197,text,true,,9160,321,115,115,https://pabsa.impressicocrm.com/api/currency,1344,0,0
1680593961961,1126,Get Players list ,200,,Knock_out_Thread Group 1-168,text,true,,3218,338,115,115,https://pabsa.impressicocrm.com/api/tournament/119922/players,1126,0,0
1680593961924,1165,Get Home page currency,200,,Knock_out_Thread Group 1-205,text,true,,9160,321,115,115,https://pabsa.impressicocrm.com/api/currency,1165,0,0
1680593961866,1279,Get playerA_Vs_playerB,200,,Knock_out_Thread Group 1-151,text,true,,1239,341,115,115,https://pabsa.impressicocrm.com/api/tournament/matchScore/147598,1279,0,0
1680593962798,353,Get tournament result,200,,Knock_out_Thread Group 1-166,text,true,,5441,338,114,114,https://pabsa.impressicocrm.com/api/tournament/119922/matches,353,0,0
1680593961936,1222,Get Players schedule,200,,Knock_out_Thread Group 1-162,text,true,,5441,338,115,115,https://pabsa.impressicocrm.com/api/tournament/119922/matches,1222,0,0
1680593961977,1184,Get Break list ,200,,Knock_out_Thread Group 1-149,text,true,,3218,338,115,115,https://pabsa.impressicocrm.com/api/tournament/119922/players,1184,0,0
1680593962172,996,Get knockout players list ,200,,Knock_out_Thread Group 1-165,text,true,,4598,340,115,115,https://pabsa.impressicocrm.com/api/tournament/118871/knockouts,996,0,0
1680593962192,976,Get Players list ,200,,Knock_out_Thread Group 1-194,text,true,,3218,338,115,115,https://pabsa.impressicocrm.com/api/tournament/119922/players,976,0,0
1680593961945,1272,Get Home page currency,200,,Knock_out_Thread Group 1-193,text,true,,9160,321,115,115,https://pabsa.impressicocrm.com/api/currency,1272,0,0
1680593962057,1166,Get Home page country ,200,,Knock_out_Thread Group 1-228,text,true,,17270,320,115,115,https://pabsa.impressicocrm.com/api/country,1160,0,0
1680593962326,902,Get knockout players list ,200,,Knock_out_Thread Group 1-157,text,true,,4598,340,115,115,https://pabsa.impressicocrm.com/api/tournament/118871/knockouts,902,0,0
1680593961520,1708,Get tournamnent list ,200,,Knock_out_Thread Group 1-195,text,true,,58880,389,115,115,https://pabsa.impressicocrm.com/api/tournament?limit=12&pageNumber=1&sportType=&tournamentName=&tournamentStyle=,1202,0,0
1680593961564,1664,Get tournamnent list ,200,,Knock_out_Thread Group 1-214,text,true,,58865,389,115,115,https://pabsa.impressicocrm.com/api/tournament?limit=12&pageNumber=1&sportType=&tournamentName=&tournamentStyle=,1242,0,0
1680593962132,1102,Get Players schedule,200,,Knock_out_Thread Group 1-181,text,true,,5441,338,115,115,https://pabsa.impressicocrm.com/api/tournament/119922/matches,1102,0,0
1680593962289,960,Get Players list ,200,,Knock_out_Thread Group 1-188,text,true,,3218,338,115,115,https://pabsa.impressicocrm.com/api/tournament/119922/players,960,0,0
1680593962247,1017,Get Break list ,200,,Knock_out_Thread Group 1-180,text,true,,3218,338,116,116,https://pabsa.impressicocrm.com/api/tournament/119922/players,1017,0,0
1680593962199,1073,Get Players list ,200,,Knock_out_Thread Group 1-183,text,true,,3218,338,116,116,https://pabsa.impressicocrm.com/api/tournament/119922/players,1073,0,0
1680593962212,1075,Get playerA_Vs_playerB,200,,Knock_out_Thread Group 1-142,text,true,,1239,341,116,116,https://pabsa.impressicocrm.com/api/tournament/matchScore/147598,1075,0,0
1680593962163,1130,Get Home page country ,200,,Knock_out_Thread Group 1-229,text,true,,17270,320,115,115,https://pabsa.impressicocrm.com/api/country,1130,0,0
1680593962182,1114,Get Players list ,200,,Knock_out_Thread Group 1-198,text,true,,3218,338,115,115,https://pabsa.impressicocrm.com/api/tournament/119922/players,1114,0,0
1680593962752,544,Home page ,200,OK,Knock_out_Thread Group 1-238,text,true,,3033,309,115,115,https://pabsa.impressicocrm.com/,544,0,476
1680593962180,1124,Get Home page currency,200,,Knock_out_Thread Group 1-196,text,true,,9160,321,115,115,https://pabsa.impressicocrm.com/api/currency,1124,0,0
1680593962135,1175,Get Players schedule,200,,Knock_out_Thread Group 1-146,text,true,,5441,338,115,115,https://pabsa.impressicocrm.com/api/tournament/119922/matches,1175,0,0
1680593962092,1218,Get Home page country ,200,,Knock_out_Thread Group 1-227,text,true,,17270,320,115,115,https://pabsa.impressicocrm.com/api/country,1218,0,0
1680593962070,1243,Get tournament result,200,,Knock_out_Thread Group 1-144,text,true,,5441,338,115,115,https://pabsa.impressicocrm.com/api/tournament/119922/matches,1243,0,0
1680593962135,1187,Get playerA_Vs_playerB,200,,Knock_out_Thread Group 1-153,text,true,,1239,341,115,115,https://pabsa.impressicocrm.com/api/tournament/matchScore/147598,1187,0,0
1680593962334,995,Get playerA_Vs_playerB,200,,Knock_out_Thread Group 1-136,text,true,,1239,341,114,114,https://pabsa.impressicocrm.com/api/tournament/matchScore/147598,995,0,0
1680593962334,1000,Get playerA_Vs_playerB,200,,Knock_out_Thread Group 1-128,text,true,,1239,341,113,113,https://pabsa.impressicocrm.com/api/tournament/matchScore/147598,1000,0,0
1680593961919,1415,Get Players list ,200,,Knock_out_Thread Group 1-172,text,true,,3218,338,113,113,https://pabsa.impressicocrm.com/api/tournament/119922/players,1415,0,0
1680593962430,906,Get single knockout Player details,200,,Knock_out_Thread Group 1-158,text,true,,1210,326,112,112,https://pabsa.impressicocrm.com/api/player/110368,906,0,0
1680593962334,1002,Get Break list ,200,,Knock_out_Thread Group 1-186,text,true,,3218,338,112,112,https://pabsa.impressicocrm.com/api/tournament/119922/players,1002,0,0
1680593962365,988,Get Home page country ,200,,Knock_out_Thread Group 1-231,text,true,,17270,320,113,113,https://pabsa.impressicocrm.com/api/country,986,0,0
1680593961934,1419,Get knockout players list ,200,,Knock_out_Thread Group 1-163,text,true,,4598,340,113,113,https://pabsa.impressicocrm.com/api/tournament/118871/knockouts,1419,0,0
1680593962436,929,Get knockout players list ,200,,Knock_out_Thread Group 1-137,text,true,,4598,340,113,113,https://pabsa.impressicocrm.com/api/tournament/118871/knockouts,929,0,0
1680593962393,993,Get Players list ,200,,Knock_out_Thread Group 1-129,text,true,,3218,338,113,113,https://pabsa.impressicocrm.com/api/tournament/119922/players,993,0,0
1680593962386,1001,Get Break list ,200,,Knock_out_Thread Group 1-154,text,true,,3218,338,113,113,https://pabsa.impressicocrm.com/api/tournament/119922/players,1001,0,0
1680593962408,984,Get knockout players list ,200,,Knock_out_Thread Group 1-175,text,true,,4591,340,113,113,https://pabsa.impressicocrm.com/api/tournament/118871/knockouts,984,0,0
1680593961759,1638,Get Break list ,200,,Knock_out_Thread Group 1-177,text,true,,3218,338,113,113,https://pabsa.impressicocrm.com/api/tournament/119922/players,1638,0,0
1680593962274,1135,Get Players schedule,200,,Knock_out_Thread Group 1-164,text,true,,5441,338,113,113,https://pabsa.impressicocrm.com/api/tournament/119922/matches,1135,0,0
1680593963054,355,Home page ,200,OK,Knock_out_Thread Group 1-241,text,true,,3033,309,113,113,https://pabsa.impressicocrm.com/,355,0,275
1680593961863,1558,Get tournament result,200,,Knock_out_Thread Group 1-131,text,true,,5441,338,113,113,https://pabsa.impressicocrm.com/api/tournament/119922/matches,1558,0,0
1680593961257,2179,Get tournamnent list ,200,,Knock_out_Thread Group 1-210,text,true,,58888,389,113,113,https://pabsa.impressicocrm.com/api/tournament?limit=12&pageNumber=1&sportType=&tournamentName=&tournamentStyle=,1230,0,0
1680593961561,1899,Get Players schedule,200,,Knock_out_Thread Group 1-167,text,true,,5435,338,114,114,https://pabsa.impressicocrm.com/api/tournament/119922/matches,1899,0,0
1680593962443,1017,Get Players list ,200,,Knock_out_Thread Group 1-187,text,true,,3218,338,114,114,https://pabsa.impressicocrm.com/api/tournament/119922/players,1017,0,0
1680593963156,320,Home page ,200,OK,Knock_out_Thread Group 1-242,text,true,,3033,309,114,114,https://pabsa.impressicocrm.com/,319,0,246
1680593962584,896,Get knockout players list ,200,,Knock_out_Thread Group 1-69,text,true,,4598,340,114,114,https://pabsa.impressicocrm.com/api/tournament/118871/knockouts,896,0,0
1680593962654,835,Home page ,200,OK,Knock_out_Thread Group 1-237,text,true,,3033,309,114,114,https://pabsa.impressicocrm.com/,835,0,323
1680593962488,1004,Get Home page country ,200,,Knock_out_Thread Group 1-232,text,true,,17270,320,114,114,https://pabsa.impressicocrm.com/api/country,1001,0,0
1680593961919,1575,Get tournamnent list ,200,,Knock_out_Thread Group 1-218,text,true,,58880,389,114,114,https://pabsa.impressicocrm.com/api/tournament?limit=12&pageNumber=1&sportType=&tournamentName=&tournamentStyle=,1315,0,0
1680593962573,979,Get playerA_Vs_playerB,200,,Knock_out_Thread Group 1-120,text,true,,1239,341,115,115,https://pabsa.impressicocrm.com/api/tournament/matchScore/147598,979,0,0
1680593961971,1581,Get Home page currency,200,,Knock_out_Thread Group 1-201,text,true,,9160,321,115,115,https://pabsa.impressicocrm.com/api/currency,1581,0,0
1680593962651,915,Get Home page currency,200,,Knock_out_Thread Group 1-209,text,true,,9160,321,114,114,https://pabsa.impressicocrm.com/api/currency,915,0,0
1680593962590,990,Get Players list ,200,,Knock_out_Thread Group 1-184,text,true,,3218,338,114,114,https://pabsa.impressicocrm.com/api/tournament/119922/players,990,0,0
1680593962589,1035,Get Home page country ,200,,Knock_out_Thread Group 1-233,text,true,,17270,320,114,114,https://pabsa.impressicocrm.com/api/country,1033,0,0
1680593962676,948,Get playerA_Vs_playerB,200,,Knock_out_Thread Group 1-159,text,true,,1239,341,114,114,https://pabsa.impressicocrm.com/api/tournament/matchScore/147598,948,0,0
1680593962430,1204,Get Players schedule,200,,Knock_out_Thread Group 1-176,text,true,,5441,338,113,113,https://pabsa.impressicocrm.com/api/tournament/119922/matches,1204,0,0
1680593963353,287,Home page ,200,OK,Knock_out_Thread Group 1-244,text,true,,3033,309,113,113,https://pabsa.impressicocrm.com/,287,0,216
1680593962521,1120,Get Players list ,200,,Knock_out_Thread Group 1-185,text,true,,3218,338,113,113,https://pabsa.impressicocrm.com/api/tournament/119922/players,1120,0,0
1680593962013,1630,Get tournamnent list ,200,,Knock_out_Thread Group 1-219,text,true,,58880,389,113,113,https://pabsa.impressicocrm.com/api/tournament?limit=12&pageNumber=1&sportType=&tournamentName=&tournamentStyle=,1297,0,0
1680593962671,988,Get Home page country ,200,,Knock_out_Thread Group 1-234,text,true,,17270,320,114,114,https://pabsa.impressicocrm.com/api/country,988,0,0
1680593962435,1226,Get tournament result,200,,Knock_out_Thread Group 1-147,text,true,,5441,338,114,114,https://pabsa.impressicocrm.com/api/tournament/119922/matches,1226,0,0
1680593963252,409,Home page ,200,OK,Knock_out_Thread Group 1-243,text,true,,3033,309,114,114,https://pabsa.impressicocrm.com/,409,0,305
1680593962679,991,Get playerA_Vs_playerB,200,,Knock_out_Thread Group 1-83,text,true,,1239,341,114,114,https://pabsa.impressicocrm.com/api/tournament/matchScore/147598,991,0,0
1680593962329,1380,Get tournament result,200,,Knock_out_Thread Group 1-143,text,true,,5441,338,113,113,https://pabsa.impressicocrm.com/api/tournament/119922/matches,1380,0,0
1680593962744,971,Get playerA_Vs_playerB,200,,Knock_out_Thread Group 1-141,text,true,,1239,341,113,113,https://pabsa.impressicocrm.com/api/tournament/matchScore/147598,971,0,0
1680593962448,1290,Get tournament result,200,,Knock_out_Thread Group 1-156,text,true,,5441,338,112,112,https://pabsa.impressicocrm.com/api/tournament/119922/matches,1290,0,0
1680593961965,1789,Get playerA_Vs_playerB,200,,Knock_out_Thread Group 1-145,text,true,,1239,341,113,113,https://pabsa.impressicocrm.com/api/tournament/matchScore/147598,1789,0,0
1680593962662,1104,Get Players list ,200,,Knock_out_Thread Group 1-189,text,true,,3218,338,112,112,https://pabsa.impressicocrm.com/api/tournament/119922/players,1104,0,0
1680593962745,1025,Get Home page country ,200,,Knock_out_Thread Group 1-235,text,true,,17270,320,112,112,https://pabsa.impressicocrm.com/api/country,1025,0,0
1680593962738,1039,Get Break list ,200,,Knock_out_Thread Group 1-178,text,true,,3218,338,112,112,https://pabsa.impressicocrm.com/api/tournament/119922/players,1039,0,0
1680593962795,1011,Get playerA_Vs_playerB,200,,Knock_out_Thread Group 1-80,text,true,,1239,341,112,112,https://pabsa.impressicocrm.com/api/tournament/matchScore/147598,1011,0,0
1680593962726,1087,Get Players list ,200,,Knock_out_Thread Group 1-200,text,true,,3218,338,111,111,https://pabsa.impressicocrm.com/api/tournament/119922/players,1087,0,0
1680593962919,947,Get single knockout Player details,200,,Knock_out_Thread Group 1-171,text,true,,1210,326,112,112,https://pabsa.impressicocrm.com/api/player/110368,947,0,0
1680593962877,1008,Get Home page country ,200,,Knock_out_Thread Group 1-236,text,true,,17270,320,112,112,https://pabsa.impressicocrm.com/api/country,1007,0,0
1680593962895,995,Get playerA_Vs_playerB,200,,Knock_out_Thread Group 1-124,text,true,,1239,341,112,112,https://pabsa.impressicocrm.com/api/tournament/matchScore/147598,995,0,0
1680593962588,1321,Get Home page currency,200,,Knock_out_Thread Group 1-211,text,true,,9160,321,111,111,https://pabsa.impressicocrm.com/api/currency,1321,0,0
1680593962758,1185,Get tournament result,200,,Knock_out_Thread Group 1-160,text,true,,5441,338,111,111,https://pabsa.impressicocrm.com/api/tournament/119922/matches,1185,0,0
1680593962953,993,Home page ,200,OK,Knock_out_Thread Group 1-240,text,true,,3033,309,111,111,https://pabsa.impressicocrm.com/,993,0,595
1680593962648,1319,Get Players list ,200,,Knock_out_Thread Group 1-191,text,true,,3218,338,112,112,https://pabsa.impressicocrm.com/api/tournament/119922/players,1319,0,0
1680593963016,951,Get Players list ,200,,Knock_out_Thread Group 1-208,text,true,,3218,338,112,112,https://pabsa.impressicocrm.com/api/tournament/119922/players,951,0,0
1680593963025,951,Get playerA_Vs_playerB,200,,Knock_out_Thread Group 1-139,text,true,,1239,341,112,112,https://pabsa.impressicocrm.com/api/tournament/matchScore/147598,951,0,0
1680593963813,188,Get Break list ,200,,Knock_out_Thread Group 1-200,text,true,,3218,338,111,111,https://pabsa.impressicocrm.com/api/tournament/119922/players,188,0,0
1680593962445,1556,Get tournament result,200,,Knock_out_Thread Group 1-135,text,true,,5441,338,111,111,https://pabsa.impressicocrm.com/api/tournament/119922/matches,1556,0,0
1680593961718,2298,Get tournamnent list ,200,,Knock_out_Thread Group 1-213,text,true,,58880,389,111,111,https://pabsa.impressicocrm.com/api/tournament?limit=12&pageNumber=1&sportType=&tournamentName=&tournamentStyle=,1505,0,0
1680593962734,1309,Get Players list ,200,,Knock_out_Thread Group 1-202,text,true,,3218,338,111,111,https://pabsa.impressicocrm.com/api/tournament/119922/players,1309,0,0
1680593963089,975,Get Players list ,200,,Knock_out_Thread Group 1-205,text,true,,3218,338,112,112,https://pabsa.impressicocrm.com/api/tournament/119922/players,974,0,0
1680593963088,979,Get Break list ,200,,Knock_out_Thread Group 1-168,text,true,,3218,338,112,112,https://pabsa.impressicocrm.com/api/tournament/119922/players,979,0,0
1680593963159,912,Get knockout players list ,200,,Knock_out_Thread Group 1-162,text,true,,4598,340,112,112,https://pabsa.impressicocrm.com/api/tournament/118871/knockouts,911,0,0
1680593962855,1216,Get tournament result,200,,Knock_out_Thread Group 1-173,text,true,,5441,338,112,112,https://pabsa.impressicocrm.com/api/tournament/119922/matches,1216,0,0
1680593962813,1269,Get tournament result,200,,Knock_out_Thread Group 1-150,text,true,,5441,338,112,112,https://pabsa.impressicocrm.com/api/tournament/119922/matches,1269,0,0
1680593963654,450,Home page ,200,OK,Knock_out_Thread Group 1-247,text,true,,3033,309,112,112,https://pabsa.impressicocrm.com/,450,0,367
1680593963453,672,Home page ,200,OK,Knock_out_Thread Group 1-245,text,true,,3033,309,112,112,https://pabsa.impressicocrm.com/,672,0,584
1680593963152,976,Get playerA_Vs_playerB,200,,Knock_out_Thread Group 1-166,text,true,,1239,341,112,112,https://pabsa.impressicocrm.com/api/tournament/matchScore/147598,976,0,0
1680593963854,294,Home page ,200,OK,Knock_out_Thread Group 1-249,text,true,,3033,309,111,111,https://pabsa.impressicocrm.com/,294,0,223
1680593963229,920,Get Home page currency,200,,Knock_out_Thread Group 1-195,text,true,,9160,321,111,111,https://pabsa.impressicocrm.com/api/currency,920,0,0
1680593963041,1113,Get Break list ,200,,Knock_out_Thread Group 1-182,text,true,,3218,338,112,112,https://pabsa.impressicocrm.com/api/tournament/119922/players,1113,0,0
1680593962787,1374,Get Home page currency,200,,Knock_out_Thread Group 1-199,text,true,,9160,321,112,112,https://pabsa.impressicocrm.com/api/currency,1374,0,0
1680593962441,1731,Get tournamnent list ,200,,Knock_out_Thread Group 1-222,text,true,,58888,389,112,112,https://pabsa.impressicocrm.com/api/tournament?limit=12&pageNumber=1&sportType=&tournamentName=&tournamentStyle=,1241,0,0
1680593963012,1178,Get single knockout Player details,200,,Knock_out_Thread Group 1-38,text,true,,1210,326,112,112,https://pabsa.impressicocrm.com/api/player/110368,1178,0,0
1680593961825,2379,Get tournamnent list ,200,,Knock_out_Thread Group 1-215,text,true,,58888,389,112,112,https://pabsa.impressicocrm.com/api/tournament?limit=12&pageNumber=1&sportType=&tournamentName=&tournamentStyle=,1482,0,0
1680593962981,1237,Get Players schedule,200,,Knock_out_Thread Group 1-161,text,true,,5441,338,112,112,https://pabsa.impressicocrm.com/api/tournament/119922/matches,1236,0,0
1680593963310,914,Get knockout players list ,200,,Knock_out_Thread Group 1-146,text,true,,4598,340,112,112,https://pabsa.impressicocrm.com/api/tournament/118871/knockouts,914,0,0
1680593963296,933,Get Break list ,200,,Knock_out_Thread Group 1-198,text,true,,3218,338,112,112,https://pabsa.impressicocrm.com/api/tournament/119922/players,933,0,0
1680593963365,904,Get single knockout Player details,200,,Knock_out_Thread Group 1-137,text,true,,1210,326,113,113,https://pabsa.impressicocrm.com/api/player/110368,903,0,0
1680593963313,959,Get playerA_Vs_playerB,200,,Knock_out_Thread Group 1-144,text,true,,1239,341,113,113,https://pabsa.impressicocrm.com/api/tournament/matchScore/147598,959,0,0
1680593963353,930,Get single knockout Player details,200,,Knock_out_Thread Group 1-163,text,true,,1210,326,112,112,https://pabsa.impressicocrm.com/api/player/110368,930,0,0
1680593962443,1856,Get Players schedule,200,,Knock_out_Thread Group 1-179,text,true,,5441,338,112,112,https://pabsa.impressicocrm.com/api/tournament/119922/matches,1856,0,0
1680593963229,1087,Get Home page currency,200,,Knock_out_Thread Group 1-214,text,true,,9160,321,112,112,https://pabsa.impressicocrm.com/api/currency,1086,0,0
1680593962863,1453,Get Home page currency,200,,Knock_out_Thread Group 1-204,text,true,,9160,321,112,112,https://pabsa.impressicocrm.com/api/currency,1452,0,0
1680593963305,1013,Get Players list ,200,,Knock_out_Thread Group 1-196,text,true,,3218,338,112,112,https://pabsa.impressicocrm.com/api/tournament/119922/players,1013,0,0
1680593963334,987,Get Break list ,200,,Knock_out_Thread Group 1-172,text,true,,3218,338,112,112,https://pabsa.impressicocrm.com/api/tournament/119922/players,987,0,0
1680593962019,2324,Get tournamnent list ,200,,Knock_out_Thread Group 1-212,text,true,,58880,389,112,112,https://pabsa.impressicocrm.com/api/tournament?limit=12&pageNumber=1&sportType=&tournamentName=&tournamentStyle=,1470,0,0
1680593963169,1183,Get Break list ,200,,Knock_out_Thread Group 1-194,text,true,,3218,338,112,112,https://pabsa.impressicocrm.com/api/tournament/119922/players,1183,0,0
1680593963409,961,Get knockout players list ,200,,Knock_out_Thread Group 1-164,text,true,,4598,340,113,113,https://pabsa.impressicocrm.com/api/tournament/118871/knockouts,961,0,0
1680593963387,993,Get Break list ,200,,Knock_out_Thread Group 1-129,text,true,,3218,338,113,113,https://pabsa.impressicocrm.com/api/tournament/119922/players,993,0,0
1680593963296,1087,Get Home page country ,200,,Knock_out_Thread Group 1-238,text,true,,17270,320,113,113,https://pabsa.impressicocrm.com/api/country,1087,0,0
1680593963229,1159,Get single knockout Player details,200,,Knock_out_Thread Group 1-157,text,true,,1210,326,113,113,https://pabsa.impressicocrm.com/api/player/110368,1159,0,0
1680593963011,1387,Get tournament result,200,,Knock_out_Thread Group 1-108,text,true,,5441,338,113,113,https://pabsa.impressicocrm.com/api/tournament/119922/matches,1387,0,0
1680593962879,1551,Get Players list ,200,,Knock_out_Thread Group 1-192,text,true,,3218,338,113,113,https://pabsa.impressicocrm.com/api/tournament/119922/players,1551,0,0
1680593963336,1099,Get Players schedule,200,,Knock_out_Thread Group 1-186,text,true,,5441,338,113,113,https://pabsa.impressicocrm.com/api/tournament/119922/matches,1099,0,0
1680593963422,1015,Get playerA_Vs_playerB,200,,Knock_out_Thread Group 1-131,text,true,,1239,341,113,113,https://pabsa.impressicocrm.com/api/tournament/matchScore/147598,1015,0,0
1680593962858,1590,Get tournament result,200,,Knock_out_Thread Group 1-169,text,true,,5441,338,112,112,https://pabsa.impressicocrm.com/api/tournament/119922/matches,1590,0,0
1680593962651,1822,Get knockout players list ,200,,Knock_out_Thread Group 1-170,text,true,,4598,340,113,113,https://pabsa.impressicocrm.com/api/tournament/118871/knockouts,1822,0,0
1680593963264,1212,Get Players schedule,200,,Knock_out_Thread Group 1-180,text,true,,5441,338,113,113,https://pabsa.impressicocrm.com/api/tournament/119922/matches,1212,0,0
1680593962726,1786,Get tournamnent list ,200,,Knock_out_Thread Group 1-225,text,true,,58880,389,113,113,https://pabsa.impressicocrm.com/api/tournament?limit=12&pageNumber=1&sportType=&tournamentName=&tournamentStyle=,1215,0,0
1680593964044,473,Get Break list ,200,,Knock_out_Thread Group 1-202,text,true,,3218,338,113,113,https://pabsa.impressicocrm.com/api/tournament/119922/players,472,0,0
1680593963034,1483,Get Home page country ,200,,Knock_out_Thread Group 1-230,text,true,,17270,320,113,113,https://pabsa.impressicocrm.com/api/country,1482,0,0
1680593963080,1440,Get Players list ,200,,Knock_out_Thread Group 1-197,text,true,,3218,338,113,113,https://pabsa.impressicocrm.com/api/tournament/119922/players,1440,0,0
1680593964436,91,Get knockout players list ,200,,Knock_out_Thread Group 1-186,text,true,,4598,340,113,113,https://pabsa.impressicocrm.com/api/tournament/118871/knockouts,91,0,0
1680593963388,1141,Get Players schedule,200,,Knock_out_Thread Group 1-154,text,true,,5441,338,113,113,https://pabsa.impressicocrm.com/api/tournament/119922/matches,1141,0,0
1680593963250,1286,Get Break list ,200,,Knock_out_Thread Group 1-188,text,true,,3218,338,113,113,https://pabsa.impressicocrm.com/api/tournament/119922/players,1286,0,0
1680593963410,1128,Get Home page country ,200,,Knock_out_Thread Group 1-241,text,true,,17270,320,113,113,https://pabsa.impressicocrm.com/api/country,1128,0,0
1680593963641,927,Get Break list ,200,,Knock_out_Thread Group 1-185,text,true,,3218,338,114,114,https://pabsa.impressicocrm.com/api/tournament/119922/players,927,0,0
1680593962354,2226,Get tournamnent list ,200,,Knock_out_Thread Group 1-221,text,true,,58880,389,114,114,https://pabsa.impressicocrm.com/api/tournament?limit=12&pageNumber=1&sportType=&tournamentName=&tournamentStyle=,1307,0,0
1680593963641,942,Get Home page country ,200,,Knock_out_Thread Group 1-244,text,true,,17270,320,114,114,https://pabsa.impressicocrm.com/api/country,941,0,0
1680593964255,329,Home page ,200,OK,Knock_out_Thread Group 1-253,text,true,,3033,309,114,114,https://pabsa.impressicocrm.com/,329,0,258
1680593963437,1149,Get Home page currency,200,,Knock_out_Thread Group 1-210,text,true,,9160,321,114,114,https://pabsa.impressicocrm.com/api/currency,1149,0,0
1680593963644,942,Get Home page currency,200,,Knock_out_Thread Group 1-219,text,true,,9160,321,114,114,https://pabsa.impressicocrm.com/api/currency,942,0,0
1680593963336,1250,Get tournament result,200,,Knock_out_Thread Group 1-158,text,true,,5441,338,114,114,https://pabsa.impressicocrm.com/api/tournament/119922/matches,1250,0,0
1680593963552,1036,Get Players list ,200,,Knock_out_Thread Group 1-201,text,true,,3218,338,114,114,https://pabsa.impressicocrm.com/api/tournament/119922/players,1036,0,0
1680593963739,855,Get playerA_Vs_playerB,200,,Knock_out_Thread Group 1-156,text,true,,1239,341,114,114,https://pabsa.impressicocrm.com/api/tournament/matchScore/147598,855,0,0
1680593963886,708,Get tournamnent list ,200,,Knock_out_Thread Group 1-236,text,true,,58888,389,114,114,https://pabsa.impressicocrm.com/api/tournament?limit=12&pageNumber=1&sportType=&tournamentName=&tournamentStyle=,364,0,0
1680593963392,1211,Get single knockout Player details,200,,Knock_out_Thread Group 1-175,text,true,,1210,326,113,113,https://pabsa.impressicocrm.com/api/player/110368,1211,0,0
1680593963953,654,Home page ,200,OK,Knock_out_Thread Group 1-250,text,true,,3033,309,113,113,https://pabsa.impressicocrm.com/,654,0,241
1680593963460,1175,Get knockout players list ,200,,Knock_out_Thread Group 1-167,text,true,,4598,340,113,113,https://pabsa.impressicocrm.com/api/tournament/118871/knockouts,1175,0,0
1680593963397,1241,Get Players schedule,200,,Knock_out_Thread Group 1-177,text,true,,5441,338,113,113,https://pabsa.impressicocrm.com/api/tournament/119922/matches,1241,0,0
1680593963766,880,Get Break list ,200,,Knock_out_Thread Group 1-189,text,true,,3218,338,113,113,https://pabsa.impressicocrm.com/api/tournament/119922/players,880,0,0
1680593963581,1065,Get Break list ,200,,Knock_out_Thread Group 1-184,text,true,,3218,338,113,113,https://pabsa.impressicocrm.com/api/tournament/119922/players,1065,0,0
1680593963662,984,Get Home page country ,200,,Knock_out_Thread Group 1-243,text,true,,17270,320,113,113,https://pabsa.impressicocrm.com/api/country,984,0,0
1680593963551,1118,Home page ,200,OK,Knock_out_Thread Group 1-246,text,true,,3033,309,114,114,https://pabsa.impressicocrm.com/,1117,0,577
1680593963169,1508,Get single knockout Player details,200,,Knock_out_Thread Group 1-165,text,true,,1210,326,114,114,https://pabsa.impressicocrm.com/api/player/110368,1508,0,0
1680593963944,749,Get playerA_Vs_playerB,200,,Knock_out_Thread Group 1-160,text,true,,1239,341,114,114,https://pabsa.impressicocrm.com/api/tournament/matchScore/147598,749,0,0
1680593963495,1248,Get Home page currency,200,,Knock_out_Thread Group 1-218,text,true,,9160,321,113,113,https://pabsa.impressicocrm.com/api/currency,1248,0,0
1680593963480,1263,Get single knockout Player details,200,,Knock_out_Thread Group 1-69,text,true,,1210,326,113,113,https://pabsa.impressicocrm.com/api/player/110368,1263,0,0
1680593963476,1267,Get Home page country ,200,,Knock_out_Thread Group 1-242,text,true,,17270,320,113,113,https://pabsa.impressicocrm.com/api/country,1267,0,0
1680593963033,1710,Get Players list ,200,,Knock_out_Thread Group 1-190,text,true,,3218,338,113,113,https://pabsa.impressicocrm.com/api/tournament/119922/players,1710,0,0
1680593964454,295,Home page ,200,OK,Knock_out_Thread Group 1-255,text,true,,3033,309,113,113,https://pabsa.impressicocrm.com/,295,0,230
1680593963967,804,Get Break list ,200,,Knock_out_Thread Group 1-191,text,true,,3218,338,114,114,https://pabsa.impressicocrm.com/api/tournament/119922/players,804,0,0
1680593963909,862,Get Players list ,200,,Knock_out_Thread Group 1-211,text,true,,3218,338,114,114,https://pabsa.impressicocrm.com/api/tournament/119922/players,862,0,0
1680593963967,843,Get Break list ,200,,Knock_out_Thread Group 1-208,text,true,,3218,338,114,114,https://pabsa.impressicocrm.com/api/tournament/119922/players,843,0,0
1680593964071,747,Get playerA_Vs_playerB,200,,Knock_out_Thread Group 1-173,text,true,,1239,341,114,114,https://pabsa.impressicocrm.com/api/tournament/matchScore/147598,747,0,0
1680593962059,2789,Get tournamnent list ,200,,Knock_out_Thread Group 1-206,text,true,,58880,389,113,113,https://pabsa.impressicocrm.com/api/tournament?limit=12&pageNumber=1&sportType=&tournamentName=&tournamentStyle=,1977,0,0
1680593964226,664,Get single knockout Player details,200,,Knock_out_Thread Group 1-146,text,true,,1210,326,114,114,https://pabsa.impressicocrm.com/api/player/110368,664,0,0
1680593963710,1190,Get playerA_Vs_playerB,200,,Knock_out_Thread Group 1-143,text,true,,1239,341,114,114,https://pabsa.impressicocrm.com/api/tournament/matchScore/147598,1190,0,0
1680593961746,3200,Get tournamnent list ,200,,Knock_out_Thread Group 1-203,text,true,,58880,389,113,113,https://pabsa.impressicocrm.com/api/tournament?limit=12&pageNumber=1&sportType=&tournamentName=&tournamentStyle=,1740,0,0
1680593964001,970,Get Players schedule,200,,Knock_out_Thread Group 1-200,text,true,,5435,338,114,114,https://pabsa.impressicocrm.com/api/tournament/119922/matches,969,0,0
1680593964151,826,Get Players list ,200,,Knock_out_Thread Group 1-195,text,true,,3218,338,114,114,https://pabsa.impressicocrm.com/api/tournament/119922/players,826,0,0
1680593964053,939,Home page ,200,OK,Knock_out_Thread Group 1-251,text,true,,3033,309,114,114,https://pabsa.impressicocrm.com/,938,0,491
1680593964163,845,Get Players list ,200,,Knock_out_Thread Group 1-199,text,true,,3218,338,114,114,https://pabsa.impressicocrm.com/api/tournament/119922/players,845,0,0
1680593964127,887,Get Home page country ,200,,Knock_out_Thread Group 1-245,text,true,,17270,320,114,114,https://pabsa.impressicocrm.com/api/country,887,0,0
1680593964105,918,Get Home page country ,200,,Knock_out_Thread Group 1-247,text,true,,17270,320,114,114,https://pabsa.impressicocrm.com/api/country,896,0,0
1680593964371,661,Get single knockout Player details,200,,Knock_out_Thread Group 1-164,text,true,,1210,326,114,114,https://pabsa.impressicocrm.com/api/player/110368,661,0,0
1680593962957,2080,Get tournamnent list ,200,,Knock_out_Thread Group 1-207,text,true,,58865,389,114,114,https://pabsa.impressicocrm.com/api/tournament?limit=12&pageNumber=1&sportType=&tournamentName=&tournamentStyle=,1233,0,0
1680593964174,875,Get Home page currency,200,,Knock_out_Thread Group 1-222,text,true,,9160,321,114,114,https://pabsa.impressicocrm.com/api/currency,875,0,0
1680593963235,1825,Get knockout players list ,200,,Knock_out_Thread Group 1-181,text,true,,4598,340,115,115,https://pabsa.impressicocrm.com/api/tournament/118871/knockouts,1825,0,0
1680593964219,842,Get knockout players list ,200,,Knock_out_Thread Group 1-161,text,true,,4598,340,115,115,https://pabsa.impressicocrm.com/api/tournament/118871/knockouts,842,0,0
1680593964320,759,Get Break list ,200,,Knock_out_Thread Group 1-196,text,true,,3218,338,115,115,https://pabsa.impressicocrm.com/api/tournament/119922/players,759,0,0
1680593962857,2222,Home page ,200,OK,Knock_out_Thread Group 1-239,text,true,,3033,309,115,115,https://pabsa.impressicocrm.com/,2221,0,1910
1680593964071,1015,Get single knockout Player details,200,,Knock_out_Thread Group 1-162,text,true,,1210,326,115,115,https://pabsa.impressicocrm.com/api/player/110368,1015,0,0
1680593964317,773,Get Players list ,200,,Knock_out_Thread Group 1-204,text,true,,3218,338,115,115,https://pabsa.impressicocrm.com/api/tournament/119922/players,773,0,0
1680593964001,1094,Get playerA_Vs_playerB,200,,Knock_out_Thread Group 1-135,text,true,,1239,341,115,115,https://pabsa.impressicocrm.com/api/tournament/matchScore/147598,1094,0,0
1680593963635,1460,Get knockout players list ,200,,Knock_out_Thread Group 1-176,text,true,,4598,340,115,115,https://pabsa.impressicocrm.com/api/tournament/118871/knockouts,1460,0,0
1680593963567,1528,Get Players list ,200,,Knock_out_Thread Group 1-209,text,true,,3218,338,115,115,https://pabsa.impressicocrm.com/api/tournament/119922/players,1528,0,0
1680593964855,285,Home page ,200,OK,Knock_out_Thread Group 1-259,text,true,,3033,309,114,114,https://pabsa.impressicocrm.com/,285,0,218
1680593963490,1663,Get Home page country ,200,,Knock_out_Thread Group 1-237,text,true,,17270,320,115,115,https://pabsa.impressicocrm.com/api/country,1626,0,0
1680593964475,687,Get single knockout Player details,200,,Knock_out_Thread Group 1-170,text,true,,1210,326,115,115,https://pabsa.impressicocrm.com/api/player/110368,687,0,0
1680593963272,1891,Get Break list ,200,,Knock_out_Thread Group 1-183,text,true,,3218,338,115,115,https://pabsa.impressicocrm.com/api/tournament/119922/players,1891,0,0
1680593964192,973,Get tournament result,200,,Knock_out_Thread Group 1-38,text,true,,5441,338,115,115,https://pabsa.impressicocrm.com/api/tournament/119922/matches,973,0,0
1680593964655,522,Home page ,200,OK,Knock_out_Thread Group 1-257,text,true,,3033,309,115,115,https://pabsa.impressicocrm.com/,522,0,445
1680593964477,701,Get knockout players list ,200,,Knock_out_Thread Group 1-180,text,true,,4598,340,115,115,https://pabsa.impressicocrm.com/api/tournament/118871/knockouts,701,0,0
1680593964017,1160,Get Home page currency,200,,Knock_out_Thread Group 1-213,text,true,,9160,321,115,115,https://pabsa.impressicocrm.com/api/currency,1160,0,0
1680593964355,832,Home page ,200,OK,Knock_out_Thread Group 1-254,text,true,,3033,309,115,115,https://pabsa.impressicocrm.com/,832,0,706
1680593964285,907,Get tournament result,200,,Knock_out_Thread Group 1-163,text,true,,5441,338,115,115,https://pabsa.impressicocrm.com/api/tournament/119922/matches,906,0,0
1680593963661,1532,Get playerA_Vs_playerB,200,,Knock_out_Thread Group 1-147,text,true,,1239,341,115,115,https://pabsa.impressicocrm.com/api/tournament/matchScore/147598,1532,0,0
1680593964083,1112,Get playerA_Vs_playerB,200,,Knock_out_Thread Group 1-150,text,true,,1239,341,114,114,https://pabsa.impressicocrm.com/api/tournament/matchScore/147598,1112,0,0
1680593964528,671,Get single knockout Player details,200,,Knock_out_Thread Group 1-186,text,true,,1210,326,113,113,https://pabsa.impressicocrm.com/api/player/110368,671,0,0
1680593963777,1471,Get Players schedule,200,,Knock_out_Thread Group 1-178,text,true,,5441,338,113,113,https://pabsa.impressicocrm.com/api/tournament/119922/matches,1471,0,0
1680593964449,800,Get playerA_Vs_playerB,200,,Knock_out_Thread Group 1-169,text,true,,1239,341,113,113,https://pabsa.impressicocrm.com/api/tournament/matchScore/147598,800,0,0
1680593964156,1094,Get Players schedule,200,,Knock_out_Thread Group 1-182,text,true,,5441,338,113,113,https://pabsa.impressicocrm.com/api/tournament/119922/matches,1094,0,0
1680593963310,1938,Get tournamnent list ,200,,Knock_out_Thread Group 1-227,text,true,,58888,389,113,113,https://pabsa.impressicocrm.com/api/tournament?limit=12&pageNumber=1&sportType=&tournamentName=&tournamentStyle=,1360,0,0
1680593964957,293,Home page ,200,OK,Knock_out_Thread Group 1-260,text,true,,3033,309,113,113,https://pabsa.impressicocrm.com/,293,0,204
1680593964431,832,Get Break list ,200,,Knock_out_Thread Group 1-192,text,true,,3218,338,113,113,https://pabsa.impressicocrm.com/api/tournament/119922/players,832,0,0
1680593964322,953,Get Players schedule,200,,Knock_out_Thread Group 1-172,text,true,,5441,338,113,113,https://pabsa.impressicocrm.com/api/tournament/119922/matches,953,0,0
1680593963947,1336,Get Home page country ,200,,Knock_out_Thread Group 1-240,text,true,,17270,320,113,113,https://pabsa.impressicocrm.com/api/country,1333,0,0
1680593962604,2681,Get tournamnent list ,200,,Knock_out_Thread Group 1-223,text,true,,58888,389,113,113,https://pabsa.impressicocrm.com/api/tournament?limit=12&pageNumber=1&sportType=&tournamentName=&tournamentStyle=,1293,0,0
1680593963460,1848,Get Break list ,200,,Knock_out_Thread Group 1-187,text,true,,3218,338,113,113,https://pabsa.impressicocrm.com/api/tournament/119922/players,1848,0,0
1680593963866,1443,Get tournament result,200,,Knock_out_Thread Group 1-171,text,true,,5441,338,113,113,https://pabsa.impressicocrm.com/api/tournament/119922/matches,1443,0,0
1680593964585,756,Get Home page country ,200,,Knock_out_Thread Group 1-253,text,true,,17270,320,113,113,https://pabsa.impressicocrm.com/api/country,754,0,0
1680593964150,1191,Get Home page country ,200,,Knock_out_Thread Group 1-249,text,true,,17270,320,113,113,https://pabsa.impressicocrm.com/api/country,1191,0,0
1680593964300,1047,Get knockout players list ,200,,Knock_out_Thread Group 1-179,text,true,,4598,340,113,113,https://pabsa.impressicocrm.com/api/tournament/118871/knockouts,1046,0,0
1680593963353,1992,Get tournamnent list ,200,,Knock_out_Thread Group 1-231,text,true,,58880,389,113,113,https://pabsa.impressicocrm.com/api/tournament?limit=12&pageNumber=1&sportType=&tournamentName=&tournamentStyle=,1370,0,0
1680593962787,2570,Get tournamnent list ,200,,Knock_out_Thread Group 1-226,text,true,,58880,389,114,114,https://pabsa.impressicocrm.com/api/tournament?limit=12&pageNumber=1&sportType=&tournamentName=&tournamentStyle=,1350,0,0
1680593964514,851,Get Home page currency,200,,Knock_out_Thread Group 1-225,text,true,,9160,321,114,114,https://pabsa.impressicocrm.com/api/currency,851,0,0
1680593964587,786,Get Players list ,200,,Knock_out_Thread Group 1-210,text,true,,3218,338,114,114,https://pabsa.impressicocrm.com/api/tournament/119922/players,786,0,0
1680593962742,2630,Get tournamnent list ,200,,Knock_out_Thread Group 1-217,text,true,,58888,389,114,114,https://pabsa.impressicocrm.com/api/tournament?limit=12&pageNumber=1&sportType=&tournamentName=&tournamentStyle=,1314,0,0
1680593965055,320,Home page ,200,OK,Knock_out_Thread Group 1-261,text,true,,3033,309,114,114,https://pabsa.impressicocrm.com/,320,0,245
1680593964587,816,Get playerA_Vs_playerB,200,,Knock_out_Thread Group 1-158,text,true,,1239,341,114,114,https://pabsa.impressicocrm.com/api/tournament/matchScore/147598,816,0,0
1680593964537,874,Get Players schedule,200,,Knock_out_Thread Group 1-188,text,true,,5441,338,113,113,https://pabsa.impressicocrm.com/api/tournament/119922/matches,874,0,0
1680593963161,2249,Get Players schedule,200,,Knock_out_Thread Group 1-149,text,true,,5441,338,113,113,https://pabsa.impressicocrm.com/api/tournament/119922/matches,2249,0,0
1680593964639,772,Get knockout players list ,200,,Knock_out_Thread Group 1-177,text,true,,4598,340,113,113,https://pabsa.impressicocrm.com/api/tournament/118871/knockouts,772,0,0
1680593964317,1096,Get Players list ,200,,Knock_out_Thread Group 1-214,text,true,,3218,338,113,113,https://pabsa.impressicocrm.com/api/tournament/119922/players,1096,0,0
1680593963293,2149,Get tournamnent list ,200,,Knock_out_Thread Group 1-229,text,true,,58888,389,113,113,https://pabsa.impressicocrm.com/api/tournament?limit=12&pageNumber=1&sportType=&tournamentName=&tournamentStyle=,1426,0,0
1680593964636,811,Get single knockout Player details,200,,Knock_out_Thread Group 1-167,text,true,,1210,326,113,113,https://pabsa.impressicocrm.com/api/player/110368,811,0,0
1680593964522,929,Get Break list ,200,,Knock_out_Thread Group 1-197,text,true,,3218,338,113,113,https://pabsa.impressicocrm.com/api/tournament/119922/players,929,0,0
1680593964587,864,Get Players list ,200,,Knock_out_Thread Group 1-219,text,true,,3218,338,113,113,https://pabsa.impressicocrm.com/api/tournament/119922/players,864,0,0
1680593964570,886,Get Players schedule,200,,Knock_out_Thread Group 1-185,text,true,,5441,338,114,114,https://pabsa.impressicocrm.com/api/tournament/119922/matches,886,0,0
1680593963224,2231,Get tournamnent list ,200,,Knock_out_Thread Group 1-228,text,true,,58888,389,114,114,https://pabsa.impressicocrm.com/api/tournament?limit=12&pageNumber=1&sportType=&tournamentName=&tournamentStyle=,1437,0,0
1680593964154,1303,Home page ,200,OK,Knock_out_Thread Group 1-252,text,true,,3033,309,114,114,https://pabsa.impressicocrm.com/,1302,0,601
1680593964064,1401,Get Break list ,200,,Knock_out_Thread Group 1-205,text,true,,3218,338,114,114,https://pabsa.impressicocrm.com/api/tournament/119922/players,1401,0,0
1680593964068,1399,Get Players schedule,200,,Knock_out_Thread Group 1-168,text,true,,5441,338,114,114,https://pabsa.impressicocrm.com/api/tournament/119922/matches,1399,0,0
1680593964596,874,Get Home page currency,200,,Knock_out_Thread Group 1-236,text,true,,9160,321,114,114,https://pabsa.impressicocrm.com/api/currency,874,0,0
1680593962334,3138,Get tournamnent list ,200,,Knock_out_Thread Group 1-220,text,true,,58880,389,114,114,https://pabsa.impressicocrm.com/api/tournament?limit=12&pageNumber=1&sportType=&tournamentName=&tournamentStyle=,1317,0,0
1680593964270,1209,Get tournament result,200,,Knock_out_Thread Group 1-137,text,true,,5441,338,114,114,https://pabsa.impressicocrm.com/api/tournament/119922/matches,1209,0,0
1680593964609,872,Get Home page country ,200,,Knock_out_Thread Group 1-250,text,true,,17270,320,114,114,https://pabsa.impressicocrm.com/api/country,870,0,0
1680593964589,908,Get Break list ,200,,Knock_out_Thread Group 1-201,text,true,,3218,338,114,114,https://pabsa.impressicocrm.com/api/tournament/119922/players,908,0,0
1680593964399,1103,Get playerA_Vs_playerB,200,,Knock_out_Thread Group 1-108,text,true,,1239,341,114,114,https://pabsa.impressicocrm.com/api/tournament/matchScore/147598,1103,0,0
1680593964354,1168,Get Players schedule,200,,Knock_out_Thread Group 1-194,text,true,,5441,338,113,113,https://pabsa.impressicocrm.com/api/tournament/119922/matches,1168,0,0
1680593964206,1319,Get Home page currency,200,,Knock_out_Thread Group 1-215,text,true,,9160,321,113,113,https://pabsa.impressicocrm.com/api/currency,1319,0,0
1680593965154,371,Home page ,200,OK,Knock_out_Thread Group 1-262,text,true,,3033,309,113,113,https://pabsa.impressicocrm.com/,371,0,297
1680593964518,1025,Get Players schedule,200,,Knock_out_Thread Group 1-202,text,true,,5441,338,113,113,https://pabsa.impressicocrm.com/api/tournament/119922/matches,1025,0,0
1680593964745,805,Get Players list ,200,,Knock_out_Thread Group 1-218,text,true,,3218,338,113,113,https://pabsa.impressicocrm.com/api/tournament/119922/players,805,0,0
1680593963020,2552,Get tournament result,200,,Knock_out_Thread Group 1-152,text,true,,5441,338,114,114,https://pabsa.impressicocrm.com/api/tournament/119922/matches,2552,0,0
1680593964381,1202,Get Players schedule,200,,Knock_out_Thread Group 1-129,text,true,,5441,338,114,114,https://pabsa.impressicocrm.com/api/tournament/119922/matches,1202,0,0
1680593964750,838,Get Home page country ,200,,Knock_out_Thread Group 1-255,text,true,,17270,320,114,114,https://pabsa.impressicocrm.com/api/country,835,0,0
1680593964745,851,Get Break list ,200,,Knock_out_Thread Group 1-190,text,true,,3218,338,114,114,https://pabsa.impressicocrm.com/api/tournament/119922/players,850,0,0
1680593964647,954,Get Players schedule,200,,Knock_out_Thread Group 1-184,text,true,,5435,338,114,114,https://pabsa.impressicocrm.com/api/tournament/119922/matches,954,0,0
1680593964231,1380,Get Players schedule,200,,Knock_out_Thread Group 1-198,text,true,,5441,338,114,114,https://pabsa.impressicocrm.com/api/tournament/119922/matches,1380,0,0
1680593964671,954,Get Home page country ,200,,Knock_out_Thread Group 1-246,text,true,,17270,320,114,114,https://pabsa.impressicocrm.com/api/country,947,0,0
1680593964345,1287,Get Home page currency,200,,Knock_out_Thread Group 1-212,text,true,,9160,321,114,114,https://pabsa.impressicocrm.com/api/currency,1287,0,0
1680593964384,1257,Get tournamnent list ,200,,Knock_out_Thread Group 1-238,text,true,,58880,389,114,114,https://pabsa.impressicocrm.com/api/tournament?limit=12&pageNumber=1&sportType=&tournamentName=&tournamentStyle=,1018,0,0
1680593963770,1873,Get tournamnent list ,200,,Knock_out_Thread Group 1-235,text,true,,58888,389,114,114,https://pabsa.impressicocrm.com/api/tournament?limit=12&pageNumber=1&sportType=&tournamentName=&tournamentStyle=,1282,0,0
1680593964773,896,Get Break list ,200,,Knock_out_Thread Group 1-211,text,true,,3218,338,115,115,https://pabsa.impressicocrm.com/api/tournament/119922/players,896,0,0
1680593964850,831,Get Home page currency,200,,Knock_out_Thread Group 1-206,text,true,,9160,321,115,115,https://pabsa.impressicocrm.com/api/currency,831,0,0
1680593965354,339,Home page ,200,OK,Knock_out_Thread Group 1-264,text,true,,3033,309,115,115,https://pabsa.impressicocrm.com/,339,0,264
1680593963752,1954,Home page ,200,OK,Knock_out_Thread Group 1-248,text,true,,3033,309,115,115,https://pabsa.impressicocrm.com/,1954,0,1790
1680593964647,1061,Get Players schedule,200,,Knock_out_Thread Group 1-189,text,true,,5441,338,115,115,https://pabsa.impressicocrm.com/api/tournament/119922/matches,1061,0,0
1680593961824,3905,Get tournamnent list ,200,,Knock_out_Thread Group 1-216,text,true,,58888,389,115,115,https://pabsa.impressicocrm.com/api/tournament?limit=12&pageNumber=1&sportType=&tournamentName=&tournamentStyle=,1718,0,0
1680593965455,301,Home page ,200,OK,Knock_out_Thread Group 1-265,text,true,,3033,309,116,116,https://pabsa.impressicocrm.com/,301,0,227
1680593965062,705,Get single knockout Player details,200,,Knock_out_Thread Group 1-181,text,true,,1210,326,116,116,https://pabsa.impressicocrm.com/api/player/110368,704,0,0
1680593965062,713,Get single knockout Player details,200,,Knock_out_Thread Group 1-161,text,true,,1210,326,116,116,https://pabsa.impressicocrm.com/api/player/110368,713,0,0
1680593964773,1027,Get Players schedule,200,,Knock_out_Thread Group 1-191,text,true,,5441,338,116,116,https://pabsa.impressicocrm.com/api/tournament/119922/matches,1027,0,0
1680593965097,703,Get single knockout Player details,200,,Knock_out_Thread Group 1-176,text,true,,1210,326,116,116,https://pabsa.impressicocrm.com/api/player/110368,703,0,0
1680593964389,1411,Get tournament result,200,,Knock_out_Thread Group 1-157,text,true,,5441,338,116,116,https://pabsa.impressicocrm.com/api/tournament/119922/matches,1411,0,0
1680593964745,1058,Get tournament result,200,,Knock_out_Thread Group 1-69,text,true,,5441,338,116,116,https://pabsa.impressicocrm.com/api/tournament/119922/matches,1058,0,0
1680593964948,873,Get Home page currency,200,,Knock_out_Thread Group 1-203,text,true,,9160,321,116,116,https://pabsa.impressicocrm.com/api/currency,873,0,0
1680593964752,1093,Home page ,200,OK,Knock_out_Thread Group 1-258,text,true,,3033,309,116,116,https://pabsa.impressicocrm.com/,1093,0,996
1680593965050,804,Get Players list ,200,,Knock_out_Thread Group 1-222,text,true,,3218,338,117,117,https://pabsa.impressicocrm.com/api/tournament/119922/players,804,0,0
1680593963659,2238,Get tournamnent list ,200,,Knock_out_Thread Group 1-234,text,true,,58888,389,117,117,https://pabsa.impressicocrm.com/api/tournament?limit=12&pageNumber=1&sportType=&tournamentName=&tournamentStyle=,1715,0,0
1680593965090,809,Get Break list ,200,,Knock_out_Thread Group 1-204,text,true,,3218,338,117,117,https://pabsa.impressicocrm.com/api/tournament/119922/players,809,0,0
1680593965254,648,Home page ,200,OK,Knock_out_Thread Group 1-263,text,true,,3033,309,117,117,https://pabsa.impressicocrm.com/,648,0,319
1680593964891,1025,Get tournament result,200,,Knock_out_Thread Group 1-146,text,true,,5441,338,117,117,https://pabsa.impressicocrm.com/api/tournament/119922/matches,1025,0,0
1680593965097,837,Get Break list ,200,,Knock_out_Thread Group 1-209,text,true,,3218,338,117,117,https://pabsa.impressicocrm.com/api/tournament/119922/players,836,0,0
1680593964678,1270,Get tournament result,200,,Knock_out_Thread Group 1-165,text,true,,5435,338,117,117,https://pabsa.impressicocrm.com/api/tournament/119922/matches,1270,0,0
1680593965166,795,Get playerA_Vs_playerB,200,,Knock_out_Thread Group 1-38,text,true,,1239,341,118,118,https://pabsa.impressicocrm.com/api/tournament/matchScore/147598,795,0,0
1680593965039,950,Get Home page currency,200,,Knock_out_Thread Group 1-207,text,true,,9160,321,117,117,https://pabsa.impressicocrm.com/api/currency,950,0,0
1680593965192,812,Get playerA_Vs_playerB,200,,Knock_out_Thread Group 1-163,text,true,,1239,341,117,117,https://pabsa.impressicocrm.com/api/tournament/matchScore/147598,812,0,0
1680593964584,1429,Get tournamnent list ,200,,Knock_out_Thread Group 1-244,text,true,,58880,389,116,116,https://pabsa.impressicocrm.com/api/tournament?limit=12&pageNumber=1&sportType=&tournamentName=&tournamentStyle=,1090,0,0
1680593964994,1027,Get Home page country ,200,,Knock_out_Thread Group 1-251,text,true,,17270,320,116,116,https://pabsa.impressicocrm.com/api/country,1027,0,0
1680593965276,764,Get knockout players list ,200,,Knock_out_Thread Group 1-172,text,true,,4598,340,116,116,https://pabsa.impressicocrm.com/api/tournament/118871/knockouts,764,0,0
1680593965079,969,Get Players schedule,200,,Knock_out_Thread Group 1-196,text,true,,5441,338,116,116,https://pabsa.impressicocrm.com/api/tournament/119922/matches,969,0,0
1680593964605,1443,Get tournament result,200,,Knock_out_Thread Group 1-175,text,true,,5441,338,116,116,https://pabsa.impressicocrm.com/api/tournament/119922/matches,1443,0,0
1680593964978,1079,Get Break list ,200,,Knock_out_Thread Group 1-195,text,true,,3218,338,117,117,https://pabsa.impressicocrm.com/api/tournament/119922/players,1079,0,0
1680593965250,834,Get knockout players list ,200,,Knock_out_Thread Group 1-178,text,true,,4598,340,117,117,https://pabsa.impressicocrm.com/api/tournament/118871/knockouts,834,0,0
1680593965178,916,Get Home page country ,200,,Knock_out_Thread Group 1-257,text,true,,17270,320,117,117,https://pabsa.impressicocrm.com/api/country,916,0,0
1680593965141,971,Get Home page country ,200,,Knock_out_Thread Group 1-259,text,true,,17255,320,117,117,https://pabsa.impressicocrm.com/api/country,926,0,0
1680593965310,806,Get playerA_Vs_playerB,200,,Knock_out_Thread Group 1-171,text,true,,1239,341,117,117,https://pabsa.impressicocrm.com/api/tournament/matchScore/147598,806,0,0
1680593965347,772,Get single knockout Player details,200,,Knock_out_Thread Group 1-179,text,true,,1210,326,116,116,https://pabsa.impressicocrm.com/api/player/110368,772,0,0
1680593965188,931,Get Home page country ,200,,Knock_out_Thread Group 1-254,text,true,,17270,320,116,116,https://pabsa.impressicocrm.com/api/country,901,0,0
1680593965165,955,Get Players schedule,200,,Knock_out_Thread Group 1-183,text,true,,5441,338,116,116,https://pabsa.impressicocrm.com/api/tournament/119922/matches,955,0,0
1680593965821,322,Get Players list ,200,,Knock_out_Thread Group 1-203,text,true,,3218,338,116,116,https://pabsa.impressicocrm.com/api/tournament/119922/players,322,0,0
1680593965250,900,Get knockout players list ,200,,Knock_out_Thread Group 1-182,text,true,,4598,340,116,116,https://pabsa.impressicocrm.com/api/tournament/118871/knockouts,900,0,0
1680593965855,296,Home page ,200,OK,Knock_out_Thread Group 1-269,text,true,,3033,309,116,116,https://pabsa.impressicocrm.com/,295,0,225
1680593964811,1358,Get Players schedule,200,,Knock_out_Thread Group 1-208,text,true,,5441,338,117,117,https://pabsa.impressicocrm.com/api/tournament/119922/matches,1358,0,0
1680593965366,809,Get Players list ,200,,Knock_out_Thread Group 1-225,text,true,,3218,338,117,117,https://pabsa.impressicocrm.com/api/tournament/119922/players,809,0,0
1680593965412,765,Get knockout players list ,200,,Knock_out_Thread Group 1-188,text,true,,4598,340,117,117,https://pabsa.impressicocrm.com/api/tournament/118871/knockouts,765,0,0
1680593965163,1019,Get tournament result,200,,Knock_out_Thread Group 1-170,text,true,,5435,338,117,117,https://pabsa.impressicocrm.com/api/tournament/119922/matches,1019,0,0
1680593965374,821,Get Break list ,200,,Knock_out_Thread Group 1-210,text,true,,3218,338,117,117,https://pabsa.impressicocrm.com/api/tournament/119922/players,821,0,0
1680593965179,1028,Get single knockout Player details,200,,Knock_out_Thread Group 1-180,text,true,,1210,326,117,117,https://pabsa.impressicocrm.com/api/player/110368,1028,0,0
1680593965457,788,Get knockout players list ,200,,Knock_out_Thread Group 1-185,text,true,,4598,340,117,117,https://pabsa.impressicocrm.com/api/tournament/118871/knockouts,788,0,0
1680593965200,1068,Get tournament result,200,,Knock_out_Thread Group 1-186,text,true,,5435,338,118,118,https://pabsa.impressicocrm.com/api/tournament/119922/matches,1068,0,0
1680593965008,1265,Get Break list ,200,,Knock_out_Thread Group 1-199,text,true,,3218,338,118,118,https://pabsa.impressicocrm.com/api/tournament/119922/players,1265,0,0
1680593963217,3055,Get Players list ,200,,Knock_out_Thread Group 1-193,text,true,,3218,338,118,118,https://pabsa.impressicocrm.com/api/tournament/119922/players,3055,0,0
1680593965309,1018,Get Players schedule,200,,Knock_out_Thread Group 1-187,text,true,,5435,338,118,118,https://pabsa.impressicocrm.com/api/tournament/119922/matches,1018,0,0
1680593965451,876,Get Break list ,200,,Knock_out_Thread Group 1-219,text,true,,3218,338,118,118,https://pabsa.impressicocrm.com/api/tournament/119922/players,876,0,0
1680593965470,861,Get Players list ,200,,Knock_out_Thread Group 1-236,text,true,,3218,338,118,118,https://pabsa.impressicocrm.com/api/tournament/119922/players,861,0,0
1680593966245,98,Get single knockout Player details,200,,Knock_out_Thread Group 1-185,text,true,,1210,326,118,118,https://pabsa.impressicocrm.com/api/player/110368,98,0,0
1680593965468,878,Get knockout players list ,200,,Knock_out_Thread Group 1-168,text,true,,4598,340,118,118,https://pabsa.impressicocrm.com/api/tournament/118871/knockouts,878,0,0
1680593965088,1259,Get tournament result,200,,Knock_out_Thread Group 1-162,text,true,,5441,338,118,118,https://pabsa.impressicocrm.com/api/tournament/119922/matches,1259,0,0
1680593965602,756,Get knockout players list ,200,,Knock_out_Thread Group 1-184,text,true,,4598,340,119,119,https://pabsa.impressicocrm.com/api/tournament/118871/knockouts,756,0,0
1680593965414,950,Get Break list ,200,,Knock_out_Thread Group 1-214,text,true,,3218,338,119,119,https://pabsa.impressicocrm.com/api/tournament/119922/players,950,0,0
1680593965551,821,Get Break list ,200,,Knock_out_Thread Group 1-218,text,true,,3218,338,119,119,https://pabsa.impressicocrm.com/api/tournament/119922/players,821,0,0
1680593965574,810,Get playerA_Vs_playerB,200,,Knock_out_Thread Group 1-152,text,true,,1239,341,119,119,https://pabsa.impressicocrm.com/api/tournament/matchScore/147598,810,0,0
1680593965642,745,Get Home page currency,200,,Knock_out_Thread Group 1-238,text,true,,9160,321,118,118,https://pabsa.impressicocrm.com/api/currency,745,0,0
1680593965479,914,Get playerA_Vs_playerB,200,,Knock_out_Thread Group 1-137,text,true,,1239,341,118,118,https://pabsa.impressicocrm.com/api/tournament/matchScore/147598,914,0,0
1680593965251,1145,Get Home page country ,200,,Knock_out_Thread Group 1-260,text,true,,17270,320,117,117,https://pabsa.impressicocrm.com/api/country,1145,0,0
1680593965444,961,Get Home page currency,200,,Knock_out_Thread Group 1-229,text,true,,9160,321,117,117,https://pabsa.impressicocrm.com/api/currency,961,0,0
1680593965263,1162,Get Players schedule,200,,Knock_out_Thread Group 1-192,text,true,,5441,338,117,117,https://pabsa.impressicocrm.com/api/tournament/119922/matches,1162,0,0
1680593965376,1052,Get Home page country ,200,,Knock_out_Thread Group 1-261,text,true,,17270,320,117,117,https://pabsa.impressicocrm.com/api/country,1052,0,0
1680593965611,833,Get knockout players list ,200,,Knock_out_Thread Group 1-198,text,true,,4598,340,117,117,https://pabsa.impressicocrm.com/api/tournament/118871/knockouts,833,0,0
1680593966151,298,Get Home page country ,200,,Knock_out_Thread Group 1-269,text,true,,17270,320,117,117,https://pabsa.impressicocrm.com/api/country,298,0,0
1680593965525,933,Get Players list ,200,,Knock_out_Thread Group 1-215,text,true,,3218,338,118,118,https://pabsa.impressicocrm.com/api/tournament/119922/players,933,0,0
1680593965412,1077,Get single knockout Player details,200,,Knock_out_Thread Group 1-177,text,true,,1210,326,118,118,https://pabsa.impressicocrm.com/api/player/110368,1077,0,0
1680593964554,1935,Home page ,200,OK,Knock_out_Thread Group 1-256,text,true,,3033,309,118,118,https://pabsa.impressicocrm.com/,1935,0,1773
1680593965682,811,Get Players list ,200,,Knock_out_Thread Group 1-206,text,true,,3218,338,118,118,https://pabsa.impressicocrm.com/api/tournament/119922/players,811,0,0
1680593965348,1149,Get Home page currency,200,,Knock_out_Thread Group 1-231,text,true,,9153,321,118,118,https://pabsa.impressicocrm.com/api/currency,1149,0,0
1680593965632,869,Get Players list ,200,,Knock_out_Thread Group 1-212,text,true,,3218,338,118,118,https://pabsa.impressicocrm.com/api/tournament/119922/players,869,0,0
1680593966053,448,Home page ,200,OK,Knock_out_Thread Group 1-271,text,true,,3033,309,118,118,https://pabsa.impressicocrm.com/,448,0,379
1680593965251,1270,Get Home page currency,200,,Knock_out_Thread Group 1-227,text,true,,9160,321,118,118,https://pabsa.impressicocrm.com/api/currency,1270,0,0
1680593963492,3028,Get tournamnent list ,200,,Knock_out_Thread Group 1-232,text,true,,58865,389,118,118,https://pabsa.impressicocrm.com/api/tournament?limit=12&pageNumber=1&sportType=&tournamentName=&tournamentStyle=,1974,0,0
1680593965800,734,Get playerA_Vs_playerB,200,,Knock_out_Thread Group 1-157,text,true,,1239,341,118,118,https://pabsa.impressicocrm.com/api/tournament/matchScore/147598,734,0,0
1680593965033,1501,Get tournament result,200,,Knock_out_Thread Group 1-164,text,true,,5441,338,118,118,https://pabsa.impressicocrm.com/api/tournament/119922/matches,1501,0,0
1680593965803,744,Get playerA_Vs_playerB,200,,Knock_out_Thread Group 1-69,text,true,,1239,341,117,117,https://pabsa.impressicocrm.com/api/tournament/matchScore/147598,744,0,0
1680593965412,1154,Get knockout players list ,200,,Knock_out_Thread Group 1-149,text,true,,4591,340,117,117,https://pabsa.impressicocrm.com/api/tournament/118871/knockouts,1154,0,0
1680593965523,1043,Get knockout players list ,200,,Knock_out_Thread Group 1-194,text,true,,4598,340,117,117,https://pabsa.impressicocrm.com/api/tournament/118871/knockouts,1043,0,0
1680593965466,1105,Get Players schedule,200,,Knock_out_Thread Group 1-205,text,true,,5441,338,117,117,https://pabsa.impressicocrm.com/api/tournament/119922/matches,1105,0,0
1680593965694,877,Get Home page country ,200,,Knock_out_Thread Group 1-264,text,true,,17270,320,117,117,https://pabsa.impressicocrm.com/api/country,877,0,0
1680593964530,2093,Get knockout players list ,200,,Knock_out_Thread Group 1-154,text,true,,4591,340,117,117,https://pabsa.impressicocrm.com/api/tournament/118871/knockouts,2093,0,0
1680593965457,1172,Get Home page currency,200,,Knock_out_Thread Group 1-228,text,true,,9160,321,117,117,https://pabsa.impressicocrm.com/api/currency,1172,0,0
1680593965645,987,Get Home page currency,200,,Knock_out_Thread Group 1-235,text,true,,9160,321,117,117,https://pabsa.impressicocrm.com/api/currency,987,0,0
1680593965669,963,Get Players schedule,200,,Knock_out_Thread Group 1-211,text,true,,5435,338,117,117,https://pabsa.impressicocrm.com/api/tournament/119922/matches,963,0,0
1680593964582,2050,Get Home page currency,200,,Knock_out_Thread Group 1-221,text,true,,9160,321,117,117,https://pabsa.impressicocrm.com/api/currency,2050,0,0
1680593965447,1198,Get tournament result,200,,Knock_out_Thread Group 1-167,text,true,,5435,338,117,117,https://pabsa.impressicocrm.com/api/tournament/119922/matches,1198,0,0
1680593965800,872,Get knockout players list ,200,,Knock_out_Thread Group 1-191,text,true,,4598,340,118,118,https://pabsa.impressicocrm.com/api/tournament/118871/knockouts,872,0,0
1680593965899,810,Get Home page currency,200,,Knock_out_Thread Group 1-234,text,true,,9153,321,118,118,https://pabsa.impressicocrm.com/api/currency,810,0,0
1680593965526,1183,Get Home page country ,200,,Knock_out_Thread Group 1-262,text,true,,17255,320,118,118,https://pabsa.impressicocrm.com/api/country,1183,0,0
1680593965543,1166,Get knockout players list ,200,,Knock_out_Thread Group 1-202,text,true,,4598,340,118,118,https://pabsa.impressicocrm.com/api/tournament/118871/knockouts,1166,0,0
1680593966254,455,Home page ,200,OK,Knock_out_Thread Group 1-273,text,true,,3033,309,118,118,https://pabsa.impressicocrm.com/,455,0,357
1680593966040,673,Get single knockout Player details,200,,Knock_out_Thread Group 1-172,text,true,,1210,326,118,118,https://pabsa.impressicocrm.com/api/player/110368,673,0,0
1680593965596,1117,Get Players schedule,200,,Knock_out_Thread Group 1-190,text,true,,5441,338,118,118,https://pabsa.impressicocrm.com/api/tournament/119922/matches,1117,0,0
1680593965917,796,Get playerA_Vs_playerB,200,,Knock_out_Thread Group 1-146,text,true,,1239,341,118,118,https://pabsa.impressicocrm.com/api/tournament/matchScore/147598,796,0,0
1680593966085,628,Get single knockout Player details,200,,Knock_out_Thread Group 1-178,text,true,,1210,326,118,118,https://pabsa.impressicocrm.com/api/player/110368,628,0,0
1680593965948,765,Get playerA_Vs_playerB,200,,Knock_out_Thread Group 1-165,text,true,,1239,341,118,118,https://pabsa.impressicocrm.com/api/tournament/matchScore/147598,765,0,0
1680593965342,1375,Get tournamnent list ,200,,Knock_out_Thread Group 1-253,text,true,,58880,389,116,116,https://pabsa.impressicocrm.com/api/tournament?limit=12&pageNumber=1&sportType=&tournamentName=&tournamentStyle=,995,0,0
1680593966120,620,Get knockout players list ,200,,Knock_out_Thread Group 1-183,text,true,,4598,340,116,116,https://pabsa.impressicocrm.com/api/tournament/118871/knockouts,620,0,0
1680593964972,1785,Get knockout players list ,200,,Knock_out_Thread Group 1-200,text,true,,4598,340,117,117,https://pabsa.impressicocrm.com/api/tournament/118871/knockouts,1785,0,0
1680593965179,1588,Get Players list ,200,,Knock_out_Thread Group 1-213,text,true,,3218,338,117,117,https://pabsa.impressicocrm.com/api/tournament/119922/players,1588,0,0
1680593966154,613,Home page ,200,OK,Knock_out_Thread Group 1-272,text,true,,3033,309,117,117,https://pabsa.impressicocrm.com/,613,0,508
1680593966049,720,Get playerA_Vs_playerB,200,,Knock_out_Thread Group 1-175,text,true,,1239,341,117,117,https://pabsa.impressicocrm.com/api/tournament/matchScore/147598,720,0,0
1680593965775,1018,Get tournament result,200,,Knock_out_Thread Group 1-161,text,true,,5441,338,116,116,https://pabsa.impressicocrm.com/api/tournament/119922/matches,1018,0,0
1680593965554,1244,Home page ,200,OK,Knock_out_Thread Group 1-266,text,true,,3033,309,116,116,https://pabsa.impressicocrm.com/,1243,0,1091
1680593950258,16539,Home page ,200,OK,Knock_out_Thread Group 1-113,text,true,,3033,309,116,116,https://pabsa.impressicocrm.com/,16538,0,16383
1680593966014,796,Get Home page currency,200,,Knock_out_Thread Group 1-244,text,true,,9160,321,116,116,https://pabsa.impressicocrm.com/api/currency,796,0,0
1680593965767,1050,Get tournament result,200,,Knock_out_Thread Group 1-181,text,true,,5441,338,116,116,https://pabsa.impressicocrm.com/api/tournament/119922/matches,1050,0,0
1680593965934,895,Get Players schedule,200,,Knock_out_Thread Group 1-209,text,true,,5441,338,116,116,https://pabsa.impressicocrm.com/api/tournament/119922/matches,895,0,0
1680593965846,1004,Get Home page country ,200,,Knock_out_Thread Group 1-258,text,true,,17255,320,116,116,https://pabsa.impressicocrm.com/api/country,1004,0,0
1680593966454,407,Home page ,200,OK,Knock_out_Thread Group 1-275,text,true,,3033,309,117,117,https://pabsa.impressicocrm.com/,407,0,339
1680593965990,880,Get Players list ,200,,Knock_out_Thread Group 1-207,text,true,,3218,338,117,117,https://pabsa.impressicocrm.com/api/tournament/119922/players,880,0,0
1680593966555,323,Home page ,200,OK,Knock_out_Thread Group 1-276,text,true,,3033,309,117,117,https://pabsa.impressicocrm.com/,323,0,246
1680593965954,924,Home page ,200,OK,Knock_out_Thread Group 1-270,text,true,,3033,309,117,117,https://pabsa.impressicocrm.com/,924,0,847
1680593965287,1601,Get Home page currency,200,,Knock_out_Thread Group 1-223,text,true,,9160,321,117,117,https://pabsa.impressicocrm.com/api/currency,1601,0,0
1680593965458,1446,Get Home page country ,200,,Knock_out_Thread Group 1-252,text,true,,17270,320,117,117,https://pabsa.impressicocrm.com/api/country,1443,0,0
1680593965707,1203,Get Home page country ,200,,Knock_out_Thread Group 1-248,text,true,,17255,320,117,117,https://pabsa.impressicocrm.com/api/country,1203,0,0
1680593966151,762,Get single knockout Player details,200,,Knock_out_Thread Group 1-182,text,true,,1210,326,117,117,https://pabsa.impressicocrm.com/api/player/110368,762,0,0
1680593966169,757,Get knockout players list ,200,,Knock_out_Thread Group 1-208,text,true,,4598,340,117,117,https://pabsa.impressicocrm.com/api/tournament/118871/knockouts,757,0,0
1680593965709,1238,Get knockout players list ,200,,Knock_out_Thread Group 1-189,text,true,,4598,340,117,117,https://pabsa.impressicocrm.com/api/tournament/118871/knockouts,1238,0,0
1680593966655,295,Home page ,200,OK,Knock_out_Thread Group 1-277,text,true,,3033,309,117,117,https://pabsa.impressicocrm.com/,295,0,219
1680593966049,910,Get knockout players list ,200,,Knock_out_Thread Group 1-196,text,true,,4598,340,118,118,https://pabsa.impressicocrm.com/api/tournament/118871/knockouts,910,0,0
1680593966183,780,Get playerA_Vs_playerB,200,,Knock_out_Thread Group 1-170,text,true,,1239,341,118,118,https://pabsa.impressicocrm.com/api/tournament/matchScore/147598,779,0,0
1680593965800,1165,Get tournament result,200,,Knock_out_Thread Group 1-176,text,true,,5441,338,117,117,https://pabsa.impressicocrm.com/api/tournament/119922/matches,1165,0,0
1680593965900,1081,Get Players schedule,200,,Knock_out_Thread Group 1-204,text,true,,5441,338,117,117,https://pabsa.impressicocrm.com/api/tournament/119922/matches,1081,0,0
1680593966144,864,Get Break list ,200,,Knock_out_Thread Group 1-203,text,true,,3218,338,117,117,https://pabsa.impressicocrm.com/api/tournament/119922/players,864,0,0
1680593966346,667,Get single knockout Player details,200,,Knock_out_Thread Group 1-168,text,true,,1210,326,117,117,https://pabsa.impressicocrm.com/api/player/110368,667,0,0
1680593966120,914,Get tournament result,200,,Knock_out_Thread Group 1-179,text,true,,5435,338,117,117,https://pabsa.impressicocrm.com/api/tournament/119922/matches,914,0,0
1680593966176,866,Get Break list ,200,,Knock_out_Thread Group 1-225,text,true,,3218,338,117,117,https://pabsa.impressicocrm.com/api/tournament/119922/players,866,0,0
1680593966268,774,Get playerA_Vs_playerB,200,,Knock_out_Thread Group 1-186,text,true,,1239,341,117,117,https://pabsa.impressicocrm.com/api/tournament/matchScore/147598,774,0,0
1680593965588,1464,Get tournamnent list ,200,,Knock_out_Thread Group 1-255,text,true,,58880,389,116,116,https://pabsa.impressicocrm.com/api/tournament?limit=12&pageNumber=1&sportType=&tournamentName=&tournamentStyle=,1183,0,0
1680593966753,299,Home page ,200,OK,Knock_out_Thread Group 1-278,text,true,,3033,309,117,117,https://pabsa.impressicocrm.com/,299,0,226
1680593966830,224,Get knockout players list ,200,,Knock_out_Thread Group 1-209,text,true,,4591,340,117,117,https://pabsa.impressicocrm.com/api/tournament/118871/knockouts,224,0,0
1680593966348,747,Get playerA_Vs_playerB,200,,Knock_out_Thread Group 1-162,text,true,,1239,341,117,117,https://pabsa.impressicocrm.com/api/tournament/matchScore/147598,747,0,0
1680593966208,907,Get tournament result,200,,Knock_out_Thread Group 1-180,text,true,,5441,338,116,116,https://pabsa.impressicocrm.com/api/tournament/119922/matches,907,0,0
1680593966387,751,Get Players list ,200,,Knock_out_Thread Group 1-238,text,true,,3218,338,116,116,https://pabsa.impressicocrm.com/api/tournament/119922/players,751,0,0
1680593966195,964,Get Players schedule,200,,Knock_out_Thread Group 1-210,text,true,,5441,338,117,117,https://pabsa.impressicocrm.com/api/tournament/119922/matches,964,0,0
1680593965583,1582,Get knockout players list ,200,,Knock_out_Thread Group 1-129,text,true,,4598,340,117,117,https://pabsa.impressicocrm.com/api/tournament/118871/knockouts,1582,0,0
1680593966273,901,Get Break list ,200,,Knock_out_Thread Group 1-193,text,true,,3218,338,117,117,https://pabsa.impressicocrm.com/api/tournament/119922/players,901,0,0
1680593965482,1700,Get tournamnent list ,200,,Knock_out_Thread Group 1-250,text,true,,58880,389,117,117,https://pabsa.impressicocrm.com/api/tournament?limit=12&pageNumber=1&sportType=&tournamentName=&tournamentStyle=,1125,0,0
1680593965474,1720,Get Home page currency,200,,Knock_out_Thread Group 1-220,text,true,,9153,321,117,117,https://pabsa.impressicocrm.com/api/currency,1720,0,0
1680593965080,2137,Get Home page country ,200,,Knock_out_Thread Group 1-239,text,true,,17255,320,117,117,https://pabsa.impressicocrm.com/api/country,2137,0,0
1680593964540,2693,Get tournamnent list ,200,,Knock_out_Thread Group 1-241,text,true,,58880,389,117,117,https://pabsa.impressicocrm.com/api/tournament?limit=12&pageNumber=1&sportType=&tournamentName=&tournamentStyle=,1018,0,0
1680593962767,4476,Get tournamnent list ,200,,Knock_out_Thread Group 1-224,text,true,,58880,389,117,117,https://pabsa.impressicocrm.com/api/tournament?limit=12&pageNumber=1&sportType=&tournamentName=&tournamentStyle=,1297,0,0
1680593966343,916,Get tournament result,200,,Knock_out_Thread Group 1-185,text,true,,5435,338,118,118,https://pabsa.impressicocrm.com/api/tournament/119922/matches,916,0,0
1680593966405,876,Get Players list ,200,,Knock_out_Thread Group 1-229,text,true,,3218,338,118,118,https://pabsa.impressicocrm.com/api/tournament/119922/players,876,0,0
1680593965653,1629,Home page ,200,OK,Knock_out_Thread Group 1-267,text,true,,3033,309,118,118,https://pabsa.impressicocrm.com/,1628,0,587
1680593966493,795,Get Break list ,200,,Knock_out_Thread Group 1-206,text,true,,3218,338,118,118,https://pabsa.impressicocrm.com/api/tournament/119922/players,795,0,0
1680593966567,734,Get single knockout Player details,200,,Knock_out_Thread Group 1-194,text,true,,1210,326,118,118,https://pabsa.impressicocrm.com/api/player/110368,734,0,0
1680593966567,738,Get single knockout Player details,200,,Knock_out_Thread Group 1-149,text,true,,1210,326,118,118,https://pabsa.impressicocrm.com/api/player/110368,738,0,0
1680593966497,812,Get Players list ,200,,Knock_out_Thread Group 1-231,text,true,,3218,338,118,118,https://pabsa.impressicocrm.com/api/tournament/119922/players,812,0,0
1680593966332,979,Get Break list ,200,,Knock_out_Thread Group 1-236,text,true,,3218,338,118,118,https://pabsa.impressicocrm.com/api/tournament/119922/players,979,0,0
1680593966358,953,Get single knockout Player details,200,,Knock_out_Thread Group 1-184,text,true,,1210,326,118,118,https://pabsa.impressicocrm.com/api/player/110368,953,0,0
1680593965497,1819,Get Players schedule,200,,Knock_out_Thread Group 1-201,text,true,,5435,338,118,118,https://pabsa.impressicocrm.com/api/tournament/119922/matches,1819,0,0
1680593966458,861,Get Break list ,200,,Knock_out_Thread Group 1-215,text,true,,3218,338,118,118,https://pabsa.impressicocrm.com/api/tournament/119922/players,861,0,0
1680593965451,1885,Get Players schedule,200,,Knock_out_Thread Group 1-197,text,true,,5435,338,118,118,https://pabsa.impressicocrm.com/api/tournament/119922/matches,1885,0,0
1680593966501,842,Get Break list ,200,,Knock_out_Thread Group 1-212,text,true,,3218,338,118,118,https://pabsa.impressicocrm.com/api/tournament/119922/players,842,0,0
1680593966327,1016,Get Players schedule,200,,Knock_out_Thread Group 1-219,text,true,,5441,338,118,118,https://pabsa.impressicocrm.com/api/tournament/119922/matches,1016,0,0
1680593966571,774,Get knockout players list ,200,,Knock_out_Thread Group 1-205,text,true,,4598,340,118,118,https://pabsa.impressicocrm.com/api/tournament/118871/knockouts,774,0,0
1680593966534,817,Get playerA_Vs_playerB,200,,Knock_out_Thread Group 1-164,text,true,,1239,341,118,118,https://pabsa.impressicocrm.com/api/tournament/matchScore/147598,817,0,0
1680593965753,1598,Home page ,200,OK,Knock_out_Thread Group 1-268,text,true,,3033,309,118,118,https://pabsa.impressicocrm.com/,1598,0,574
1680593966632,725,Get knockout players list ,200,,Knock_out_Thread Group 1-211,text,true,,4598,340,118,118,https://pabsa.impressicocrm.com/api/tournament/118871/knockouts,725,0,0
1680593966673,719,Get single knockout Player details,200,,Knock_out_Thread Group 1-191,text,true,,1210,326,118,118,https://pabsa.impressicocrm.com/api/player/110368,719,0,0
1680593966709,685,Get single knockout Player details,200,,Knock_out_Thread Group 1-202,text,true,,1210,326,118,118,https://pabsa.impressicocrm.com/api/player/110368,685,0,0
1680593966645,758,Get playerA_Vs_playerB,200,,Knock_out_Thread Group 1-167,text,true,,1239,341,118,118,https://pabsa.impressicocrm.com/api/tournament/matchScore/147598,758,0,0
1680593966630,773,Get Players list ,200,,Knock_out_Thread Group 1-228,text,true,,3218,338,118,118,https://pabsa.impressicocrm.com/api/tournament/119922/players,773,0,0
1680593966521,895,Get Players list ,200,,Knock_out_Thread Group 1-227,text,true,,3218,338,117,117,https://pabsa.impressicocrm.com/api/tournament/119922/players,895,0,0
1680593966741,680,Get single knockout Player details,200,,Knock_out_Thread Group 1-183,text,true,,1210,326,117,117,https://pabsa.impressicocrm.com/api/player/110368,680,0,0
1680593966632,789,Get Players list ,200,,Knock_out_Thread Group 1-235,text,true,,3218,338,117,117,https://pabsa.impressicocrm.com/api/tournament/119922/players,789,0,0
1680593963624,3798,Get tournamnent list ,200,,Knock_out_Thread Group 1-233,text,true,,58888,389,117,117,https://pabsa.impressicocrm.com/api/tournament?limit=12&pageNumber=1&sportType=&tournamentName=&tournamentStyle=,1326,0,0
1680593965359,2067,Get Home page currency,200,,Knock_out_Thread Group 1-226,text,true,,9160,321,117,117,https://pabsa.impressicocrm.com/api/currency,2066,0,0
1680593966879,549,Get Home page country ,200,,Knock_out_Thread Group 1-270,text,true,,17270,320,117,117,https://pabsa.impressicocrm.com/api/country,549,0,0
1680593966444,1021,Get single knockout Player details,200,,Knock_out_Thread Group 1-198,text,true,,1210,326,118,118,https://pabsa.impressicocrm.com/api/player/110368,1021,0,0
1680593966757,708,Get single knockout Player details,200,,Knock_out_Thread Group 1-200,text,true,,1210,326,118,118,https://pabsa.impressicocrm.com/api/player/110368,708,0,0
1680593965374,2094,Get Home page currency,200,,Knock_out_Thread Group 1-217,text,true,,9160,321,118,118,https://pabsa.impressicocrm.com/api/currency,2094,0,0
1680593966713,755,Get knockout players list ,200,,Knock_out_Thread Group 1-190,text,true,,4598,340,118,118,https://pabsa.impressicocrm.com/api/tournament/118871/knockouts,755,0,0
1680593966426,1042,Get knockout players list ,200,,Knock_out_Thread Group 1-192,text,true,,4598,340,118,118,https://pabsa.impressicocrm.com/api/tournament/118871/knockouts,1042,0,0
1680593966955,514,Home page ,200,OK,Knock_out_Thread Group 1-280,text,true,,3033,309,118,118,https://pabsa.impressicocrm.com/,514,0,433
1680593966372,1102,Get Players schedule,200,,Knock_out_Thread Group 1-218,text,true,,5441,338,118,118,https://pabsa.impressicocrm.com/api/tournament/119922/matches,1102,0,0
1680593966521,953,Get Home page currency,200,,Knock_out_Thread Group 1-232,text,true,,9160,321,118,118,https://pabsa.impressicocrm.com/api/currency,953,0,0
1680593966327,1147,Get knockout players list ,200,,Knock_out_Thread Group 1-187,text,true,,4598,340,118,118,https://pabsa.impressicocrm.com/api/tournament/118871/knockouts,1147,0,0
1680593966177,1304,Get single knockout Player details,200,,Knock_out_Thread Group 1-188,text,true,,1210,326,118,118,https://pabsa.impressicocrm.com/api/player/110368,1304,0,0
1680593965015,2466,Get tournamnent list ,200,,Knock_out_Thread Group 1-245,text,true,,58880,389,118,118,https://pabsa.impressicocrm.com/api/tournament?limit=12&pageNumber=1&sportType=&tournamentName=&tournamentStyle=,1694,0,0
1680593966818,678,Get playerA_Vs_playerB,200,,Knock_out_Thread Group 1-181,text,true,,1239,341,118,118,https://pabsa.impressicocrm.com/api/tournament/matchScore/147598,678,0,0
1680593966793,703,Get playerA_Vs_playerB,200,,Knock_out_Thread Group 1-161,text,true,,1239,341,118,118,https://pabsa.impressicocrm.com/api/tournament/matchScore/147598,703,0,0
1680593966709,809,Get Players list ,200,,Knock_out_Thread Group 1-234,text,true,,3218,338,116,116,https://pabsa.impressicocrm.com/api/tournament/119922/players,809,0,0
1680593966632,910,Get Players list ,200,,Knock_out_Thread Group 1-221,text,true,,3218,338,116,116,https://pabsa.impressicocrm.com/api/tournament/119922/players,910,0,0
1680593965855,1729,Get Break list ,200,,Knock_out_Thread Group 1-222,text,true,,3218,338,117,117,https://pabsa.impressicocrm.com/api/tournament/119922/players,1729,0,0
1680593965757,1832,Get Home page country ,200,,Knock_out_Thread Group 1-265,text,true,,17270,320,117,117,https://pabsa.impressicocrm.com/api/country,1832,0,0
1680593967255,342,Home page ,200,OK,Knock_out_Thread Group 1-283,text,true,,3033,309,117,117,https://pabsa.impressicocrm.com/,342,0,257
1680593966810,796,Get Players list ,200,,Knock_out_Thread Group 1-244,text,true,,3218,338,117,117,https://pabsa.impressicocrm.com/api/tournament/119922/players,796,0,0
1680593966879,734,Get Home page country ,200,,Knock_out_Thread Group 1-276,text,true,,17270,320,117,117,https://pabsa.impressicocrm.com/api/country,734,0,0
1680593966960,676,Get single knockout Player details,200,,Knock_out_Thread Group 1-196,text,true,,1210,326,117,117,https://pabsa.impressicocrm.com/api/player/110368,676,0,0
1680593966490,1168,Get Home page country ,200,,Knock_out_Thread Group 1-256,text,true,,17255,320,118,118,https://pabsa.impressicocrm.com/api/country,1168,0,0
1680593966624,1052,Get single knockout Player details,200,,Knock_out_Thread Group 1-154,text,true,,1210,326,118,118,https://pabsa.impressicocrm.com/api/player/110368,1052,0,0
1680593966889,787,Get Players list ,200,,Knock_out_Thread Group 1-223,text,true,,3218,338,118,118,https://pabsa.impressicocrm.com/api/tournament/119922/players,787,0,0
1680593967353,329,Home page ,200,OK,Knock_out_Thread Group 1-284,text,true,,3033,309,118,118,https://pabsa.impressicocrm.com/,329,0,249
1680593966768,928,Get Home page country ,200,,Knock_out_Thread Group 1-272,text,true,,17270,320,118,118,https://pabsa.impressicocrm.com/api/country,926,0,0
1680593966981,717,Get knockout players list ,200,,Knock_out_Thread Group 1-204,text,true,,4598,340,118,118,https://pabsa.impressicocrm.com/api/tournament/118871/knockouts,717,0,0
1680593965625,2081,Get tournamnent list ,200,,Knock_out_Thread Group 1-246,text,true,,58865,389,118,118,https://pabsa.impressicocrm.com/api/tournament?limit=12&pageNumber=1&sportType=&tournamentName=&tournamentStyle=,1276,0,0
1680593966713,1001,Get tournament result,200,,Knock_out_Thread Group 1-172,text,true,,5441,338,118,118,https://pabsa.impressicocrm.com/api/tournament/119922/matches,1001,0,0
1680593967034,691,Get playerA_Vs_playerB,200,,Knock_out_Thread Group 1-179,text,true,,1239,341,118,118,https://pabsa.impressicocrm.com/api/tournament/matchScore/147598,691,0,0
1680593966501,1249,Get Home page country ,200,,Knock_out_Thread Group 1-271,text,true,,17270,320,117,117,https://pabsa.impressicocrm.com/api/country,1249,0,0
1680593966057,1693,Get Players schedule,200,,Knock_out_Thread Group 1-195,text,true,,5441,338,117,117,https://pabsa.impressicocrm.com/api/tournament/119922/matches,1693,0,0
1680593967054,696,Get single knockout Player details,200,,Knock_out_Thread Group 1-209,text,true,,1210,326,117,117,https://pabsa.impressicocrm.com/api/player/110368,696,0,0
1680593966798,958,Get Home page country ,200,,Knock_out_Thread Group 1-113,text,true,,17270,320,118,118,https://pabsa.impressicocrm.com/api/country,958,0,0
1680593966718,1063,Get Home page currency,200,,Knock_out_Thread Group 1-253,text,true,,9160,321,118,118,https://pabsa.impressicocrm.com/api/currency,1063,0,0
1680593966352,1429,Home page ,200,OK,Knock_out_Thread Group 1-274,text,true,,3033,309,118,118,https://pabsa.impressicocrm.com/,1429,0,930
1680593967166,633,Get single knockout Player details,200,,Knock_out_Thread Group 1-129,text,true,,1210,326,118,118,https://pabsa.impressicocrm.com/api/player/110368,633,0,0
1680593967052,766,Get Home page currency,200,,Knock_out_Thread Group 1-255,text,true,,9160,321,118,118,https://pabsa.impressicocrm.com/api/currency,766,0,0
1680593966713,1105,Get tournament result,200,,Knock_out_Thread Group 1-178,text,true,,5441,338,118,118,https://pabsa.impressicocrm.com/api/tournament/119922/matches,1105,0,0
1680593966855,965,Home page ,200,OK,Knock_out_Thread Group 1-279,text,true,,3033,309,118,118,https://pabsa.impressicocrm.com/,965,0,824
1680593966951,884,Get Home page country ,200,,Knock_out_Thread Group 1-277,text,true,,17270,320,118,118,https://pabsa.impressicocrm.com/api/country,884,0,0
1680593965903,1942,Get Home page country ,200,,Knock_out_Thread Group 1-263,text,true,,17270,320,118,118,https://pabsa.impressicocrm.com/api/country,1942,0,0
1680593966871,991,Get Break list ,200,,Knock_out_Thread Group 1-207,text,true,,3218,338,119,119,https://pabsa.impressicocrm.com/api/tournament/119922/players,991,0,0
1680593966490,1383,Get tournament result,200,,Knock_out_Thread Group 1-177,text,true,,5441,338,119,119,https://pabsa.impressicocrm.com/api/tournament/119922/matches,1383,0,0
1680593966914,963,Get tournament result,200,,Knock_out_Thread Group 1-182,text,true,,5435,338,119,119,https://pabsa.impressicocrm.com/api/tournament/119922/matches,963,0,0
1680593966112,1768,Get tournamnent list ,200,,Knock_out_Thread Group 1-259,text,true,,58880,389,119,119,https://pabsa.impressicocrm.com/api/tournament?limit=12&pageNumber=1&sportType=&tournamentName=&tournamentStyle=,1169,0,0
1680593967139,759,Get Break list ,200,,Knock_out_Thread Group 1-238,text,true,,3218,338,119,119,https://pabsa.impressicocrm.com/api/tournament/119922/players,759,0,0
1680593966926,979,Get single knockout Player details,200,,Knock_out_Thread Group 1-208,text,true,,1210,326,119,119,https://pabsa.impressicocrm.com/api/player/110368,979,0,0
1680593967014,897,Get tournament result,200,,Knock_out_Thread Group 1-168,text,true,,5435,338,119,119,https://pabsa.impressicocrm.com/api/tournament/119922/matches,897,0,0
1680593967042,872,Get Players schedule,200,,Knock_out_Thread Group 1-225,text,true,,5441,338,119,119,https://pabsa.impressicocrm.com/api/tournament/119922/matches,872,0,0
1680593966429,1494,Get tournamnent list ,200,,Knock_out_Thread Group 1-261,text,true,,58880,389,119,119,https://pabsa.impressicocrm.com/api/tournament?limit=12&pageNumber=1&sportType=&tournamentName=&tournamentStyle=,1045,0,0
1680593966948,983,Get single knockout Player details,200,,Knock_out_Thread Group 1-189,text,true,,1210,326,119,119,https://pabsa.impressicocrm.com/api/player/110368,983,0,0
1680593967053,878,Get Home page country ,200,,Knock_out_Thread Group 1-278,text,true,,17270,320,119,119,https://pabsa.impressicocrm.com/api/country,878,0,0
1680593967655,277,Home page ,200,OK,Knock_out_Thread Group 1-287,text,true,,3033,309,119,119,https://pabsa.impressicocrm.com/,277,0,212
1680593966273,1673,Get Players schedule,200,,Knock_out_Thread Group 1-199,text,true,,5441,338,119,119,https://pabsa.impressicocrm.com/api/tournament/119922/matches,1673,0,0
1680593967421,545,Get Break list ,200,,Knock_out_Thread Group 1-235,text,true,,3218,338,120,120,https://pabsa.impressicocrm.com/api/tournament/119922/players,545,0,0
1680593965730,2249,Get Home page currency,200,,Knock_out_Thread Group 1-216,text,true,,9160,321,120,120,https://pabsa.impressicocrm.com/api/currency,2249,0,0
1680593967259,724,Get playerA_Vs_playerB,200,,Knock_out_Thread Group 1-185,text,true,,1239,341,120,120,https://pabsa.impressicocrm.com/api/tournament/matchScore/147598,724,0,0
1680593966768,1231,Get Break list ,200,,Knock_out_Thread Group 1-213,text,true,,3218,338,119,119,https://pabsa.impressicocrm.com/api/tournament/119922/players,1231,0,0
1680593964647,3352,Get tournamnent list ,200,,Knock_out_Thread Group 1-243,text,true,,58880,389,119,119,https://pabsa.impressicocrm.com/api/tournament?limit=12&pageNumber=1&sportType=&tournamentName=&tournamentStyle=,1198,0,0
1680593966449,1567,Get tournamnent list ,200,,Knock_out_Thread Group 1-269,text,true,,58865,389,119,119,https://pabsa.impressicocrm.com/api/tournament?limit=12&pageNumber=1&sportType=&tournamentName=&tournamentStyle=,1025,0,0
1680593967195,821,Get Players list ,200,,Knock_out_Thread Group 1-220,text,true,,3218,338,119,119,https://pabsa.impressicocrm.com/api/tournament/119922/players,821,0,0
1680593967282,766,Get Break list ,200,,Knock_out_Thread Group 1-229,text,true,,3218,338,119,119,https://pabsa.impressicocrm.com/api/tournament/119922/players,766,0,0
1680593967233,823,Get Home page currency,200,,Knock_out_Thread Group 1-241,text,true,,9160,321,120,120,https://pabsa.impressicocrm.com/api/currency,823,0,0
1680593967316,750,Get knockout players list ,200,,Knock_out_Thread Group 1-201,text,true,,4598,340,120,120,https://pabsa.impressicocrm.com/api/tournament/118871/knockouts,750,0,0
1680593967008,1061,Get Players schedule,200,,Knock_out_Thread Group 1-203,text,true,,5441,338,120,120,https://pabsa.impressicocrm.com/api/tournament/119922/matches,1061,0,0
1680593967154,916,Home page ,200,OK,Knock_out_Thread Group 1-282,text,true,,3033,309,120,120,https://pabsa.impressicocrm.com/,915,0,740
1680593967754,316,Home page ,200,OK,Knock_out_Thread Group 1-288,text,true,,3033,309,120,120,https://pabsa.impressicocrm.com/,315,0,242
1680593967245,840,Get Home page currency,200,,Knock_out_Thread Group 1-224,text,true,,9153,321,120,120,https://pabsa.impressicocrm.com/api/currency,840,0,0
1680593966120,1970,Get tournamnent list ,200,,Knock_out_Thread Group 1-254,text,true,,58880,389,120,120,https://pabsa.impressicocrm.com/api/tournament?limit=12&pageNumber=1&sportType=&tournamentName=&tournamentStyle=,1345,0,0
1680593966709,1407,Get Home page country ,200,,Knock_out_Thread Group 1-273,text,true,,17270,320,120,120,https://pabsa.impressicocrm.com/api/country,1407,0,0
1680593967343,779,Get knockout players list ,200,,Knock_out_Thread Group 1-219,text,true,,4598,340,120,120,https://pabsa.impressicocrm.com/api/tournament/118871/knockouts,779,0,0
1680593967358,766,Get single knockout Player details,200,,Knock_out_Thread Group 1-211,text,true,,1210,326,120,120,https://pabsa.impressicocrm.com/api/player/110368,766,0,0
1680593965342,2786,Get tournamnent list ,200,,Knock_out_Thread Group 1-249,text,true,,58880,389,120,120,https://pabsa.impressicocrm.com/api/tournament?limit=12&pageNumber=1&sportType=&tournamentName=&tournamentStyle=,1475,0,0
1680593967336,802,Get knockout players list ,200,,Knock_out_Thread Group 1-197,text,true,,4598,340,120,120,https://pabsa.impressicocrm.com/api/tournament/118871/knockouts,802,0,0
1680593967309,830,Get Break list ,200,,Knock_out_Thread Group 1-231,text,true,,3218,338,120,120,https://pabsa.impressicocrm.com/api/tournament/119922/players,830,0,0
1680593967175,969,Get Players schedule,200,,Knock_out_Thread Group 1-193,text,true,,5435,338,120,120,https://pabsa.impressicocrm.com/api/tournament/119922/matches,969,0,0
1680593966709,1439,Get tournamnent list ,200,,Knock_out_Thread Group 1-262,text,true,,58880,389,120,120,https://pabsa.impressicocrm.com/api/tournament?limit=12&pageNumber=1&sportType=&tournamentName=&tournamentStyle=,1164,0,0
1680593965155,3001,Get tournamnent list ,200,,Knock_out_Thread Group 1-237,text,true,,58888,389,121,121,https://pabsa.impressicocrm.com/api/tournament?limit=12&pageNumber=1&sportType=&tournamentName=&tournamentStyle=,1877,0,0
1680593967288,902,Get Players schedule,200,,Knock_out_Thread Group 1-206,text,true,,5435,338,121,121,https://pabsa.impressicocrm.com/api/tournament/119922/matches,902,0,0
1680593964745,3458,Get tournamnent list ,200,,Knock_out_Thread Group 1-242,text,true,,58880,389,121,121,https://pabsa.impressicocrm.com/api/tournament?limit=12&pageNumber=1&sportType=&tournamentName=&tournamentStyle=,1582,0,0
1680593967403,813,Get Break list ,200,,Knock_out_Thread Group 1-228,text,true,,3218,338,121,121,https://pabsa.impressicocrm.com/api/tournament/119922/players,813,0,0
1680593967305,919,Get tournament result,200,,Knock_out_Thread Group 1-149,text,true,,5441,338,121,121,https://pabsa.impressicocrm.com/api/tournament/119922/matches,918,0,0
1680593966571,1680,Get tournamnent list ,200,,Knock_out_Thread Group 1-264,text,true,,58880,389,121,121,https://pabsa.impressicocrm.com/api/tournament?limit=12&pageNumber=1&sportType=&tournamentName=&tournamentStyle=,1403,0,0
1680593966022,2232,Get tournamnent list ,200,,Knock_out_Thread Group 1-251,text,true,,58888,389,122,122,https://pabsa.impressicocrm.com/api/tournament?limit=12&pageNumber=1&sportType=&tournamentName=&tournamentStyle=,1234,0,0
1680593965284,2979,Get tournamnent list ,200,,Knock_out_Thread Group 1-240,text,true,,58880,389,122,122,https://pabsa.impressicocrm.com/api/tournament?limit=12&pageNumber=1&sportType=&tournamentName=&tournamentStyle=,1319,0,0
1680593966862,1416,Get Home page country ,200,,Knock_out_Thread Group 1-275,text,true,,17270,320,122,122,https://pabsa.impressicocrm.com/api/country,1416,0,0
1680593967352,929,Get Home page country ,200,,Knock_out_Thread Group 1-268,text,true,,17270,320,122,122,https://pabsa.impressicocrm.com/api/country,929,0,0
1680593966798,1506,Get Home page country ,200,,Knock_out_Thread Group 1-266,text,true,,17270,320,122,122,https://pabsa.impressicocrm.com/api/country,1480,0,0
1680593967301,1009,Get tournament result,200,,Knock_out_Thread Group 1-194,text,true,,5441,338,122,122,https://pabsa.impressicocrm.com/api/tournament/119922/matches,1009,0,0
1680593966095,2216,Get tournamnent list ,200,,Knock_out_Thread Group 1-257,text,true,,58880,389,122,122,https://pabsa.impressicocrm.com/api/tournament?limit=12&pageNumber=1&sportType=&tournamentName=&tournamentStyle=,1047,0,0
1680593967474,848,Get single knockout Player details,200,,Knock_out_Thread Group 1-187,text,true,,1210,326,122,122,https://pabsa.impressicocrm.com/api/player/110368,848,0,0
1680593967474,856,Get knockout players list ,200,,Knock_out_Thread Group 1-218,text,true,,4598,340,122,122,https://pabsa.impressicocrm.com/api/tournament/118871/knockouts,856,0,0
1680593967469,864,Get single knockout Player details,200,,Knock_out_Thread Group 1-190,text,true,,1210,326,122,122,https://pabsa.impressicocrm.com/api/player/110368,864,0,0
1680593967311,1025,Get tournament result,200,,Knock_out_Thread Group 1-184,text,true,,5441,338,122,122,https://pabsa.impressicocrm.com/api/tournament/119922/matches,1025,0,0
1680593967469,874,Get single knockout Player details,200,,Knock_out_Thread Group 1-192,text,true,,1210,326,122,122,https://pabsa.impressicocrm.com/api/player/110368,874,0,0
1680593967311,1038,Get Players schedule,200,,Knock_out_Thread Group 1-236,text,true,,5435,338,122,122,https://pabsa.impressicocrm.com/api/tournament/119922/matches,1038,0,0
1680593967426,944,Get Players list ,200,,Knock_out_Thread Group 1-226,text,true,,3218,338,123,123,https://pabsa.impressicocrm.com/api/tournament/119922/players,944,0,0
1680593968055,320,Home page ,200,OK,Knock_out_Thread Group 1-291,text,true,,3033,309,123,123,https://pabsa.impressicocrm.com/,320,0,245
1680593966365,2027,Get Players schedule,200,,Knock_out_Thread Group 1-214,text,true,,5441,338,123,123,https://pabsa.impressicocrm.com/api/tournament/119922/matches,2027,0,0
1680593967676,721,Get tournament result,200,,Knock_out_Thread Group 1-154,text,true,,5441,338,123,123,https://pabsa.impressicocrm.com/api/tournament/119922/matches,721,0,0
1680593967319,1079,Get Players schedule,200,,Knock_out_Thread Group 1-215,text,true,,5435,338,123,123,https://pabsa.impressicocrm.com/api/tournament/119922/matches,1079,0,0
1680593967423,979,Get Home page currency,200,,Knock_out_Thread Group 1-233,text,true,,9160,321,123,123,https://pabsa.impressicocrm.com/api/currency,979,0,0
1680593968154,254,Home page ,200,OK,Knock_out_Thread Group 1-292,text,true,,3033,309,123,123,https://pabsa.impressicocrm.com/,253,0,189
1680593967482,928,Get Home page currency,200,,Knock_out_Thread Group 1-245,text,true,,9160,321,123,123,https://pabsa.impressicocrm.com/api/currency,928,0,0
1680593967053,1357,Home page ,200,OK,Knock_out_Thread Group 1-281,text,true,,3033,309,123,123,https://pabsa.impressicocrm.com/,1357,0,1277
1680593967395,1047,Get tournament result,200,,Knock_out_Thread Group 1-202,text,true,,5441,338,123,123,https://pabsa.impressicocrm.com/api/tournament/119922/matches,1047,0,0
1680593967469,977,Get Home page country ,200,,Knock_out_Thread Group 1-280,text,true,,17255,320,123,123,https://pabsa.impressicocrm.com/api/country,977,0,0
1680593967453,993,Home page ,200,OK,Knock_out_Thread Group 1-285,text,true,,3033,309,123,123,https://pabsa.impressicocrm.com/,993,0,890
1680593966966,1483,Get playerA_Vs_playerB,200,,Knock_out_Thread Group 1-176,text,true,,1239,341,123,123,https://pabsa.impressicocrm.com/api/tournament/matchScore/147598,1483,0,0
1680593967519,932,Get Break list ,200,,Knock_out_Thread Group 1-234,text,true,,3218,338,122,122,https://pabsa.impressicocrm.com/api/tournament/119922/players,932,0,0
1680593967343,1110,Get Players schedule,200,,Knock_out_Thread Group 1-212,text,true,,5441,338,122,122,https://pabsa.impressicocrm.com/api/tournament/119922/matches,1110,0,0
1680593967469,1004,Get Players list ,200,,Knock_out_Thread Group 1-217,text,true,,3218,338,123,123,https://pabsa.impressicocrm.com/api/tournament/119922/players,1004,0,0
1680593967853,626,Home page ,200,OK,Knock_out_Thread Group 1-289,text,true,,3033,309,123,123,https://pabsa.impressicocrm.com/,626,0,206
1680593966851,1630,Get tournamnent list ,200,,Knock_out_Thread Group 1-258,text,true,,58880,389,123,123,https://pabsa.impressicocrm.com/api/tournament?limit=12&pageNumber=1&sportType=&tournamentName=&tournamentStyle=,1054,0,0
1680593967421,1069,Get tournament result,200,,Knock_out_Thread Group 1-183,text,true,,5441,338,123,123,https://pabsa.impressicocrm.com/api/tournament/119922/matches,1069,0,0
1680593966396,2109,Get tournamnent list ,200,,Knock_out_Thread Group 1-260,text,true,,58888,389,123,123,https://pabsa.impressicocrm.com/api/tournament?limit=12&pageNumber=1&sportType=&tournamentName=&tournamentStyle=,1598,0,0
1680593967160,1353,Get knockout players list ,200,,Knock_out_Thread Group 1-210,text,true,,4598,340,123,123,https://pabsa.impressicocrm.com/api/tournament/118871/knockouts,1353,0,0
1680593967474,1039,Get Players list ,200,,Knock_out_Thread Group 1-232,text,true,,3218,338,123,123,https://pabsa.impressicocrm.com/api/tournament/119922/players,1039,0,0
1680593967392,1128,Get tournament result,200,,Knock_out_Thread Group 1-191,text,true,,5441,338,123,123,https://pabsa.impressicocrm.com/api/tournament/119922/matches,1128,0,0
1680593967115,1407,Get playerA_Vs_playerB,200,,Knock_out_Thread Group 1-180,text,true,,1239,341,123,123,https://pabsa.impressicocrm.com/api/tournament/matchScore/147598,1407,0,0
1680593967607,942,Get Break list ,200,,Knock_out_Thread Group 1-244,text,true,,3218,338,122,122,https://pabsa.impressicocrm.com/api/tournament/119922/players,942,0,0
1680593967542,1020,Get Break list ,200,,Knock_out_Thread Group 1-221,text,true,,3218,338,123,123,https://pabsa.impressicocrm.com/api/tournament/119922/players,1020,0,0
1680593968253,310,Home page ,200,OK,Knock_out_Thread Group 1-293,text,true,,3033,309,123,123,https://pabsa.impressicocrm.com/,309,0,228
1680593967699,875,Get single knockout Player details,200,,Knock_out_Thread Group 1-204,text,true,,1210,326,123,123,https://pabsa.impressicocrm.com/api/player/110368,875,0,0
1680593967954,621,Home page ,200,OK,Knock_out_Thread Group 1-290,text,true,,3033,309,123,123,https://pabsa.impressicocrm.com/,621,0,535
1680593967417,1160,Get Break list ,200,,Knock_out_Thread Group 1-227,text,true,,3218,338,123,123,https://pabsa.impressicocrm.com/api/tournament/119922/players,1160,0,0
1680593967465,1112,Get tournament result,200,,Knock_out_Thread Group 1-198,text,true,,5441,338,123,123,https://pabsa.impressicocrm.com/api/tournament/119922/matches,1112,0,0
1680593967682,904,Get Home page country ,200,,Knock_out_Thread Group 1-284,text,true,,17270,320,123,123,https://pabsa.impressicocrm.com/api/country,904,0,0
1680593967676,921,Get Break list ,200,,Knock_out_Thread Group 1-223,text,true,,3218,338,123,123,https://pabsa.impressicocrm.com/api/tournament/119922/players,920,0,0
1680593967714,930,Get playerA_Vs_playerB,200,,Knock_out_Thread Group 1-172,text,true,,1239,341,123,123,https://pabsa.impressicocrm.com/api/tournament/matchScore/147598,930,0,0
1680593967182,1467,Get Home page currency,200,,Knock_out_Thread Group 1-250,text,true,,9160,321,122,122,https://pabsa.impressicocrm.com/api/currency,1467,0,0
1680593967482,1167,Get tournament result,200,,Knock_out_Thread Group 1-188,text,true,,5441,338,122,122,https://pabsa.impressicocrm.com/api/tournament/119922/matches,1167,0,0
1680593967465,1188,Get tournament result,200,,Knock_out_Thread Group 1-200,text,true,,5441,338,123,123,https://pabsa.impressicocrm.com/api/tournament/119922/matches,1188,0,0
1680593967818,875,Get playerA_Vs_playerB,200,,Knock_out_Thread Group 1-178,text,true,,1239,341,123,123,https://pabsa.impressicocrm.com/api/tournament/matchScore/147598,875,0,0
1680593967781,929,Get Players list ,200,,Knock_out_Thread Group 1-253,text,true,,3218,338,122,122,https://pabsa.impressicocrm.com/api/tournament/119922/players,929,0,0
1680593967750,965,Get tournamnent list ,200,,Knock_out_Thread Group 1-271,text,true,,58880,389,122,122,https://pabsa.impressicocrm.com/api/tournament?limit=12&pageNumber=1&sportType=&tournamentName=&tournamentStyle=,478,0,0
1680593966904,1811,Get tournamnent list ,200,,Knock_out_Thread Group 1-252,text,true,,58880,389,122,122,https://pabsa.impressicocrm.com/api/tournament?limit=12&pageNumber=1&sportType=&tournamentName=&tournamentStyle=,1336,0,0
1680593967598,1125,Get Home page country ,200,,Knock_out_Thread Group 1-283,text,true,,17255,320,122,122,https://pabsa.impressicocrm.com/api/country,1125,0,0
1680593968455,284,Home page ,200,OK,Knock_out_Thread Group 1-295,text,true,,3033,309,122,122,https://pabsa.impressicocrm.com/,283,0,218
1680593967750,1051,Get knockout players list ,200,,Knock_out_Thread Group 1-195,text,true,,4598,340,123,123,https://pabsa.impressicocrm.com/api/tournament/118871/knockouts,1051,0,0
1680593967878,936,Get playerA_Vs_playerB,200,,Knock_out_Thread Group 1-182,text,true,,1239,341,123,123,https://pabsa.impressicocrm.com/api/tournament/matchScore/147598,935,0,0
1680593967818,1001,Get Players list ,200,,Knock_out_Thread Group 1-255,text,true,,3218,338,122,122,https://pabsa.impressicocrm.com/api/tournament/119922/players,1001,0,0
1680593967874,954,Get playerA_Vs_playerB,200,,Knock_out_Thread Group 1-177,text,true,,1239,341,122,122,https://pabsa.impressicocrm.com/api/tournament/matchScore/147598,954,0,0
1680593967636,1192,Get tournament result,200,,Knock_out_Thread Group 1-196,text,true,,5441,338,122,122,https://pabsa.impressicocrm.com/api/tournament/119922/matches,1192,0,0
1680593967750,1085,Get tournament result,200,,Knock_out_Thread Group 1-209,text,true,,5441,338,121,121,https://pabsa.impressicocrm.com/api/tournament/119922/matches,1085,0,0
1680593967914,924,Get knockout players list ,200,,Knock_out_Thread Group 1-225,text,true,,4598,340,121,121,https://pabsa.impressicocrm.com/api/tournament/118871/knockouts,924,0,0
1680593967282,1579,Get Home page country ,200,,Knock_out_Thread Group 1-267,text,true,,17270,320,122,122,https://pabsa.impressicocrm.com/api/country,1495,0,0
1680593967821,1046,Get Home page country ,200,,Knock_out_Thread Group 1-279,text,true,,17270,320,122,122,https://pabsa.impressicocrm.com/api/country,1046,0,0
1680593967946,925,Get knockout players list ,200,,Knock_out_Thread Group 1-199,text,true,,4598,340,122,122,https://pabsa.impressicocrm.com/api/tournament/118871/knockouts,925,0,0
1680593968554,322,Home page ,200,OK,Knock_out_Thread Group 1-296,text,true,,3033,309,122,122,https://pabsa.impressicocrm.com/,322,0,243
1680593965025,3854,Get tournamnent list ,200,,Knock_out_Thread Group 1-247,text,true,,58888,389,122,122,https://pabsa.impressicocrm.com/api/tournament?limit=12&pageNumber=1&sportType=&tournamentName=&tournamentStyle=,2440,0,0
1680593967584,1300,Get Players schedule,200,,Knock_out_Thread Group 1-222,text,true,,5441,338,122,122,https://pabsa.impressicocrm.com/api/tournament/119922/matches,1300,0,0
1680593967912,985,Get playerA_Vs_playerB,200,,Knock_out_Thread Group 1-168,text,true,,1239,341,122,122,https://pabsa.impressicocrm.com/api/tournament/matchScore/147598,985,0,0
1680593967933,967,Get Home page country ,200,,Knock_out_Thread Group 1-287,text,true,,17255,320,121,121,https://pabsa.impressicocrm.com/api/country,967,0,0
1680593967658,1273,Get tournamnent list ,200,,Knock_out_Thread Group 1-256,text,true,,58888,389,121,121,https://pabsa.impressicocrm.com/api/tournament?limit=12&pageNumber=1&sportType=&tournamentName=&tournamentStyle=,655,0,0
1680593967800,1144,Get tournament result,200,,Knock_out_Thread Group 1-129,text,true,,5435,338,121,121,https://pabsa.impressicocrm.com/api/tournament/119922/matches,1144,0,0
1680593968653,313,Home page ,200,OK,Knock_out_Thread Group 1-297,text,true,,3033,309,122,122,https://pabsa.impressicocrm.com/,313,0,235
1680593967345,1628,Get single knockout Player details,200,,Knock_out_Thread Group 1-205,text,true,,1210,326,122,122,https://pabsa.impressicocrm.com/api/player/110368,1628,0,0
1680593967782,1198,Get Home page country ,200,,Knock_out_Thread Group 1-274,text,true,,17270,320,122,122,https://pabsa.impressicocrm.com/api/country,1149,0,0
1680593967557,1437,Home page ,200,OK,Knock_out_Thread Group 1-286,text,true,,3033,309,122,122,https://pabsa.impressicocrm.com/,1437,0,1331
1680593967924,1109,Get Home page currency,200,,Knock_out_Thread Group 1-261,text,true,,9160,321,122,122,https://pabsa.impressicocrm.com/api/currency,1109,0,0
1680593968017,1020,Get Home page currency,200,,Knock_out_Thread Group 1-269,text,true,,9160,321,122,122,https://pabsa.impressicocrm.com/api/currency,1020,0,0
1680593967614,1433,Get tournamnent list ,200,,Knock_out_Thread Group 1-276,text,true,,58880,389,122,122,https://pabsa.impressicocrm.com/api/tournament?limit=12&pageNumber=1&sportType=&tournamentName=&tournamentStyle=,1205,0,0
1680593968067,992,Get single knockout Player details,200,,Knock_out_Thread Group 1-201,text,true,,1210,326,123,123,https://pabsa.impressicocrm.com/api/player/110368,992,0,0
1680593968123,952,Get single knockout Player details,200,,Knock_out_Thread Group 1-219,text,true,,1210,326,123,123,https://pabsa.impressicocrm.com/api/player/110368,952,0,0
1680593968753,337,Home page ,200,OK,Knock_out_Thread Group 1-298,text,true,,3033,309,123,123,https://pabsa.impressicocrm.com/,337,0,251
1680593968017,1103,Get Break list ,200,,Knock_out_Thread Group 1-220,text,true,,3218,338,123,123,https://pabsa.impressicocrm.com/api/tournament/119922/players,1103,0,0
1680593967899,1224,Get Players schedule,200,,Knock_out_Thread Group 1-238,text,true,,5435,338,123,123,https://pabsa.impressicocrm.com/api/tournament/119922/matches,1224,0,0
1680593964518,4605,Get tournamnent list ,200,,Knock_out_Thread Group 1-230,text,true,,58880,389,123,123,https://pabsa.impressicocrm.com/api/tournament?limit=12&pageNumber=1&sportType=&tournamentName=&tournamentStyle=,1809,0,0
1680593968138,990,Get single knockout Player details,200,,Knock_out_Thread Group 1-197,text,true,,1210,326,123,123,https://pabsa.impressicocrm.com/api/player/110368,990,0,0
1680593968190,956,Get knockout players list ,200,,Knock_out_Thread Group 1-206,text,true,,4591,340,123,123,https://pabsa.impressicocrm.com/api/tournament/118871/knockouts,956,0,0
1680593968086,1074,Get Players list ,200,,Knock_out_Thread Group 1-224,text,true,,3218,338,124,124,https://pabsa.impressicocrm.com/api/tournament/119922/players,1074,0,0
1680593968252,909,Get Home page currency,200,,Knock_out_Thread Group 1-264,text,true,,9160,321,124,124,https://pabsa.impressicocrm.com/api/currency,909,0,0
1680593967967,1213,Get Players schedule,200,,Knock_out_Thread Group 1-235,text,true,,5441,338,124,124,https://pabsa.impressicocrm.com/api/tournament/119922/matches,1213,0,0
1680593968352,862,Home page ,200,OK,Knock_out_Thread Group 1-294,text,true,,3033,309,124,124,https://pabsa.impressicocrm.com/,862,0,756
1680593968855,362,Home page ,200,OK,Knock_out_Thread Group 1-299,text,true,,3033,309,124,124,https://pabsa.impressicocrm.com/,362,0,254
1680593968071,1152,Get Home page country ,200,,Knock_out_Thread Group 1-288,text,true,,17270,320,124,124,https://pabsa.impressicocrm.com/api/country,1152,0,0
1680593968330,893,Get single knockout Player details,200,,Knock_out_Thread Group 1-218,text,true,,1210,326,124,124,https://pabsa.impressicocrm.com/api/player/110368,893,0,0
1680593968255,968,Get Home page currency,200,,Knock_out_Thread Group 1-251,text,true,,9160,321,124,124,https://pabsa.impressicocrm.com/api/currency,968,0,0
1680593968204,1019,Get Home page currency,200,,Knock_out_Thread Group 1-242,text,true,,9160,321,124,124,https://pabsa.impressicocrm.com/api/currency,1019,0,0
1680593968224,999,Get playerA_Vs_playerB,200,,Knock_out_Thread Group 1-149,text,true,,1239,341,124,124,https://pabsa.impressicocrm.com/api/tournament/matchScore/147598,999,0,0
1680593967905,1318,Get tournament result,200,,Knock_out_Thread Group 1-208,text,true,,5435,338,124,124,https://pabsa.impressicocrm.com/api/tournament/119922/matches,1318,0,0
1680593968953,284,Home page ,200,OK,Knock_out_Thread Group 1-300,text,true,,3033,309,123,123,https://pabsa.impressicocrm.com/,284,0,211
1680593968070,1196,Get knockout players list ,200,,Knock_out_Thread Group 1-203,text,true,,4598,340,124,124,https://pabsa.impressicocrm.com/api/tournament/118871/knockouts,1196,0,0
1680593968157,1122,Get Home page currency,200,,Knock_out_Thread Group 1-237,text,true,,9153,321,124,124,https://pabsa.impressicocrm.com/api/currency,1122,0,0
1680593968310,969,Get playerA_Vs_playerB,200,,Knock_out_Thread Group 1-194,text,true,,1239,341,124,124,https://pabsa.impressicocrm.com/api/tournament/matchScore/147598,969,0,0
1680593968336,968,Get playerA_Vs_playerB,200,,Knock_out_Thread Group 1-184,text,true,,1239,341,123,123,https://pabsa.impressicocrm.com/api/tournament/matchScore/147598,968,0,0
1680593968057,1255,Get Players list ,200,,Knock_out_Thread Group 1-241,text,true,,3218,338,122,122,https://pabsa.impressicocrm.com/api/tournament/119922/players,1255,0,0
1680593968264,1061,Get Home page currency,200,,Knock_out_Thread Group 1-240,text,true,,9160,321,122,122,https://pabsa.impressicocrm.com/api/currency,1061,0,0
1680593967881,1458,Get Home page currency,200,,Knock_out_Thread Group 1-259,text,true,,9160,321,122,122,https://pabsa.impressicocrm.com/api/currency,1458,0,0
1680593966911,2436,Get tournamnent list ,200,,Knock_out_Thread Group 1-248,text,true,,58888,389,122,122,https://pabsa.impressicocrm.com/api/tournament?limit=12&pageNumber=1&sportType=&tournamentName=&tournamentStyle=,1435,0,0
1680593967979,1373,Get Players list ,200,,Knock_out_Thread Group 1-216,text,true,,3218,338,122,122,https://pabsa.impressicocrm.com/api/tournament/119922/players,1373,0,0
1680593968350,1012,Get knockout players list ,200,,Knock_out_Thread Group 1-236,text,true,,4598,340,123,123,https://pabsa.impressicocrm.com/api/tournament/118871/knockouts,1012,0,0
1680593968125,1248,Get tournament result,200,,Knock_out_Thread Group 1-211,text,true,,5441,338,123,123,https://pabsa.impressicocrm.com/api/tournament/119922/matches,1248,0,0
1680593968311,1068,Get Home page currency,200,,Knock_out_Thread Group 1-257,text,true,,9160,321,123,123,https://pabsa.impressicocrm.com/api/currency,1068,0,0
1680593968375,1034,Get Home page country ,200,,Knock_out_Thread Group 1-291,text,true,,17270,320,123,123,https://pabsa.impressicocrm.com/api/country,1034,0,0
1680593968140,1276,Get Players schedule,200,,Knock_out_Thread Group 1-231,text,true,,5441,338,123,123,https://pabsa.impressicocrm.com/api/tournament/119922/matches,1276,0,0
1680593969054,363,Home page ,200,OK,Knock_out_Thread Group 1-301,text,true,,3033,309,123,123,https://pabsa.impressicocrm.com/,362,0,271
1680593967932,1505,Get tournament result,200,,Knock_out_Thread Group 1-189,text,true,,5441,338,123,123,https://pabsa.impressicocrm.com/api/tournament/119922/matches,1505,0,0
1680593969154,282,Home page ,200,OK,Knock_out_Thread Group 1-302,text,true,,3033,309,123,123,https://pabsa.impressicocrm.com/,282,0,221
1680593968145,1301,Get knockout players list ,200,,Knock_out_Thread Group 1-193,text,true,,4598,340,123,123,https://pabsa.impressicocrm.com/api/tournament/118871/knockouts,1301,0,0
1680593968129,1321,Get Home page currency,200,,Knock_out_Thread Group 1-249,text,true,,9160,321,123,123,https://pabsa.impressicocrm.com/api/currency,1321,0,0
1680593968443,1020,Get playerA_Vs_playerB,200,,Knock_out_Thread Group 1-202,text,true,,1239,341,124,124,https://pabsa.impressicocrm.com/api/tournament/matchScore/147598,1020,0,0
1680593968398,1068,Get knockout players list ,200,,Knock_out_Thread Group 1-215,text,true,,4598,340,123,123,https://pabsa.impressicocrm.com/api/tournament/118871/knockouts,1068,0,0
1680593968216,1256,Get Players schedule,200,,Knock_out_Thread Group 1-228,text,true,,5441,338,123,123,https://pabsa.impressicocrm.com/api/tournament/119922/matches,1256,0,0
1680593968403,1069,Get Players list ,200,,Knock_out_Thread Group 1-233,text,true,,3218,338,123,123,https://pabsa.impressicocrm.com/api/tournament/119922/players,1069,0,0
1680593968410,1068,Get Players list ,200,,Knock_out_Thread Group 1-245,text,true,,3218,338,123,123,https://pabsa.impressicocrm.com/api/tournament/119922/players,1068,0,0
1680593968411,1069,Get Home page country ,200,,Knock_out_Thread Group 1-281,text,true,,17270,320,123,123,https://pabsa.impressicocrm.com/api/country,1067,0,0
1680593968398,1083,Get playerA_Vs_playerB,200,,Knock_out_Thread Group 1-154,text,true,,1239,341,123,123,https://pabsa.impressicocrm.com/api/tournament/matchScore/147598,1083,0,0
1680593968513,988,Get single knockout Player details,200,,Knock_out_Thread Group 1-210,text,true,,1210,326,122,122,https://pabsa.impressicocrm.com/api/player/110368,988,0,0
1680593968447,1110,Get Home page country ,200,,Knock_out_Thread Group 1-285,text,true,,17270,320,123,123,https://pabsa.impressicocrm.com/api/country,1110,0,0
1680593968408,1154,Get Home page country ,200,,Knock_out_Thread Group 1-292,text,true,,17270,320,123,123,https://pabsa.impressicocrm.com/api/country,1154,0,0
1680593967428,2153,Get tournamnent list ,200,,Knock_out_Thread Group 1-270,text,true,,58880,389,123,123,https://pabsa.impressicocrm.com/api/tournament?limit=12&pageNumber=1&sportType=&tournamentName=&tournamentStyle=,1575,0,0
1680593968481,1110,Get Home page currency,200,,Knock_out_Thread Group 1-258,text,true,,9160,321,123,123,https://pabsa.impressicocrm.com/api/currency,1110,0,0
1680593968514,1101,Get Break list ,200,,Knock_out_Thread Group 1-232,text,true,,3218,338,123,123,https://pabsa.impressicocrm.com/api/tournament/119922/players,1101,0,0
1680593967706,1920,Get Home page currency,200,,Knock_out_Thread Group 1-246,text,true,,9153,321,123,123,https://pabsa.impressicocrm.com/api/currency,1919,0,0
1680593968344,1318,Get tournament result,200,,Knock_out_Thread Group 1-192,text,true,,5441,338,124,124,https://pabsa.impressicocrm.com/api/tournament/119922/matches,1318,0,0
1680593968563,1110,Get Home page country ,200,,Knock_out_Thread Group 1-293,text,true,,17270,320,124,124,https://pabsa.impressicocrm.com/api/country,1110,0,0
1680593968649,1034,Get playerA_Vs_playerB,200,,Knock_out_Thread Group 1-188,text,true,,1239,341,124,124,https://pabsa.impressicocrm.com/api/tournament/matchScore/147598,1034,0,0
1680593968653,1033,Get playerA_Vs_playerB,200,,Knock_out_Thread Group 1-200,text,true,,1239,341,123,123,https://pabsa.impressicocrm.com/api/tournament/matchScore/147598,1033,0,0
1680593968048,1656,Get Players schedule,200,,Knock_out_Thread Group 1-229,text,true,,5435,338,122,122,https://pabsa.impressicocrm.com/api/tournament/119922/matches,1656,0,0
1680593968649,1055,Get Players list ,200,,Knock_out_Thread Group 1-250,text,true,,3218,338,122,122,https://pabsa.impressicocrm.com/api/tournament/119922/players,1055,0,0
1680593968802,909,Get single knockout Player details,200,,Knock_out_Thread Group 1-195,text,true,,1210,326,122,122,https://pabsa.impressicocrm.com/api/player/110368,909,0,0
1680593968506,1210,Get Home page currency,200,,Knock_out_Thread Group 1-260,text,true,,9160,321,122,122,https://pabsa.impressicocrm.com/api/currency,1210,0,0
1680593967756,1972,Get tournamnent list ,200,,Knock_out_Thread Group 1-113,text,true,,58888,389,122,122,https://pabsa.impressicocrm.com/api/tournament?limit=12&pageNumber=1&sportType=&tournamentName=&tournamentStyle=,1319,0,0
1680593968710,1024,Get Break list ,200,,Knock_out_Thread Group 1-253,text,true,,3218,338,122,122,https://pabsa.impressicocrm.com/api/tournament/119922/players,1024,0,0
1680593968563,1182,Get Players schedule,200,,Knock_out_Thread Group 1-221,text,true,,5441,338,122,122,https://pabsa.impressicocrm.com/api/tournament/119922/matches,1182,0,0
1680593968451,1298,Get Players schedule,200,,Knock_out_Thread Group 1-234,text,true,,5441,338,122,122,https://pabsa.impressicocrm.com/api/tournament/119922/matches,1298,0,0
1680593968576,1187,Get Home page country ,200,,Knock_out_Thread Group 1-290,text,true,,17270,320,123,123,https://pabsa.impressicocrm.com/api/country,1184,0,0
1680593969353,438,Home page ,200,OK,Knock_out_Thread Group 1-304,text,true,,3033,309,123,123,https://pabsa.impressicocrm.com/,438,0,340
1680593968819,976,Get Break list ,200,,Knock_out_Thread Group 1-255,text,true,,3218,338,123,123,https://pabsa.impressicocrm.com/api/tournament/119922/players,976,0,0
1680593968828,971,Get playerA_Vs_playerB,200,,Knock_out_Thread Group 1-196,text,true,,1239,341,123,123,https://pabsa.impressicocrm.com/api/tournament/matchScore/147598,971,0,0
1680593968872,927,Get single knockout Player details,200,,Knock_out_Thread Group 1-199,text,true,,1210,326,123,123,https://pabsa.impressicocrm.com/api/player/110368,927,0,0
1680593968716,1083,Get Home page currency,200,,Knock_out_Thread Group 1-252,text,true,,9160,321,123,123,https://pabsa.impressicocrm.com/api/currency,1083,0,0
1680593968071,1728,Get Home page country ,200,,Knock_out_Thread Group 1-282,text,true,,17270,320,123,123,https://pabsa.impressicocrm.com/api/country,1663,0,0
1680593968491,1308,Get playerA_Vs_playerB,200,,Knock_out_Thread Group 1-183,text,true,,1239,341,123,123,https://pabsa.impressicocrm.com/api/tournament/matchScore/147598,1308,0,0
1680593968835,964,Get playerA_Vs_playerB,200,,Knock_out_Thread Group 1-209,text,true,,1239,341,123,123,https://pabsa.impressicocrm.com/api/tournament/matchScore/147598,964,0,0
1680593967217,2582,Get tournamnent list ,200,,Knock_out_Thread Group 1-239,text,true,,58865,389,123,123,https://pabsa.impressicocrm.com/api/tournament?limit=12&pageNumber=1&sportType=&tournamentName=&tournamentStyle=,1354,0,0
1680593968549,1259,Get Players schedule,200,,Knock_out_Thread Group 1-244,text,true,,5441,338,120,120,https://pabsa.impressicocrm.com/api/tournament/119922/matches,1259,0,0
1680593967590,2218,Get tournamnent list ,200,,Knock_out_Thread Group 1-265,text,true,,58888,389,120,120,https://pabsa.impressicocrm.com/api/tournament?limit=12&pageNumber=1&sportType=&tournamentName=&tournamentStyle=,1277,0,0
1680593968149,1664,Get Home page currency,200,,Knock_out_Thread Group 1-262,text,true,,9160,321,120,120,https://pabsa.impressicocrm.com/api/currency,1664,0,0
1680593968739,1132,Get Home page country ,200,,Knock_out_Thread Group 1-295,text,true,,17270,320,121,121,https://pabsa.impressicocrm.com/api/country,1131,0,0
1680593969454,416,Home page ,200,OK,Knock_out_Thread Group 1-305,text,true,,3033,309,121,121,https://pabsa.impressicocrm.com/,416,0,203
1680593968877,1001,Get Home page country ,200,,Knock_out_Thread Group 1-296,text,true,,17270,320,121,121,https://pabsa.impressicocrm.com/api/country,993,0,0
1680593968932,946,Get Home page currency,200,,Knock_out_Thread Group 1-256,text,true,,9160,321,121,121,https://pabsa.impressicocrm.com/api/currency,946,0,0
1680593967932,1952,Get tournamnent list ,200,,Knock_out_Thread Group 1-278,text,true,,58865,389,121,121,https://pabsa.impressicocrm.com/api/tournament?limit=12&pageNumber=1&sportType=&tournamentName=&tournamentStyle=,1347,0,0
1680593968880,1011,Get Home page currency,200,,Knock_out_Thread Group 1-247,text,true,,9160,321,121,121,https://pabsa.impressicocrm.com/api/currency,1011,0,0
1680593968521,1370,Get playerA_Vs_playerB,200,,Knock_out_Thread Group 1-191,text,true,,1239,341,121,121,https://pabsa.impressicocrm.com/api/tournament/matchScore/147598,1370,0,0
1680593968578,1317,Get playerA_Vs_playerB,200,,Knock_out_Thread Group 1-198,text,true,,1239,341,120,120,https://pabsa.impressicocrm.com/api/tournament/matchScore/147598,1317,0,0
1680593968967,931,Get Home page country ,200,,Knock_out_Thread Group 1-297,text,true,,17270,320,119,119,https://pabsa.impressicocrm.com/api/country,931,0,0
1680593968945,960,Get playerA_Vs_playerB,200,,Knock_out_Thread Group 1-129,text,true,,1239,341,119,119,https://pabsa.impressicocrm.com/api/tournament/matchScore/147598,960,0,0
1680593968322,1590,Get tournament result,200,,Knock_out_Thread Group 1-187,text,true,,5441,338,118,118,https://pabsa.impressicocrm.com/api/tournament/119922/matches,1590,0,0
1680593968371,1563,Get Break list ,200,,Knock_out_Thread Group 1-226,text,true,,3218,338,118,118,https://pabsa.impressicocrm.com/api/tournament/119922/players,1563,0,0
1680593968885,1072,Get knockout players list ,200,,Knock_out_Thread Group 1-222,text,true,,4598,340,119,119,https://pabsa.impressicocrm.com/api/tournament/118871/knockouts,1072,0,0
1680593968000,1968,Get Home page currency,200,,Knock_out_Thread Group 1-243,text,true,,9153,321,119,119,https://pabsa.impressicocrm.com/api/currency,1968,0,0
1680593968393,1581,Get knockout players list ,200,,Knock_out_Thread Group 1-214,text,true,,4598,340,119,119,https://pabsa.impressicocrm.com/api/tournament/118871/knockouts,1581,0,0
1680593969146,834,Get single knockout Player details,200,,Knock_out_Thread Group 1-206,text,true,,1210,326,119,119,https://pabsa.impressicocrm.com/api/player/110368,834,0,0
1680593969034,960,Get Players list ,200,,Knock_out_Thread Group 1-261,text,true,,3218,338,119,119,https://pabsa.impressicocrm.com/api/tournament/119922/players,960,0,0
1680593968577,1420,Get Players schedule,200,,Knock_out_Thread Group 1-227,text,true,,5441,338,119,119,https://pabsa.impressicocrm.com/api/tournament/119922/matches,1420,0,0
1680593968281,1718,Get tournamnent list ,200,,Knock_out_Thread Group 1-268,text,true,,58865,389,119,119,https://pabsa.impressicocrm.com/api/tournament?limit=12&pageNumber=1&sportType=&tournamentName=&tournamentStyle=,1146,0,0
1680593968839,1178,Get single knockout Player details,200,,Knock_out_Thread Group 1-225,text,true,,1210,326,119,119,https://pabsa.impressicocrm.com/api/player/110368,1178,0,0
1680593968480,1537,Get Home page country ,200,,Knock_out_Thread Group 1-289,text,true,,17270,320,119,119,https://pabsa.impressicocrm.com/api/country,1537,0,0
1680593969037,985,Get Players list ,200,,Knock_out_Thread Group 1-269,text,true,,3218,338,119,119,https://pabsa.impressicocrm.com/api/tournament/119922/players,985,0,0
1680593969752,293,Home page ,200,OK,Knock_out_Thread Group 1-308,text,true,,3033,309,119,119,https://pabsa.impressicocrm.com/,292,0,221
1680593969179,867,Get knockout players list ,200,,Knock_out_Thread Group 1-235,text,true,,4598,340,119,119,https://pabsa.impressicocrm.com/api/tournament/118871/knockouts,867,0,0
1680593968995,1056,Get Home page country ,200,,Knock_out_Thread Group 1-286,text,true,,17270,320,119,119,https://pabsa.impressicocrm.com/api/country,1055,0,0
1680593969161,932,Get Players list ,200,,Knock_out_Thread Group 1-264,text,true,,3218,338,120,120,https://pabsa.impressicocrm.com/api/tournament/119922/players,932,0,0
1680593968333,1765,Get tournament result,200,,Knock_out_Thread Group 1-190,text,true,,5441,338,120,120,https://pabsa.impressicocrm.com/api/tournament/119922/matches,1765,0,0
1680593968716,1404,Get Home page currency,200,,Knock_out_Thread Group 1-271,text,true,,9160,321,120,120,https://pabsa.impressicocrm.com/api/currency,1404,0,0
1680593969223,898,Get Players list ,200,,Knock_out_Thread Group 1-251,text,true,,3218,338,120,120,https://pabsa.impressicocrm.com/api/tournament/119922/players,898,0,0
1680593968973,1151,Get tournament result,200,,Knock_out_Thread Group 1-205,text,true,,5441,338,120,120,https://pabsa.impressicocrm.com/api/tournament/119922/matches,1151,0,0
1680593969128,998,Get tournament result,200,,Knock_out_Thread Group 1-197,text,true,,5441,338,120,120,https://pabsa.impressicocrm.com/api/tournament/119922/matches,998,0,0
1680593969120,1013,Get Players schedule,200,,Knock_out_Thread Group 1-220,text,true,,5435,338,120,120,https://pabsa.impressicocrm.com/api/tournament/119922/matches,1013,0,0
1680593967862,2284,Get Players schedule,200,,Knock_out_Thread Group 1-207,text,true,,5441,338,120,120,https://pabsa.impressicocrm.com/api/tournament/119922/matches,2284,0,0
1680593969223,926,Get playerA_Vs_playerB,200,,Knock_out_Thread Group 1-208,text,true,,1239,341,120,120,https://pabsa.impressicocrm.com/api/tournament/matchScore/147598,926,0,0
1680593969159,996,Get Break list ,200,,Knock_out_Thread Group 1-224,text,true,,3218,338,120,120,https://pabsa.impressicocrm.com/api/tournament/119922/players,996,0,0
1680593969853,305,Home page ,200,OK,Knock_out_Thread Group 1-309,text,true,,3033,309,120,120,https://pabsa.impressicocrm.com/,304,0,235
1680593968305,1857,Get tournamnent list ,200,,Knock_out_Thread Group 1-266,text,true,,58880,389,120,120,https://pabsa.impressicocrm.com/api/tournament?limit=12&pageNumber=1&sportType=&tournamentName=&tournamentStyle=,1257,0,0
1680593969047,1142,Get Home page currency,200,,Knock_out_Thread Group 1-276,text,true,,9160,321,120,120,https://pabsa.impressicocrm.com/api/currency,1142,0,0
1680593968575,1619,Get tournament result,200,,Knock_out_Thread Group 1-204,text,true,,5441,338,120,120,https://pabsa.impressicocrm.com/api/tournament/119922/matches,1619,0,0
1680593968454,1767,Get knockout players list ,200,,Knock_out_Thread Group 1-212,text,true,,4598,340,120,120,https://pabsa.impressicocrm.com/api/tournament/118871/knockouts,1767,0,0
1680593969324,903,Get Players list ,200,,Knock_out_Thread Group 1-240,text,true,,3218,338,120,120,https://pabsa.impressicocrm.com/api/tournament/119922/players,903,0,0
1680593969279,948,Get Players list ,200,,Knock_out_Thread Group 1-237,text,true,,3218,338,120,120,https://pabsa.impressicocrm.com/api/tournament/119922/players,948,0,0
1680593969362,873,Get single knockout Player details,200,,Knock_out_Thread Group 1-236,text,true,,1210,326,120,120,https://pabsa.impressicocrm.com/api/player/110368,873,0,0
1680593969223,1024,Get Players list ,200,,Knock_out_Thread Group 1-242,text,true,,3218,338,120,120,https://pabsa.impressicocrm.com/api/tournament/119922/players,1024,0,0
1680593969075,1173,Get tournament result,200,,Knock_out_Thread Group 1-219,text,true,,5441,338,120,120,https://pabsa.impressicocrm.com/api/tournament/119922/matches,1173,0,0
1680593969553,694,Home page ,200,OK,Knock_out_Thread Group 1-306,text,true,,3033,309,120,120,https://pabsa.impressicocrm.com/,694,0,351
1680593969416,848,Get knockout players list ,200,,Knock_out_Thread Group 1-231,text,true,,4598,340,121,121,https://pabsa.impressicocrm.com/api/tournament/118871/knockouts,847,0,0
1680593968587,1679,Get tournamnent list ,200,,Knock_out_Thread Group 1-284,text,true,,58865,389,121,121,https://pabsa.impressicocrm.com/api/tournament?limit=12&pageNumber=1&sportType=&tournamentName=&tournamentStyle=,1336,0,0
1680593968597,1675,Get Players schedule,200,,Knock_out_Thread Group 1-223,text,true,,5441,338,121,121,https://pabsa.impressicocrm.com/api/tournament/119922/matches,1675,0,0
1680593969445,829,Get single knockout Player details,200,,Knock_out_Thread Group 1-193,text,true,,1210,326,121,121,https://pabsa.impressicocrm.com/api/player/110368,829,0,0
1680593969122,1152,Get Home page currency,200,,Knock_out_Thread Group 1-230,text,true,,9160,321,121,121,https://pabsa.impressicocrm.com/api/currency,1152,0,0
1680593969373,906,Get playerA_Vs_playerB,200,,Knock_out_Thread Group 1-211,text,true,,1239,341,121,121,https://pabsa.impressicocrm.com/api/tournament/matchScore/147598,906,0,0
1680593969060,1226,Get tournament result,200,,Knock_out_Thread Group 1-201,text,true,,5441,338,120,120,https://pabsa.impressicocrm.com/api/tournament/119922/matches,1226,0,0
1680593969465,823,Get single knockout Player details,200,,Knock_out_Thread Group 1-215,text,true,,1210,326,120,120,https://pabsa.impressicocrm.com/api/player/110368,823,0,0
1680593969338,950,Get Players list ,200,,Knock_out_Thread Group 1-259,text,true,,3218,338,120,120,https://pabsa.impressicocrm.com/api/tournament/119922/players,950,0,0
1680593969347,966,Get Home page currency,200,,Knock_out_Thread Group 1-248,text,true,,9153,321,120,120,https://pabsa.impressicocrm.com/api/currency,966,0,0
1680593969437,878,Get playerA_Vs_playerB,200,,Knock_out_Thread Group 1-189,text,true,,1239,341,120,120,https://pabsa.impressicocrm.com/api/tournament/matchScore/147598,878,0,0
1680593969449,872,Get Players list ,200,,Knock_out_Thread Group 1-249,text,true,,3218,338,119,119,https://pabsa.impressicocrm.com/api/tournament/119922/players,872,0,0
1680593969213,1114,Get Home page country ,200,,Knock_out_Thread Group 1-294,text,true,,17255,320,119,119,https://pabsa.impressicocrm.com/api/country,1114,0,0
1680593969217,1152,Get Home page country ,200,,Knock_out_Thread Group 1-299,text,true,,17270,320,120,120,https://pabsa.impressicocrm.com/api/country,1152,0,0
1680593969379,990,Get Players list ,200,,Knock_out_Thread Group 1-257,text,true,,3218,338,120,120,https://pabsa.impressicocrm.com/api/tournament/119922/players,989,0,0
1680593968000,2403,Get Players schedule,200,,Knock_out_Thread Group 1-213,text,true,,5441,338,120,120,https://pabsa.impressicocrm.com/api/tournament/119922/matches,2403,0,0
1680593969253,1150,Home page ,200,OK,Knock_out_Thread Group 1-303,text,true,,3033,309,120,120,https://pabsa.impressicocrm.com/,1150,0,1056
1680593969223,1183,Get tournament result,200,,Knock_out_Thread Group 1-218,text,true,,5441,338,120,120,https://pabsa.impressicocrm.com/api/tournament/119922/matches,1182,0,0
1680593967846,2560,Get tournamnent list ,200,,Knock_out_Thread Group 1-263,text,true,,58888,389,120,120,https://pabsa.impressicocrm.com/api/tournament?limit=12&pageNumber=1&sportType=&tournamentName=&tournamentStyle=,1512,0,0
1680593969472,937,Get knockout players list ,200,,Knock_out_Thread Group 1-228,text,true,,4591,340,120,120,https://pabsa.impressicocrm.com/api/tournament/118871/knockouts,937,0,0
1680593969472,942,Get Break list ,200,,Knock_out_Thread Group 1-233,text,true,,3218,338,120,120,https://pabsa.impressicocrm.com/api/tournament/119922/players,942,0,0
1680593969352,1067,Get Break list ,200,,Knock_out_Thread Group 1-216,text,true,,3218,338,120,120,https://pabsa.impressicocrm.com/api/tournament/119922/players,1067,0,0
1680593970054,365,Home page ,200,OK,Knock_out_Thread Group 1-311,text,true,,3033,309,120,120,https://pabsa.impressicocrm.com/,365,0,272
1680593969662,776,Get playerA_Vs_playerB,200,,Knock_out_Thread Group 1-192,text,true,,1239,341,120,120,https://pabsa.impressicocrm.com/api/tournament/matchScore/147598,776,0,0
1680593969477,966,Get Break list ,200,,Knock_out_Thread Group 1-245,text,true,,3218,338,119,119,https://pabsa.impressicocrm.com/api/tournament/119922/players,966,0,0
1680593969265,1208,Get single knockout Player details,200,,Knock_out_Thread Group 1-203,text,true,,1210,326,120,120,https://pabsa.impressicocrm.com/api/player/110368,1208,0,0
1680593969122,1363,Get knockout players list ,200,,Knock_out_Thread Group 1-238,text,true,,4598,340,120,120,https://pabsa.impressicocrm.com/api/tournament/118871/knockouts,1363,0,0
1680593969591,909,Get Players list ,200,,Knock_out_Thread Group 1-258,text,true,,3218,338,120,120,https://pabsa.impressicocrm.com/api/tournament/119922/players,909,0,0
1680593969704,805,Get Break list ,200,,Knock_out_Thread Group 1-250,text,true,,3218,338,120,120,https://pabsa.impressicocrm.com/api/tournament/119922/players,805,0,0
1680593968900,1614,Get tournamnent list ,200,,Knock_out_Thread Group 1-287,text,true,,58880,389,120,120,https://pabsa.impressicocrm.com/api/tournament?limit=12&pageNumber=1&sportType=&tournamentName=&tournamentStyle=,1276,0,0
1680593969744,779,Get knockout players list ,200,,Knock_out_Thread Group 1-221,text,true,,4598,340,120,120,https://pabsa.impressicocrm.com/api/tournament/118871/knockouts,779,0,0
1680593969417,1111,Get Home page country ,200,,Knock_out_Thread Group 1-301,text,true,,17270,320,120,120,https://pabsa.impressicocrm.com/api/country,1111,0,0
1680593969748,788,Get knockout players list ,200,,Knock_out_Thread Group 1-234,text,true,,4591,340,120,120,https://pabsa.impressicocrm.com/api/tournament/118871/knockouts,788,0,0
1680593969091,1449,Get Home page country ,200,,Knock_out_Thread Group 1-298,text,true,,17270,320,120,120,https://pabsa.impressicocrm.com/api/country,1449,0,0
1680593969704,838,Get knockout players list ,200,,Knock_out_Thread Group 1-229,text,true,,4598,340,120,120,https://pabsa.impressicocrm.com/api/tournament/118871/knockouts,838,0,0
1680593970153,404,Home page ,200,OK,Knock_out_Thread Group 1-312,text,true,,3033,309,121,121,https://pabsa.impressicocrm.com/,404,0,330
1680593969311,1254,Get Break list ,200,,Knock_out_Thread Group 1-241,text,true,,3218,338,121,121,https://pabsa.impressicocrm.com/api/tournament/119922/players,1254,0,0
1680593969625,945,Get Players list ,200,,Knock_out_Thread Group 1-246,text,true,,3218,338,121,121,https://pabsa.impressicocrm.com/api/tournament/119922/players,945,0,0
1680593969715,869,Get Players list ,200,,Knock_out_Thread Group 1-260,text,true,,3218,338,121,121,https://pabsa.impressicocrm.com/api/tournament/119922/players,869,0,0
1680593969501,1096,Get tournament result,200,,Knock_out_Thread Group 1-210,text,true,,5435,338,121,121,https://pabsa.impressicocrm.com/api/tournament/119922/matches,1096,0,0
1680593967835,2763,Get tournamnent list ,200,,Knock_out_Thread Group 1-277,text,true,,58880,389,121,121,https://pabsa.impressicocrm.com/api/tournament?limit=12&pageNumber=1&sportType=&tournamentName=&tournamentStyle=,1325,0,0
1680593969808,856,Get knockout players list ,200,,Knock_out_Thread Group 1-244,text,true,,4598,340,122,122,https://pabsa.impressicocrm.com/api/tournament/118871/knockouts,856,0,0
1680593969799,892,Get Players list ,200,,Knock_out_Thread Group 1-252,text,true,,3218,338,122,122,https://pabsa.impressicocrm.com/api/tournament/119922/players,892,0,0
1680593969437,1275,Get Home page country ,200,,Knock_out_Thread Group 1-302,text,true,,17270,320,122,122,https://pabsa.impressicocrm.com/api/country,1273,0,0
1680593969808,906,Get Home page currency,200,,Knock_out_Thread Group 1-265,text,true,,9160,321,122,122,https://pabsa.impressicocrm.com/api/currency,906,0,0
1680593969614,1120,Get Players schedule,200,,Knock_out_Thread Group 1-232,text,true,,5435,338,122,122,https://pabsa.impressicocrm.com/api/tournament/119922/matches,1120,0,0
1680593968724,2017,Get tournamnent list ,200,,Knock_out_Thread Group 1-283,text,true,,58880,389,122,122,https://pabsa.impressicocrm.com/api/tournament?limit=12&pageNumber=1&sportType=&tournamentName=&tournamentStyle=,1270,0,0
1680593969812,946,Get Players list ,200,,Knock_out_Thread Group 1-262,text,true,,3218,338,123,123,https://pabsa.impressicocrm.com/api/tournament/119922/players,946,0,0
1680593969710,1056,Get tournament result,200,,Knock_out_Thread Group 1-195,text,true,,5441,338,123,123,https://pabsa.impressicocrm.com/api/tournament/119922/matches,1056,0,0
1680593969877,902,Get Players list ,200,,Knock_out_Thread Group 1-256,text,true,,3218,338,123,123,https://pabsa.impressicocrm.com/api/tournament/119922/players,902,0,0
1680593967696,3125,Get tournamnent list ,200,,Knock_out_Thread Group 1-272,text,true,,58880,389,123,123,https://pabsa.impressicocrm.com/api/tournament?limit=12&pageNumber=1&sportType=&tournamentName=&tournamentStyle=,1324,0,0
1680593969956,869,Get single knockout Player details,200,,Knock_out_Thread Group 1-222,text,true,,1210,326,123,123,https://pabsa.impressicocrm.com/api/player/110368,869,0,0
1680593969911,914,Get playerA_Vs_playerB,200,,Knock_out_Thread Group 1-187,text,true,,1239,341,123,123,https://pabsa.impressicocrm.com/api/tournament/matchScore/147598,914,0,0
1680593968980,1846,Get tournamnent list ,200,,Knock_out_Thread Group 1-274,text,true,,58880,389,123,123,https://pabsa.impressicocrm.com/api/tournament?limit=12&pageNumber=1&sportType=&tournamentName=&tournamentStyle=,1342,0,0
1680593969479,1346,Get tournamnent list ,200,,Knock_out_Thread Group 1-281,text,true,,58888,389,123,123,https://pabsa.impressicocrm.com/api/tournament?limit=12&pageNumber=1&sportType=&tournamentName=&tournamentStyle=,1057,0,0
1680593968474,2352,Get Break list ,200,,Knock_out_Thread Group 1-217,text,true,,3218,338,123,123,https://pabsa.impressicocrm.com/api/tournament/119922/players,2352,0,0
1680593968446,2380,Get tournamnent list ,200,,Knock_out_Thread Group 1-280,text,true,,58880,389,123,123,https://pabsa.impressicocrm.com/api/tournament?limit=12&pageNumber=1&sportType=&tournamentName=&tournamentStyle=,1819,0,0
1680593970553,273,Home page ,200,OK,Knock_out_Thread Group 1-316,text,true,,3033,309,123,123,https://pabsa.impressicocrm.com/,272,0,205
1680593969883,954,Get Home page currency,200,,Knock_out_Thread Group 1-278,text,true,,9160,321,122,122,https://pabsa.impressicocrm.com/api/currency,954,0,0
1680593969974,869,Get single knockout Player details,200,,Knock_out_Thread Group 1-214,text,true,,1210,326,122,122,https://pabsa.impressicocrm.com/api/player/110368,869,0,0
1680593969891,952,Get Players list ,200,,Knock_out_Thread Group 1-247,text,true,,3218,338,122,122,https://pabsa.impressicocrm.com/api/tournament/119922/players,952,0,0
1680593970452,410,Home page ,200,OK,Knock_out_Thread Group 1-315,text,true,,3033,309,123,123,https://pabsa.impressicocrm.com/,410,0,306
1680593969996,875,Get knockout players list ,200,,Knock_out_Thread Group 1-227,text,true,,4598,340,123,123,https://pabsa.impressicocrm.com/api/tournament/118871/knockouts,875,0,0
1680593969794,1097,Get Players schedule,200,,Knock_out_Thread Group 1-255,text,true,,5441,338,123,123,https://pabsa.impressicocrm.com/api/tournament/119922/matches,1097,0,0
1680593970419,492,Get Players schedule,200,,Knock_out_Thread Group 1-216,text,true,,5435,338,123,123,https://pabsa.impressicocrm.com/api/tournament/119922/matches,492,0,0
1680593969799,1116,Get tournament result,200,,Knock_out_Thread Group 1-199,text,true,,5441,338,123,123,https://pabsa.impressicocrm.com/api/tournament/119922/matches,1116,0,0
1680593970047,874,Get single knockout Player details,200,,Knock_out_Thread Group 1-235,text,true,,1210,326,123,123,https://pabsa.impressicocrm.com/api/player/110368,874,0,0
1680593969994,961,Get Break list ,200,,Knock_out_Thread Group 1-261,text,true,,3218,338,124,124,https://pabsa.impressicocrm.com/api/tournament/119922/players,961,0,0
1680593970654,304,Home page ,200,OK,Knock_out_Thread Group 1-317,text,true,,3033,309,124,124,https://pabsa.impressicocrm.com/,304,0,235
1680593969870,1091,Get Home page country ,200,,Knock_out_Thread Group 1-305,text,true,,17255,320,124,124,https://pabsa.impressicocrm.com/api/country,1091,0,0
1680593969223,1747,Get tournamnent list ,200,,Knock_out_Thread Group 1-288,text,true,,58880,389,124,124,https://pabsa.impressicocrm.com/api/tournament?limit=12&pageNumber=1&sportType=&tournamentName=&tournamentStyle=,1293,0,0
1680593968091,2883,Get Home page currency,200,,Knock_out_Thread Group 1-254,text,true,,9160,321,124,124,https://pabsa.impressicocrm.com/api/currency,2883,0,0
1680593969236,1755,Get Home page country ,200,,Knock_out_Thread Group 1-300,text,true,,17270,320,124,124,https://pabsa.impressicocrm.com/api/country,1754,0,0
1680593970098,893,Get playerA_Vs_playerB,200,,Knock_out_Thread Group 1-190,text,true,,1239,341,124,124,https://pabsa.impressicocrm.com/api/tournament/matchScore/147598,892,0,0
1680593969652,1357,Home page ,200,OK,Knock_out_Thread Group 1-307,text,true,,3033,309,123,123,https://pabsa.impressicocrm.com/,1357,0,1295
1680593970122,891,Get Break list ,200,,Knock_out_Thread Group 1-251,text,true,,3218,338,123,123,https://pabsa.impressicocrm.com/api/tournament/119922/players,891,0,0
1680593968861,2164,Get tournamnent list ,200,,Knock_out_Thread Group 1-267,text,true,,58880,389,123,123,https://pabsa.impressicocrm.com/api/tournament?limit=12&pageNumber=1&sportType=&tournamentName=&tournamentStyle=,1325,0,0
1680593970119,912,Get Players list ,200,,Knock_out_Thread Group 1-271,text,true,,3218,338,123,123,https://pabsa.impressicocrm.com/api/tournament/119922/players,912,0,0
1680593970094,944,Get Break list ,200,,Knock_out_Thread Group 1-264,text,true,,3218,338,123,123,https://pabsa.impressicocrm.com/api/tournament/119922/players,944,0,0
1680593970132,907,Get knockout players list ,200,,Knock_out_Thread Group 1-220,text,true,,4598,340,123,123,https://pabsa.impressicocrm.com/api/tournament/118871/knockouts,907,0,0
1680593969581,1465,Get Home page currency,200,,Knock_out_Thread Group 1-270,text,true,,9160,321,123,123,https://pabsa.impressicocrm.com/api/currency,1465,0,0
1680593969998,1068,Get Home page currency,200,,Knock_out_Thread Group 1-268,text,true,,9160,321,124,124,https://pabsa.impressicocrm.com/api/currency,1068,0,0
1680593970126,949,Get playerA_Vs_playerB,200,,Knock_out_Thread Group 1-197,text,true,,1239,341,124,124,https://pabsa.impressicocrm.com/api/tournament/matchScore/147598,949,0,0
1680593969954,1121,Home page ,200,OK,Knock_out_Thread Group 1-310,text,true,,3033,309,124,124,https://pabsa.impressicocrm.com/,1121,0,923
1680593970045,1039,Get Home page country ,200,,Knock_out_Thread Group 1-308,text,true,,17255,320,123,123,https://pabsa.impressicocrm.com/api/country,1039,0,0
1680593970220,879,Get single knockout Player details,200,,Knock_out_Thread Group 1-212,text,true,,1210,326,123,123,https://pabsa.impressicocrm.com/api/player/110368,879,0,0
1680593970158,945,Get Home page country ,200,,Knock_out_Thread Group 1-309,text,true,,17270,320,123,123,https://pabsa.impressicocrm.com/api/country,944,0,0
1680593968868,2236,Get tournamnent list ,200,,Knock_out_Thread Group 1-279,text,true,,58888,389,123,123,https://pabsa.impressicocrm.com/api/tournament?limit=12&pageNumber=1&sportType=&tournamentName=&tournamentStyle=,1675,0,0
1680593970146,966,Get knockout players list ,200,,Knock_out_Thread Group 1-207,text,true,,4598,340,123,123,https://pabsa.impressicocrm.com/api/tournament/118871/knockouts,966,0,0
1680593970162,958,Get Home page currency,200,,Knock_out_Thread Group 1-266,text,true,,9160,321,123,123,https://pabsa.impressicocrm.com/api/currency,958,0,0
1680593970228,900,Get Break list ,200,,Knock_out_Thread Group 1-237,text,true,,3218,338,123,123,https://pabsa.impressicocrm.com/api/tournament/119922/players,900,0,0
1680593970189,941,Get Players list ,200,,Knock_out_Thread Group 1-276,text,true,,3218,338,123,123,https://pabsa.impressicocrm.com/api/tournament/119922/players,941,0,0
1680593970264,872,Get single knockout Player details,200,,Knock_out_Thread Group 1-231,text,true,,1210,326,123,123,https://pabsa.impressicocrm.com/api/player/110368,872,0,0
1680593970248,894,Get playerA_Vs_playerB,200,,Knock_out_Thread Group 1-219,text,true,,1239,341,123,123,https://pabsa.impressicocrm.com/api/tournament/matchScore/147598,894,0,0
1680593969733,1409,Get Players schedule,200,,Knock_out_Thread Group 1-253,text,true,,5441,338,123,123,https://pabsa.impressicocrm.com/api/tournament/119922/matches,1409,0,0
1680593970124,1020,Get playerA_Vs_playerB,200,,Knock_out_Thread Group 1-205,text,true,,1239,341,122,122,https://pabsa.impressicocrm.com/api/tournament/matchScore/147598,1020,0,0
1680593968116,3042,Get tournamnent list ,200,,Knock_out_Thread Group 1-273,text,true,,58888,389,122,122,https://pabsa.impressicocrm.com/api/tournament?limit=12&pageNumber=1&sportType=&tournamentName=&tournamentStyle=,1970,0,0
1680593961375,9793,Get Home page currency,200,,Knock_out_Thread Group 1-174,text,true,,9160,321,122,122,https://pabsa.impressicocrm.com/api/currency,9793,0,0
1680593970022,1151,Get Break list ,200,,Knock_out_Thread Group 1-269,text,true,,3218,338,122,122,https://pabsa.impressicocrm.com/api/tournament/119922/players,1151,0,0
1680593969561,1612,Get tournamnent list ,200,,Knock_out_Thread Group 1-292,text,true,,58880,389,122,122,https://pabsa.impressicocrm.com/api/tournament?limit=12&pageNumber=1&sportType=&tournamentName=&tournamentStyle=,1173,0,0
1680593970019,1161,Get tournament result,200,,Knock_out_Thread Group 1-225,text,true,,5441,338,122,122,https://pabsa.impressicocrm.com/api/tournament/119922/matches,1161,0,0
1680593970193,1002,Get playerA_Vs_playerB,200,,Knock_out_Thread Group 1-204,text,true,,1239,341,122,122,https://pabsa.impressicocrm.com/api/tournament/matchScore/147598,1002,0,0
1680593970286,913,Get playerA_Vs_playerB,200,,Knock_out_Thread Group 1-201,text,true,,1239,341,121,121,https://pabsa.impressicocrm.com/api/tournament/matchScore/147598,913,0,0
1680593969933,1266,Get Players schedule,200,,Knock_out_Thread Group 1-226,text,true,,5441,338,121,121,https://pabsa.impressicocrm.com/api/tournament/119922/matches,1266,0,0
1680593970248,959,Get Home page country ,200,,Knock_out_Thread Group 1-306,text,true,,17270,320,120,120,https://pabsa.impressicocrm.com/api/country,959,0,0
1680593970248,972,Get Break list ,200,,Knock_out_Thread Group 1-242,text,true,,3218,338,120,120,https://pabsa.impressicocrm.com/api/tournament/119922/players,972,0,0
1680593969981,1239,Get tournament result,200,,Knock_out_Thread Group 1-206,text,true,,5441,338,120,120,https://pabsa.impressicocrm.com/api/tournament/119922/matches,1239,0,0
1680593970272,966,Get knockout players list ,200,,Knock_out_Thread Group 1-223,text,true,,4591,340,120,120,https://pabsa.impressicocrm.com/api/tournament/118871/knockouts,966,0,0
1680593970313,948,Get Players list ,200,,Knock_out_Thread Group 1-248,text,true,,3218,338,121,121,https://pabsa.impressicocrm.com/api/tournament/119922/players,948,0,0
1680593970953,317,Home page ,200,OK,Knock_out_Thread Group 1-320,text,true,,3033,309,121,121,https://pabsa.impressicocrm.com/,317,0,242
1680593970410,867,Get single knockout Player details,200,,Knock_out_Thread Group 1-228,text,true,,1210,326,121,121,https://pabsa.impressicocrm.com/api/player/110368,867,0,0
1680593970355,926,Home page ,200,OK,Knock_out_Thread Group 1-314,text,true,,3033,309,121,121,https://pabsa.impressicocrm.com/,926,0,239
1680593970155,1146,Get Players schedule,200,,Knock_out_Thread Group 1-224,text,true,,5441,338,121,121,https://pabsa.impressicocrm.com/api/tournament/119922/matches,1146,0,0
1680593970288,1026,Get Break list ,200,,Knock_out_Thread Group 1-259,text,true,,3218,338,121,121,https://pabsa.impressicocrm.com/api/tournament/119922/players,1026,0,0
1680593970406,911,Get playerA_Vs_playerB,200,,Knock_out_Thread Group 1-218,text,true,,1239,341,121,121,https://pabsa.impressicocrm.com/api/tournament/matchScore/147598,911,0,0
1680593970485,837,Get single knockout Player details,200,,Knock_out_Thread Group 1-238,text,true,,1210,326,120,120,https://pabsa.impressicocrm.com/api/player/110368,837,0,0
1680593969968,1388,Get Players list ,200,,Knock_out_Thread Group 1-243,text,true,,3218,338,121,121,https://pabsa.impressicocrm.com/api/tournament/119922/players,1388,0,0
1680593970274,1082,Get Players list ,200,,Knock_out_Thread Group 1-230,text,true,,3218,338,121,121,https://pabsa.impressicocrm.com/api/tournament/119922/players,1082,0,0
1680593970369,992,Get Break list ,200,,Knock_out_Thread Group 1-257,text,true,,3218,338,121,121,https://pabsa.impressicocrm.com/api/tournament/119922/players,992,0,0
1680593969792,1574,Get Home page country ,200,,Knock_out_Thread Group 1-304,text,true,,17270,320,121,121,https://pabsa.impressicocrm.com/api/country,1574,0,0
1680593969727,1645,Get Home page currency,200,,Knock_out_Thread Group 1-113,text,true,,9160,321,121,121,https://pabsa.impressicocrm.com/api/currency,1645,0,0
1680593970524,859,Get single knockout Player details,200,,Knock_out_Thread Group 1-221,text,true,,1210,326,121,121,https://pabsa.impressicocrm.com/api/player/110368,859,0,0
1680593969870,1518,Get tournamnent list ,200,,Knock_out_Thread Group 1-295,text,true,,58880,389,121,121,https://pabsa.impressicocrm.com/api/tournament?limit=12&pageNumber=1&sportType=&tournamentName=&tournamentStyle=,1182,0,0
1680593970537,865,Get single knockout Player details,200,,Knock_out_Thread Group 1-234,text,true,,1210,326,121,121,https://pabsa.impressicocrm.com/api/player/110368,865,0,0
1680593970403,1002,Get knockout players list ,200,,Knock_out_Thread Group 1-213,text,true,,4598,340,121,121,https://pabsa.impressicocrm.com/api/tournament/118871/knockouts,1002,0,0
1680593970406,1006,Get Home page currency,200,,Knock_out_Thread Group 1-263,text,true,,9160,321,121,121,https://pabsa.impressicocrm.com/api/currency,1006,0,0
1680593970235,1186,Get tournament result,200,,Knock_out_Thread Group 1-236,text,true,,5435,338,121,121,https://pabsa.impressicocrm.com/api/tournament/119922/matches,1186,0,0
1680593970542,882,Get single knockout Player details,200,,Knock_out_Thread Group 1-229,text,true,,1210,326,121,121,https://pabsa.impressicocrm.com/api/player/110368,882,0,0
1680593970514,926,Get Home page currency,200,,Knock_out_Thread Group 1-287,text,true,,9160,321,121,121,https://pabsa.impressicocrm.com/api/currency,926,0,0
1680593970419,1025,Get Home page country ,200,,Knock_out_Thread Group 1-311,text,true,,17270,320,121,121,https://pabsa.impressicocrm.com/api/country,1025,0,0
1680593970404,1040,Get Home page country ,200,,Knock_out_Thread Group 1-303,text,true,,17270,320,121,121,https://pabsa.impressicocrm.com/api/country,1040,0,0
1680593970752,693,Home page ,200,OK,Knock_out_Thread Group 1-318,text,true,,3033,309,121,121,https://pabsa.impressicocrm.com/,692,0,614
1680593969897,1550,Get tournamnent list ,200,,Knock_out_Thread Group 1-297,text,true,,58888,389,121,121,https://pabsa.impressicocrm.com/api/tournament?limit=12&pageNumber=1&sportType=&tournamentName=&tournamentStyle=,1169,0,0
1680593970288,1165,Get tournament result,200,,Knock_out_Thread Group 1-215,text,true,,5435,338,122,122,https://pabsa.impressicocrm.com/api/tournament/119922/matches,1165,0,0
1680593970228,1233,Get Break list ,200,,Knock_out_Thread Group 1-240,text,true,,3218,338,122,122,https://pabsa.impressicocrm.com/api/tournament/119922/players,1233,0,0
1680593970266,1197,Get Home page currency,200,,Knock_out_Thread Group 1-284,text,true,,9160,321,122,122,https://pabsa.impressicocrm.com/api/currency,1197,0,0
1680593970501,988,Get Break list ,200,,Knock_out_Thread Group 1-258,text,true,,3218,338,122,122,https://pabsa.impressicocrm.com/api/tournament/119922/players,988,0,0
1680593970274,1251,Get tournament result,200,,Knock_out_Thread Group 1-193,text,true,,5441,338,122,122,https://pabsa.impressicocrm.com/api/tournament/119922/matches,1251,0,0
1680593970558,976,Get Home page country ,200,,Knock_out_Thread Group 1-312,text,true,,17270,320,122,122,https://pabsa.impressicocrm.com/api/country,972,0,0
1680593970321,1219,Get Break list ,200,,Knock_out_Thread Group 1-249,text,true,,3218,338,122,122,https://pabsa.impressicocrm.com/api/tournament/119922/players,1219,0,0
1680593970585,959,Get Break list ,200,,Knock_out_Thread Group 1-260,text,true,,3218,338,122,122,https://pabsa.impressicocrm.com/api/tournament/119922/players,959,0,0
1680593970664,885,Get single knockout Player details,200,,Knock_out_Thread Group 1-244,text,true,,1210,326,122,122,https://pabsa.impressicocrm.com/api/player/110368,885,0,0
1680593971254,310,Home page ,200,OK,Knock_out_Thread Group 1-323,text,true,,3033,309,123,123,https://pabsa.impressicocrm.com/,310,0,235
1680593970571,996,Get Break list ,200,,Knock_out_Thread Group 1-246,text,true,,3218,338,123,123,https://pabsa.impressicocrm.com/api/tournament/119922/players,996,0,0
1680593970598,981,Get playerA_Vs_playerB,200,,Knock_out_Thread Group 1-210,text,true,,1239,341,123,123,https://pabsa.impressicocrm.com/api/tournament/matchScore/147598,981,0,0
1680593969557,2022,Get tournamnent list ,200,,Knock_out_Thread Group 1-285,text,true,,58880,389,123,123,https://pabsa.impressicocrm.com/api/tournament?limit=12&pageNumber=1&sportType=&tournamentName=&tournamentStyle=,1462,0,0
1680593969877,1702,Get tournamnent list ,200,,Knock_out_Thread Group 1-296,text,true,,58888,389,123,123,https://pabsa.impressicocrm.com/api/tournament?limit=12&pageNumber=1&sportType=&tournamentName=&tournamentStyle=,1129,0,0
1680593969409,2204,Get tournamnent list ,200,,Knock_out_Thread Group 1-291,text,true,,58880,389,122,122,https://pabsa.impressicocrm.com/api/tournament?limit=12&pageNumber=1&sportType=&tournamentName=&tournamentStyle=,2040,0,0
1680593970415,1205,Get Players schedule,200,,Knock_out_Thread Group 1-233,text,true,,5435,338,122,122,https://pabsa.impressicocrm.com/api/tournament/119922/matches,1205,0,0
1680593970253,1372,Home page ,200,OK,Knock_out_Thread Group 1-313,text,true,,3033,309,122,122,https://pabsa.impressicocrm.com/,1372,0,1303
1680593970443,1211,Get Players schedule,200,,Knock_out_Thread Group 1-245,text,true,,5441,338,123,123,https://pabsa.impressicocrm.com/api/tournament/119922/matches,1210,0,0
1680593970714,940,Get Players list ,200,,Knock_out_Thread Group 1-265,text,true,,3218,338,123,123,https://pabsa.impressicocrm.com/api/tournament/119922/players,940,0,0
1680593970734,930,Get knockout players list ,200,,Knock_out_Thread Group 1-232,text,true,,4598,340,123,123,https://pabsa.impressicocrm.com/api/tournament/118871/knockouts,930,0,0
1680593970759,906,Get Break list ,200,,Knock_out_Thread Group 1-262,text,true,,3218,338,123,123,https://pabsa.impressicocrm.com/api/tournament/119922/players,905,0,0
1680593971354,311,Home page ,200,OK,Knock_out_Thread Group 1-324,text,true,,3033,309,123,123,https://pabsa.impressicocrm.com/,311,0,232
1680593969672,2002,Get tournamnent list ,200,,Knock_out_Thread Group 1-293,text,true,,58880,389,123,123,https://pabsa.impressicocrm.com/api/tournament?limit=12&pageNumber=1&sportType=&tournamentName=&tournamentStyle=,1408,0,0
1680593970766,959,Get playerA_Vs_playerB,200,,Knock_out_Thread Group 1-195,text,true,,1239,341,123,123,https://pabsa.impressicocrm.com/api/tournament/matchScore/147598,959,0,0
1680593970473,1252,Get tournament result,200,,Knock_out_Thread Group 1-203,text,true,,5441,338,123,123,https://pabsa.impressicocrm.com/api/tournament/119922/matches,1252,0,0
1680593970826,905,Get Home page country ,200,,Knock_out_Thread Group 1-316,text,true,,17270,320,122,122,https://pabsa.impressicocrm.com/api/country,905,0,0
1680593970598,1133,Get Home page currency,200,,Knock_out_Thread Group 1-277,text,true,,9153,321,122,122,https://pabsa.impressicocrm.com/api/currency,1133,0,0
1680593970891,841,Get knockout players list ,200,,Knock_out_Thread Group 1-255,text,true,,4598,340,122,122,https://pabsa.impressicocrm.com/api/tournament/118871/knockouts,841,0,0
1680593970779,956,Get Break list ,200,,Knock_out_Thread Group 1-256,text,true,,3218,338,122,122,https://pabsa.impressicocrm.com/api/tournament/119922/players,956,0,0
1680593970911,836,Get knockout players list ,200,,Knock_out_Thread Group 1-216,text,true,,4598,340,122,122,https://pabsa.impressicocrm.com/api/tournament/118871/knockouts,836,0,0
1680593970915,836,Get playerA_Vs_playerB,200,,Knock_out_Thread Group 1-199,text,true,,1239,341,122,122,https://pabsa.impressicocrm.com/api/tournament/matchScore/147598,836,0,0
1680593970691,1071,Get Break list ,200,,Knock_out_Thread Group 1-252,text,true,,3218,338,122,122,https://pabsa.impressicocrm.com/api/tournament/119922/players,1071,0,0
1680593970838,932,Get Players list ,200,,Knock_out_Thread Group 1-278,text,true,,3218,338,122,122,https://pabsa.impressicocrm.com/api/tournament/119922/players,932,0,0
1680593970843,950,Get Break list ,200,,Knock_out_Thread Group 1-247,text,true,,3218,338,122,122,https://pabsa.impressicocrm.com/api/tournament/119922/players,950,0,0
1680593971153,667,Home page ,200,OK,Knock_out_Thread Group 1-322,text,true,,3033,309,122,122,https://pabsa.impressicocrm.com/,666,0,597
1680593970863,971,Get Home page country ,200,,Knock_out_Thread Group 1-315,text,true,,17270,320,122,122,https://pabsa.impressicocrm.com/api/country,968,0,0
1680593971453,383,Home page ,200,OK,Knock_out_Thread Group 1-325,text,true,,3033,309,122,122,https://pabsa.impressicocrm.com/,382,0,294
1680593968278,3562,Get tournamnent list ,200,,Knock_out_Thread Group 1-275,text,true,,58880,389,122,122,https://pabsa.impressicocrm.com/api/tournament?limit=12&pageNumber=1&sportType=&tournamentName=&tournamentStyle=,1362,0,0
1680593970826,1023,Get Home page currency,200,,Knock_out_Thread Group 1-280,text,true,,9160,321,122,122,https://pabsa.impressicocrm.com/api/currency,1023,0,0
1680593971554,310,Home page ,200,OK,Knock_out_Thread Group 1-326,text,true,,3033,309,123,123,https://pabsa.impressicocrm.com/,309,0,235
1680593970369,1495,Get tournamnent list ,200,,Knock_out_Thread Group 1-299,text,true,,58888,389,123,123,https://pabsa.impressicocrm.com/api/tournament?limit=12&pageNumber=1&sportType=&tournamentName=&tournamentStyle=,1167,0,0
1680593970050,1822,Get tournamnent list ,200,,Knock_out_Thread Group 1-286,text,true,,58888,389,123,123,https://pabsa.impressicocrm.com/api/tournament?limit=12&pageNumber=1&sportType=&tournamentName=&tournamentStyle=,489,0,0
1680593970740,1144,Get Home page currency,200,,Knock_out_Thread Group 1-283,text,true,,9160,321,123,123,https://pabsa.impressicocrm.com/api/currency,1144,0,0
1680593970566,1321,Get Players schedule,200,,Knock_out_Thread Group 1-241,text,true,,5441,338,123,123,https://pabsa.impressicocrm.com/api/tournament/119922/matches,1321,0,0
1680593971032,858,Get Break list ,200,,Knock_out_Thread Group 1-271,text,true,,3218,338,123,123,https://pabsa.impressicocrm.com/api/tournament/119922/players,858,0,0
1680593971040,850,Get single knockout Player details,200,,Knock_out_Thread Group 1-220,text,true,,1210,326,123,123,https://pabsa.impressicocrm.com/api/player/110368,850,0,0
1680593970973,981,Get Players list ,200,,Knock_out_Thread Group 1-254,text,true,,3218,338,124,124,https://pabsa.impressicocrm.com/api/tournament/119922/players,981,0,0
1680593971055,899,Home page ,200,OK,Knock_out_Thread Group 1-321,text,true,,3033,309,124,124,https://pabsa.impressicocrm.com/,899,0,757
1680593970826,1144,Get tournament result,200,,Knock_out_Thread Group 1-222,text,true,,5441,338,124,124,https://pabsa.impressicocrm.com/api/tournament/119922/matches,1144,0,0
1680593971653,318,Home page ,200,OK,Knock_out_Thread Group 1-327,text,true,,3033,309,124,124,https://pabsa.impressicocrm.com/,318,0,245
1680593971010,967,Get Home page country ,200,,Knock_out_Thread Group 1-307,text,true,,17270,320,124,124,https://pabsa.impressicocrm.com/api/country,963,0,0
1680593971112,882,Get single knockout Player details,200,,Knock_out_Thread Group 1-207,text,true,,1210,326,124,124,https://pabsa.impressicocrm.com/api/player/110368,882,0,0
1680593971066,932,Get Players list ,200,,Knock_out_Thread Group 1-268,text,true,,3218,338,124,124,https://pabsa.impressicocrm.com/api/tournament/119922/players,932,0,0
1680593970871,1143,Get single knockout Player details,200,,Knock_out_Thread Group 1-227,text,true,,1210,326,124,124,https://pabsa.impressicocrm.com/api/player/110368,1143,0,0
1680593971753,261,Home page ,200,OK,Knock_out_Thread Group 1-328,text,true,,3033,309,124,124,https://pabsa.impressicocrm.com/,261,0,198
1680593971047,1010,Get Players list ,200,,Knock_out_Thread Group 1-270,text,true,,3218,338,125,125,https://pabsa.impressicocrm.com/api/tournament/119922/players,1010,0,0
1680593971103,956,Get Home page currency,200,,Knock_out_Thread Group 1-279,text,true,,9160,321,125,125,https://pabsa.impressicocrm.com/api/currency,956,0,0
1680593970826,1243,Get Home page currency,200,,Knock_out_Thread Group 1-274,text,true,,9160,321,125,125,https://pabsa.impressicocrm.com/api/currency,1243,0,0
1680593970843,1239,Get tournament result,200,,Knock_out_Thread Group 1-214,text,true,,5441,338,125,125,https://pabsa.impressicocrm.com/api/tournament/119922/matches,1239,0,0
1680593970826,1264,Get Home page currency,200,,Knock_out_Thread Group 1-281,text,true,,9160,321,125,125,https://pabsa.impressicocrm.com/api/currency,1264,0,0
1680593970509,1581,Get Players schedule,200,,Knock_out_Thread Group 1-250,text,true,,5441,338,125,125,https://pabsa.impressicocrm.com/api/tournament/119922/matches,1581,0,0
1680593970826,1264,Get Players schedule,200,,Knock_out_Thread Group 1-217,text,true,,5441,338,125,125,https://pabsa.impressicocrm.com/api/tournament/119922/matches,1264,0,0
1680593971014,1086,Get Players schedule,200,,Knock_out_Thread Group 1-251,text,true,,5441,338,125,125,https://pabsa.impressicocrm.com/api/tournament/119922/matches,1086,0,0
1680593971120,991,Get Players list ,200,,Knock_out_Thread Group 1-266,text,true,,3218,338,125,125,https://pabsa.impressicocrm.com/api/tournament/119922/players,991,0,0
1680593971131,984,Get Break list ,200,,Knock_out_Thread Group 1-276,text,true,,3218,338,125,125,https://pabsa.impressicocrm.com/api/tournament/119922/players,984,0,0
1680593971142,972,Get knockout players list ,200,,Knock_out_Thread Group 1-253,text,true,,4598,340,125,125,https://pabsa.impressicocrm.com/api/tournament/118871/knockouts,972,0,0
1680593971200,915,Get knockout players list ,200,,Knock_out_Thread Group 1-226,text,true,,4598,340,125,125,https://pabsa.impressicocrm.com/api/tournament/118871/knockouts,914,0,0
1680593970922,1201,Get tournament result,200,,Knock_out_Thread Group 1-235,text,true,,5441,338,125,125,https://pabsa.impressicocrm.com/api/tournament/119922/matches,1201,0,0
1680593971158,971,Get Home page currency,200,,Knock_out_Thread Group 1-273,text,true,,9160,321,125,125,https://pabsa.impressicocrm.com/api/currency,971,0,0
1680593971174,972,Get Home page currency,200,,Knock_out_Thread Group 1-292,text,true,,9160,321,125,125,https://pabsa.impressicocrm.com/api/currency,972,0,0
1680593971181,978,Get playerA_Vs_playerB,200,,Knock_out_Thread Group 1-225,text,true,,1239,341,126,126,https://pabsa.impressicocrm.com/api/tournament/matchScore/147598,978,0,0
1680593971239,928,Get single knockout Player details,200,,Knock_out_Thread Group 1-223,text,true,,1210,326,125,125,https://pabsa.impressicocrm.com/api/player/110368,928,0,0
1680593971169,1022,Get Players list ,200,,Knock_out_Thread Group 1-174,text,true,,3218,338,125,125,https://pabsa.impressicocrm.com/api/tournament/119922/players,1022,0,0
1680593971221,989,Get playerA_Vs_playerB,200,,Knock_out_Thread Group 1-206,text,true,,1239,341,125,125,https://pabsa.impressicocrm.com/api/tournament/matchScore/147598,989,0,0
1680593971025,1197,Get Home page currency,200,,Knock_out_Thread Group 1-267,text,true,,9153,321,124,124,https://pabsa.impressicocrm.com/api/currency,1197,0,0
1680593970959,1263,Get Home page country ,200,,Knock_out_Thread Group 1-317,text,true,,17270,320,124,124,https://pabsa.impressicocrm.com/api/country,1263,0,0
1680593970712,1510,Get tournamnent list ,200,,Knock_out_Thread Group 1-302,text,true,,58880,389,124,124,https://pabsa.impressicocrm.com/api/tournament?limit=12&pageNumber=1&sportType=&tournamentName=&tournamentStyle=,1197,0,0
1680593971301,946,Get knockout players list ,200,,Knock_out_Thread Group 1-224,text,true,,4591,340,124,124,https://pabsa.impressicocrm.com/api/tournament/118871/knockouts,946,0,0
1680593971262,996,Get Break list ,200,,Knock_out_Thread Group 1-248,text,true,,3218,338,125,125,https://pabsa.impressicocrm.com/api/tournament/119922/players,996,0,0
1680593971038,1231,Get Players schedule,200,,Knock_out_Thread Group 1-264,text,true,,5441,338,125,125,https://pabsa.impressicocrm.com/api/tournament/119922/matches,1231,0,0
1680593970017,2259,Get tournamnent list ,200,,Knock_out_Thread Group 1-289,text,true,,58880,389,125,125,https://pabsa.impressicocrm.com/api/tournament?limit=12&pageNumber=1&sportType=&tournamentName=&tournamentStyle=,1539,0,0
1680593971953,340,Home page ,200,OK,Knock_out_Thread Group 1-330,text,true,,3033,309,125,125,https://pabsa.impressicocrm.com/,340,0,254
1680593971129,1165,Get Players schedule,200,,Knock_out_Thread Group 1-237,text,true,,5435,338,125,125,https://pabsa.impressicocrm.com/api/tournament/119922/matches,1165,0,0
1680593971076,1234,Get Home page country ,200,,Knock_out_Thread Group 1-310,text,true,,17270,320,125,125,https://pabsa.impressicocrm.com/api/country,1228,0,0
1680593971137,1173,Get tournament result,200,,Knock_out_Thread Group 1-231,text,true,,5441,338,125,125,https://pabsa.impressicocrm.com/api/tournament/119922/matches,1173,0,0
1680593971857,459,Home page ,200,OK,Knock_out_Thread Group 1-329,text,true,,3033,309,125,125,https://pabsa.impressicocrm.com/,459,0,350
1680593970961,1384,Get tournamnent list ,200,,Knock_out_Thread Group 1-305,text,true,,58880,389,125,125,https://pabsa.impressicocrm.com/api/tournament?limit=12&pageNumber=1&sportType=&tournamentName=&tournamentStyle=,1048,0,0
1680593970955,1416,Get Players schedule,200,,Knock_out_Thread Group 1-261,text,true,,5441,338,126,126,https://pabsa.impressicocrm.com/api/tournament/119922/matches,1416,0,0
1680593971271,1101,Get Home page country ,200,,Knock_out_Thread Group 1-320,text,true,,17270,320,126,126,https://pabsa.impressicocrm.com/api/country,1100,0,0
1680593971405,984,Get single knockout Player details,200,,Knock_out_Thread Group 1-213,text,true,,1210,326,126,126,https://pabsa.impressicocrm.com/api/player/110368,984,0,0
1680593970853,1536,Home page ,200,OK,Knock_out_Thread Group 1-319,text,true,,3033,309,126,126,https://pabsa.impressicocrm.com/,1536,0,879
1680593971357,1043,Get Break list ,200,,Knock_out_Thread Group 1-243,text,true,,3218,338,126,126,https://pabsa.impressicocrm.com/api/tournament/119922/players,1043,0,0
1680593971389,1015,Get Home page currency,200,,Knock_out_Thread Group 1-295,text,true,,9160,321,126,126,https://pabsa.impressicocrm.com/api/currency,1015,0,0
1680593971361,1049,Get Players schedule,200,,Knock_out_Thread Group 1-257,text,true,,5441,338,126,126,https://pabsa.impressicocrm.com/api/tournament/119922/matches,1049,0,0
1680593971221,1193,Get Players schedule,200,,Knock_out_Thread Group 1-242,text,true,,5441,338,126,126,https://pabsa.impressicocrm.com/api/tournament/119922/matches,1192,0,0
1680593971099,1325,Get tournament result,200,,Knock_out_Thread Group 1-212,text,true,,5441,338,126,126,https://pabsa.impressicocrm.com/api/tournament/119922/matches,1325,0,0
1680593971372,1052,Get Players list ,200,,Knock_out_Thread Group 1-113,text,true,,3218,338,126,126,https://pabsa.impressicocrm.com/api/tournament/119922/players,1052,0,0
1680593970970,1479,Get Home page currency,200,,Knock_out_Thread Group 1-288,text,true,,9160,321,126,126,https://pabsa.impressicocrm.com/api/currency,1479,0,0
1680593971085,1364,Get tournamnent list ,200,,Knock_out_Thread Group 1-308,text,true,,58880,389,126,126,https://pabsa.impressicocrm.com/api/tournament?limit=12&pageNumber=1&sportType=&tournamentName=&tournamentStyle=,1074,0,0
1680593971173,1285,Get Players schedule,200,,Knock_out_Thread Group 1-269,text,true,,5441,338,127,127,https://pabsa.impressicocrm.com/api/tournament/119922/matches,1285,0,0
1680593972052,419,Home page ,200,OK,Knock_out_Thread Group 1-331,text,true,,3033,309,127,127,https://pabsa.impressicocrm.com/,419,0,323
1680593971454,1056,Get playerA_Vs_playerB,200,,Knock_out_Thread Group 1-215,text,true,,1239,341,127,127,https://pabsa.impressicocrm.com/api/tournament/matchScore/147598,1056,0,0
1680593971277,1245,Get tournament result,200,,Knock_out_Thread Group 1-228,text,true,,5435,338,126,126,https://pabsa.impressicocrm.com/api/tournament/119922/matches,1245,0,0
1680593971103,1427,Get tournamnent list ,200,,Knock_out_Thread Group 1-309,text,true,,58865,389,126,126,https://pabsa.impressicocrm.com/api/tournament?limit=12&pageNumber=1&sportType=&tournamentName=&tournamentStyle=,1193,0,0
1680593972154,385,Home page ,200,OK,Knock_out_Thread Group 1-332,text,true,,3033,309,126,126,https://pabsa.impressicocrm.com/,384,0,304
1680593971446,1098,Get Home page country ,200,,Knock_out_Thread Group 1-318,text,true,,17270,320,126,126,https://pabsa.impressicocrm.com/api/country,1098,0,0
1680593971448,1103,Get Home page currency,200,,Knock_out_Thread Group 1-297,text,true,,9153,321,126,126,https://pabsa.impressicocrm.com/api/currency,1103,0,0
1680593971412,1139,Get Players list ,200,,Knock_out_Thread Group 1-263,text,true,,3218,338,126,126,https://pabsa.impressicocrm.com/api/tournament/119922/players,1139,0,0
1680593971440,1113,Get Players list ,200,,Knock_out_Thread Group 1-287,text,true,,3218,338,127,127,https://pabsa.impressicocrm.com/api/tournament/119922/players,1113,0,0
1680593971323,1238,Get tournament result,200,,Knock_out_Thread Group 1-238,text,true,,5435,338,127,127,https://pabsa.impressicocrm.com/api/tournament/119922/matches,1238,0,0
1680593971282,1293,Get Home page country ,200,,Knock_out_Thread Group 1-314,text,true,,17270,320,127,127,https://pabsa.impressicocrm.com/api/country,1293,0,0
1680593970991,1609,Get tournamnent list ,200,,Knock_out_Thread Group 1-300,text,true,,58880,389,127,127,https://pabsa.impressicocrm.com/api/tournament?limit=12&pageNumber=1&sportType=&tournamentName=&tournamentStyle=,1155,0,0
1680593971464,1136,Get Players list ,200,,Knock_out_Thread Group 1-284,text,true,,3218,338,127,127,https://pabsa.impressicocrm.com/api/tournament/119922/players,1136,0,0
1680593971424,1183,Get tournament result,200,,Knock_out_Thread Group 1-229,text,true,,5441,338,127,127,https://pabsa.impressicocrm.com/api/tournament/119922/matches,1183,0,0
1680593971315,1299,Get Players schedule,200,,Knock_out_Thread Group 1-259,text,true,,5441,338,127,127,https://pabsa.impressicocrm.com/api/tournament/119922/matches,1298,0,0
1680593970540,2088,Get tournamnent list ,200,,Knock_out_Thread Group 1-298,text,true,,58865,389,127,127,https://pabsa.impressicocrm.com/api/tournament?limit=12&pageNumber=1&sportType=&tournamentName=&tournamentStyle=,1378,0,0
1680593969762,2871,Get tournamnent list ,200,,Knock_out_Thread Group 1-290,text,true,,58888,389,127,127,https://pabsa.impressicocrm.com/api/tournament?limit=12&pageNumber=1&sportType=&tournamentName=&tournamentStyle=,1759,0,0
1680593971525,1135,Get playerA_Vs_playerB,200,,Knock_out_Thread Group 1-193,text,true,,1239,341,128,128,https://pabsa.impressicocrm.com/api/tournament/matchScore/147598,1135,0,0
1680593972254,448,Home page ,200,OK,Knock_out_Thread Group 1-333,text,true,,3033,309,127,127,https://pabsa.impressicocrm.com/,448,0,334
1680593971357,1350,Get Break list ,200,,Knock_out_Thread Group 1-230,text,true,,3218,338,127,127,https://pabsa.impressicocrm.com/api/tournament/119922/players,1350,0,0
1680593971384,1323,Get tournament result,200,,Knock_out_Thread Group 1-221,text,true,,5441,338,127,127,https://pabsa.impressicocrm.com/api/tournament/119922/matches,1323,0,0
1680593969799,2908,Get tournamnent list ,200,,Knock_out_Thread Group 1-282,text,true,,58880,389,127,127,https://pabsa.impressicocrm.com/api/tournament?limit=12&pageNumber=1&sportType=&tournamentName=&tournamentStyle=,2101,0,0
1680593971403,1312,Get tournament result,200,,Knock_out_Thread Group 1-234,text,true,,5441,338,127,127,https://pabsa.impressicocrm.com/api/tournament/119922/matches,1312,0,0
1680593971421,1320,Get playerA_Vs_playerB,200,,Knock_out_Thread Group 1-236,text,true,,1239,341,127,127,https://pabsa.impressicocrm.com/api/tournament/matchScore/147598,1320,0,0
1680593971614,1130,Get Home page currency,200,,Knock_out_Thread Group 1-291,text,true,,9160,321,126,126,https://pabsa.impressicocrm.com/api/currency,1130,0,0
1680593971665,1107,Get single knockout Player details,200,,Knock_out_Thread Group 1-232,text,true,,1210,326,127,127,https://pabsa.impressicocrm.com/api/player/110368,1107,0,0
1680593971654,1118,Get knockout players list ,200,,Knock_out_Thread Group 1-245,text,true,,4598,340,127,127,https://pabsa.impressicocrm.com/api/tournament/118871/knockouts,1118,0,0
1680593972452,328,Home page ,200,OK,Knock_out_Thread Group 1-335,text,true,,3033,309,127,127,https://pabsa.impressicocrm.com/,328,0,250
1680593971544,1249,Get Players schedule,200,,Knock_out_Thread Group 1-260,text,true,,5441,338,127,127,https://pabsa.impressicocrm.com/api/tournament/119922/matches,1249,0,0
1680593971461,1360,Get Players schedule,200,,Knock_out_Thread Group 1-240,text,true,,5441,338,127,127,https://pabsa.impressicocrm.com/api/tournament/119922/matches,1360,0,0
1680593970529,2306,Get tournamnent list ,200,,Knock_out_Thread Group 1-301,text,true,,58880,389,127,127,https://pabsa.impressicocrm.com/api/tournament?limit=12&pageNumber=1&sportType=&tournamentName=&tournamentStyle=,1310,0,0
1680593971665,1175,Get Home page country ,200,,Knock_out_Thread Group 1-324,text,true,,17270,320,127,127,https://pabsa.impressicocrm.com/api/country,1175,0,0
1680593971549,1298,Get tournament result,200,,Knock_out_Thread Group 1-244,text,true,,5441,338,127,127,https://pabsa.impressicocrm.com/api/tournament/119922/matches,1298,0,0
1680593972707,142,Get playerA_Vs_playerB,200,,Knock_out_Thread Group 1-221,text,true,,1239,341,127,127,https://pabsa.impressicocrm.com/api/tournament/matchScore/147598,142,0,0
1680593971675,1177,Get Home page currency,200,,Knock_out_Thread Group 1-293,text,true,,9160,321,127,127,https://pabsa.impressicocrm.com/api/currency,1177,0,0
1680593971747,1115,Get single knockout Player details,200,,Knock_out_Thread Group 1-216,text,true,,1210,326,127,127,https://pabsa.impressicocrm.com/api/player/110368,1115,0,0
1680593971731,1141,Get Players list ,200,,Knock_out_Thread Group 1-277,text,true,,3218,338,127,127,https://pabsa.impressicocrm.com/api/tournament/119922/players,1141,0,0
1680593971490,1417,Get Players schedule,200,,Knock_out_Thread Group 1-258,text,true,,5441,338,127,127,https://pabsa.impressicocrm.com/api/tournament/119922/matches,1417,0,0
1680593972633,274,Get Home page currency,200,,Knock_out_Thread Group 1-290,text,true,,9153,321,127,127,https://pabsa.impressicocrm.com/api/currency,274,0,0
1680593971580,1353,Get Home page currency,200,,Knock_out_Thread Group 1-285,text,true,,9160,321,127,127,https://pabsa.impressicocrm.com/api/currency,1353,0,0
1680593971725,1208,Get playerA_Vs_playerB,200,,Knock_out_Thread Group 1-203,text,true,,1239,341,127,127,https://pabsa.impressicocrm.com/api/tournament/matchScore/147598,1208,0,0
1680593970328,2605,Get tournamnent list ,200,,Knock_out_Thread Group 1-294,text,true,,58880,389,127,127,https://pabsa.impressicocrm.com/api/tournament?limit=12&pageNumber=1&sportType=&tournamentName=&tournamentStyle=,1751,0,0
1680593971207,1728,Get tournamnent list ,200,,Knock_out_Thread Group 1-306,text,true,,58880,389,126,126,https://pabsa.impressicocrm.com/api/tournament?limit=12&pageNumber=1&sportType=&tournamentName=&tournamentStyle=,1278,0,0
1680593971654,1320,Get Break list ,200,,Knock_out_Thread Group 1-265,text,true,,3218,338,127,127,https://pabsa.impressicocrm.com/api/tournament/119922/players,1320,0,0
1680593971771,1203,Get Break list ,200,,Knock_out_Thread Group 1-278,text,true,,3218,338,127,127,https://pabsa.impressicocrm.com/api/tournament/119922/players,1203,0,0
1680593971850,1124,Get Players list ,200,,Knock_out_Thread Group 1-280,text,true,,3218,338,127,127,https://pabsa.impressicocrm.com/api/tournament/119922/players,1124,0,0
1680593972653,321,Home page ,200,OK,Knock_out_Thread Group 1-337,text,true,,3033,309,127,127,https://pabsa.impressicocrm.com/,321,0,227
1680593970821,2165,Get Home page currency,200,,Knock_out_Thread Group 1-272,text,true,,9160,321,127,127,https://pabsa.impressicocrm.com/api/currency,2165,0,0
1680593971366,1620,Get tournamnent list ,200,,Knock_out_Thread Group 1-304,text,true,,58888,389,127,127,https://pabsa.impressicocrm.com/api/tournament?limit=12&pageNumber=1&sportType=&tournamentName=&tournamentStyle=,1281,0,0
1680593971568,1433,Get Players schedule,200,,Knock_out_Thread Group 1-246,text,true,,5441,338,127,127,https://pabsa.impressicocrm.com/api/tournament/119922/matches,1433,0,0
1680593971864,1145,Get Home page country ,200,,Knock_out_Thread Group 1-326,text,true,,17270,320,127,127,https://pabsa.impressicocrm.com/api/country,1140,0,0
1680593971580,1435,Get Home page currency,200,,Knock_out_Thread Group 1-296,text,true,,9160,321,127,127,https://pabsa.impressicocrm.com/api/currency,1435,0,0
1680593971665,1361,Get Players schedule,200,,Knock_out_Thread Group 1-262,text,true,,5441,338,127,127,https://pabsa.impressicocrm.com/api/tournament/119922/matches,1361,0,0
1680593971837,1194,Get Home page country ,200,,Knock_out_Thread Group 1-325,text,true,,17270,320,127,127,https://pabsa.impressicocrm.com/api/country,1189,0,0
1680593972352,685,Home page ,200,OK,Knock_out_Thread Group 1-334,text,true,,3033,309,127,127,https://pabsa.impressicocrm.com/,685,0,619
1680593971820,1223,Get Home page country ,200,,Knock_out_Thread Group 1-322,text,true,,17270,320,127,127,https://pabsa.impressicocrm.com/api/country,1223,0,0
1680593971541,1502,Get Players schedule,200,,Knock_out_Thread Group 1-249,text,true,,5441,338,127,127,https://pabsa.impressicocrm.com/api/tournament/119922/matches,1502,0,0
1680593971888,1171,Get knockout players list ,200,,Knock_out_Thread Group 1-241,text,true,,4598,340,128,128,https://pabsa.impressicocrm.com/api/tournament/118871/knockouts,1171,0,0
1680593972751,355,Home page ,200,OK,Knock_out_Thread Group 1-338,text,true,,3033,309,128,128,https://pabsa.impressicocrm.com/,355,0,261
1680593971840,1274,Get Home page currency,200,,Knock_out_Thread Group 1-275,text,true,,9160,321,128,128,https://pabsa.impressicocrm.com/api/currency,1274,0,0
1680593971884,1230,Get Players list ,200,,Knock_out_Thread Group 1-283,text,true,,3218,338,128,128,https://pabsa.impressicocrm.com/api/tournament/119922/players,1230,0,0
1680593971732,1392,Get single knockout Player details,200,,Knock_out_Thread Group 1-255,text,true,,1210,326,128,128,https://pabsa.impressicocrm.com/api/player/110368,1392,0,0
1680593971955,1169,Get Home page country ,200,,Knock_out_Thread Group 1-321,text,true,,17270,320,128,128,https://pabsa.impressicocrm.com/api/country,1169,0,0
1680593971891,1237,Get Players schedule,200,,Knock_out_Thread Group 1-271,text,true,,5441,338,128,128,https://pabsa.impressicocrm.com/api/tournament/119922/matches,1237,0,0
1680593971971,1157,Get playerA_Vs_playerB,200,,Knock_out_Thread Group 1-222,text,true,,1239,341,128,128,https://pabsa.impressicocrm.com/api/tournament/matchScore/147598,1157,0,0
1680593971955,1173,Get Break list ,200,,Knock_out_Thread Group 1-254,text,true,,3218,338,128,128,https://pabsa.impressicocrm.com/api/tournament/119922/players,1173,0,0
1680593972014,1130,Get Home page country ,200,,Knock_out_Thread Group 1-328,text,true,,17270,320,127,127,https://pabsa.impressicocrm.com/api/country,1125,0,0
1680593971620,1528,Get knockout players list ,200,,Knock_out_Thread Group 1-233,text,true,,4598,340,127,127,https://pabsa.impressicocrm.com/api/tournament/118871/knockouts,1528,0,0
1680593972060,1130,Get Players list ,200,,Knock_out_Thread Group 1-279,text,true,,3218,338,128,128,https://pabsa.impressicocrm.com/api/tournament/119922/players,1130,0,0
1680593971762,1429,Get Players schedule,200,,Knock_out_Thread Group 1-252,text,true,,5441,338,128,128,https://pabsa.impressicocrm.com/api/tournament/119922/matches,1429,0,0
1680593972057,1137,Get Break list ,200,,Knock_out_Thread Group 1-270,text,true,,3218,338,128,128,https://pabsa.impressicocrm.com/api/tournament/119922/players,1137,0,0
1680593971972,1233,Get Home page country ,200,,Knock_out_Thread Group 1-327,text,true,,17270,320,128,128,https://pabsa.impressicocrm.com/api/country,1233,0,0
1680593972852,355,Home page ,200,OK,Knock_out_Thread Group 1-339,text,true,,3033,309,128,128,https://pabsa.impressicocrm.com/,355,0,276
1680593971626,1591,Get Home page country ,200,,Knock_out_Thread Group 1-313,text,true,,17270,320,128,128,https://pabsa.impressicocrm.com/api/country,1249,0,0
1680593972100,1117,Get knockout players list ,200,,Knock_out_Thread Group 1-251,text,true,,4591,340,128,128,https://pabsa.impressicocrm.com/api/tournament/118871/knockouts,1117,0,0
1680593972115,1113,Get single knockout Player details,200,,Knock_out_Thread Group 1-253,text,true,,1210,326,128,128,https://pabsa.impressicocrm.com/api/player/110368,1113,0,0
1680593972115,1113,Get single knockout Player details,200,,Knock_out_Thread Group 1-226,text,true,,1210,326,128,128,https://pabsa.impressicocrm.com/api/player/110368,1113,0,0
1680593972090,1138,Get knockout players list ,200,,Knock_out_Thread Group 1-217,text,true,,4598,340,128,128,https://pabsa.impressicocrm.com/api/tournament/118871/knockouts,1138,0,0
1680593971794,1437,Get Players schedule,200,,Knock_out_Thread Group 1-247,text,true,,5441,338,128,128,https://pabsa.impressicocrm.com/api/tournament/119922/matches,1437,0,0
1680593972082,1162,Get playerA_Vs_playerB,200,,Knock_out_Thread Group 1-214,text,true,,1239,341,128,128,https://pabsa.impressicocrm.com/api/tournament/matchScore/147598,1162,0,0
1680593971891,1356,Get tournament result,200,,Knock_out_Thread Group 1-220,text,true,,5441,338,127,127,https://pabsa.impressicocrm.com/api/tournament/119922/matches,1356,0,0
1680593971534,1713,Get tournamnent list ,200,,Knock_out_Thread Group 1-312,text,true,,58880,389,127,127,https://pabsa.impressicocrm.com/api/tournament?limit=12&pageNumber=1&sportType=&tournamentName=&tournamentStyle=,1399,0,0
1680593972069,1178,Get Players list ,200,,Knock_out_Thread Group 1-274,text,true,,3218,338,127,127,https://pabsa.impressicocrm.com/api/tournament/119922/players,1178,0,0
1680593971998,1255,Get Break list ,200,,Knock_out_Thread Group 1-268,text,true,,3218,338,128,128,https://pabsa.impressicocrm.com/api/tournament/119922/players,1255,0,0
1680593972123,1141,Get playerA_Vs_playerB,200,,Knock_out_Thread Group 1-235,text,true,,1239,341,128,128,https://pabsa.impressicocrm.com/api/tournament/matchScore/147598,1141,0,0
1680593972090,1212,Get knockout players list ,200,,Knock_out_Thread Group 1-250,text,true,,4598,340,127,127,https://pabsa.impressicocrm.com/api/tournament/118871/knockouts,1211,0,0
1680593972953,349,Home page ,200,OK,Knock_out_Thread Group 1-340,text,true,,3033,309,127,127,https://pabsa.impressicocrm.com/,349,0,252
1680593972111,1199,Get Break list ,200,,Knock_out_Thread Group 1-266,text,true,,3218,338,127,127,https://pabsa.impressicocrm.com/api/tournament/119922/players,1199,0,0
1680593971735,1575,Get Players schedule,200,,Knock_out_Thread Group 1-256,text,true,,5441,338,127,127,https://pabsa.impressicocrm.com/api/tournament/119922/matches,1575,0,0
1680593972247,1063,Get single knockout Player details,200,,Knock_out_Thread Group 1-224,text,true,,1210,326,127,127,https://pabsa.impressicocrm.com/api/player/110368,1063,0,0
1680593972090,1220,Get Players list ,200,,Knock_out_Thread Group 1-281,text,true,,3218,338,127,127,https://pabsa.impressicocrm.com/api/tournament/119922/players,1220,0,0
1680593972270,1047,Get knockout players list ,200,,Knock_out_Thread Group 1-264,text,true,,4598,340,127,127,https://pabsa.impressicocrm.com/api/tournament/118871/knockouts,1047,0,0
1680593972129,1188,Get Players list ,200,,Knock_out_Thread Group 1-273,text,true,,3218,338,127,127,https://pabsa.impressicocrm.com/api/tournament/119922/players,1188,0,0
1680593971445,1872,Get tournamnent list ,200,,Knock_out_Thread Group 1-311,text,true,,58880,389,127,127,https://pabsa.impressicocrm.com/api/tournament?limit=12&pageNumber=1&sportType=&tournamentName=&tournamentStyle=,1490,0,0
1680593972295,1026,Get knockout players list ,200,,Knock_out_Thread Group 1-237,text,true,,4598,340,127,127,https://pabsa.impressicocrm.com/api/tournament/118871/knockouts,1026,0,0
1680593972147,1178,Get Players list ,200,,Knock_out_Thread Group 1-292,text,true,,3218,338,127,127,https://pabsa.impressicocrm.com/api/tournament/119922/players,1178,0,0
1680593971865,1466,Get Home page currency,200,,Knock_out_Thread Group 1-299,text,true,,9160,321,127,127,https://pabsa.impressicocrm.com/api/currency,1466,0,0
1680593972553,785,Home page ,200,OK,Knock_out_Thread Group 1-336,text,true,,3033,309,127,127,https://pabsa.impressicocrm.com/,785,0,691
1680593971445,1931,Get tournamnent list ,200,,Knock_out_Thread Group 1-303,text,true,,58880,389,128,128,https://pabsa.impressicocrm.com/api/tournament?limit=12&pageNumber=1&sportType=&tournamentName=&tournamentStyle=,1404,0,0
1680593972223,1153,Get Players list ,200,,Knock_out_Thread Group 1-267,text,true,,3218,338,128,128,https://pabsa.impressicocrm.com/api/tournament/119922/players,1153,0,0
1680593972311,1078,Get playerA_Vs_playerB,200,,Knock_out_Thread Group 1-231,text,true,,1239,341,128,128,https://pabsa.impressicocrm.com/api/tournament/matchScore/147598,1078,0,0
1680593972192,1203,Get Break list ,200,,Knock_out_Thread Group 1-174,text,true,,3218,338,127,127,https://pabsa.impressicocrm.com/api/tournament/119922/players,1203,0,0
1680593973052,343,Home page ,200,OK,Knock_out_Thread Group 1-341,text,true,,3033,309,127,127,https://pabsa.impressicocrm.com/,343,0,258
1680593972345,1117,Get Home page currency,200,,Knock_out_Thread Group 1-305,text,true,,9160,321,128,128,https://pabsa.impressicocrm.com/api/currency,1117,0,0
1680593972372,1090,Get knockout players list ,200,,Knock_out_Thread Group 1-261,text,true,,4598,340,128,128,https://pabsa.impressicocrm.com/api/tournament/118871/knockouts,1090,0,0
1680593972277,1195,Get Home page currency,200,,Knock_out_Thread Group 1-289,text,true,,9160,321,128,128,https://pabsa.impressicocrm.com/api/currency,1195,0,0
1680593972115,1358,Get Players schedule,200,,Knock_out_Thread Group 1-276,text,true,,5441,338,128,128,https://pabsa.impressicocrm.com/api/tournament/119922/matches,1358,0,0
1680593971994,1478,Get tournament result,200,,Knock_out_Thread Group 1-207,text,true,,5435,338,128,128,https://pabsa.impressicocrm.com/api/tournament/119922/matches,1478,0,0
1680593972411,1081,Get knockout players list ,200,,Knock_out_Thread Group 1-257,text,true,,4598,340,128,128,https://pabsa.impressicocrm.com/api/tournament/118871/knockouts,1081,0,0
1680593972414,1088,Get knockout players list ,200,,Knock_out_Thread Group 1-242,text,true,,4598,340,128,128,https://pabsa.impressicocrm.com/api/tournament/118871/knockouts,1088,0,0
1680593971873,1657,Get Home page currency,200,,Knock_out_Thread Group 1-286,text,true,,9153,321,128,128,https://pabsa.impressicocrm.com/api/currency,1657,0,0
1680593972531,1003,Get Home page currency,200,,Knock_out_Thread Group 1-309,text,true,,9160,321,128,128,https://pabsa.impressicocrm.com/api/currency,1003,0,0
1680593972294,1240,Get Home page country ,200,,Knock_out_Thread Group 1-330,text,true,,17270,320,128,128,https://pabsa.impressicocrm.com/api/country,1240,0,0
1680593972425,1109,Get Break list ,200,,Knock_out_Thread Group 1-113,text,true,,3218,338,128,128,https://pabsa.impressicocrm.com/api/tournament/119922/players,1109,0,0
1680593972425,1109,Get playerA_Vs_playerB,200,,Knock_out_Thread Group 1-212,text,true,,1239,341,128,128,https://pabsa.impressicocrm.com/api/tournament/matchScore/147598,1109,0,0
1680593972014,1520,Get tournament result,200,,Knock_out_Thread Group 1-227,text,true,,5441,338,128,128,https://pabsa.impressicocrm.com/api/tournament/119922/matches,1520,0,0
1680593972405,1129,Get Players list ,200,,Knock_out_Thread Group 1-295,text,true,,3218,338,128,128,https://pabsa.impressicocrm.com/api/tournament/119922/players,1129,0,0
1680593972167,1406,Get tournament result,200,,Knock_out_Thread Group 1-223,text,true,,5441,338,128,128,https://pabsa.impressicocrm.com/api/tournament/119922/matches,1406,0,0
1680593972553,1038,Get Break list ,200,,Knock_out_Thread Group 1-287,text,true,,3218,338,128,128,https://pabsa.impressicocrm.com/api/tournament/119922/players,1038,0,0
1680593973492,115,Get single knockout Player details,200,,Knock_out_Thread Group 1-257,text,true,,1210,326,128,128,https://pabsa.impressicocrm.com/api/player/110368,115,0,0
1680593972459,1149,Get knockout players list ,200,,Knock_out_Thread Group 1-269,text,true,,4591,340,128,128,https://pabsa.impressicocrm.com/api/tournament/118871/knockouts,1149,0,0
1680593972223,1407,Get Home page currency,200,,Knock_out_Thread Group 1-302,text,true,,9160,321,128,128,https://pabsa.impressicocrm.com/api/currency,1407,0,0
1680593972389,1244,Get tournament result,200,,Knock_out_Thread Group 1-213,text,true,,5441,338,128,128,https://pabsa.impressicocrm.com/api/tournament/119922/matches,1244,0,0
1680593972523,1125,Get playerA_Vs_playerB,200,,Knock_out_Thread Group 1-228,text,true,,1239,341,128,128,https://pabsa.impressicocrm.com/api/tournament/matchScore/147598,1125,0,0
1680593973462,186,Get Players list ,200,,Knock_out_Thread Group 1-305,text,true,,3218,338,128,128,https://pabsa.impressicocrm.com/api/tournament/119922/players,186,0,0
1680593972772,899,Get single knockout Player details,200,,Knock_out_Thread Group 1-245,text,true,,1210,326,128,128,https://pabsa.impressicocrm.com/api/player/110368,899,0,0
1680593971977,1694,Get tournamnent list ,200,,Knock_out_Thread Group 1-307,text,true,,58880,389,128,128,https://pabsa.impressicocrm.com/api/tournament?limit=12&pageNumber=1&sportType=&tournamentName=&tournamentStyle=,1284,0,0
1680593971834,1840,Get tournamnent list ,200,,Knock_out_Thread Group 1-315,text,true,,58888,389,128,128,https://pabsa.impressicocrm.com/api/tournament?limit=12&pageNumber=1&sportType=&tournamentName=&tournamentStyle=,1435,0,0
1680593972390,1299,Get Home page country ,200,,Knock_out_Thread Group 1-319,text,true,,17270,320,128,128,https://pabsa.impressicocrm.com/api/country,1225,0,0
1680593969799,3894,Get Home page currency,200,,Knock_out_Thread Group 1-239,text,true,,9153,321,128,128,https://pabsa.impressicocrm.com/api/currency,3894,0,0
1680593972472,1233,Get Home page country ,200,,Knock_out_Thread Group 1-331,text,true,,17270,320,128,128,https://pabsa.impressicocrm.com/api/country,1233,0,0
1680593972629,1078,Get Home page currency,200,,Knock_out_Thread Group 1-298,text,true,,9160,321,128,128,https://pabsa.impressicocrm.com/api/currency,1078,0,0
1680593972614,1098,Get knockout players list ,200,,Knock_out_Thread Group 1-259,text,true,,4598,340,128,128,https://pabsa.impressicocrm.com/api/tournament/118871/knockouts,1098,0,0
1680593972449,1263,Get Players list ,200,,Knock_out_Thread Group 1-288,text,true,,3218,338,128,128,https://pabsa.impressicocrm.com/api/tournament/119922/players,1263,0,0
1680593972793,925,Get knockout players list ,200,,Knock_out_Thread Group 1-260,text,true,,4591,340,128,128,https://pabsa.impressicocrm.com/api/tournament/118871/knockouts,925,0,0
1680593972600,1131,Get Break list ,200,,Knock_out_Thread Group 1-284,text,true,,3218,338,128,128,https://pabsa.impressicocrm.com/api/tournament/119922/players,1131,0,0
1680593972707,1058,Get Home page currency,200,,Knock_out_Thread Group 1-282,text,true,,9160,321,129,129,https://pabsa.impressicocrm.com/api/currency,1058,0,0
1680593972703,1062,Get Home page country ,200,,Knock_out_Thread Group 1-333,text,true,,17270,320,129,129,https://pabsa.impressicocrm.com/api/country,1062,0,0
1680593972551,1227,Get Players list ,200,,Knock_out_Thread Group 1-297,text,true,,3218,338,129,129,https://pabsa.impressicocrm.com/api/tournament/119922/players,1227,0,0
1680593972744,1062,Get Players list ,200,,Knock_out_Thread Group 1-291,text,true,,3218,338,129,129,https://pabsa.impressicocrm.com/api/tournament/119922/players,1062,0,0
1680593972401,1432,Get Players schedule,200,,Knock_out_Thread Group 1-243,text,true,,5441,338,129,129,https://pabsa.impressicocrm.com/api/tournament/119922/matches,1432,0,0
1680593972853,980,Get Players list ,200,,Knock_out_Thread Group 1-293,text,true,,3218,338,129,129,https://pabsa.impressicocrm.com/api/tournament/119922/players,980,0,0
1680593972873,1003,Get Break list ,200,,Knock_out_Thread Group 1-277,text,true,,3218,338,130,130,https://pabsa.impressicocrm.com/api/tournament/119922/players,1003,0,0
1680593973002,878,Get knockout players list ,200,,Knock_out_Thread Group 1-246,text,true,,4598,340,130,130,https://pabsa.impressicocrm.com/api/tournament/118871/knockouts,878,0,0
1680593972908,972,Get Players list ,200,,Knock_out_Thread Group 1-290,text,true,,3218,338,130,130,https://pabsa.impressicocrm.com/api/tournament/119922/players,972,0,0
1680593972561,1356,Get playerA_Vs_playerB,200,,Knock_out_Thread Group 1-238,text,true,,1239,341,130,130,https://pabsa.impressicocrm.com/api/tournament/matchScore/147598,1356,0,0
1680593972317,1602,Get Home page country ,200,,Knock_out_Thread Group 1-329,text,true,,17270,320,129,129,https://pabsa.impressicocrm.com/api/country,1602,0,0
1680593972781,1162,Get Home page country ,200,,Knock_out_Thread Group 1-335,text,true,,17270,320,129,129,https://pabsa.impressicocrm.com/api/country,1138,0,0
1680593972258,1692,Get Players schedule,200,,Knock_out_Thread Group 1-248,text,true,,5441,338,129,129,https://pabsa.impressicocrm.com/api/tournament/119922/matches,1692,0,0
1680593972449,1509,Get Home page currency,200,,Knock_out_Thread Group 1-308,text,true,,9160,321,130,130,https://pabsa.impressicocrm.com/api/currency,1509,0,0
1680593972772,1198,Get tournament result,200,,Knock_out_Thread Group 1-232,text,true,,5435,338,130,130,https://pabsa.impressicocrm.com/api/tournament/119922/matches,1198,0,0
1680593973038,934,Get Home page country ,200,,Knock_out_Thread Group 1-334,text,true,,17270,320,130,130,https://pabsa.impressicocrm.com/api/country,934,0,0
1680593973059,919,Get single knockout Player details,200,,Knock_out_Thread Group 1-241,text,true,,1210,326,130,130,https://pabsa.impressicocrm.com/api/player/110368,919,0,0
1680593972715,1266,Get playerA_Vs_playerB,200,,Knock_out_Thread Group 1-234,text,true,,1239,341,130,130,https://pabsa.impressicocrm.com/api/tournament/matchScore/147598,1266,0,0
1680593973693,308,Get Players list ,200,,Knock_out_Thread Group 1-239,text,true,,3218,338,129,129,https://pabsa.impressicocrm.com/api/tournament/119922/players,308,0,0
1680593973128,891,Get knockout players list ,200,,Knock_out_Thread Group 1-271,text,true,,4598,340,129,129,https://pabsa.impressicocrm.com/api/tournament/118871/knockouts,891,0,0
1680593973357,670,Home page ,200,OK,Knock_out_Thread Group 1-344,text,true,,3033,309,129,129,https://pabsa.impressicocrm.com/,670,0,601
1680593973027,1015,Get knockout players list ,200,,Knock_out_Thread Group 1-262,text,true,,4598,340,129,129,https://pabsa.impressicocrm.com/api/tournament/118871/knockouts,1015,0,0
1680593972987,1061,Get Players list ,200,,Knock_out_Thread Group 1-272,text,true,,3218,338,129,129,https://pabsa.impressicocrm.com/api/tournament/119922/players,1061,0,0
1680593972707,1366,Get Players schedule,200,,Knock_out_Thread Group 1-230,text,true,,5441,338,130,130,https://pabsa.impressicocrm.com/api/tournament/119922/matches,1366,0,0
1680593973753,327,Home page ,200,OK,Knock_out_Thread Group 1-348,text,true,,3033,309,130,130,https://pabsa.impressicocrm.com/,326,0,248
1680593973115,974,Get Players list ,200,,Knock_out_Thread Group 1-275,text,true,,3218,338,130,130,https://pabsa.impressicocrm.com/api/tournament/119922/players,974,0,0
1680593973148,958,Get single knockout Player details,200,,Knock_out_Thread Group 1-233,text,true,,1210,326,130,130,https://pabsa.impressicocrm.com/api/player/110368,958,0,0
1680593972987,1122,Get Home page currency,200,,Knock_out_Thread Group 1-304,text,true,,9160,321,130,130,https://pabsa.impressicocrm.com/api/currency,1122,0,0
1680593971565,2547,Get Home page country ,200,,Knock_out_Thread Group 1-323,text,true,,17270,320,130,130,https://pabsa.impressicocrm.com/api/country,2546,0,0
1680593972821,1290,Get knockout players list ,200,,Knock_out_Thread Group 1-240,text,true,,4598,340,130,130,https://pabsa.impressicocrm.com/api/tournament/118871/knockouts,1290,0,0
1680593972863,1251,Get tournament result,200,,Knock_out_Thread Group 1-216,text,true,,5441,338,130,130,https://pabsa.impressicocrm.com/api/tournament/119922/matches,1251,0,0
1680593973044,1073,Get knockout players list ,200,,Knock_out_Thread Group 1-249,text,true,,4598,340,130,130,https://pabsa.impressicocrm.com/api/tournament/118871/knockouts,1073,0,0
1680593973107,1012,Get Home page country ,200,,Knock_out_Thread Group 1-338,text,true,,17270,320,130,130,https://pabsa.impressicocrm.com/api/country,1012,0,0
1680593973115,1014,Get Break list ,200,,Knock_out_Thread Group 1-283,text,true,,3218,338,130,130,https://pabsa.impressicocrm.com/api/tournament/119922/players,1014,0,0
1680593973217,936,Get single knockout Player details,200,,Knock_out_Thread Group 1-251,text,true,,1210,326,131,131,https://pabsa.impressicocrm.com/api/player/110368,936,0,0
1680593973208,1002,Get Home page country ,200,,Knock_out_Thread Group 1-339,text,true,,17270,320,131,131,https://pabsa.impressicocrm.com/api/country,1001,0,0
1680593971731,2483,Get tournamnent list ,200,,Knock_out_Thread Group 1-316,text,true,,58880,389,131,131,https://pabsa.impressicocrm.com/api/tournament?limit=12&pageNumber=1&sportType=&tournamentName=&tournamentStyle=,2176,0,0
1680593973231,1012,Get knockout players list ,200,,Knock_out_Thread Group 1-247,text,true,,4598,340,131,131,https://pabsa.impressicocrm.com/api/tournament/118871/knockouts,1012,0,0
1680593972908,1335,Get knockout players list ,200,,Knock_out_Thread Group 1-258,text,true,,4598,340,131,131,https://pabsa.impressicocrm.com/api/tournament/118871/knockouts,1335,0,0
1680593973191,1054,Get knockout players list ,200,,Knock_out_Thread Group 1-252,text,true,,4591,340,131,131,https://pabsa.impressicocrm.com/api/tournament/118871/knockouts,1054,0,0
1680593973190,1064,Get Break list ,200,,Knock_out_Thread Group 1-279,text,true,,3218,338,132,132,https://pabsa.impressicocrm.com/api/tournament/119922/players,1064,0,0
1680593973228,1040,Get single knockout Player details,200,,Knock_out_Thread Group 1-217,text,true,,1210,326,132,132,https://pabsa.impressicocrm.com/api/player/110368,1040,0,0
1680593973129,1146,Get Players schedule,200,,Knock_out_Thread Group 1-254,text,true,,5441,338,132,132,https://pabsa.impressicocrm.com/api/tournament/119922/matches,1146,0,0
1680593972539,1767,Get Home page country ,200,,Knock_out_Thread Group 1-332,text,true,,17270,320,132,132,https://pabsa.impressicocrm.com/api/country,1080,0,0
1680593973253,1065,Home page ,200,OK,Knock_out_Thread Group 1-343,text,true,,3033,309,132,132,https://pabsa.impressicocrm.com/,1065,0,893
1680593973016,1310,Get Players list ,200,,Knock_out_Thread Group 1-296,text,true,,3218,338,132,132,https://pabsa.impressicocrm.com/api/tournament/119922/players,1310,0,0
1680593973302,1027,Get single knockout Player details,200,,Knock_out_Thread Group 1-250,text,true,,1210,326,132,132,https://pabsa.impressicocrm.com/api/player/110368,1027,0,0
1680593973248,1110,Get playerA_Vs_playerB,200,,Knock_out_Thread Group 1-220,text,true,,1239,341,133,133,https://pabsa.impressicocrm.com/api/tournament/matchScore/147598,1110,0,0
1680593973322,1048,Get single knockout Player details,200,,Knock_out_Thread Group 1-237,text,true,,1210,326,132,132,https://pabsa.impressicocrm.com/api/player/110368,1048,0,0
1680593973552,818,Home page ,200,OK,Knock_out_Thread Group 1-346,text,true,,3033,309,132,132,https://pabsa.impressicocrm.com/,818,0,716
1680593973317,1059,Get single knockout Player details,200,,Knock_out_Thread Group 1-264,text,true,,1210,326,132,132,https://pabsa.impressicocrm.com/api/player/110368,1059,0,0
1680593974052,333,Home page ,200,OK,Knock_out_Thread Group 1-351,text,true,,3033,309,132,132,https://pabsa.impressicocrm.com/,333,0,261
1680593973952,455,Home page ,200,OK,Knock_out_Thread Group 1-350,text,true,,3033,309,132,132,https://pabsa.impressicocrm.com/,455,0,374
1680593973453,960,Home page ,200,OK,Knock_out_Thread Group 1-345,text,true,,3033,309,132,132,https://pabsa.impressicocrm.com/,959,0,429
1680593973653,771,Home page ,200,OK,Knock_out_Thread Group 1-347,text,true,,3033,309,132,132,https://pabsa.impressicocrm.com/,771,0,557
1680593973326,1123,Get Break list ,200,,Knock_out_Thread Group 1-292,text,true,,3218,338,132,132,https://pabsa.impressicocrm.com/api/tournament/119922/players,1123,0,0
1680593973152,1333,Home page ,200,OK,Knock_out_Thread Group 1-342,text,true,,3033,309,133,133,https://pabsa.impressicocrm.com/,1333,0,1255
1680593972974,1529,Get Break list ,200,,Knock_out_Thread Group 1-280,text,true,,3218,338,133,133,https://pabsa.impressicocrm.com/api/tournament/119922/players,1529,0,0
1680593972934,1569,Get Home page currency,200,,Knock_out_Thread Group 1-294,text,true,,9160,321,133,133,https://pabsa.impressicocrm.com/api/currency,1569,0,0
1680593973303,1200,Get Home page country ,200,,Knock_out_Thread Group 1-340,text,true,,17255,320,133,133,https://pabsa.impressicocrm.com/api/country,1200,0,0
1680593973462,1044,Get single knockout Player details,200,,Knock_out_Thread Group 1-261,text,true,,1210,326,133,133,https://pabsa.impressicocrm.com/api/player/110368,1044,0,0
1680593973009,1517,Get tournamnent list ,200,,Knock_out_Thread Group 1-326,text,true,,58880,389,133,133,https://pabsa.impressicocrm.com/api/tournament?limit=12&pageNumber=1&sportType=&tournamentName=&tournamentStyle=,1200,0,0
1680593972835,1697,Get Home page currency,200,,Knock_out_Thread Group 1-301,text,true,,9160,321,133,133,https://pabsa.impressicocrm.com/api/currency,1697,0,0
1680593972974,1558,Get Players schedule,200,,Knock_out_Thread Group 1-278,text,true,,5435,338,133,133,https://pabsa.impressicocrm.com/api/tournament/119922/matches,1558,0,0
1680593973502,1045,Get single knockout Player details,200,,Knock_out_Thread Group 1-242,text,true,,1210,326,133,133,https://pabsa.impressicocrm.com/api/player/110368,1045,0,0
1680593973473,1074,Get playerA_Vs_playerB,200,,Knock_out_Thread Group 1-207,text,true,,1239,341,133,133,https://pabsa.impressicocrm.com/api/tournament/matchScore/147598,1074,0,0
1680593973331,1216,Get Players list ,200,,Knock_out_Thread Group 1-299,text,true,,3218,338,133,133,https://pabsa.impressicocrm.com/api/tournament/119922/players,1216,0,0
1680593972974,1584,Get Players schedule,200,,Knock_out_Thread Group 1-265,text,true,,5441,338,133,133,https://pabsa.impressicocrm.com/api/tournament/119922/matches,1584,0,0
1680593973194,1388,Get Players schedule,200,,Knock_out_Thread Group 1-270,text,true,,5441,338,133,133,https://pabsa.impressicocrm.com/api/tournament/119922/matches,1388,0,0
1680593972600,1992,Get Home page currency,200,,Knock_out_Thread Group 1-300,text,true,,9160,321,133,133,https://pabsa.impressicocrm.com/api/currency,1992,0,0
1680593972607,1990,Get playerA_Vs_playerB,200,,Knock_out_Thread Group 1-229,text,true,,1239,341,133,133,https://pabsa.impressicocrm.com/api/tournament/matchScore/147598,1990,0,0
1680593973317,1285,Get Break list ,200,,Knock_out_Thread Group 1-273,text,true,,3218,338,132,132,https://pabsa.impressicocrm.com/api/tournament/119922/players,1285,0,0
1680593973228,1374,Get tournament result,200,,Knock_out_Thread Group 1-226,text,true,,5441,338,132,132,https://pabsa.impressicocrm.com/api/tournament/119922/matches,1374,0,0
1680593972551,2066,Get Break list ,200,,Knock_out_Thread Group 1-263,text,true,,3218,338,132,132,https://pabsa.impressicocrm.com/api/tournament/119922/players,2066,0,0
1680593973609,1021,Get single knockout Player details,200,,Knock_out_Thread Group 1-269,text,true,,1210,326,132,132,https://pabsa.impressicocrm.com/api/player/110368,1021,0,0
1680593973377,1253,Get Break list ,200,,Knock_out_Thread Group 1-267,text,true,,3218,338,132,132,https://pabsa.impressicocrm.com/api/tournament/119922/players,1253,0,0
1680593973535,1121,Get Players list ,200,,Knock_out_Thread Group 1-309,text,true,,3218,338,133,133,https://pabsa.impressicocrm.com/api/tournament/119922/players,1121,0,0
1680593974154,507,Home page ,200,OK,Knock_out_Thread Group 1-352,text,true,,3033,309,133,133,https://pabsa.impressicocrm.com/,507,0,253
1680593973124,1545,Get tournamnent list ,200,,Knock_out_Thread Group 1-321,text,true,,58888,389,133,133,https://pabsa.impressicocrm.com/api/tournament?limit=12&pageNumber=1&sportType=&tournamentName=&tournamentStyle=,1189,0,0
1680593973535,1141,Get playerA_Vs_playerB,200,,Knock_out_Thread Group 1-227,text,true,,1239,341,133,133,https://pabsa.impressicocrm.com/api/tournament/matchScore/147598,1141,0,0
1680593973339,1342,Get Home page country ,200,,Knock_out_Thread Group 1-336,text,true,,17255,320,132,132,https://pabsa.impressicocrm.com/api/country,1342,0,0
1680593973531,1159,Get Players list ,200,,Knock_out_Thread Group 1-286,text,true,,3218,338,132,132,https://pabsa.impressicocrm.com/api/tournament/119922/players,1159,0,0
1680593972372,2326,Get tournamnent list ,200,,Knock_out_Thread Group 1-320,text,true,,58880,389,132,132,https://pabsa.impressicocrm.com/api/tournament?limit=12&pageNumber=1&sportType=&tournamentName=&tournamentStyle=,1373,0,0
1680593973310,1394,Get tournament result,200,,Knock_out_Thread Group 1-224,text,true,,5441,338,132,132,https://pabsa.impressicocrm.com/api/tournament/119922/matches,1394,0,0
1680593973310,1401,Get Players schedule,200,,Knock_out_Thread Group 1-266,text,true,,5441,338,132,132,https://pabsa.impressicocrm.com/api/tournament/119922/matches,1401,0,0
1680593973630,1123,Get Players list ,200,,Knock_out_Thread Group 1-302,text,true,,3218,338,133,133,https://pabsa.impressicocrm.com/api/tournament/119922/players,1123,0,0
1680593973712,1041,Get single knockout Player details,200,,Knock_out_Thread Group 1-259,text,true,,1210,326,133,133,https://pabsa.impressicocrm.com/api/player/110368,1041,0,0
1680593972936,1817,Get Home page currency,200,,Knock_out_Thread Group 1-306,text,true,,9160,321,133,133,https://pabsa.impressicocrm.com/api/currency,1817,0,0
1680593972934,1819,Get Players list ,200,,Knock_out_Thread Group 1-285,text,true,,3218,338,133,133,https://pabsa.impressicocrm.com/api/tournament/119922/players,1819,0,0
1680593973633,1130,Get playerA_Vs_playerB,200,,Knock_out_Thread Group 1-213,text,true,,1239,341,133,133,https://pabsa.impressicocrm.com/api/tournament/matchScore/147598,1130,0,0
1680593973718,1047,Get single knockout Player details,200,,Knock_out_Thread Group 1-260,text,true,,1210,326,132,132,https://pabsa.impressicocrm.com/api/player/110368,1047,0,0
1680593973473,1296,Get Players list ,200,,Knock_out_Thread Group 1-289,text,true,,3218,338,132,132,https://pabsa.impressicocrm.com/api/tournament/119922/players,1296,0,0
1680593973124,1658,Get tournament result,200,,Knock_out_Thread Group 1-255,text,true,,5435,338,132,132,https://pabsa.impressicocrm.com/api/tournament/119922/matches,1658,0,0
1680593973672,1118,Get Home page currency,200,,Knock_out_Thread Group 1-307,text,true,,9153,321,132,132,https://pabsa.impressicocrm.com/api/currency,1118,0,0
1680593973707,1130,Get Players list ,200,,Knock_out_Thread Group 1-298,text,true,,3218,338,132,132,https://pabsa.impressicocrm.com/api/tournament/119922/players,1130,0,0
1680593973712,1135,Get Break list ,200,,Knock_out_Thread Group 1-288,text,true,,3218,338,132,132,https://pabsa.impressicocrm.com/api/tournament/119922/players,1135,0,0
1680593973228,1626,Get tournament result,200,,Knock_out_Thread Group 1-253,text,true,,5441,338,133,133,https://pabsa.impressicocrm.com/api/tournament/119922/matches,1626,0,0
1680593973765,1094,Get Players list ,200,,Knock_out_Thread Group 1-282,text,true,,3218,338,133,133,https://pabsa.impressicocrm.com/api/tournament/119922/players,1094,0,0
1680593973535,1328,Get Players schedule,200,,Knock_out_Thread Group 1-113,text,true,,5435,338,133,133,https://pabsa.impressicocrm.com/api/tournament/119922/matches,1328,0,0
1680593973671,1230,Get tournament result,200,,Knock_out_Thread Group 1-245,text,true,,5435,338,133,133,https://pabsa.impressicocrm.com/api/tournament/119922/matches,1230,0,0
1680593973881,1025,Get single knockout Player details,200,,Knock_out_Thread Group 1-246,text,true,,1210,326,133,133,https://pabsa.impressicocrm.com/api/player/110368,1025,0,0
1680593973396,1534,Get Home page country ,200,,Knock_out_Thread Group 1-341,text,true,,17270,320,133,133,https://pabsa.impressicocrm.com/api/country,1458,0,0
1680593973674,1268,Get Home page currency,200,,Knock_out_Thread Group 1-315,text,true,,9153,321,133,133,https://pabsa.impressicocrm.com/api/currency,1268,0,0
1680593973473,1474,Get knockout players list ,200,,Knock_out_Thread Group 1-276,text,true,,4598,340,133,133,https://pabsa.impressicocrm.com/api/tournament/118871/knockouts,1474,0,0
1680593973834,1131,Get Break list ,200,,Knock_out_Thread Group 1-293,text,true,,3218,338,134,134,https://pabsa.impressicocrm.com/api/tournament/119922/players,1131,0,0
1680593973806,1163,Get Break list ,200,,Knock_out_Thread Group 1-291,text,true,,3218,338,134,134,https://pabsa.impressicocrm.com/api/tournament/119922/players,1163,0,0
1680593972975,2002,Get Home page country ,200,,Knock_out_Thread Group 1-337,text,true,,17270,320,134,134,https://pabsa.impressicocrm.com/api/country,2002,0,0
1680593974268,709,Get tournament result,200,,Knock_out_Thread Group 1-217,text,true,,5441,338,134,134,https://pabsa.impressicocrm.com/api/tournament/119922/matches,709,0,0
1680593973573,1411,Get playerA_Vs_playerB,200,,Knock_out_Thread Group 1-223,text,true,,1239,341,134,134,https://pabsa.impressicocrm.com/api/tournament/matchScore/147598,1411,0,0
1680593973395,1599,Get Players schedule,200,,Knock_out_Thread Group 1-174,text,true,,5441,338,133,133,https://pabsa.impressicocrm.com/api/tournament/119922/matches,1599,0,0
1680593974019,975,Get single knockout Player details,200,,Knock_out_Thread Group 1-271,text,true,,1210,326,133,133,https://pabsa.impressicocrm.com/api/player/110368,975,0,0
1680593973881,1113,Get Break list ,200,,Knock_out_Thread Group 1-290,text,true,,3218,338,133,133,https://pabsa.impressicocrm.com/api/tournament/119922/players,1113,0,0
1680593973779,1229,Get Break list ,200,,Knock_out_Thread Group 1-297,text,true,,3218,338,133,133,https://pabsa.impressicocrm.com/api/tournament/119922/players,1229,0,0
1680593973377,1637,Get Home page currency,200,,Knock_out_Thread Group 1-303,text,true,,9160,321,133,133,https://pabsa.impressicocrm.com/api/currency,1637,0,0
1680593974042,989,Get single knockout Player details,200,,Knock_out_Thread Group 1-262,text,true,,1210,326,133,133,https://pabsa.impressicocrm.com/api/player/110368,989,0,0
1680593973310,1729,Get knockout players list ,200,,Knock_out_Thread Group 1-256,text,true,,4598,340,133,133,https://pabsa.impressicocrm.com/api/tournament/118871/knockouts,1729,0,0
1680593973958,1093,Get Players list ,200,,Knock_out_Thread Group 1-308,text,true,,3218,338,133,133,https://pabsa.impressicocrm.com/api/tournament/119922/players,1093,0,0
1680593973607,1454,Get tournament result,200,,Knock_out_Thread Group 1-257,text,true,,5441,338,134,134,https://pabsa.impressicocrm.com/api/tournament/119922/matches,1454,0,0
1680593973970,1099,Get playerA_Vs_playerB,200,,Knock_out_Thread Group 1-232,text,true,,1239,341,134,134,https://pabsa.impressicocrm.com/api/tournament/matchScore/147598,1099,0,0
1680593973648,1432,Get Break list ,200,,Knock_out_Thread Group 1-305,text,true,,3218,338,133,133,https://pabsa.impressicocrm.com/api/tournament/119922/players,1432,0,0
1680593973950,1145,Get knockout players list ,200,,Knock_out_Thread Group 1-248,text,true,,4598,340,133,133,https://pabsa.impressicocrm.com/api/tournament/118871/knockouts,1145,0,0
1680593973852,1251,Home page ,200,OK,Knock_out_Thread Group 1-349,text,true,,3033,309,133,133,https://pabsa.impressicocrm.com/,1251,0,1012
1680593974117,1006,Get single knockout Player details,200,,Knock_out_Thread Group 1-249,text,true,,1210,326,133,133,https://pabsa.impressicocrm.com/api/player/110368,1006,0,0
1680593973834,1289,Get knockout players list ,200,,Knock_out_Thread Group 1-243,text,true,,4598,340,133,133,https://pabsa.impressicocrm.com/api/tournament/118871/knockouts,1289,0,0
1680593973248,1878,Get Break list ,200,,Knock_out_Thread Group 1-274,text,true,,3218,338,133,133,https://pabsa.impressicocrm.com/api/tournament/119922/players,1878,0,0
1680593973876,1255,Get Players schedule,200,,Knock_out_Thread Group 1-277,text,true,,5441,338,133,133,https://pabsa.impressicocrm.com/api/tournament/119922/matches,1255,0,0
1680593973253,1919,Get Players schedule,200,,Knock_out_Thread Group 1-268,text,true,,5441,338,134,134,https://pabsa.impressicocrm.com/api/tournament/119922/matches,1919,0,0
1680593974114,1066,Get playerA_Vs_playerB,200,,Knock_out_Thread Group 1-216,text,true,,1239,341,134,134,https://pabsa.impressicocrm.com/api/tournament/matchScore/147598,1066,0,0
1680593974852,336,Home page ,200,OK,Knock_out_Thread Group 1-359,text,true,,3033,309,133,133,https://pabsa.impressicocrm.com/,336,0,256
1680593974089,1116,Get Break list ,200,,Knock_out_Thread Group 1-275,text,true,,3218,338,133,133,https://pabsa.impressicocrm.com/api/tournament/119922/players,1116,0,0
1680593973731,1479,Get Players schedule,200,,Knock_out_Thread Group 1-284,text,true,,5441,338,133,133,https://pabsa.impressicocrm.com/api/tournament/119922/matches,1478,0,0
1680593974049,1169,Get Break list ,200,,Knock_out_Thread Group 1-272,text,true,,3218,338,133,133,https://pabsa.impressicocrm.com/api/tournament/119922/players,1169,0,0
1680593974110,1126,Get Players list ,200,,Knock_out_Thread Group 1-304,text,true,,3218,338,133,133,https://pabsa.impressicocrm.com/api/tournament/119922/players,1126,0,0
1680593974245,995,Get single knockout Player details,200,,Knock_out_Thread Group 1-252,text,true,,1210,326,133,133,https://pabsa.impressicocrm.com/api/player/110368,995,0,0
1680593974276,968,Get knockout players list ,200,,Knock_out_Thread Group 1-254,text,true,,4598,340,133,133,https://pabsa.impressicocrm.com/api/tournament/118871/knockouts,968,0,0
1680593974752,492,Home page ,200,OK,Knock_out_Thread Group 1-358,text,true,,3033,309,133,133,https://pabsa.impressicocrm.com/,492,0,323
1680593972575,2680,Get tournamnent list ,200,,Knock_out_Thread Group 1-314,text,true,,58880,389,134,134,https://pabsa.impressicocrm.com/api/tournament?limit=12&pageNumber=1&sportType=&tournamentName=&tournamentStyle=,1511,0,0
1680593974243,1015,Get single knockout Player details,200,,Knock_out_Thread Group 1-258,text,true,,1210,326,134,134,https://pabsa.impressicocrm.com/api/player/110368,1015,0,0
1680593973144,2114,Get tournamnent list ,200,,Knock_out_Thread Group 1-328,text,true,,58880,389,134,134,https://pabsa.impressicocrm.com/api/tournament?limit=12&pageNumber=1&sportType=&tournamentName=&tournamentStyle=,1512,0,0
1680593974001,1265,Get Break list ,200,,Knock_out_Thread Group 1-239,text,true,,3218,338,134,134,https://pabsa.impressicocrm.com/api/tournament/119922/players,1265,0,0
1680593973044,2233,Get tournamnent list ,200,,Knock_out_Thread Group 1-322,text,true,,58888,389,134,134,https://pabsa.impressicocrm.com/api/tournament?limit=12&pageNumber=1&sportType=&tournamentName=&tournamentStyle=,1332,0,0
1680593974073,1210,Get knockout players list ,200,,Knock_out_Thread Group 1-230,text,true,,4598,340,134,134,https://pabsa.impressicocrm.com/api/tournament/118871/knockouts,1210,0,0
1680593973591,1769,Get Players schedule,200,,Knock_out_Thread Group 1-287,text,true,,5441,338,135,135,https://pabsa.impressicocrm.com/api/tournament/119922/matches,1769,0,0
1680593972840,2525,Get tournamnent list ,200,,Knock_out_Thread Group 1-324,text,true,,58880,389,135,135,https://pabsa.impressicocrm.com/api/tournament?limit=12&pageNumber=1&sportType=&tournamentName=&tournamentStyle=,1473,0,0
1680593975053,313,Home page ,200,OK,Knock_out_Thread Group 1-361,text,true,,3033,309,135,135,https://pabsa.impressicocrm.com/,312,0,238
1680593973205,2210,Get tournamnent list ,200,,Knock_out_Thread Group 1-327,text,true,,58888,389,135,135,https://pabsa.impressicocrm.com/api/tournament?limit=12&pageNumber=1&sportType=&tournamentName=&tournamentStyle=,1608,0,0
1680593973979,1460,Get tournament result,200,,Knock_out_Thread Group 1-241,text,true,,5441,338,135,135,https://pabsa.impressicocrm.com/api/tournament/119922/matches,1460,0,0
1680593974106,1388,Get tournament result,200,,Knock_out_Thread Group 1-233,text,true,,5441,338,136,136,https://pabsa.impressicocrm.com/api/tournament/119922/matches,1388,0,0
1680593974154,1340,Get tournament result,200,,Knock_out_Thread Group 1-251,text,true,,5441,338,136,136,https://pabsa.impressicocrm.com/api/tournament/119922/matches,1340,0,0
1680593974371,1141,Get Home page country ,200,,Knock_out_Thread Group 1-346,text,true,,17270,320,136,136,https://pabsa.impressicocrm.com/api/country,1141,0,0
1680593974503,1053,Get Players list ,200,,Knock_out_Thread Group 1-294,text,true,,3218,338,137,137,https://pabsa.impressicocrm.com/api/tournament/119922/players,1053,0,0
1680593974319,1254,Get Home page country ,200,,Knock_out_Thread Group 1-343,text,true,,17255,320,137,137,https://pabsa.impressicocrm.com/api/country,1254,0,0
1680593974129,1444,Get Players schedule,200,,Knock_out_Thread Group 1-283,text,true,,5441,338,137,137,https://pabsa.impressicocrm.com/api/tournament/119922/matches,1444,0,0
1680593975254,319,Home page ,200,OK,Knock_out_Thread Group 1-363,text,true,,3033,309,137,137,https://pabsa.impressicocrm.com/,319,0,240
1680593973535,2054,Get Break list ,200,,Knock_out_Thread Group 1-295,text,true,,3218,338,137,137,https://pabsa.impressicocrm.com/api/tournament/119922/players,2054,0,0
1680593974548,1074,Get Break list ,200,,Knock_out_Thread Group 1-299,text,true,,3218,338,137,137,https://pabsa.impressicocrm.com/api/tournament/119922/players,1074,0,0
1680593974377,1245,Get tournament result,200,,Knock_out_Thread Group 1-264,text,true,,5435,338,137,137,https://pabsa.impressicocrm.com/api/tournament/119922/matches,1245,0,0
1680593974413,1216,Get Home page country ,200,,Knock_out_Thread Group 1-345,text,true,,17270,320,137,137,https://pabsa.impressicocrm.com/api/country,1216,0,0
1680593974558,1082,Get knockout players list ,200,,Knock_out_Thread Group 1-265,text,true,,4598,340,137,137,https://pabsa.impressicocrm.com/api/tournament/118871/knockouts,1082,0,0
1680593974533,1112,Get knockout players list ,200,,Knock_out_Thread Group 1-278,text,true,,4598,340,137,137,https://pabsa.impressicocrm.com/api/tournament/118871/knockouts,1112,0,0
1680593974603,1054,Get playerA_Vs_playerB,200,,Knock_out_Thread Group 1-226,text,true,,1239,341,138,138,https://pabsa.impressicocrm.com/api/tournament/matchScore/147598,1054,0,0
1680593974583,1074,Get knockout players list ,200,,Knock_out_Thread Group 1-270,text,true,,4598,340,138,138,https://pabsa.impressicocrm.com/api/tournament/118871/knockouts,1074,0,0
1680593974592,1092,Get Players list ,200,,Knock_out_Thread Group 1-300,text,true,,3218,338,137,137,https://pabsa.impressicocrm.com/api/tournament/119922/players,1092,0,0
1680593974112,1607,Get single knockout Player details,200,,Knock_out_Thread Group 1-240,text,true,,1210,326,137,137,https://pabsa.impressicocrm.com/api/player/110368,1607,0,0
1680593974215,1526,Get Home page currency,200,,Knock_out_Thread Group 1-316,text,true,,9160,321,137,137,https://pabsa.impressicocrm.com/api/currency,1526,0,0
1680593975454,325,Home page ,200,OK,Knock_out_Thread Group 1-365,text,true,,3033,309,138,138,https://pabsa.impressicocrm.com/,325,0,243
1680593974449,1389,Get Players schedule,200,,Knock_out_Thread Group 1-292,text,true,,5441,338,138,138,https://pabsa.impressicocrm.com/api/tournament/119922/matches,1389,0,0
1680593974704,1163,Get playerA_Vs_playerB,200,,Knock_out_Thread Group 1-224,text,true,,1239,341,139,139,https://pabsa.impressicocrm.com/api/tournament/matchScore/147598,1163,0,0
1680593973943,1924,Get tournamnent list ,200,,Knock_out_Thread Group 1-335,text,true,,58880,389,139,139,https://pabsa.impressicocrm.com/api/tournament?limit=12&pageNumber=1&sportType=&tournamentName=&tournamentStyle=,1456,0,0
1680593974670,1236,Get Home page currency,200,,Knock_out_Thread Group 1-321,text,true,,9153,321,138,138,https://pabsa.impressicocrm.com/api/currency,1236,0,0
1680593974662,1246,Get Home page country ,200,,Knock_out_Thread Group 1-352,text,true,,17270,320,138,138,https://pabsa.impressicocrm.com/api/country,1246,0,0
1680593974408,1502,Get Home page country ,200,,Knock_out_Thread Group 1-350,text,true,,17270,320,138,138,https://pabsa.impressicocrm.com/api/country,1502,0,0
1680593973310,2628,Get Break list ,200,,Knock_out_Thread Group 1-281,text,true,,3218,338,138,138,https://pabsa.impressicocrm.com/api/tournament/119922/players,2628,0,0
1680593974783,1158,Get playerA_Vs_playerB,200,,Knock_out_Thread Group 1-255,text,true,,1239,341,138,138,https://pabsa.impressicocrm.com/api/tournament/matchScore/147598,1158,0,0
1680593974948,1025,Get single knockout Player details,200,,Knock_out_Thread Group 1-276,text,true,,1210,326,138,138,https://pabsa.impressicocrm.com/api/player/110368,1025,0,0
1680593974753,1230,Get Break list ,200,,Knock_out_Thread Group 1-285,text,true,,3218,338,138,138,https://pabsa.impressicocrm.com/api/tournament/119922/players,1230,0,0
1680593974699,1288,Get Home page currency,200,,Knock_out_Thread Group 1-320,text,true,,9153,321,138,138,https://pabsa.impressicocrm.com/api/currency,1288,0,0
1680593974603,1388,Get Players schedule,200,,Knock_out_Thread Group 1-273,text,true,,5441,338,138,138,https://pabsa.impressicocrm.com/api/tournament/119922/matches,1388,0,0
1680593974533,1471,Get Players list ,200,,Knock_out_Thread Group 1-301,text,true,,3218,338,138,138,https://pabsa.impressicocrm.com/api/tournament/119922/players,1471,0,0
1680593975652,366,Home page ,200,OK,Knock_out_Thread Group 1-367,text,true,,3033,309,138,138,https://pabsa.impressicocrm.com/,366,0,280
1680593974901,1121,Get playerA_Vs_playerB,200,,Knock_out_Thread Group 1-245,text,true,,1239,341,138,138,https://pabsa.impressicocrm.com/api/tournament/matchScore/147598,1121,0,0
1680593974503,1519,Get Players schedule,200,,Knock_out_Thread Group 1-280,text,true,,5441,338,138,138,https://pabsa.impressicocrm.com/api/tournament/119922/matches,1519,0,0
1680593974753,1269,Get Players list ,200,,Knock_out_Thread Group 1-306,text,true,,3218,338,138,138,https://pabsa.impressicocrm.com/api/tournament/119922/players,1269,0,0
1680593974425,1609,Get Home page country ,200,,Knock_out_Thread Group 1-347,text,true,,17270,320,137,137,https://pabsa.impressicocrm.com/api/country,1608,0,0
1680593974690,1347,Get Break list ,200,,Knock_out_Thread Group 1-286,text,true,,3218,338,137,137,https://pabsa.impressicocrm.com/api/tournament/119922/players,1347,0,0
1680593974791,1260,Get Players list ,200,,Knock_out_Thread Group 1-307,text,true,,3218,338,137,137,https://pabsa.impressicocrm.com/api/tournament/119922/players,1260,0,0
1680593974753,1324,Get tournament result,200,,Knock_out_Thread Group 1-259,text,true,,5435,338,138,138,https://pabsa.impressicocrm.com/api/tournament/119922/matches,1324,0,0
1680593974355,1722,Home page ,200,OK,Knock_out_Thread Group 1-354,text,true,,3033,309,138,138,https://pabsa.impressicocrm.com/,1722,0,1285
1680593974252,1825,Home page ,200,OK,Knock_out_Thread Group 1-353,text,true,,3033,309,138,138,https://pabsa.impressicocrm.com/,1825,0,992
1680593974386,1700,Get Home page country ,200,,Knock_out_Thread Group 1-351,text,true,,17270,320,138,138,https://pabsa.impressicocrm.com/api/country,1700,0,0
1680593975779,311,Get Home page country ,200,,Knock_out_Thread Group 1-365,text,true,,17270,320,138,138,https://pabsa.impressicocrm.com/api/country,311,0,0
1680593974942,1148,Get Players list ,200,,Knock_out_Thread Group 1-315,text,true,,3218,338,138,138,https://pabsa.impressicocrm.com/api/tournament/119922/players,1148,0,0
1680593974630,1467,Get tournament result,200,,Knock_out_Thread Group 1-269,text,true,,5441,338,138,138,https://pabsa.impressicocrm.com/api/tournament/119922/matches,1467,0,0
1680593974965,1141,Get Players schedule,200,,Knock_out_Thread Group 1-293,text,true,,5441,338,138,138,https://pabsa.impressicocrm.com/api/tournament/119922/matches,1141,0,0
1680593974548,1565,Get tournament result,200,,Knock_out_Thread Group 1-242,text,true,,5441,338,138,138,https://pabsa.impressicocrm.com/api/tournament/119922/matches,1565,0,0
1680593974080,2037,Get Home page country ,200,,Knock_out_Thread Group 1-348,text,true,,17270,320,138,138,https://pabsa.impressicocrm.com/api/country,2037,0,0
1680593974452,1675,Home page ,200,OK,Knock_out_Thread Group 1-355,text,true,,3033,309,138,138,https://pabsa.impressicocrm.com/,1674,0,1267
1680593974995,1136,Get knockout players list ,200,,Knock_out_Thread Group 1-174,text,true,,4598,340,138,138,https://pabsa.impressicocrm.com/api/tournament/118871/knockouts,1136,0,0
1680593975040,1112,Get single knockout Player details,200,,Knock_out_Thread Group 1-256,text,true,,1210,326,139,139,https://pabsa.impressicocrm.com/api/player/110368,1112,0,0
1680593972545,3607,Get tournamnent list ,200,,Knock_out_Thread Group 1-318,text,true,,58880,389,138,138,https://pabsa.impressicocrm.com/api/tournament?limit=12&pageNumber=1&sportType=&tournamentName=&tournamentStyle=,2359,0,0
1680593972310,3842,Get tournamnent list ,200,,Knock_out_Thread Group 1-310,text,true,,58880,389,138,138,https://pabsa.impressicocrm.com/api/tournament?limit=12&pageNumber=1&sportType=&tournamentName=&tournamentStyle=,2121,0,0
1680593974711,1464,Get knockout players list ,200,,Knock_out_Thread Group 1-266,text,true,,4598,340,139,139,https://pabsa.impressicocrm.com/api/tournament/118871/knockouts,1464,0,0
1680593975245,934,Get Home page country ,200,,Knock_out_Thread Group 1-358,text,true,,17270,320,139,139,https://pabsa.impressicocrm.com/api/country,870,0,0
1680593974753,1432,Get Break list ,200,,Knock_out_Thread Group 1-302,text,true,,3218,338,139,139,https://pabsa.impressicocrm.com/api/tournament/119922/players,1432,0,0
1680593975051,1155,Get Break list ,200,,Knock_out_Thread Group 1-308,text,true,,3218,338,139,139,https://pabsa.impressicocrm.com/api/tournament/119922/players,1155,0,0
1680593974329,1879,Get tournament result,200,,Knock_out_Thread Group 1-250,text,true,,5441,338,139,139,https://pabsa.impressicocrm.com/api/tournament/119922/matches,1879,0,0
1680593975095,1125,Get single knockout Player details,200,,Knock_out_Thread Group 1-248,text,true,,1210,326,139,139,https://pabsa.impressicocrm.com/api/player/110368,1124,0,0
1680593975553,674,Home page ,200,OK,Knock_out_Thread Group 1-366,text,true,,3033,309,139,139,https://pabsa.impressicocrm.com/,674,0,598
1680593975131,1099,Get knockout players list ,200,,Knock_out_Thread Group 1-277,text,true,,4598,340,139,139,https://pabsa.impressicocrm.com/api/tournament/118871/knockouts,1099,0,0
1680593975123,1119,Get single knockout Player details,200,,Knock_out_Thread Group 1-243,text,true,,1210,326,139,139,https://pabsa.impressicocrm.com/api/player/110368,1119,0,0
1680593974855,1408,Get playerA_Vs_playerB,200,,Knock_out_Thread Group 1-253,text,true,,1239,341,140,140,https://pabsa.impressicocrm.com/api/tournament/matchScore/147598,1408,0,0
1680593974243,2022,Get single knockout Player details,200,,Knock_out_Thread Group 1-247,text,true,,1210,326,139,139,https://pabsa.impressicocrm.com/api/player/110368,2022,0,0
1680593973317,2948,Get Home page currency,200,,Knock_out_Thread Group 1-311,text,true,,9160,321,139,139,https://pabsa.impressicocrm.com/api/currency,2948,0,0
1680593973919,2346,Get tournamnent list ,200,,Knock_out_Thread Group 1-329,text,true,,58888,389,139,139,https://pabsa.impressicocrm.com/api/tournament?limit=12&pageNumber=1&sportType=&tournamentName=&tournamentStyle=,1560,0,0
1680593974630,1658,Get Players schedule,200,,Knock_out_Thread Group 1-267,text,true,,5441,338,139,139,https://pabsa.impressicocrm.com/api/tournament/119922/matches,1658,0,0
1680593974765,1527,Get tournament result,200,,Knock_out_Thread Group 1-260,text,true,,5441,338,139,139,https://pabsa.impressicocrm.com/api/tournament/119922/matches,1527,0,0
1680593974907,1385,Get tournament result,200,,Knock_out_Thread Group 1-246,text,true,,5441,338,139,139,https://pabsa.impressicocrm.com/api/tournament/119922/matches,1385,0,0
1680593975353,941,Home page ,200,OK,Knock_out_Thread Group 1-364,text,true,,3033,309,139,139,https://pabsa.impressicocrm.com/,941,0,760
1680593975245,1069,Get single knockout Player details,200,,Knock_out_Thread Group 1-254,text,true,,1210,326,139,139,https://pabsa.impressicocrm.com/api/player/110368,1069,0,0
1680593974995,1324,Get tournament result,200,,Knock_out_Thread Group 1-271,text,true,,5441,338,139,139,https://pabsa.impressicocrm.com/api/tournament/119922/matches,1324,0,0
1680593976053,271,Home page ,200,OK,Knock_out_Thread Group 1-371,text,true,,3033,309,139,139,https://pabsa.impressicocrm.com/,271,0,201
1680593975173,1172,Get knockout players list ,200,,Knock_out_Thread Group 1-268,text,true,,4598,340,139,139,https://pabsa.impressicocrm.com/api/tournament/118871/knockouts,1172,0,0
1680593974837,1513,Get Break list ,200,,Knock_out_Thread Group 1-298,text,true,,3218,338,139,139,https://pabsa.impressicocrm.com/api/tournament/119922/players,1513,0,0
1680593974995,1358,Get Players schedule,200,,Knock_out_Thread Group 1-290,text,true,,5441,338,140,140,https://pabsa.impressicocrm.com/api/tournament/119922/matches,1357,0,0
1680593974859,1494,Get Break list ,200,,Knock_out_Thread Group 1-282,text,true,,3218,338,140,140,https://pabsa.impressicocrm.com/api/tournament/119922/players,1494,0,0
1680593972223,4136,Get tournamnent list ,200,,Knock_out_Thread Group 1-317,text,true,,58888,389,140,140,https://pabsa.impressicocrm.com/api/tournament?limit=12&pageNumber=1&sportType=&tournamentName=&tournamentStyle=,2551,0,0
1680593974210,2149,Get tournamnent list ,200,,Knock_out_Thread Group 1-339,text,true,,58888,389,140,140,https://pabsa.impressicocrm.com/api/tournament?limit=12&pageNumber=1&sportType=&tournamentName=&tournamentStyle=,1296,0,0
1680593973705,2667,Get tournamnent list ,200,,Knock_out_Thread Group 1-331,text,true,,58880,389,140,140,https://pabsa.impressicocrm.com/api/tournament?limit=12&pageNumber=1&sportType=&tournamentName=&tournamentStyle=,1504,0,0
1680593975009,1367,Get Players schedule,200,,Knock_out_Thread Group 1-297,text,true,,5435,338,140,140,https://pabsa.impressicocrm.com/api/tournament/119922/matches,1367,0,0
1680593975210,1170,Get knockout players list ,200,,Knock_out_Thread Group 1-284,text,true,,4598,340,140,140,https://pabsa.impressicocrm.com/api/tournament/118871/knockouts,1170,0,0
1680593973973,2407,Get tournamnent list ,200,,Knock_out_Thread Group 1-334,text,true,,58888,389,140,140,https://pabsa.impressicocrm.com/api/tournament?limit=12&pageNumber=1&sportType=&tournamentName=&tournamentStyle=,1285,0,0
1680593974028,2355,Get Home page country ,200,,Knock_out_Thread Group 1-344,text,true,,17270,320,140,140,https://pabsa.impressicocrm.com/api/country,2355,0,0
1680593974977,1406,Get playerA_Vs_playerB,200,,Knock_out_Thread Group 1-217,text,true,,1239,341,140,140,https://pabsa.impressicocrm.com/api/tournament/matchScore/147598,1406,0,0
1680593974507,1886,Get tournament result,200,,Knock_out_Thread Group 1-261,text,true,,5441,338,139,139,https://pabsa.impressicocrm.com/api/tournament/119922/matches,1886,0,0
1680593975237,1168,Get Break list ,200,,Knock_out_Thread Group 1-304,text,true,,3218,338,139,139,https://pabsa.impressicocrm.com/api/tournament/119922/players,1168,0,0
1680593975189,1239,Get Home page country ,200,,Knock_out_Thread Group 1-359,text,true,,17270,320,139,139,https://pabsa.impressicocrm.com/api/country,1238,0,0
1680593975283,1158,Get single knockout Player details,200,,Knock_out_Thread Group 1-230,text,true,,1210,326,139,139,https://pabsa.impressicocrm.com/api/player/110368,1158,0,0
1680593974112,2331,Get tournamnent list ,200,,Knock_out_Thread Group 1-323,text,true,,58888,389,139,139,https://pabsa.impressicocrm.com/api/tournament?limit=12&pageNumber=1&sportType=&tournamentName=&tournamentStyle=,1492,0,0
1680593974486,1995,Get Home page country ,200,,Knock_out_Thread Group 1-342,text,true,,17270,320,140,140,https://pabsa.impressicocrm.com/api/country,1272,0,0
1680593975014,1469,Get Players list ,200,,Knock_out_Thread Group 1-303,text,true,,3218,338,140,140,https://pabsa.impressicocrm.com/api/tournament/119922/players,1469,0,0
1680593975495,1002,Get playerA_Vs_playerB,200,,Knock_out_Thread Group 1-233,text,true,,1239,341,140,140,https://pabsa.impressicocrm.com/api/tournament/matchScore/147598,1002,0,0
1680593975360,1140,Get knockout players list ,200,,Knock_out_Thread Group 1-287,text,true,,4598,340,139,139,https://pabsa.impressicocrm.com/api/tournament/118871/knockouts,1140,0,0
1680593975061,1449,Get playerA_Vs_playerB,200,,Knock_out_Thread Group 1-257,text,true,,1239,341,139,139,https://pabsa.impressicocrm.com/api/tournament/matchScore/147598,1449,0,0
1680593975439,1077,Get playerA_Vs_playerB,200,,Knock_out_Thread Group 1-241,text,true,,1239,341,138,138,https://pabsa.impressicocrm.com/api/tournament/matchScore/147598,1077,0,0
1680593973217,3305,Get tournamnent list ,200,,Knock_out_Thread Group 1-313,text,true,,58888,389,137,137,https://pabsa.impressicocrm.com/api/tournament?limit=12&pageNumber=1&sportType=&tournamentName=&tournamentStyle=,1706,0,0
1680593975258,1266,Get Home page currency,200,,Knock_out_Thread Group 1-328,text,true,,9153,321,137,137,https://pabsa.impressicocrm.com/api/currency,1266,0,0
1680593975495,1037,Get playerA_Vs_playerB,200,,Knock_out_Thread Group 1-251,text,true,,1239,341,137,137,https://pabsa.impressicocrm.com/api/tournament/matchScore/147598,1037,0,0
1680593975256,1286,Get Home page currency,200,,Knock_out_Thread Group 1-314,text,true,,9153,321,136,136,https://pabsa.impressicocrm.com/api/currency,1286,0,0
1680593973248,3297,Get Home page currency,200,,Knock_out_Thread Group 1-312,text,true,,9160,321,136,136,https://pabsa.impressicocrm.com/api/currency,3297,0,0
1680593974864,1681,Get knockout players list ,200,,Knock_out_Thread Group 1-113,text,true,,4598,340,136,136,https://pabsa.impressicocrm.com/api/tournament/118871/knockouts,1681,0,0
1680593975277,1278,Get Home page currency,200,,Knock_out_Thread Group 1-322,text,true,,9160,321,137,137,https://pabsa.impressicocrm.com/api/currency,1278,0,0
1680593975152,1404,Home page ,200,OK,Knock_out_Thread Group 1-362,text,true,,3033,309,137,137,https://pabsa.impressicocrm.com/,1403,0,1236
1680593975218,1342,Get Players schedule,200,,Knock_out_Thread Group 1-272,text,true,,5441,338,137,137,https://pabsa.impressicocrm.com/api/tournament/119922/matches,1342,0,0
1680593975206,1359,Get Players schedule,200,,Knock_out_Thread Group 1-275,text,true,,5441,338,137,137,https://pabsa.impressicocrm.com/api/tournament/119922/matches,1359,0,0
1680593975556,1015,Get Break list ,200,,Knock_out_Thread Group 1-294,text,true,,3218,338,137,137,https://pabsa.impressicocrm.com/api/tournament/119922/players,1015,0,0
1680593975641,937,Get single knockout Player details,200,,Knock_out_Thread Group 1-265,text,true,,1210,326,137,137,https://pabsa.impressicocrm.com/api/player/110368,936,0,0
1680593975645,939,Get single knockout Player details,200,,Knock_out_Thread Group 1-278,text,true,,1210,326,137,137,https://pabsa.impressicocrm.com/api/player/110368,939,0,0
1680593975658,929,Get single knockout Player details,200,,Knock_out_Thread Group 1-270,text,true,,1210,326,137,137,https://pabsa.impressicocrm.com/api/player/110368,929,0,0
1680593975366,1221,Get Home page currency,200,,Knock_out_Thread Group 1-324,text,true,,9160,321,137,137,https://pabsa.impressicocrm.com/api/currency,1221,0,0
1680593975032,1558,Get tournament result,200,,Knock_out_Thread Group 1-262,text,true,,5441,338,137,137,https://pabsa.impressicocrm.com/api/tournament/119922/matches,1558,0,0
1680593975366,1224,Get Home page country ,200,,Knock_out_Thread Group 1-361,text,true,,17270,320,137,137,https://pabsa.impressicocrm.com/api/country,1224,0,0
1680593975127,1472,Get Players schedule,200,,Knock_out_Thread Group 1-274,text,true,,5441,338,137,137,https://pabsa.impressicocrm.com/api/tournament/119922/matches,1472,0,0
1680593974969,1642,Get Players schedule,200,,Knock_out_Thread Group 1-291,text,true,,5441,338,137,137,https://pabsa.impressicocrm.com/api/tournament/119922/matches,1642,0,0
1680593973031,3593,Get tournamnent list ,200,,Knock_out_Thread Group 1-325,text,true,,58880,389,137,137,https://pabsa.impressicocrm.com/api/tournament?limit=12&pageNumber=1&sportType=&tournamentName=&tournamentStyle=,1135,0,0
1680593974931,1697,Get tournamnent list ,200,,Knock_out_Thread Group 1-341,text,true,,58888,389,137,137,https://pabsa.impressicocrm.com/api/tournament?limit=12&pageNumber=1&sportType=&tournamentName=&tournamentStyle=,1361,0,0
1680593975574,1056,Get Home page country ,200,,Knock_out_Thread Group 1-363,text,true,,17255,320,137,137,https://pabsa.impressicocrm.com/api/country,1056,0,0
1680593974254,2389,Get Players schedule,200,,Knock_out_Thread Group 1-279,text,true,,5441,338,137,137,https://pabsa.impressicocrm.com/api/tournament/119922/matches,2389,0,0
1680593974307,2336,Get tournamnent list ,200,,Knock_out_Thread Group 1-332,text,true,,58888,389,137,137,https://pabsa.impressicocrm.com/api/tournament?limit=12&pageNumber=1&sportType=&tournamentName=&tournamentStyle=,1357,0,0
1680593975104,1546,Get Home page country ,200,,Knock_out_Thread Group 1-349,text,true,,17270,320,137,137,https://pabsa.impressicocrm.com/api/country,1461,0,0
1680593976352,317,Home page ,200,OK,Knock_out_Thread Group 1-374,text,true,,3033,309,138,138,https://pabsa.impressicocrm.com/,317,0,238
1680593951555,25122,Get tournamnent list ,200,,Knock_out_Thread Group 1-101,text,true,,58880,389,138,138,https://pabsa.impressicocrm.com/api/tournament?limit=12&pageNumber=1&sportType=&tournamentName=&tournamentStyle=,23532,0,0
1680593975853,828,Home page ,200,OK,Knock_out_Thread Group 1-369,text,true,,3033,309,138,138,https://pabsa.impressicocrm.com/,828,0,616
1680593975838,867,Get knockout players list ,200,,Knock_out_Thread Group 1-292,text,true,,4598,340,138,138,https://pabsa.impressicocrm.com/api/tournament/118871/knockouts,867,0,0
1680593975267,1463,Get Players schedule,200,,Knock_out_Thread Group 1-239,text,true,,5435,338,138,138,https://pabsa.impressicocrm.com/api/tournament/119922/matches,1463,0,0
1680593975241,1497,Get tournament result,200,,Knock_out_Thread Group 1-252,text,true,,5441,338,138,138,https://pabsa.impressicocrm.com/api/tournament/119922/matches,1497,0,0
1680593974654,2084,Home page ,200,OK,Knock_out_Thread Group 1-357,text,true,,3033,309,138,138,https://pabsa.impressicocrm.com/,2084,0,1416
1680593974370,2370,Get tournament result,200,,Knock_out_Thread Group 1-237,text,true,,5441,338,138,138,https://pabsa.impressicocrm.com/api/tournament/119922/matches,2370,0,0
1680593975416,1330,Get Home page currency,200,,Knock_out_Thread Group 1-327,text,true,,9160,321,138,138,https://pabsa.impressicocrm.com/api/currency,1330,0,0
1680593974526,2233,Get Home page currency,200,,Knock_out_Thread Group 1-326,text,true,,9160,321,139,139,https://pabsa.impressicocrm.com/api/currency,2233,0,0
1680593975258,1501,Get tournament result,200,,Knock_out_Thread Group 1-258,text,true,,5441,338,139,139,https://pabsa.impressicocrm.com/api/tournament/119922/matches,1501,0,0
1680593974657,2145,Get Break list ,200,,Knock_out_Thread Group 1-309,text,true,,3218,338,139,139,https://pabsa.impressicocrm.com/api/tournament/119922/players,2145,0,0
1680593976153,649,Home page ,200,OK,Knock_out_Thread Group 1-372,text,true,,3033,309,139,139,https://pabsa.impressicocrm.com/,649,0,558
1680593973689,3117,Get tournamnent list ,200,,Knock_out_Thread Group 1-319,text,true,,58880,389,139,139,https://pabsa.impressicocrm.com/api/tournament?limit=12&pageNumber=1&sportType=&tournamentName=&tournamentStyle=,1637,0,0
1680593975906,907,Get Players list ,200,,Knock_out_Thread Group 1-321,text,true,,3218,338,139,139,https://pabsa.impressicocrm.com/api/tournament/119922/players,907,0,0
1680593974327,2488,Get Break list ,200,,Knock_out_Thread Group 1-296,text,true,,3218,338,139,139,https://pabsa.impressicocrm.com/api/tournament/119922/players,2488,0,0
1680593974847,1968,Get Players schedule,200,,Knock_out_Thread Group 1-288,text,true,,5441,338,139,139,https://pabsa.impressicocrm.com/api/tournament/119922/matches,1968,0,0
1680593974769,2048,Get Break list ,200,,Knock_out_Thread Group 1-289,text,true,,3218,338,139,139,https://pabsa.impressicocrm.com/api/tournament/119922/players,2048,0,0
1680593975741,1077,Get Players list ,200,,Knock_out_Thread Group 1-316,text,true,,3218,338,139,139,https://pabsa.impressicocrm.com/api/tournament/119922/players,1077,0,0
1680593974503,2322,Get tournamnent list ,200,,Knock_out_Thread Group 1-340,text,true,,58880,389,139,139,https://pabsa.impressicocrm.com/api/tournament?limit=12&pageNumber=1&sportType=&tournamentName=&tournamentStyle=,1345,0,0
1680593975867,972,Get Home page currency,200,,Knock_out_Thread Group 1-335,text,true,,9160,321,139,139,https://pabsa.impressicocrm.com/api/currency,972,0,0
1680593975622,1229,Get Players schedule,200,,Knock_out_Thread Group 1-299,text,true,,5441,338,139,139,https://pabsa.impressicocrm.com/api/tournament/119922/matches,1229,0,0
1680593975123,1737,Get tournament result,200,,Knock_out_Thread Group 1-249,text,true,,5441,338,140,140,https://pabsa.impressicocrm.com/api/tournament/119922/matches,1737,0,0
1680593976022,857,Get knockout players list ,200,,Knock_out_Thread Group 1-280,text,true,,4591,340,140,140,https://pabsa.impressicocrm.com/api/tournament/118871/knockouts,857,0,0
1680593975954,943,Home page ,200,OK,Knock_out_Thread Group 1-370,text,true,,3033,309,140,140,https://pabsa.impressicocrm.com/,943,0,792
1680593975574,1334,Get knockout players list ,200,,Knock_out_Thread Group 1-283,text,true,,4598,340,140,140,https://pabsa.impressicocrm.com/api/tournament/118871/knockouts,1334,0,0
1680593973535,3374,Get tournamnent list ,200,,Knock_out_Thread Group 1-330,text,true,,58880,389,140,140,https://pabsa.impressicocrm.com/api/tournament?limit=12&pageNumber=1&sportType=&tournamentName=&tournamentStyle=,1398,0,0
1680593976554,359,Home page ,200,OK,Knock_out_Thread Group 1-376,text,true,,3033,309,140,140,https://pabsa.impressicocrm.com/,359,0,295
1680593975589,1327,Get Players schedule,200,,Knock_out_Thread Group 1-295,text,true,,5441,338,140,140,https://pabsa.impressicocrm.com/api/tournament/119922/matches,1327,0,0
1680593974552,2382,Home page ,200,OK,Knock_out_Thread Group 1-356,text,true,,3033,309,140,140,https://pabsa.impressicocrm.com/,2382,0,2253
1680593974977,1982,Get tournamnent list ,200,,Knock_out_Thread Group 1-337,text,true,,58880,389,141,141,https://pabsa.impressicocrm.com/api/tournament?limit=12&pageNumber=1&sportType=&tournamentName=&tournamentStyle=,1363,0,0
1680593976654,305,Home page ,200,OK,Knock_out_Thread Group 1-377,text,true,,3033,309,141,141,https://pabsa.impressicocrm.com/,305,0,234
1680593975991,974,Get knockout players list ,200,,Knock_out_Thread Group 1-273,text,true,,4591,340,141,141,https://pabsa.impressicocrm.com/api/tournament/118871/knockouts,974,0,0
1680593976023,946,Get Break list ,200,,Knock_out_Thread Group 1-306,text,true,,3218,338,141,141,https://pabsa.impressicocrm.com/api/tournament/119922/players,946,0,0
1680593976019,956,Get Home page country ,200,,Knock_out_Thread Group 1-367,text,true,,17270,320,141,141,https://pabsa.impressicocrm.com/api/country,956,0,0
1680593976078,902,Get playerA_Vs_playerB,200,,Knock_out_Thread Group 1-259,text,true,,1239,341,141,141,https://pabsa.impressicocrm.com/api/tournament/matchScore/147598,902,0,0
1680593974681,2316,Get tournamnent list ,200,,Knock_out_Thread Group 1-336,text,true,,58865,389,140,140,https://pabsa.impressicocrm.com/api/tournament?limit=12&pageNumber=1&sportType=&tournamentName=&tournamentStyle=,1671,0,0
1680593976052,962,Get Break list ,200,,Knock_out_Thread Group 1-307,text,true,,3218,338,140,140,https://pabsa.impressicocrm.com/api/tournament/119922/players,962,0,0
1680593976098,919,Get playerA_Vs_playerB,200,,Knock_out_Thread Group 1-269,text,true,,1239,341,140,140,https://pabsa.impressicocrm.com/api/tournament/matchScore/147598,919,0,0
1680593976005,1014,Get Break list ,200,,Knock_out_Thread Group 1-301,text,true,,3218,338,139,139,https://pabsa.impressicocrm.com/api/tournament/119922/players,1014,0,0
1680593974120,2912,Get tournamnent list ,200,,Knock_out_Thread Group 1-338,text,true,,58888,389,139,139,https://pabsa.impressicocrm.com/api/tournament?limit=12&pageNumber=1&sportType=&tournamentName=&tournamentStyle=,2104,0,0
1680593976131,920,Get single knockout Player details,200,,Knock_out_Thread Group 1-174,text,true,,1210,326,139,139,https://pabsa.impressicocrm.com/api/player/110368,920,0,0
1680593975685,1366,Get Break list ,200,,Knock_out_Thread Group 1-300,text,true,,3218,338,139,139,https://pabsa.impressicocrm.com/api/tournament/119922/players,1366,0,0
1680593976078,983,Get Home page country ,200,,Knock_out_Thread Group 1-354,text,true,,17270,320,140,140,https://pabsa.impressicocrm.com/api/country,983,0,0
1680593976091,984,Get Break list ,200,,Knock_out_Thread Group 1-315,text,true,,3218,338,140,140,https://pabsa.impressicocrm.com/api/tournament/119922/players,984,0,0
1680593976176,908,Get single knockout Player details,200,,Knock_out_Thread Group 1-266,text,true,,1210,326,140,140,https://pabsa.impressicocrm.com/api/player/110368,908,0,0
1680593972847,4239,Get playerA_Vs_playerB,200,,Knock_out_Thread Group 1-244,text,true,,1239,341,140,140,https://pabsa.impressicocrm.com/api/tournament/matchScore/147598,4239,0,0
1680593976113,977,Get playerA_Vs_playerB,200,,Knock_out_Thread Group 1-242,text,true,,1239,341,139,139,https://pabsa.impressicocrm.com/api/tournament/matchScore/147598,977,0,0
1680593976106,989,Get knockout players list ,200,,Knock_out_Thread Group 1-293,text,true,,4598,340,138,138,https://pabsa.impressicocrm.com/api/tournament/118871/knockouts,989,0,0
1680593976253,854,Home page ,200,OK,Knock_out_Thread Group 1-373,text,true,,3033,309,138,138,https://pabsa.impressicocrm.com/,854,0,678
1680593974952,2175,Home page ,200,OK,Knock_out_Thread Group 1-360,text,true,,3033,309,138,138,https://pabsa.impressicocrm.com/,2174,0,2023
1680593975974,1154,Get tournament result,200,,Knock_out_Thread Group 1-276,text,true,,5441,338,138,138,https://pabsa.impressicocrm.com/api/tournament/119922/matches,1154,0,0
1680593975938,1195,Get Players schedule,200,,Knock_out_Thread Group 1-281,text,true,,5441,338,138,138,https://pabsa.impressicocrm.com/api/tournament/119922/matches,1195,0,0
1680593975719,1414,Get tournament result,200,,Knock_out_Thread Group 1-240,text,true,,5441,338,138,138,https://pabsa.impressicocrm.com/api/tournament/119922/matches,1414,0,0
1680593976209,940,Get playerA_Vs_playerB,200,,Knock_out_Thread Group 1-250,text,true,,1239,341,138,138,https://pabsa.impressicocrm.com/api/tournament/matchScore/147598,940,0,0
1680593976231,923,Get single knockout Player details,200,,Knock_out_Thread Group 1-277,text,true,,1210,326,138,138,https://pabsa.impressicocrm.com/api/player/110368,923,0,0
1680593975987,1178,Get Players list ,200,,Knock_out_Thread Group 1-320,text,true,,3218,338,138,138,https://pabsa.impressicocrm.com/api/tournament/119922/players,1178,0,0
1680593976851,326,Home page ,200,OK,Knock_out_Thread Group 1-379,text,true,,3033,309,138,138,https://pabsa.impressicocrm.com/,326,0,241
1680593975753,1437,Home page ,200,OK,Knock_out_Thread Group 1-368,text,true,,3033,309,138,138,https://pabsa.impressicocrm.com/,1437,0,244
1680593976954,270,Home page ,200,OK,Knock_out_Thread Group 1-380,text,true,,3033,309,138,138,https://pabsa.impressicocrm.com/,270,0,207
1680593976228,1017,Get Home page country ,200,,Knock_out_Thread Group 1-366,text,true,,17270,320,138,138,https://pabsa.impressicocrm.com/api/country,1017,0,0
1680593976754,503,Home page ,200,OK,Knock_out_Thread Group 1-378,text,true,,3033,309,139,139,https://pabsa.impressicocrm.com/,503,0,423
1680593975984,1277,Get Players schedule,200,,Knock_out_Thread Group 1-285,text,true,,5441,338,139,139,https://pabsa.impressicocrm.com/api/tournament/119922/matches,1277,0,0
1680593976153,1121,Get Home page currency,200,,Knock_out_Thread Group 1-318,text,true,,9160,321,139,139,https://pabsa.impressicocrm.com/api/currency,1121,0,0
1680593976292,996,Get playerA_Vs_playerB,200,,Knock_out_Thread Group 1-246,text,true,,1239,341,139,139,https://pabsa.impressicocrm.com/api/tournament/matchScore/147598,996,0,0
1680593976292,998,Get playerA_Vs_playerB,200,,Knock_out_Thread Group 1-260,text,true,,1239,341,138,138,https://pabsa.impressicocrm.com/api/tournament/matchScore/147598,998,0,0
1680593976153,1145,Get tournament result,200,,Knock_out_Thread Group 1-256,text,true,,5441,338,137,137,https://pabsa.impressicocrm.com/api/tournament/119922/matches,1145,0,0
1680593976078,1228,Get Home page country ,200,,Knock_out_Thread Group 1-353,text,true,,17270,320,137,137,https://pabsa.impressicocrm.com/api/country,1149,0,0
1680593977053,268,Home page ,200,OK,Knock_out_Thread Group 1-381,text,true,,3033,309,137,137,https://pabsa.impressicocrm.com/,268,0,204
1680593976345,982,Get single knockout Player details,200,,Knock_out_Thread Group 1-268,text,true,,1210,326,137,137,https://pabsa.impressicocrm.com/api/player/110368,982,0,0
1680593976288,1040,Get knockout players list ,200,,Knock_out_Thread Group 1-267,text,true,,4598,340,137,137,https://pabsa.impressicocrm.com/api/tournament/118871/knockouts,1039,0,0
1680593976153,1177,Get Home page currency,200,,Knock_out_Thread Group 1-310,text,true,,9160,321,137,137,https://pabsa.impressicocrm.com/api/currency,1177,0,0
1680593976319,1018,Get playerA_Vs_playerB,200,,Knock_out_Thread Group 1-271,text,true,,1239,341,137,137,https://pabsa.impressicocrm.com/api/tournament/matchScore/147598,1018,0,0
1680593976376,978,Get knockout players list ,200,,Knock_out_Thread Group 1-297,text,true,,4598,340,137,137,https://pabsa.impressicocrm.com/api/tournament/118871/knockouts,978,0,0
1680593976380,982,Get single knockout Player details,200,,Knock_out_Thread Group 1-284,text,true,,1210,326,137,137,https://pabsa.impressicocrm.com/api/player/110368,982,0,0
1680593976265,1111,Get Players list ,200,,Knock_out_Thread Group 1-311,text,true,,3218,338,137,137,https://pabsa.impressicocrm.com/api/tournament/119922/players,1111,0,0
1680593976359,1073,Get Home page currency,200,,Knock_out_Thread Group 1-317,text,true,,9160,321,137,137,https://pabsa.impressicocrm.com/api/currency,1073,0,0
1680593976325,1107,Get Home page country ,200,,Knock_out_Thread Group 1-371,text,true,,17270,320,137,137,https://pabsa.impressicocrm.com/api/country,1107,0,0
1680593976394,1043,Get playerA_Vs_playerB,200,,Knock_out_Thread Group 1-261,text,true,,1239,341,137,137,https://pabsa.impressicocrm.com/api/tournament/matchScore/147598,1043,0,0
1680593976380,1071,Get Home page currency,200,,Knock_out_Thread Group 1-334,text,true,,9160,321,136,136,https://pabsa.impressicocrm.com/api/currency,1071,0,0
1680593976265,1196,Get tournament result,200,,Knock_out_Thread Group 1-247,text,true,,5441,338,137,137,https://pabsa.impressicocrm.com/api/tournament/119922/matches,1196,0,0
1680593976185,1293,Get Players schedule,200,,Knock_out_Thread Group 1-302,text,true,,5441,338,137,137,https://pabsa.impressicocrm.com/api/tournament/119922/matches,1293,0,0
1680593975622,1869,Get playerA_Vs_playerB,200,,Knock_out_Thread Group 1-264,text,true,,1239,341,137,137,https://pabsa.impressicocrm.com/api/tournament/matchScore/147598,1869,0,0
1680593976500,1022,Get single knockout Player details,200,,Knock_out_Thread Group 1-287,text,true,,1210,326,136,136,https://pabsa.impressicocrm.com/api/player/110368,1022,0,0
1680593976372,1176,Get Home page currency,200,,Knock_out_Thread Group 1-331,text,true,,9160,321,136,136,https://pabsa.impressicocrm.com/api/currency,1176,0,0
1680593976295,1264,Get Home page country ,200,,Knock_out_Thread Group 1-364,text,true,,17270,320,137,137,https://pabsa.impressicocrm.com/api/country,1264,0,0
1680593976545,1020,Get single knockout Player details,200,,Knock_out_Thread Group 1-113,text,true,,1210,326,137,137,https://pabsa.impressicocrm.com/api/player/110368,1020,0,0
1680593976483,1088,Get Break list ,200,,Knock_out_Thread Group 1-303,text,true,,3218,338,137,137,https://pabsa.impressicocrm.com/api/tournament/119922/players,1088,0,0
1680593975911,1660,Get tournamnent list ,200,,Knock_out_Thread Group 1-350,text,true,,58888,389,137,137,https://pabsa.impressicocrm.com/api/tournament?limit=12&pageNumber=1&sportType=&tournamentName=&tournamentStyle=,1184,0,0
1680593976524,1052,Get Players list ,200,,Knock_out_Thread Group 1-328,text,true,,3218,338,137,137,https://pabsa.impressicocrm.com/api/tournament/119922/players,1052,0,0
1680593976314,1264,Get tournament result,200,,Knock_out_Thread Group 1-254,text,true,,5441,338,137,137,https://pabsa.impressicocrm.com/api/tournament/119922/matches,1264,0,0
1680593976265,1320,Get Home page currency,200,,Knock_out_Thread Group 1-329,text,true,,9160,321,137,137,https://pabsa.impressicocrm.com/api/currency,1320,0,0
1680593976565,1020,Get knockout players list ,200,,Knock_out_Thread Group 1-275,text,true,,4598,340,137,137,https://pabsa.impressicocrm.com/api/tournament/118871/knockouts,1020,0,0
1680593976522,1066,Get Home page currency,200,,Knock_out_Thread Group 1-313,text,true,,9153,321,137,137,https://pabsa.impressicocrm.com/api/currency,1066,0,0
1680593976359,1229,Get Home page currency,200,,Knock_out_Thread Group 1-339,text,true,,9160,321,137,137,https://pabsa.impressicocrm.com/api/currency,1229,0,0
1680593976220,1372,Get tournament result,200,,Knock_out_Thread Group 1-248,text,true,,5441,338,137,137,https://pabsa.impressicocrm.com/api/tournament/119922/matches,1372,0,0
1680593977153,461,Home page ,200,OK,Knock_out_Thread Group 1-382,text,true,,3033,309,137,137,https://pabsa.impressicocrm.com/,461,0,383
1680593976543,1076,Get Players list ,200,,Knock_out_Thread Group 1-314,text,true,,3218,338,137,137,https://pabsa.impressicocrm.com/api/tournament/119922/players,1076,0,0
1680593976038,1588,Get Players schedule,200,,Knock_out_Thread Group 1-286,text,true,,5441,338,137,137,https://pabsa.impressicocrm.com/api/tournament/119922/matches,1588,0,0
1680593975080,2549,Get Players schedule,200,,Knock_out_Thread Group 1-305,text,true,,5441,338,137,137,https://pabsa.impressicocrm.com/api/tournament/119922/matches,2549,0,0
1680593976405,1224,Get Players schedule,200,,Knock_out_Thread Group 1-304,text,true,,5441,338,137,137,https://pabsa.impressicocrm.com/api/tournament/119922/matches,1224,0,0
1680593976242,1393,Get tournament result,200,,Knock_out_Thread Group 1-243,text,true,,5441,338,137,137,https://pabsa.impressicocrm.com/api/tournament/119922/matches,1393,0,0
1680593976556,1092,Get Players list ,200,,Knock_out_Thread Group 1-322,text,true,,3218,338,137,137,https://pabsa.impressicocrm.com/api/tournament/119922/players,1092,0,0
1680593975512,2139,Get tournamnent list ,200,,Knock_out_Thread Group 1-346,text,true,,58880,389,137,137,https://pabsa.impressicocrm.com/api/tournament?limit=12&pageNumber=1&sportType=&tournamentName=&tournamentStyle=,1376,0,0
1680593977252,406,Home page ,200,OK,Knock_out_Thread Group 1-383,text,true,,3033,309,138,138,https://pabsa.impressicocrm.com/,406,0,305
1680593976561,1100,Get knockout players list ,200,,Knock_out_Thread Group 1-272,text,true,,4598,340,138,138,https://pabsa.impressicocrm.com/api/tournament/118871/knockouts,1100,0,0
1680593976353,1314,Get Players schedule,200,,Knock_out_Thread Group 1-282,text,true,,5441,338,138,138,https://pabsa.impressicocrm.com/api/tournament/119922/matches,1314,0,0
1680593976118,1552,Get tournamnent list ,200,,Knock_out_Thread Group 1-348,text,true,,58888,389,138,138,https://pabsa.impressicocrm.com/api/tournament?limit=12&pageNumber=1&sportType=&tournamentName=&tournamentStyle=,641,0,0
1680593976612,1059,Get knockout players list ,200,,Knock_out_Thread Group 1-291,text,true,,4598,340,138,138,https://pabsa.impressicocrm.com/api/tournament/118871/knockouts,1059,0,0
1680593976590,1091,Get playerA_Vs_playerB,200,,Knock_out_Thread Group 1-262,text,true,,1239,341,138,138,https://pabsa.impressicocrm.com/api/tournament/matchScore/147598,1091,0,0
1680593976207,1494,Get Players schedule,200,,Knock_out_Thread Group 1-308,text,true,,5441,338,137,137,https://pabsa.impressicocrm.com/api/tournament/119922/matches,1494,0,0
1680593976351,1352,Get Players schedule,200,,Knock_out_Thread Group 1-298,text,true,,5441,338,137,137,https://pabsa.impressicocrm.com/api/tournament/119922/matches,1352,0,0
1680593976545,1161,Get Players list ,200,,Knock_out_Thread Group 1-312,text,true,,3218,338,137,137,https://pabsa.impressicocrm.com/api/tournament/119922/players,1161,0,0
1680593977354,360,Home page ,200,OK,Knock_out_Thread Group 1-384,text,true,,3033,309,137,137,https://pabsa.impressicocrm.com/,360,0,268
1680593975574,2148,Get tournamnent list ,200,,Knock_out_Thread Group 1-343,text,true,,58880,389,137,137,https://pabsa.impressicocrm.com/api/tournament?limit=12&pageNumber=1&sportType=&tournamentName=&tournamentStyle=,1275,0,0
1680593976705,1031,Get single knockout Player details,200,,Knock_out_Thread Group 1-292,text,true,,1210,326,137,137,https://pabsa.impressicocrm.com/api/player/110368,1031,0,0
1680593976588,1148,Get Players list ,200,,Knock_out_Thread Group 1-324,text,true,,3218,338,137,137,https://pabsa.impressicocrm.com/api/tournament/119922/players,1148,0,0
1680593976600,1142,Get knockout players list ,200,,Knock_out_Thread Group 1-274,text,true,,4598,340,137,137,https://pabsa.impressicocrm.com/api/tournament/118871/knockouts,1142,0,0
1680593976643,1112,Get knockout players list ,200,,Knock_out_Thread Group 1-279,text,true,,4598,340,138,138,https://pabsa.impressicocrm.com/api/tournament/118871/knockouts,1112,0,0
1680593977454,311,Home page ,200,OK,Knock_out_Thread Group 1-385,text,true,,3033,309,138,138,https://pabsa.impressicocrm.com/,311,0,236
1680593976127,1641,Get Home page country ,200,,Knock_out_Thread Group 1-355,text,true,,17270,320,138,138,https://pabsa.impressicocrm.com/api/country,1641,0,0
1680593976353,1436,Get knockout players list ,200,,Knock_out_Thread Group 1-290,text,true,,4598,340,138,138,https://pabsa.impressicocrm.com/api/tournament/118871/knockouts,1436,0,0
1680593976441,1362,Get tournament result,200,,Knock_out_Thread Group 1-230,text,true,,5441,338,138,138,https://pabsa.impressicocrm.com/api/tournament/119922/matches,1362,0,0
1680593976740,1083,Get playerA_Vs_playerB,200,,Knock_out_Thread Group 1-237,text,true,,1239,341,138,138,https://pabsa.impressicocrm.com/api/tournament/matchScore/147598,1083,0,0
1680593977552,281,Home page ,200,OK,Knock_out_Thread Group 1-386,text,true,,3033,309,137,137,https://pabsa.impressicocrm.com/,281,0,213
1680593976643,1195,Get Home page currency,200,,Knock_out_Thread Group 1-332,text,true,,9160,321,137,137,https://pabsa.impressicocrm.com/api/currency,1195,0,0
1680593977327,511,Get tournament result,200,,Knock_out_Thread Group 1-268,text,true,,5441,338,137,137,https://pabsa.impressicocrm.com/api/tournament/119922/matches,511,0,0
1680593976738,1102,Get playerA_Vs_playerB,200,,Knock_out_Thread Group 1-252,text,true,,1239,341,137,137,https://pabsa.impressicocrm.com/api/tournament/matchScore/147598,1102,0,0
1680593976556,1284,Get Home page country ,200,,Knock_out_Thread Group 1-362,text,true,,17270,320,137,137,https://pabsa.impressicocrm.com/api/country,1284,0,0
1680593976444,1400,Get Home page currency,200,,Knock_out_Thread Group 1-323,text,true,,9160,321,136,136,https://pabsa.impressicocrm.com/api/currency,1400,0,0
1680593976669,1192,Get Home page country ,200,,Knock_out_Thread Group 1-374,text,true,,17270,320,137,137,https://pabsa.impressicocrm.com/api/country,1192,0,0
1680593976629,1267,Get Home page currency,200,,Knock_out_Thread Group 1-341,text,true,,9160,321,137,137,https://pabsa.impressicocrm.com/api/currency,1267,0,0
1680593976572,1325,Get Players schedule,200,,Knock_out_Thread Group 1-294,text,true,,5441,338,137,137,https://pabsa.impressicocrm.com/api/tournament/119922/matches,1325,0,0
1680593975629,2275,Get tournamnent list ,200,,Knock_out_Thread Group 1-345,text,true,,58880,389,137,137,https://pabsa.impressicocrm.com/api/tournament?limit=12&pageNumber=1&sportType=&tournamentName=&tournamentStyle=,1446,0,0
1680593975908,2007,Get tournamnent list ,200,,Knock_out_Thread Group 1-352,text,true,,58865,389,137,137,https://pabsa.impressicocrm.com/api/tournament?limit=12&pageNumber=1&sportType=&tournamentName=&tournamentStyle=,1313,0,0
1680593976731,1195,Get knockout players list ,200,,Knock_out_Thread Group 1-239,text,true,,4598,340,137,137,https://pabsa.impressicocrm.com/api/tournament/118871/knockouts,1195,0,0
1680593976759,1180,Get playerA_Vs_playerB,200,,Knock_out_Thread Group 1-258,text,true,,1239,341,137,137,https://pabsa.impressicocrm.com/api/tournament/matchScore/147598,1180,0,0
1680593976746,1205,Get Players list ,200,,Knock_out_Thread Group 1-327,text,true,,3218,338,136,136,https://pabsa.impressicocrm.com/api/tournament/119922/players,1205,0,0
1680593976879,1083,Get single knockout Player details,200,,Knock_out_Thread Group 1-280,text,true,,1210,326,137,137,https://pabsa.impressicocrm.com/api/player/110368,1083,0,0
1680593977523,440,Get tournament result,200,,Knock_out_Thread Group 1-287,text,true,,5441,338,137,137,https://pabsa.impressicocrm.com/api/tournament/119922/matches,440,0,0
1680593976851,1120,Get knockout players list ,200,,Knock_out_Thread Group 1-299,text,true,,4591,340,137,137,https://pabsa.impressicocrm.com/api/tournament/118871/knockouts,1120,0,0
1680593976813,1160,Get Break list ,200,,Knock_out_Thread Group 1-321,text,true,,3218,338,137,137,https://pabsa.impressicocrm.com/api/tournament/119922/players,1160,0,0
1680593976759,1218,Get Players list ,200,,Knock_out_Thread Group 1-326,text,true,,3218,338,137,137,https://pabsa.impressicocrm.com/api/tournament/119922/players,1218,0,0
1680593976588,1393,Get tournament result,200,,Knock_out_Thread Group 1-270,text,true,,5441,338,137,137,https://pabsa.impressicocrm.com/api/tournament/119922/matches,1393,0,0
1680593977653,331,Home page ,200,OK,Knock_out_Thread Group 1-387,text,true,,3033,309,137,137,https://pabsa.impressicocrm.com/,330,0,243
1680593976861,1125,Get playerA_Vs_playerB,200,,Knock_out_Thread Group 1-249,text,true,,1239,341,137,137,https://pabsa.impressicocrm.com/api/tournament/matchScore/147598,1125,0,0
1680593976908,1078,Get single knockout Player details,200,,Knock_out_Thread Group 1-283,text,true,,1210,326,137,137,https://pabsa.impressicocrm.com/api/player/110368,1078,0,0
1680593976738,1254,Get Home page country ,200,,Knock_out_Thread Group 1-357,text,true,,17270,320,136,136,https://pabsa.impressicocrm.com/api/country,1248,0,0
1680593976965,1033,Get single knockout Player details,200,,Knock_out_Thread Group 1-273,text,true,,1210,326,136,136,https://pabsa.impressicocrm.com/api/player/110368,1033,0,0
1680593976090,1912,Get tournamnent list ,200,,Knock_out_Thread Group 1-365,text,true,,58880,389,136,136,https://pabsa.impressicocrm.com/api/tournament?limit=12&pageNumber=1&sportType=&tournamentName=&tournamentStyle=,1301,0,0
1680593976807,1211,Get Home page currency,200,,Knock_out_Thread Group 1-319,text,true,,9153,321,136,136,https://pabsa.impressicocrm.com/api/currency,1211,0,0
1680593976681,1367,Get Home page country ,200,,Knock_out_Thread Group 1-369,text,true,,17270,320,136,136,https://pabsa.impressicocrm.com/api/country,1367,0,0
1680593976819,1234,Get Break list ,200,,Knock_out_Thread Group 1-316,text,true,,3218,338,137,137,https://pabsa.impressicocrm.com/api/tournament/119922/players,1234,0,0
1680593976826,1273,Get Home page currency,200,,Knock_out_Thread Group 1-340,text,true,,9160,321,137,137,https://pabsa.impressicocrm.com/api/currency,1273,0,0
1680593976909,1190,Get Home page currency,200,,Knock_out_Thread Group 1-330,text,true,,9160,321,137,137,https://pabsa.impressicocrm.com/api/currency,1190,0,0
1680593977904,208,Get Home page currency,200,,Knock_out_Thread Group 1-345,text,true,,9153,321,137,137,https://pabsa.impressicocrm.com/api/currency,208,0,0
1680593976960,1152,Get Home page country ,200,,Knock_out_Thread Group 1-377,text,true,,17270,320,137,137,https://pabsa.impressicocrm.com/api/country,1152,0,0
1680593976840,1272,Get Players list ,200,,Knock_out_Thread Group 1-335,text,true,,3218,338,137,137,https://pabsa.impressicocrm.com/api/tournament/119922/players,1272,0,0
1680593977753,360,Home page ,200,OK,Knock_out_Thread Group 1-388,text,true,,3033,309,137,137,https://pabsa.impressicocrm.com/,359,0,260
1680593976451,1662,Home page ,200,OK,Knock_out_Thread Group 1-375,text,true,,3033,309,137,137,https://pabsa.impressicocrm.com/,1662,0,1565
1680593973765,4350,Get tournamnent list ,200,,Knock_out_Thread Group 1-333,text,true,,58880,389,137,137,https://pabsa.impressicocrm.com/api/tournament?limit=12&pageNumber=1&sportType=&tournamentName=&tournamentStyle=,1490,0,0
1680593976802,1323,Get Players schedule,200,,Knock_out_Thread Group 1-309,text,true,,5441,338,137,137,https://pabsa.impressicocrm.com/api/tournament/119922/matches,1323,0,0
1680593976585,1540,Get tournament result,200,,Knock_out_Thread Group 1-278,text,true,,5441,338,137,137,https://pabsa.impressicocrm.com/api/tournament/119922/matches,1540,0,0
1680593977033,1132,Get Home page currency,200,,Knock_out_Thread Group 1-338,text,true,,9160,321,138,138,https://pabsa.impressicocrm.com/api/currency,1132,0,0
1680593977096,1070,Get single knockout Player details,200,,Knock_out_Thread Group 1-293,text,true,,1210,326,138,138,https://pabsa.impressicocrm.com/api/player/110368,1070,0,0
1680593977852,324,Home page ,200,OK,Knock_out_Thread Group 1-389,text,true,,3033,309,138,138,https://pabsa.impressicocrm.com/,324,0,251
1680593976815,1379,Get Players schedule,200,,Knock_out_Thread Group 1-296,text,true,,5441,338,138,138,https://pabsa.impressicocrm.com/api/tournament/119922/matches,1379,0,0
1680593976818,1403,Get Players schedule,200,,Knock_out_Thread Group 1-289,text,true,,5441,338,138,138,https://pabsa.impressicocrm.com/api/tournament/119922/matches,1403,0,0
1680593976969,1273,Get Players schedule,200,,Knock_out_Thread Group 1-306,text,true,,5441,338,138,138,https://pabsa.impressicocrm.com/api/tournament/119922/matches,1273,0,0
1680593977133,1143,Get knockout players list ,200,,Knock_out_Thread Group 1-281,text,true,,4598,340,139,139,https://pabsa.impressicocrm.com/api/tournament/118871/knockouts,1143,0,0
1680593977020,1279,Get Players schedule,200,,Knock_out_Thread Group 1-301,text,true,,5441,338,139,139,https://pabsa.impressicocrm.com/api/tournament/119922/matches,1279,0,0
1680593977133,1173,Get playerA_Vs_playerB,200,,Knock_out_Thread Group 1-240,text,true,,1239,341,139,139,https://pabsa.impressicocrm.com/api/tournament/matchScore/147598,1173,0,0
1680593977261,1045,Get knockout players list ,200,,Knock_out_Thread Group 1-285,text,true,,4598,340,139,139,https://pabsa.impressicocrm.com/api/tournament/118871/knockouts,1044,0,0
1680593977328,985,Get single knockout Player details,200,,Knock_out_Thread Group 1-267,text,true,,1210,326,138,138,https://pabsa.impressicocrm.com/api/player/110368,985,0,0
1680593977051,1262,Get Players schedule,200,,Knock_out_Thread Group 1-300,text,true,,5441,338,138,138,https://pabsa.impressicocrm.com/api/tournament/119922/matches,1262,0,0
1680593977225,1098,Get Home page country ,200,,Knock_out_Thread Group 1-380,text,true,,17270,320,138,138,https://pabsa.impressicocrm.com/api/country,1097,0,0
1680593977299,1035,Get playerA_Vs_playerB,200,,Knock_out_Thread Group 1-256,text,true,,1239,341,138,138,https://pabsa.impressicocrm.com/api/tournament/matchScore/147598,1035,0,0
1680593977354,983,Get single knockout Player details,200,,Knock_out_Thread Group 1-297,text,true,,1210,326,137,137,https://pabsa.impressicocrm.com/api/player/110368,982,0,0
1680593977015,1322,Get Players schedule,200,,Knock_out_Thread Group 1-307,text,true,,5441,338,137,137,https://pabsa.impressicocrm.com/api/tournament/119922/matches,1322,0,0
1680593977178,1162,Get Home page country ,200,,Knock_out_Thread Group 1-379,text,true,,17270,320,137,137,https://pabsa.impressicocrm.com/api/country,1162,0,0
1680593977108,1242,Get Home page country ,200,,Knock_out_Thread Group 1-373,text,true,,17270,320,137,137,https://pabsa.impressicocrm.com/api/country,1242,0,0
1680593976998,1355,Get Home page currency,200,,Knock_out_Thread Group 1-336,text,true,,9160,321,137,137,https://pabsa.impressicocrm.com/api/currency,1355,0,0
1680593976960,1398,Get Home page currency,200,,Knock_out_Thread Group 1-337,text,true,,9160,321,138,138,https://pabsa.impressicocrm.com/api/currency,1398,0,0
1680593974617,3748,Get Players schedule,200,,Knock_out_Thread Group 1-263,text,true,,5441,338,138,138,https://pabsa.impressicocrm.com/api/tournament/119922/matches,3748,0,0
1680593977076,1289,Get Players schedule,200,,Knock_out_Thread Group 1-315,text,true,,5441,338,138,138,https://pabsa.impressicocrm.com/api/tournament/119922/matches,1289,0,0
1680593978054,311,Home page ,200,OK,Knock_out_Thread Group 1-391,text,true,,3033,309,138,138,https://pabsa.impressicocrm.com/,311,0,225
1680593977257,1111,Get Home page country ,200,,Knock_out_Thread Group 1-378,text,true,,17270,320,138,138,https://pabsa.impressicocrm.com/api/country,1111,0,0
1680593977322,1049,Get Home page country ,200,,Knock_out_Thread Group 1-381,text,true,,17270,320,138,138,https://pabsa.impressicocrm.com/api/country,1046,0,0
1680593976179,2192,Get tournamnent list ,200,,Knock_out_Thread Group 1-358,text,true,,58880,389,138,138,https://pabsa.impressicocrm.com/api/tournament?limit=12&pageNumber=1&sportType=&tournamentName=&tournamentStyle=,1435,0,0
1680593976934,1444,Get Home page country ,200,,Knock_out_Thread Group 1-356,text,true,,17270,320,138,138,https://pabsa.impressicocrm.com/api/country,1442,0,0
1680593976034,2344,Get tournamnent list ,200,,Knock_out_Thread Group 1-347,text,true,,58880,389,138,138,https://pabsa.impressicocrm.com/api/tournament?limit=12&pageNumber=1&sportType=&tournamentName=&tournamentStyle=,1287,0,0
1680593977166,1223,Get Break list ,200,,Knock_out_Thread Group 1-320,text,true,,3218,338,138,138,https://pabsa.impressicocrm.com/api/tournament/119922/players,1223,0,0
1680593976481,1913,Get tournamnent list ,200,,Knock_out_Thread Group 1-342,text,true,,58888,389,138,138,https://pabsa.impressicocrm.com/api/tournament?limit=12&pageNumber=1&sportType=&tournamentName=&tournamentStyle=,1368,0,0
1680593977191,1216,Get Home page country ,200,,Knock_out_Thread Group 1-368,text,true,,17270,320,138,138,https://pabsa.impressicocrm.com/api/country,1215,0,0
1680593977051,1362,Get tournament result,200,,Knock_out_Thread Group 1-174,text,true,,5441,338,138,138,https://pabsa.impressicocrm.com/api/tournament/119922/matches,1362,0,0
1680593976591,1825,Get tournamnent list ,200,,Knock_out_Thread Group 1-361,text,true,,58888,389,138,138,https://pabsa.impressicocrm.com/api/tournament?limit=12&pageNumber=1&sportType=&tournamentName=&tournamentStyle=,1335,0,0
1680593977127,1296,Get Home page country ,200,,Knock_out_Thread Group 1-360,text,true,,17270,320,138,138,https://pabsa.impressicocrm.com/api/country,1216,0,0
1680593976897,1541,Get Home page country ,200,,Knock_out_Thread Group 1-370,text,true,,17270,320,138,138,https://pabsa.impressicocrm.com/api/country,1541,0,0
1680593976802,1640,Get Home page country ,200,,Knock_out_Thread Group 1-372,text,true,,17255,320,138,138,https://pabsa.impressicocrm.com/api/country,1640,0,0
1680593977274,1197,Get Players list ,200,,Knock_out_Thread Group 1-318,text,true,,3218,338,139,139,https://pabsa.impressicocrm.com/api/tournament/119922/players,1197,0,0
1680593976677,1794,Get Home page currency,200,,Knock_out_Thread Group 1-101,text,true,,9160,321,139,139,https://pabsa.impressicocrm.com/api/currency,1794,0,0
1680593977432,1055,Get Players list ,200,,Knock_out_Thread Group 1-317,text,true,,3218,338,139,139,https://pabsa.impressicocrm.com/api/tournament/119922/players,1055,0,0
1680593978152,336,Home page ,200,OK,Knock_out_Thread Group 1-392,text,true,,3033,309,139,139,https://pabsa.impressicocrm.com/,335,0,259
1680593977461,1037,Get playerA_Vs_playerB,200,,Knock_out_Thread Group 1-247,text,true,,1239,341,139,139,https://pabsa.impressicocrm.com/api/tournament/matchScore/147598,1037,0,0
1680593976631,1880,Get tournamnent list ,200,,Knock_out_Thread Group 1-363,text,true,,58888,389,138,138,https://pabsa.impressicocrm.com/api/tournament?limit=12&pageNumber=1&sportType=&tournamentName=&tournamentStyle=,1494,0,0
1680593977085,1429,Get tournament result,200,,Knock_out_Thread Group 1-266,text,true,,5441,338,138,138,https://pabsa.impressicocrm.com/api/tournament/119922/matches,1429,0,0
1680593977128,1405,Get playerA_Vs_playerB,200,,Knock_out_Thread Group 1-276,text,true,,1239,341,138,138,https://pabsa.impressicocrm.com/api/tournament/matchScore/147598,1405,0,0
1680593977330,1203,Get Players list ,200,,Knock_out_Thread Group 1-310,text,true,,3218,338,138,138,https://pabsa.impressicocrm.com/api/tournament/119922/players,1203,0,0
1680593976815,1724,Get knockout players list ,200,,Knock_out_Thread Group 1-288,text,true,,4598,340,137,137,https://pabsa.impressicocrm.com/api/tournament/118871/knockouts,1724,0,0
1680593978253,286,Home page ,200,OK,Knock_out_Thread Group 1-393,text,true,,3033,309,137,137,https://pabsa.impressicocrm.com/,286,0,218
1680593976625,1932,Get Home page currency,200,,Knock_out_Thread Group 1-325,text,true,,9160,321,138,138,https://pabsa.impressicocrm.com/api/currency,1932,0,0
1680593977451,1131,Get Players list ,200,,Knock_out_Thread Group 1-334,text,true,,3218,338,138,138,https://pabsa.impressicocrm.com/api/tournament/119922/players,1131,0,0
1680593977953,635,Home page ,200,OK,Knock_out_Thread Group 1-390,text,true,,3033,309,138,138,https://pabsa.impressicocrm.com/,635,0,223
1680593977155,1455,Get tournament result,200,,Knock_out_Thread Group 1-277,text,true,,5441,338,138,138,https://pabsa.impressicocrm.com/api/tournament/119922/matches,1455,0,0
1680593976383,2233,Get tournamnent list ,200,,Knock_out_Thread Group 1-344,text,true,,58880,389,138,138,https://pabsa.impressicocrm.com/api/tournament?limit=12&pageNumber=1&sportType=&tournamentName=&tournamentStyle=,1347,0,0
1680593977586,1034,Get single knockout Player details,200,,Knock_out_Thread Group 1-275,text,true,,1210,326,138,138,https://pabsa.impressicocrm.com/api/player/110368,1034,0,0
1680593978371,271,Get Home page currency,200,,Knock_out_Thread Group 1-358,text,true,,9160,321,138,138,https://pabsa.impressicocrm.com/api/currency,271,0,0
1680593977578,1064,Get playerA_Vs_playerB,200,,Knock_out_Thread Group 1-254,text,true,,1239,341,138,138,https://pabsa.impressicocrm.com/api/tournament/matchScore/147598,1064,0,0
1680593977061,1581,Get tournamnent list ,200,,Knock_out_Thread Group 1-354,text,true,,58880,389,138,138,https://pabsa.impressicocrm.com/api/tournament?limit=12&pageNumber=1&sportType=&tournamentName=&tournamentStyle=,1328,0,0
1680593976086,2567,Get tournamnent list ,200,,Knock_out_Thread Group 1-351,text,true,,58888,389,138,138,https://pabsa.impressicocrm.com/api/tournament?limit=12&pageNumber=1&sportType=&tournamentName=&tournamentStyle=,1608,0,0
1680593977571,1092,Get Home page currency,200,,Knock_out_Thread Group 1-350,text,true,,9160,321,138,138,https://pabsa.impressicocrm.com/api/currency,1092,0,0
1680593978356,315,Home page ,200,OK,Knock_out_Thread Group 1-394,text,true,,3033,309,138,138,https://pabsa.impressicocrm.com/,315,0,235
1680593977576,1102,Get Break list ,200,,Knock_out_Thread Group 1-328,text,true,,3218,338,138,138,https://pabsa.impressicocrm.com/api/tournament/119922/players,1102,0,0
1680593977548,1167,Get Players list ,200,,Knock_out_Thread Group 1-331,text,true,,3218,338,138,138,https://pabsa.impressicocrm.com/api/tournament/119922/players,1167,0,0
1680593977671,1058,Get single knockout Player details,200,,Knock_out_Thread Group 1-291,text,true,,1210,326,138,138,https://pabsa.impressicocrm.com/api/player/110368,1058,0,0
1680593977629,1100,Get knockout players list ,200,,Knock_out_Thread Group 1-304,text,true,,4598,340,138,138,https://pabsa.impressicocrm.com/api/tournament/118871/knockouts,1100,0,0
1680593978452,281,Home page ,200,OK,Knock_out_Thread Group 1-395,text,true,,3033,309,138,138,https://pabsa.impressicocrm.com/,281,0,214
1680593977615,1120,Get Home page country ,200,,Knock_out_Thread Group 1-382,text,true,,17270,320,138,138,https://pabsa.impressicocrm.com/api/country,1118,0,0
1680593977701,1034,Get knockout players list ,200,,Knock_out_Thread Group 1-308,text,true,,4598,340,138,138,https://pabsa.impressicocrm.com/api/tournament/118871/knockouts,1034,0,0
1680593977363,1376,Get tournament result,200,,Knock_out_Thread Group 1-284,text,true,,5441,338,138,138,https://pabsa.impressicocrm.com/api/tournament/119922/matches,1376,0,0
1680593977661,1089,Get single knockout Player details,200,,Knock_out_Thread Group 1-272,text,true,,1210,326,138,138,https://pabsa.impressicocrm.com/api/player/110368,1089,0,0
1680593977667,1083,Get knockout players list ,200,,Knock_out_Thread Group 1-282,text,true,,4598,340,138,138,https://pabsa.impressicocrm.com/api/tournament/118871/knockouts,1083,0,0
1680593977755,999,Get single knockout Player details,200,,Knock_out_Thread Group 1-279,text,true,,1210,326,139,139,https://pabsa.impressicocrm.com/api/player/110368,999,0,0
1680593977588,1166,Get Players list ,200,,Knock_out_Thread Group 1-313,text,true,,3218,338,139,139,https://pabsa.impressicocrm.com/api/tournament/119922/players,1166,0,0
1680593977586,1173,Get Players list ,200,,Knock_out_Thread Group 1-329,text,true,,3218,338,139,139,https://pabsa.impressicocrm.com/api/tournament/119922/players,1173,0,0
1680593977789,972,Get single knockout Player details,200,,Knock_out_Thread Group 1-290,text,true,,1210,326,139,139,https://pabsa.impressicocrm.com/api/player/110368,972,0,0
1680593977743,1019,Get single knockout Player details,200,,Knock_out_Thread Group 1-274,text,true,,1210,326,139,139,https://pabsa.impressicocrm.com/api/player/110368,1018,0,0
1680593977648,1119,Get Break list ,200,,Knock_out_Thread Group 1-322,text,true,,3218,338,139,139,https://pabsa.impressicocrm.com/api/tournament/119922/players,1119,0,0
1680593977620,1153,Get Break list ,200,,Knock_out_Thread Group 1-314,text,true,,3218,338,139,139,https://pabsa.impressicocrm.com/api/tournament/119922/players,1153,0,0
1680593977636,1143,Get playerA_Vs_playerB,200,,Knock_out_Thread Group 1-243,text,true,,1239,341,139,139,https://pabsa.impressicocrm.com/api/tournament/matchScore/147598,1143,0,0
1680593977588,1197,Get Players list ,200,,Knock_out_Thread Group 1-339,text,true,,3218,338,138,138,https://pabsa.impressicocrm.com/api/tournament/119922/players,1197,0,0
1680593977376,1415,Get Break list ,200,,Knock_out_Thread Group 1-311,text,true,,3218,338,138,138,https://pabsa.impressicocrm.com/api/tournament/119922/players,1415,0,0
1680593976650,2152,Get tournamnent list ,200,,Knock_out_Thread Group 1-349,text,true,,58880,389,138,138,https://pabsa.impressicocrm.com/api/tournament?limit=12&pageNumber=1&sportType=&tournamentName=&tournamentStyle=,1569,0,0
1680593977670,1133,Get Home page currency,200,,Knock_out_Thread Group 1-348,text,true,,9160,321,138,138,https://pabsa.impressicocrm.com/api/currency,1133,0,0
1680593977629,1174,Get knockout players list ,200,,Knock_out_Thread Group 1-305,text,true,,4598,340,138,138,https://pabsa.impressicocrm.com/api/tournament/118871/knockouts,1174,0,0
1680593977706,1115,Get Break list ,200,,Knock_out_Thread Group 1-312,text,true,,3218,338,138,138,https://pabsa.impressicocrm.com/api/tournament/119922/players,1115,0,0
1680593977834,1005,Get Home page country ,200,,Knock_out_Thread Group 1-386,text,true,,17270,320,138,138,https://pabsa.impressicocrm.com/api/country,1004,0,0
1680593977658,1184,Get Home page country ,200,,Knock_out_Thread Group 1-383,text,true,,17270,320,138,138,https://pabsa.impressicocrm.com/api/country,1184,0,0
1680593977703,1139,Get knockout players list ,200,,Knock_out_Thread Group 1-298,text,true,,4598,340,138,138,https://pabsa.impressicocrm.com/api/tournament/118871/knockouts,1139,0,0
1680593977765,1081,Get Home page country ,200,,Knock_out_Thread Group 1-385,text,true,,17270,320,138,138,https://pabsa.impressicocrm.com/api/country,1077,0,0
1680593977565,1281,Get tournament result,200,,Knock_out_Thread Group 1-113,text,true,,5441,338,138,138,https://pabsa.impressicocrm.com/api/tournament/119922/matches,1281,0,0
1680593976578,2275,Get tournament result,200,,Knock_out_Thread Group 1-265,text,true,,5441,338,139,139,https://pabsa.impressicocrm.com/api/tournament/119922/matches,2275,0,0
1680593977898,961,Get knockout players list ,200,,Knock_out_Thread Group 1-294,text,true,,4598,340,139,139,https://pabsa.impressicocrm.com/api/tournament/118871/knockouts,961,0,0
1680593977844,1036,Get Players list ,200,,Knock_out_Thread Group 1-323,text,true,,3218,338,139,139,https://pabsa.impressicocrm.com/api/tournament/119922/players,1036,0,0
1680593977839,1045,Get playerA_Vs_playerB,200,,Knock_out_Thread Group 1-268,text,true,,1239,341,139,139,https://pabsa.impressicocrm.com/api/tournament/matchScore/147598,1045,0,0
1680593977896,988,Get Players list ,200,,Knock_out_Thread Group 1-341,text,true,,3218,338,139,139,https://pabsa.impressicocrm.com/api/tournament/119922/players,988,0,0
1680593977927,970,Get single knockout Player details,200,,Knock_out_Thread Group 1-239,text,true,,1210,326,138,138,https://pabsa.impressicocrm.com/api/player/110368,970,0,0
1680593977972,943,Get single knockout Player details,200,,Knock_out_Thread Group 1-299,text,true,,1210,326,138,138,https://pabsa.impressicocrm.com/api/player/110368,943,0,0
1680593976916,2003,Get knockout players list ,200,,Knock_out_Thread Group 1-295,text,true,,4598,340,138,138,https://pabsa.impressicocrm.com/api/tournament/118871/knockouts,2003,0,0
1680593977246,1681,Get tournamnent list ,200,,Knock_out_Thread Group 1-366,text,true,,58880,389,138,138,https://pabsa.impressicocrm.com/api/tournament?limit=12&pageNumber=1&sportType=&tournamentName=&tournamentStyle=,1329,0,0
1680593977652,1291,Get Home page currency,200,,Knock_out_Thread Group 1-346,text,true,,9160,321,138,138,https://pabsa.impressicocrm.com/api/currency,1291,0,0
1680593978653,290,Home page ,200,OK,Knock_out_Thread Group 1-397,text,true,,3033,309,138,138,https://pabsa.impressicocrm.com/,290,0,215
1680593977964,984,Get playerA_Vs_playerB,200,,Knock_out_Thread Group 1-287,text,true,,1239,341,138,138,https://pabsa.impressicocrm.com/api/tournament/matchScore/147598,984,0,0
1680593977715,1250,Get Home page country ,200,,Knock_out_Thread Group 1-384,text,true,,17270,320,138,138,https://pabsa.impressicocrm.com/api/country,1250,0,0
1680593976914,2052,Get Home page country ,200,,Knock_out_Thread Group 1-376,text,true,,17270,320,138,138,https://pabsa.impressicocrm.com/api/country,2052,0,0
1680593977916,1053,Get Home page currency,200,,Knock_out_Thread Group 1-352,text,true,,9160,321,138,138,https://pabsa.impressicocrm.com/api/currency,1053,0,0
1680593977571,1406,Get Players schedule,200,,Knock_out_Thread Group 1-303,text,true,,5441,338,138,138,https://pabsa.impressicocrm.com/api/tournament/119922/matches,1406,0,0
1680593977978,1032,Get Break list ,200,,Knock_out_Thread Group 1-326,text,true,,3218,338,138,138,https://pabsa.impressicocrm.com/api/tournament/119922/players,1032,0,0
1680593976975,2035,Get tournamnent list ,200,,Knock_out_Thread Group 1-367,text,true,,58880,389,138,138,https://pabsa.impressicocrm.com/api/tournament?limit=12&pageNumber=1&sportType=&tournamentName=&tournamentStyle=,1427,0,0
1680593977592,1423,Get playerA_Vs_playerB,200,,Knock_out_Thread Group 1-248,text,true,,1239,341,138,138,https://pabsa.impressicocrm.com/api/tournament/matchScore/147598,1423,0,0
1680593977982,1036,Get playerA_Vs_playerB,200,,Knock_out_Thread Group 1-270,text,true,,1239,341,137,137,https://pabsa.impressicocrm.com/api/tournament/matchScore/147598,1036,0,0
1680593977736,1325,Get tournament result,200,,Knock_out_Thread Group 1-292,text,true,,5441,338,137,137,https://pabsa.impressicocrm.com/api/tournament/119922/matches,1325,0,0
1680593976428,2659,Get tournamnent list ,200,,Knock_out_Thread Group 1-359,text,true,,58888,389,137,137,https://pabsa.impressicocrm.com/api/tournament?limit=12&pageNumber=1&sportType=&tournamentName=&tournamentStyle=,2351,0,0
1680593978019,1100,Get Players list ,200,,Knock_out_Thread Group 1-319,text,true,,3218,338,137,137,https://pabsa.impressicocrm.com/api/tournament/119922/players,1100,0,0
1680593978552,574,Home page ,200,OK,Knock_out_Thread Group 1-396,text,true,,3033,309,137,137,https://pabsa.impressicocrm.com/,573,0,215
1680593978678,452,Get Players schedule,200,,Knock_out_Thread Group 1-328,text,true,,5441,338,137,137,https://pabsa.impressicocrm.com/api/tournament/119922/matches,452,0,0
1680593977974,1162,Get Players schedule,200,,Knock_out_Thread Group 1-321,text,true,,5441,338,137,137,https://pabsa.impressicocrm.com/api/tournament/119922/matches,1162,0,0
1680593977963,1178,Get tournament result,200,,Knock_out_Thread Group 1-280,text,true,,5441,338,137,137,https://pabsa.impressicocrm.com/api/tournament/119922/matches,1178,0,0
1680593978100,1041,Get Players list ,200,,Knock_out_Thread Group 1-340,text,true,,3218,338,137,137,https://pabsa.impressicocrm.com/api/tournament/119922/players,1041,0,0
1680593977804,1346,Get playerA_Vs_playerB,200,,Knock_out_Thread Group 1-230,text,true,,1239,341,137,137,https://pabsa.impressicocrm.com/api/tournament/matchScore/147598,1346,0,0
1680593977626,1535,Get knockout players list ,200,,Knock_out_Thread Group 1-286,text,true,,4598,340,137,137,https://pabsa.impressicocrm.com/api/tournament/118871/knockouts,1535,0,0
1680593978114,1114,Get Home page country ,200,,Knock_out_Thread Group 1-375,text,true,,17270,320,137,137,https://pabsa.impressicocrm.com/api/country,1114,0,0
1680593977839,1389,Get Players list ,200,,Knock_out_Thread Group 1-332,text,true,,3218,338,137,137,https://pabsa.impressicocrm.com/api/tournament/119922/players,1389,0,0
1680593978125,1110,Get knockout players list ,200,,Knock_out_Thread Group 1-309,text,true,,4591,340,137,137,https://pabsa.impressicocrm.com/api/tournament/118871/knockouts,1110,0,0
1680593979130,105,Get knockout players list ,200,,Knock_out_Thread Group 1-328,text,true,,4598,340,137,137,https://pabsa.impressicocrm.com/api/tournament/118871/knockouts,105,0,0
1680593978100,1139,Get Players list ,200,,Knock_out_Thread Group 1-330,text,true,,3218,338,137,137,https://pabsa.impressicocrm.com/api/tournament/119922/players,1139,0,0
1680593978126,1117,Get playerA_Vs_playerB,200,,Knock_out_Thread Group 1-278,text,true,,1239,341,137,137,https://pabsa.impressicocrm.com/api/tournament/matchScore/147598,1117,0,0
1680593978113,1137,Get Players list ,200,,Knock_out_Thread Group 1-345,text,true,,3218,338,136,136,https://pabsa.impressicocrm.com/api/tournament/119922/players,1137,0,0
1680593978222,1038,Get knockout players list ,200,,Knock_out_Thread Group 1-289,text,true,,4598,340,137,137,https://pabsa.impressicocrm.com/api/tournament/118871/knockouts,1038,0,0
1680593978276,990,Get single knockout Player details,200,,Knock_out_Thread Group 1-281,text,true,,1210,326,137,137,https://pabsa.impressicocrm.com/api/player/110368,990,0,0
1680593978300,981,Get knockout players list ,200,,Knock_out_Thread Group 1-301,text,true,,4598,340,137,137,https://pabsa.impressicocrm.com/api/tournament/118871/knockouts,981,0,0
1680593978306,987,Get single knockout Player details,200,,Knock_out_Thread Group 1-285,text,true,,1210,326,137,137,https://pabsa.impressicocrm.com/api/player/110368,987,0,0
1680593978337,959,Get knockout players list ,200,,Knock_out_Thread Group 1-307,text,true,,4598,340,137,137,https://pabsa.impressicocrm.com/api/tournament/118871/knockouts,959,0,0
1680593978242,1058,Get knockout players list ,200,,Knock_out_Thread Group 1-306,text,true,,4598,340,137,137,https://pabsa.impressicocrm.com/api/tournament/118871/knockouts,1058,0,0
1680593978115,1207,Get Home page currency,200,,Knock_out_Thread Group 1-333,text,true,,9160,321,137,137,https://pabsa.impressicocrm.com/api/currency,1207,0,0
1680593977987,1335,Get tournament result,200,,Knock_out_Thread Group 1-283,text,true,,5441,338,137,137,https://pabsa.impressicocrm.com/api/tournament/119922/matches,1335,0,0
1680593977984,1338,Get Home page country ,200,,Knock_out_Thread Group 1-387,text,true,,17270,320,137,137,https://pabsa.impressicocrm.com/api/country,1338,0,0
1680593978165,1164,Get Players list ,200,,Knock_out_Thread Group 1-338,text,true,,3218,338,137,137,https://pabsa.impressicocrm.com/api/tournament/119922/players,1164,0,0
1680593977951,1392,Get Break list ,200,,Knock_out_Thread Group 1-327,text,true,,3218,338,137,137,https://pabsa.impressicocrm.com/api/tournament/119922/players,1392,0,0
1680593978113,1230,Get Break list ,200,,Knock_out_Thread Group 1-335,text,true,,3218,338,137,137,https://pabsa.impressicocrm.com/api/tournament/119922/players,1230,0,0
1680593977999,1344,Get tournament result,200,,Knock_out_Thread Group 1-273,text,true,,5441,338,137,137,https://pabsa.impressicocrm.com/api/tournament/119922/matches,1344,0,0
1680593977306,2037,Get tournamnent list ,200,,Knock_out_Thread Group 1-353,text,true,,58880,389,137,137,https://pabsa.impressicocrm.com/api/tournament?limit=12&pageNumber=1&sportType=&tournamentName=&tournamentStyle=,1444,0,0
1680593978951,393,Home page ,200,OK,Knock_out_Thread Group 1-400,text,true,,3033,309,137,137,https://pabsa.impressicocrm.com/,392,0,315
1680593978314,1037,Get knockout players list ,200,,Knock_out_Thread Group 1-300,text,true,,4598,340,138,138,https://pabsa.impressicocrm.com/api/tournament/118871/knockouts,1037,0,0
1680593978054,1316,Get Players schedule,200,,Knock_out_Thread Group 1-316,text,true,,5441,338,138,138,https://pabsa.impressicocrm.com/api/tournament/119922/matches,1316,0,0
1680593978354,1032,Get Players list ,200,,Knock_out_Thread Group 1-336,text,true,,3218,338,138,138,https://pabsa.impressicocrm.com/api/tournament/119922/players,1032,0,0
1680593978003,1386,Get Home page currency,200,,Knock_out_Thread Group 1-365,text,true,,9160,321,138,138,https://pabsa.impressicocrm.com/api/currency,1386,0,0
1680593977478,1911,Get knockout players list ,200,,Knock_out_Thread Group 1-302,text,true,,4598,340,138,138,https://pabsa.impressicocrm.com/api/tournament/118871/knockouts,1911,0,0
1680593978177,1214,Get Home page country ,200,,Knock_out_Thread Group 1-389,text,true,,17255,320,138,138,https://pabsa.impressicocrm.com/api/country,1214,0,0
1680593978365,1046,Get knockout players list ,200,,Knock_out_Thread Group 1-315,text,true,,4598,340,138,138,https://pabsa.impressicocrm.com/api/tournament/118871/knockouts,1046,0,0
1680593979053,358,Home page ,200,OK,Knock_out_Thread Group 1-401,text,true,,3033,309,138,138,https://pabsa.impressicocrm.com/,358,0,269
1680593979281,134,Get single knockout Player details,200,,Knock_out_Thread Group 1-301,text,true,,1210,326,138,138,https://pabsa.impressicocrm.com/api/player/110368,134,0,0
1680593978337,1132,Get tournament result,200,,Knock_out_Thread Group 1-297,text,true,,5441,338,139,139,https://pabsa.impressicocrm.com/api/tournament/119922/matches,1132,0,0
1680593978166,1307,Get tournament result,200,,Knock_out_Thread Group 1-293,text,true,,5441,338,139,139,https://pabsa.impressicocrm.com/api/tournament/119922/matches,1307,0,0
1680593977432,2041,Get tournamnent list ,200,,Knock_out_Thread Group 1-371,text,true,,58888,389,139,139,https://pabsa.impressicocrm.com/api/tournament?limit=12&pageNumber=1&sportType=&tournamentName=&tournamentStyle=,1283,0,0
1680593978413,1069,Get playerA_Vs_playerB,200,,Knock_out_Thread Group 1-174,text,true,,1239,341,139,139,https://pabsa.impressicocrm.com/api/tournament/matchScore/147598,1069,0,0
1680593977722,1764,Get Home page currency,200,,Knock_out_Thread Group 1-343,text,true,,9160,321,138,138,https://pabsa.impressicocrm.com/api/currency,1764,0,0
1680593979153,334,Home page ,200,OK,Knock_out_Thread Group 1-402,text,true,,3033,309,138,138,https://pabsa.impressicocrm.com/,333,0,258
1680593978359,1168,Get Players list ,200,,Knock_out_Thread Group 1-337,text,true,,3218,338,138,138,https://pabsa.impressicocrm.com/api/tournament/119922/players,1168,0,0
1680593978365,1175,Get knockout players list ,200,,Knock_out_Thread Group 1-263,text,true,,4598,340,138,138,https://pabsa.impressicocrm.com/api/tournament/118871/knockouts,1175,0,0
1680593978314,1276,Get tournament result,200,,Knock_out_Thread Group 1-267,text,true,,5435,338,139,139,https://pabsa.impressicocrm.com/api/tournament/119922/matches,1276,0,0
1680593978416,1214,Get Home page currency,200,,Knock_out_Thread Group 1-361,text,true,,9160,321,139,139,https://pabsa.impressicocrm.com/api/currency,1214,0,0
1680593978394,1250,Get Home page currency,200,,Knock_out_Thread Group 1-342,text,true,,9160,321,139,139,https://pabsa.impressicocrm.com/api/currency,1250,0,0
1680593978539,1108,Get single knockout Player details,200,,Knock_out_Thread Group 1-288,text,true,,1210,326,139,139,https://pabsa.impressicocrm.com/api/player/110368,1108,0,0
1680593978488,1198,Get Home page country ,200,,Knock_out_Thread Group 1-392,text,true,,17270,320,140,140,https://pabsa.impressicocrm.com/api/country,1198,0,0
1680593978514,1172,Get playerA_Vs_playerB,200,,Knock_out_Thread Group 1-266,text,true,,1239,341,140,140,https://pabsa.impressicocrm.com/api/tournament/matchScore/147598,1172,0,0
1680593978472,1220,Get Break list ,200,,Knock_out_Thread Group 1-318,text,true,,3218,338,139,139,https://pabsa.impressicocrm.com/api/tournament/119922/players,1220,0,0
1680593978389,1386,Get Players schedule,200,,Knock_out_Thread Group 1-320,text,true,,5441,338,140,140,https://pabsa.impressicocrm.com/api/tournament/119922/matches,1386,0,0
1680593978512,1269,Get Home page currency,200,,Knock_out_Thread Group 1-363,text,true,,9153,321,140,140,https://pabsa.impressicocrm.com/api/currency,1269,0,0
1680593978366,1415,Get Home page country ,200,,Knock_out_Thread Group 1-391,text,true,,17270,320,140,140,https://pabsa.impressicocrm.com/api/country,1415,0,0
1680593978729,1052,Get single knockout Player details,200,,Knock_out_Thread Group 1-304,text,true,,1210,326,140,140,https://pabsa.impressicocrm.com/api/player/110368,1052,0,0
1680593978539,1242,Get Home page country ,200,,Knock_out_Thread Group 1-393,text,true,,17270,320,140,140,https://pabsa.impressicocrm.com/api/country,1242,0,0
1680593978472,1318,Get Players list ,200,,Knock_out_Thread Group 1-101,text,true,,3218,338,140,140,https://pabsa.impressicocrm.com/api/tournament/119922/players,1318,0,0
1680593978589,1241,Get Home page country ,200,,Knock_out_Thread Group 1-390,text,true,,17270,320,140,140,https://pabsa.impressicocrm.com/api/country,1240,0,0
1680593978754,1084,Get Break list ,200,,Knock_out_Thread Group 1-313,text,true,,3218,338,140,140,https://pabsa.impressicocrm.com/api/tournament/119922/players,1084,0,0
1680593978750,1088,Get single knockout Player details,200,,Knock_out_Thread Group 1-282,text,true,,1210,326,140,140,https://pabsa.impressicocrm.com/api/player/110368,1088,0,0
1680593978739,1102,Get playerA_Vs_playerB,200,,Knock_out_Thread Group 1-284,text,true,,1239,341,140,140,https://pabsa.impressicocrm.com/api/tournament/matchScore/147598,1102,0,0
1680593977736,2134,Get Break list ,200,,Knock_out_Thread Group 1-324,text,true,,3218,338,140,140,https://pabsa.impressicocrm.com/api/tournament/119922/players,2134,0,0
1680593978733,1137,Get Home page country ,200,,Knock_out_Thread Group 1-395,text,true,,17270,320,140,140,https://pabsa.impressicocrm.com/api/country,1137,0,0
1680593978194,1688,Get knockout players list ,200,,Knock_out_Thread Group 1-296,text,true,,4598,340,140,140,https://pabsa.impressicocrm.com/api/tournament/118871/knockouts,1688,0,0
1680593977560,2323,Get tournamnent list ,200,,Knock_out_Thread Group 1-364,text,true,,58888,389,140,140,https://pabsa.impressicocrm.com/api/tournament?limit=12&pageNumber=1&sportType=&tournamentName=&tournamentStyle=,1371,0,0
1680593979652,265,Home page ,200,OK,Knock_out_Thread Group 1-407,text,true,,3033,309,140,140,https://pabsa.impressicocrm.com/,265,0,200
1680593979252,670,Home page ,200,OK,Knock_out_Thread Group 1-403,text,true,,3033,309,140,140,https://pabsa.impressicocrm.com/,670,0,600
1680593978642,1283,Get Players list ,200,,Knock_out_Thread Group 1-358,text,true,,3218,338,140,140,https://pabsa.impressicocrm.com/api/tournament/119922/players,1283,0,0
1680593978642,1302,Get Home page currency,200,,Knock_out_Thread Group 1-354,text,true,,9160,321,140,140,https://pabsa.impressicocrm.com/api/currency,1302,0,0
1680593978760,1197,Get Break list ,200,,Knock_out_Thread Group 1-329,text,true,,3218,338,141,141,https://pabsa.impressicocrm.com/api/tournament/119922/players,1197,0,0
1680593978371,1591,Get tournamnent list ,200,,Knock_out_Thread Group 1-381,text,true,,58888,389,141,141,https://pabsa.impressicocrm.com/api/tournament?limit=12&pageNumber=1&sportType=&tournamentName=&tournamentStyle=,1252,0,0
1680593977841,2138,Get tournamnent list ,200,,Knock_out_Thread Group 1-362,text,true,,58880,389,141,141,https://pabsa.impressicocrm.com/api/tournament?limit=12&pageNumber=1&sportType=&tournamentName=&tournamentStyle=,1356,0,0
1680593978672,1312,Get Home page country ,200,,Knock_out_Thread Group 1-394,text,true,,17270,320,141,141,https://pabsa.impressicocrm.com/api/country,1312,0,0
1680593978610,1398,Get playerA_Vs_playerB,200,,Knock_out_Thread Group 1-277,text,true,,1239,341,141,141,https://pabsa.impressicocrm.com/api/tournament/matchScore/147598,1398,0,0
1680593978558,1456,Get Players list ,200,,Knock_out_Thread Group 1-325,text,true,,3218,338,140,140,https://pabsa.impressicocrm.com/api/tournament/119922/players,1456,0,0
1680593978113,1907,Get tournamnent list ,200,,Knock_out_Thread Group 1-377,text,true,,58880,389,140,140,https://pabsa.impressicocrm.com/api/tournament?limit=12&pageNumber=1&sportType=&tournamentName=&tournamentStyle=,1327,0,0
1680593979752,289,Home page ,200,OK,Knock_out_Thread Group 1-408,text,true,,3033,309,140,140,https://pabsa.impressicocrm.com/,289,0,221
1680593978767,1310,Get Players schedule,200,,Knock_out_Thread Group 1-322,text,true,,5441,338,141,141,https://pabsa.impressicocrm.com/api/tournament/119922/matches,1310,0,0
1680593978804,1286,Get Players list ,200,,Knock_out_Thread Group 1-348,text,true,,3218,338,141,141,https://pabsa.impressicocrm.com/api/tournament/119922/players,1286,0,0
1680593978620,1475,Get tournament result,200,,Knock_out_Thread Group 1-275,text,true,,5441,338,141,141,https://pabsa.impressicocrm.com/api/tournament/119922/matches,1475,0,0
1680593978488,1609,Get Break list ,200,,Knock_out_Thread Group 1-317,text,true,,3218,338,141,141,https://pabsa.impressicocrm.com/api/tournament/119922/players,1609,0,0
1680593978583,1514,Get Break list ,200,,Knock_out_Thread Group 1-334,text,true,,3218,338,141,141,https://pabsa.impressicocrm.com/api/tournament/119922/players,1514,0,0
1680593978323,1779,Get tournamnent list ,200,,Knock_out_Thread Group 1-380,text,true,,58880,389,141,141,https://pabsa.impressicocrm.com/api/tournament?limit=12&pageNumber=1&sportType=&tournamentName=&tournamentStyle=,1421,0,0
1680593978785,1332,Get Break list ,200,,Knock_out_Thread Group 1-339,text,true,,3218,338,141,141,https://pabsa.impressicocrm.com/api/tournament/119922/players,1332,0,0
1680593978802,1320,Get Home page currency,200,,Knock_out_Thread Group 1-349,text,true,,9160,321,141,141,https://pabsa.impressicocrm.com/api/currency,1320,0,0
1680593978854,1293,Get playerA_Vs_playerB,200,,Knock_out_Thread Group 1-265,text,true,,1239,341,141,141,https://pabsa.impressicocrm.com/api/tournament/matchScore/147598,1293,0,0
1680593978715,1451,Get Break list ,200,,Knock_out_Thread Group 1-331,text,true,,3218,338,141,141,https://pabsa.impressicocrm.com/api/tournament/119922/players,1451,0,0
1680593978753,1421,Home page ,200,OK,Knock_out_Thread Group 1-398,text,true,,3033,309,141,141,https://pabsa.impressicocrm.com/,1421,0,1342
1680593978860,1322,Get single knockout Player details,200,,Knock_out_Thread Group 1-294,text,true,,1210,326,141,141,https://pabsa.impressicocrm.com/api/player/110368,1322,0,0
1680593978762,1424,Get tournament result,200,,Knock_out_Thread Group 1-274,text,true,,5441,338,141,141,https://pabsa.impressicocrm.com/api/tournament/119922/matches,1424,0,0
1680593978616,1577,Get Home page currency,200,,Knock_out_Thread Group 1-344,text,true,,9160,321,141,141,https://pabsa.impressicocrm.com/api/currency,1576,0,0
1680593978378,1817,Get Home page currency,200,,Knock_out_Thread Group 1-347,text,true,,9160,321,141,141,https://pabsa.impressicocrm.com/api/currency,1817,0,0
1680593978750,1481,Get tournament result,200,,Knock_out_Thread Group 1-272,text,true,,5441,338,141,141,https://pabsa.impressicocrm.com/api/tournament/119922/matches,1481,0,0
1680593978762,1475,Get tournament result,200,,Knock_out_Thread Group 1-290,text,true,,5441,338,141,141,https://pabsa.impressicocrm.com/api/tournament/119922/matches,1475,0,0
1680593978927,1336,Get Home page currency,200,,Knock_out_Thread Group 1-366,text,true,,9160,321,142,142,https://pabsa.impressicocrm.com/api/currency,1336,0,0
1680593978884,1400,Get Break list ,200,,Knock_out_Thread Group 1-341,text,true,,3218,338,142,142,https://pabsa.impressicocrm.com/api/tournament/119922/players,1400,0,0
1680593978804,1482,Get single knockout Player details,200,,Knock_out_Thread Group 1-305,text,true,,1210,326,142,142,https://pabsa.impressicocrm.com/api/player/110368,1482,0,0
1680593978853,1460,Home page ,200,OK,Knock_out_Thread Group 1-399,text,true,,3033,309,142,142,https://pabsa.impressicocrm.com/,1460,0,1320
1680593978754,1563,Get tournament result,200,,Knock_out_Thread Group 1-279,text,true,,5441,338,142,142,https://pabsa.impressicocrm.com/api/tournament/119922/matches,1563,0,0
1680593978944,1379,Get Home page country ,200,,Knock_out_Thread Group 1-397,text,true,,17270,320,142,142,https://pabsa.impressicocrm.com/api/country,1378,0,0
1680593978880,1463,Get Break list ,200,,Knock_out_Thread Group 1-323,text,true,,3218,338,142,142,https://pabsa.impressicocrm.com/api/tournament/119922/players,1463,0,0
1680593979061,1295,Get playerA_Vs_playerB,200,,Knock_out_Thread Group 1-292,text,true,,1239,341,143,143,https://pabsa.impressicocrm.com/api/tournament/matchScore/147598,1295,0,0
1680593978773,1583,Get Players schedule,200,,Knock_out_Thread Group 1-314,text,true,,5441,338,143,143,https://pabsa.impressicocrm.com/api/tournament/119922/matches,1583,0,0
1680593978407,1949,Get tournamnent list ,200,,Knock_out_Thread Group 1-368,text,true,,58880,389,143,143,https://pabsa.impressicocrm.com/api/tournament?limit=12&pageNumber=1&sportType=&tournamentName=&tournamentStyle=,1469,0,0
1680593977862,2494,Get tournamnent list ,200,,Knock_out_Thread Group 1-374,text,true,,58880,389,143,143,https://pabsa.impressicocrm.com/api/tournament?limit=12&pageNumber=1&sportType=&tournamentName=&tournamentStyle=,1408,0,0
1680593978977,1392,Get knockout players list ,200,,Knock_out_Thread Group 1-303,text,true,,4598,340,142,142,https://pabsa.impressicocrm.com/api/tournament/118871/knockouts,1392,0,0
1680593977768,2608,Get tournamnent list ,200,,Knock_out_Thread Group 1-355,text,true,,58880,389,142,142,https://pabsa.impressicocrm.com/api/tournament?limit=12&pageNumber=1&sportType=&tournamentName=&tournamentStyle=,1763,0,0
1680593978969,1414,Get Players list ,200,,Knock_out_Thread Group 1-352,text,true,,3218,338,142,142,https://pabsa.impressicocrm.com/api/tournament/119922/players,1414,0,0
1680593978791,1595,Get Players schedule,200,,Knock_out_Thread Group 1-311,text,true,,5441,338,142,142,https://pabsa.impressicocrm.com/api/tournament/119922/matches,1595,0,0
1680593978842,1554,Get single knockout Player details,200,,Knock_out_Thread Group 1-298,text,true,,1210,326,142,142,https://pabsa.impressicocrm.com/api/player/110368,1554,0,0
1680593979162,1270,Get single knockout Player details,200,,Knock_out_Thread Group 1-286,text,true,,1210,326,142,142,https://pabsa.impressicocrm.com/api/player/110368,1270,0,0
1680593979087,1350,Get Home page currency,200,,Knock_out_Thread Group 1-359,text,true,,9160,321,142,142,https://pabsa.impressicocrm.com/api/currency,1350,0,0
1680593978114,2323,Get Home page country ,200,,Knock_out_Thread Group 1-388,text,true,,17270,320,142,142,https://pabsa.impressicocrm.com/api/country,2323,0,0
1680593979119,1318,Get Break list ,200,,Knock_out_Thread Group 1-319,text,true,,3218,338,142,142,https://pabsa.impressicocrm.com/api/tournament/119922/players,1318,0,0
1680593979554,883,Home page ,200,OK,Knock_out_Thread Group 1-406,text,true,,3033,309,142,142,https://pabsa.impressicocrm.com/,883,0,454
1680593979142,1301,Get playerA_Vs_playerB,200,,Knock_out_Thread Group 1-280,text,true,,1239,341,142,142,https://pabsa.impressicocrm.com/api/tournament/matchScore/147598,1301,0,0
1680593979126,1317,Get Home page country ,200,,Knock_out_Thread Group 1-396,text,true,,17270,320,142,142,https://pabsa.impressicocrm.com/api/country,1317,0,0
1680593978438,2005,Get tournamnent list ,200,,Knock_out_Thread Group 1-370,text,true,,58880,389,142,142,https://pabsa.impressicocrm.com/api/tournament?limit=12&pageNumber=1&sportType=&tournamentName=&tournamentStyle=,1535,0,0
1680593979235,1216,Get single knockout Player details,200,,Knock_out_Thread Group 1-328,text,true,,1210,326,141,141,https://pabsa.impressicocrm.com/api/player/110368,1216,0,0
1680593979235,1220,Get single knockout Player details,200,,Knock_out_Thread Group 1-309,text,true,,1210,326,142,142,https://pabsa.impressicocrm.com/api/player/110368,1220,0,0
1680593978919,1566,Get single knockout Player details,200,,Knock_out_Thread Group 1-295,text,true,,1210,326,142,142,https://pabsa.impressicocrm.com/api/player/110368,1566,0,0
1680593978944,1545,Get Players list ,200,,Knock_out_Thread Group 1-346,text,true,,3218,338,142,142,https://pabsa.impressicocrm.com/api/tournament/119922/players,1545,0,0
1680593978653,1849,Get Home page currency,200,,Knock_out_Thread Group 1-351,text,true,,9160,321,142,142,https://pabsa.impressicocrm.com/api/currency,1849,0,0
1680593978897,1605,Get tournament result,200,,Knock_out_Thread Group 1-239,text,true,,5441,338,142,142,https://pabsa.impressicocrm.com/api/tournament/119922/matches,1605,0,0
1680593979261,1245,Get single knockout Player details,200,,Knock_out_Thread Group 1-289,text,true,,1210,326,142,142,https://pabsa.impressicocrm.com/api/player/110368,1245,0,0
1680593979142,1364,Get Break list ,200,,Knock_out_Thread Group 1-340,text,true,,3218,338,142,142,https://pabsa.impressicocrm.com/api/tournament/119922/players,1364,0,0
1680593979297,1220,Get single knockout Player details,200,,Knock_out_Thread Group 1-307,text,true,,1210,326,142,142,https://pabsa.impressicocrm.com/api/player/110368,1220,0,0
1680593980153,366,Home page ,200,OK,Knock_out_Thread Group 1-412,text,true,,3033,309,142,142,https://pabsa.impressicocrm.com/,365,0,284
1680593980253,277,Home page ,200,OK,Knock_out_Thread Group 1-413,text,true,,3033,309,142,142,https://pabsa.impressicocrm.com/,277,0,209
1680593979228,1323,Get Break list ,200,,Knock_out_Thread Group 1-332,text,true,,3218,338,142,142,https://pabsa.impressicocrm.com/api/tournament/119922/players,1323,0,0
1680593979250,1333,Get Break list ,200,,Knock_out_Thread Group 1-345,text,true,,3218,338,143,143,https://pabsa.impressicocrm.com/api/tournament/119922/players,1333,0,0
1680593979322,1292,Get playerA_Vs_playerB,200,,Knock_out_Thread Group 1-283,text,true,,1239,341,143,143,https://pabsa.impressicocrm.com/api/tournament/matchScore/147598,1292,0,0
1680593978821,1793,Get Players schedule,200,,Knock_out_Thread Group 1-312,text,true,,5441,338,143,143,https://pabsa.impressicocrm.com/api/tournament/119922/matches,1793,0,0
1680593979240,1374,Get Break list ,200,,Knock_out_Thread Group 1-330,text,true,,3218,338,143,143,https://pabsa.impressicocrm.com/api/tournament/119922/players,1374,0,0
1680593979329,1300,Get Break list ,200,,Knock_out_Thread Group 1-338,text,true,,3218,338,142,142,https://pabsa.impressicocrm.com/api/tournament/119922/players,1300,0,0
1680593977992,2637,Get tournamnent list ,200,,Knock_out_Thread Group 1-357,text,true,,58888,389,142,142,https://pabsa.impressicocrm.com/api/tournament?limit=12&pageNumber=1&sportType=&tournamentName=&tournamentStyle=,1553,0,0
1680593978368,2261,Get tournamnent list ,200,,Knock_out_Thread Group 1-378,text,true,,58888,389,142,142,https://pabsa.impressicocrm.com/api/tournament?limit=12&pageNumber=1&sportType=&tournamentName=&tournamentStyle=,1571,0,0
1680593979854,778,Home page ,200,OK,Knock_out_Thread Group 1-409,text,true,,3033,309,142,142,https://pabsa.impressicocrm.com/,778,0,287
1680593979352,1283,Get single knockout Player details,200,,Knock_out_Thread Group 1-300,text,true,,1210,326,142,142,https://pabsa.impressicocrm.com/api/player/110368,1283,0,0
1680593979389,1255,Get single knockout Player details,200,,Knock_out_Thread Group 1-302,text,true,,1210,326,142,142,https://pabsa.impressicocrm.com/api/player/110368,1255,0,0
1680593979322,1331,Get Players list ,200,,Knock_out_Thread Group 1-333,text,true,,3218,338,143,143,https://pabsa.impressicocrm.com/api/tournament/119922/players,1331,0,0
1680593980353,308,Home page ,200,OK,Knock_out_Thread Group 1-414,text,true,,3033,309,143,143,https://pabsa.impressicocrm.com/,307,0,230
1680593978729,1936,Get tournament result,200,,Knock_out_Thread Group 1-291,text,true,,5441,338,143,143,https://pabsa.impressicocrm.com/api/tournament/119922/matches,1936,0,0
1680593979344,1331,Get playerA_Vs_playerB,200,,Knock_out_Thread Group 1-273,text,true,,1239,341,143,143,https://pabsa.impressicocrm.com/api/tournament/matchScore/147598,1331,0,0
1680593979371,1304,Get knockout players list ,200,,Knock_out_Thread Group 1-316,text,true,,4598,340,143,143,https://pabsa.impressicocrm.com/api/tournament/118871/knockouts,1304,0,0
1680593980438,278,Get Players schedule,200,,Knock_out_Thread Group 1-319,text,true,,5441,338,142,142,https://pabsa.impressicocrm.com/api/tournament/119922/matches,278,0,0
1680593979411,1335,Get single knockout Player details,200,,Knock_out_Thread Group 1-315,text,true,,1210,326,142,142,https://pabsa.impressicocrm.com/api/player/110368,1335,0,0
1680593979473,1296,Get playerA_Vs_playerB,200,,Knock_out_Thread Group 1-293,text,true,,1239,341,143,143,https://pabsa.impressicocrm.com/api/tournament/matchScore/147598,1296,0,0
1680593979010,1781,Get Home page currency,200,,Knock_out_Thread Group 1-367,text,true,,9160,321,142,142,https://pabsa.impressicocrm.com/api/currency,1781,0,0
1680593979389,1411,Get Players list ,200,,Knock_out_Thread Group 1-365,text,true,,3218,338,142,142,https://pabsa.impressicocrm.com/api/tournament/119922/players,1411,0,0
1680593979469,1334,Get playerA_Vs_playerB,200,,Knock_out_Thread Group 1-297,text,true,,1239,341,142,142,https://pabsa.impressicocrm.com/api/tournament/matchScore/147598,1334,0,0
1680593980716,98,Get knockout players list ,200,,Knock_out_Thread Group 1-319,text,true,,4598,340,141,141,https://pabsa.impressicocrm.com/api/tournament/118871/knockouts,98,0,0
1680593979137,1680,Get knockout players list ,200,,Knock_out_Thread Group 1-321,text,true,,4598,340,141,141,https://pabsa.impressicocrm.com/api/tournament/118871/knockouts,1680,0,0
1680593979344,1479,Get Home page country ,200,,Knock_out_Thread Group 1-400,text,true,,17270,320,141,141,https://pabsa.impressicocrm.com/api/country,1434,0,0
1680593978915,1912,Get tournament result,200,,Knock_out_Thread Group 1-299,text,true,,5441,338,141,141,https://pabsa.impressicocrm.com/api/tournament/119922/matches,1912,0,0
1680593978847,1984,Get playerA_Vs_playerB,200,,Knock_out_Thread Group 1-113,text,true,,1239,341,141,141,https://pabsa.impressicocrm.com/api/tournament/matchScore/147598,1984,0,0
1680593979540,1292,Get single knockout Player details,200,,Knock_out_Thread Group 1-263,text,true,,1210,326,140,140,https://pabsa.impressicocrm.com/api/player/110368,1292,0,0
1680593978663,2172,Get Players list ,200,,Knock_out_Thread Group 1-350,text,true,,3218,338,140,140,https://pabsa.impressicocrm.com/api/tournament/119922/players,2172,0,0
1680593979010,1828,Get Players schedule,200,,Knock_out_Thread Group 1-326,text,true,,5435,338,140,140,https://pabsa.impressicocrm.com/api/tournament/119922/matches,1828,0,0
1680593978049,2789,Get tournamnent list ,200,,Knock_out_Thread Group 1-369,text,true,,58888,389,140,140,https://pabsa.impressicocrm.com/api/tournament?limit=12&pageNumber=1&sportType=&tournamentName=&tournamentStyle=,1454,0,0
1680593979293,1548,Get tournament result,200,,Knock_out_Thread Group 1-285,text,true,,5441,338,140,140,https://pabsa.impressicocrm.com/api/tournament/119922/matches,1548,0,0
1680593978847,1999,Get tournamnent list ,200,,Knock_out_Thread Group 1-385,text,true,,58880,389,140,140,https://pabsa.impressicocrm.com/api/tournament?limit=12&pageNumber=1&sportType=&tournamentName=&tournamentStyle=,1453,0,0
1680593979590,1261,Get playerA_Vs_playerB,200,,Knock_out_Thread Group 1-267,text,true,,1239,341,140,140,https://pabsa.impressicocrm.com/api/tournament/matchScore/147598,1261,0,0
1680593979300,1562,Get single knockout Player details,200,,Knock_out_Thread Group 1-306,text,true,,1210,326,140,140,https://pabsa.impressicocrm.com/api/player/110368,1562,0,0
1680593978736,2132,Get single knockout Player details,200,,Knock_out_Thread Group 1-308,text,true,,1210,326,140,140,https://pabsa.impressicocrm.com/api/player/110368,2132,0,0
1680593979266,1609,Get tournament result,200,,Knock_out_Thread Group 1-281,text,true,,5441,338,140,140,https://pabsa.impressicocrm.com/api/tournament/119922/matches,1609,0,0
1680593978735,2159,Get tournamnent list ,200,,Knock_out_Thread Group 1-382,text,true,,58888,389,140,140,https://pabsa.impressicocrm.com/api/tournament?limit=12&pageNumber=1&sportType=&tournamentName=&tournamentStyle=,1451,0,0
1680593979487,1411,Get Home page country ,200,,Knock_out_Thread Group 1-402,text,true,,17270,320,140,140,https://pabsa.impressicocrm.com/api/country,1411,0,0
1680593979412,1489,Get Home page country ,200,,Knock_out_Thread Group 1-401,text,true,,17270,320,140,140,https://pabsa.impressicocrm.com/api/country,1489,0,0
1680593979630,1276,Get Players list ,200,,Knock_out_Thread Group 1-361,text,true,,3218,338,140,140,https://pabsa.impressicocrm.com/api/tournament/119922/players,1276,0,0
1680593979686,1226,Get tournamnent list ,200,,Knock_out_Thread Group 1-392,text,true,,58888,389,140,140,https://pabsa.impressicocrm.com/api/tournament?limit=12&pageNumber=1&sportType=&tournamentName=&tournamentStyle=,416,0,0
1680593980652,265,Home page ,200,OK,Knock_out_Thread Group 1-417,text,true,,3033,309,140,140,https://pabsa.impressicocrm.com/,265,0,202
1680593979352,1569,Home page ,200,OK,Knock_out_Thread Group 1-404,text,true,,3033,309,140,140,https://pabsa.impressicocrm.com/,1569,0,1124
1680593979344,1581,Get Players schedule,200,,Knock_out_Thread Group 1-327,text,true,,5441,338,140,140,https://pabsa.impressicocrm.com/api/tournament/119922/matches,1581,0,0
1680593979487,1456,Get Players list ,200,,Knock_out_Thread Group 1-343,text,true,,3218,338,140,140,https://pabsa.impressicocrm.com/api/tournament/119922/players,1456,0,0
1680593979473,1482,Get Home page currency,200,,Knock_out_Thread Group 1-371,text,true,,9160,321,141,141,https://pabsa.impressicocrm.com/api/currency,1482,0,0
1680593978839,2116,Get tournamnent list ,200,,Knock_out_Thread Group 1-386,text,true,,58880,389,141,141,https://pabsa.impressicocrm.com/api/tournament?limit=12&pageNumber=1&sportType=&tournamentName=&tournamentStyle=,1493,0,0
1680593979344,1614,Get Players schedule,200,,Knock_out_Thread Group 1-335,text,true,,5441,338,141,141,https://pabsa.impressicocrm.com/api/tournament/119922/matches,1614,0,0
1680593979776,1194,Get knockout players list ,200,,Knock_out_Thread Group 1-320,text,true,,4598,340,141,141,https://pabsa.impressicocrm.com/api/tournament/118871/knockouts,1194,0,0
1680593979644,1343,Get Players list ,200,,Knock_out_Thread Group 1-342,text,true,,3218,338,141,141,https://pabsa.impressicocrm.com/api/tournament/119922/players,1343,0,0
1680593978442,2554,Get tournamnent list ,200,,Knock_out_Thread Group 1-372,text,true,,58888,389,141,141,https://pabsa.impressicocrm.com/api/tournament?limit=12&pageNumber=1&sportType=&tournamentName=&tournamentStyle=,1668,0,0
1680593979415,1593,Get tournament result,200,,Knock_out_Thread Group 1-301,text,true,,5441,338,141,141,https://pabsa.impressicocrm.com/api/tournament/119922/matches,1593,0,0
1680593979882,1142,Get single knockout Player details,200,,Knock_out_Thread Group 1-296,text,true,,1210,326,141,141,https://pabsa.impressicocrm.com/api/player/110368,1142,0,0
1680593980052,1008,Home page ,200,OK,Knock_out_Thread Group 1-411,text,true,,3033,309,142,142,https://pabsa.impressicocrm.com/,1008,0,823
1680593979918,1172,Get Home page country ,200,,Knock_out_Thread Group 1-407,text,true,,17255,320,142,142,https://pabsa.impressicocrm.com/api/country,1164,0,0
1680593979344,1757,Get Home page currency,200,,Knock_out_Thread Group 1-353,text,true,,9160,321,142,142,https://pabsa.impressicocrm.com/api/currency,1756,0,0
1680593979790,1316,Get Break list ,200,,Knock_out_Thread Group 1-101,text,true,,3218,338,142,142,https://pabsa.impressicocrm.com/api/tournament/119922/players,1316,0,0
1680593979692,1439,Get Players schedule,200,,Knock_out_Thread Group 1-318,text,true,,5441,338,142,142,https://pabsa.impressicocrm.com/api/tournament/119922/matches,1439,0,0
1680593979944,1198,Get Players list ,200,,Knock_out_Thread Group 1-354,text,true,,3218,338,142,142,https://pabsa.impressicocrm.com/api/tournament/119922/players,1198,0,0
1680593978534,2633,Get Break list ,200,,Knock_out_Thread Group 1-310,text,true,,3218,338,143,143,https://pabsa.impressicocrm.com/api/tournament/119922/players,2633,0,0
1680593979454,1723,Home page ,200,OK,Knock_out_Thread Group 1-405,text,true,,3033,309,143,143,https://pabsa.impressicocrm.com/,1723,0,1088
1680593979781,1408,Get tournament result,200,,Knock_out_Thread Group 1-304,text,true,,5441,338,143,143,https://pabsa.impressicocrm.com/api/tournament/119922/matches,1408,0,0
1680593979923,1271,Get Home page country ,200,,Knock_out_Thread Group 1-403,text,true,,17270,320,143,143,https://pabsa.impressicocrm.com/api/country,1271,0,0
1680593979387,1815,Get Break list ,200,,Knock_out_Thread Group 1-336,text,true,,3218,338,143,143,https://pabsa.impressicocrm.com/api/tournament/119922/players,1815,0,0
1680593979391,1815,Get tournamnent list ,200,,Knock_out_Thread Group 1-389,text,true,,58888,389,143,143,https://pabsa.impressicocrm.com/api/tournament?limit=12&pageNumber=1&sportType=&tournamentName=&tournamentStyle=,1537,0,0
1680593979839,1373,Get Players schedule,200,,Knock_out_Thread Group 1-313,text,true,,5441,338,143,143,https://pabsa.impressicocrm.com/api/tournament/119922/matches,1373,0,0
1680593979839,1381,Get tournament result,200,,Knock_out_Thread Group 1-282,text,true,,5441,338,143,143,https://pabsa.impressicocrm.com/api/tournament/119922/matches,1381,0,0
1680593979926,1302,Get Break list ,200,,Knock_out_Thread Group 1-358,text,true,,3218,338,143,143,https://pabsa.impressicocrm.com/api/tournament/119922/players,1301,0,0
1680593978340,2900,Get tournamnent list ,200,,Knock_out_Thread Group 1-379,text,true,,58888,389,143,143,https://pabsa.impressicocrm.com/api/tournament?limit=12&pageNumber=1&sportType=&tournamentName=&tournamentStyle=,2410,0,0
1680593980096,1145,Get playerA_Vs_playerB,200,,Knock_out_Thread Group 1-275,text,true,,1239,341,143,143,https://pabsa.impressicocrm.com/api/tournament/matchScore/147598,1145,0,0
1680593978424,2817,Get tournamnent list ,200,,Knock_out_Thread Group 1-360,text,true,,58880,389,143,143,https://pabsa.impressicocrm.com/api/tournament?limit=12&pageNumber=1&sportType=&tournamentName=&tournamentStyle=,1614,0,0
1680593980020,1235,Get Home page currency,200,,Knock_out_Thread Group 1-377,text,true,,9160,321,143,143,https://pabsa.impressicocrm.com/api/currency,1235,0,0
1680593980042,1218,Get Home page country ,200,,Knock_out_Thread Group 1-408,text,true,,17270,320,143,143,https://pabsa.impressicocrm.com/api/country,1215,0,0
1680593979979,1292,Get Home page currency,200,,Knock_out_Thread Group 1-362,text,true,,9160,321,143,143,https://pabsa.impressicocrm.com/api/currency,1291,0,0
1680593980091,1194,Get Break list ,200,,Knock_out_Thread Group 1-348,text,true,,3218,338,143,143,https://pabsa.impressicocrm.com/api/tournament/119922/players,1194,0,0
1680593980552,733,Home page ,200,OK,Knock_out_Thread Group 1-416,text,true,,3033,309,143,143,https://pabsa.impressicocrm.com/,733,0,244
1680593979871,1436,Get Players schedule,200,,Knock_out_Thread Group 1-324,text,true,,5441,338,143,143,https://pabsa.impressicocrm.com/api/tournament/119922/matches,1436,0,0
1680593980123,1201,Get Players list ,200,,Knock_out_Thread Group 1-349,text,true,,3218,338,143,143,https://pabsa.impressicocrm.com/api/tournament/119922/players,1201,0,0
1680593980175,1174,Get Home page country ,200,,Knock_out_Thread Group 1-398,text,true,,17270,320,143,143,https://pabsa.impressicocrm.com/api/country,1174,0,0
1680593980238,1139,Get playerA_Vs_playerB,200,,Knock_out_Thread Group 1-290,text,true,,1239,341,144,144,https://pabsa.impressicocrm.com/api/tournament/matchScore/147598,1139,0,0
1680593980014,1383,Get Break list ,200,,Knock_out_Thread Group 1-325,text,true,,3218,338,143,143,https://pabsa.impressicocrm.com/api/tournament/119922/players,1383,0,0
1680593979883,1514,Get Home page currency,200,,Knock_out_Thread Group 1-364,text,true,,9160,321,143,143,https://pabsa.impressicocrm.com/api/currency,1514,0,0
1680593980187,1212,Get playerA_Vs_playerB,200,,Knock_out_Thread Group 1-274,text,true,,1239,341,143,143,https://pabsa.impressicocrm.com/api/tournament/matchScore/147598,1212,0,0
1680593979228,2171,Get tournamnent list ,200,,Knock_out_Thread Group 1-375,text,true,,58880,389,143,143,https://pabsa.impressicocrm.com/api/tournament?limit=12&pageNumber=1&sportType=&tournamentName=&tournamentStyle=,1599,0,0
1680593981053,360,Home page ,200,OK,Knock_out_Thread Group 1-421,text,true,,3033,309,142,142,https://pabsa.impressicocrm.com/,360,0,218
1680593980193,1242,Get Players list ,200,,Knock_out_Thread Group 1-344,text,true,,3218,338,142,142,https://pabsa.impressicocrm.com/api/tournament/119922/players,1242,0,0
1680593980318,1122,Get playerA_Vs_playerB,200,,Knock_out_Thread Group 1-279,text,true,,1239,341,142,142,https://pabsa.impressicocrm.com/api/tournament/matchScore/147598,1122,0,0
1680593980454,998,Home page ,200,OK,Knock_out_Thread Group 1-415,text,true,,3033,309,142,142,https://pabsa.impressicocrm.com/,998,0,867
1680593980232,1226,Get playerA_Vs_playerB,200,,Knock_out_Thread Group 1-272,text,true,,1239,341,142,142,https://pabsa.impressicocrm.com/api/tournament/matchScore/147598,1226,0,0
1680593980195,1263,Get Players list ,200,,Knock_out_Thread Group 1-347,text,true,,3218,338,142,142,https://pabsa.impressicocrm.com/api/tournament/119922/players,1263,0,0
1680593979323,2153,Get tournamnent list ,200,,Knock_out_Thread Group 1-387,text,true,,58880,389,141,141,https://pabsa.impressicocrm.com/api/tournament?limit=12&pageNumber=1&sportType=&tournamentName=&tournamentStyle=,1557,0,0
1680593980853,640,Home page ,200,OK,Knock_out_Thread Group 1-419,text,true,,3033,309,141,141,https://pabsa.impressicocrm.com/,639,0,253
1680593980077,1419,Get knockout players list ,200,,Knock_out_Thread Group 1-322,text,true,,4598,340,141,141,https://pabsa.impressicocrm.com/api/tournament/118871/knockouts,1419,0,0
1680593980387,1116,Get knockout players list ,200,,Knock_out_Thread Group 1-311,text,true,,4598,340,141,141,https://pabsa.impressicocrm.com/api/tournament/118871/knockouts,1116,0,0
1680593980097,1420,Get Players schedule,200,,Knock_out_Thread Group 1-334,text,true,,5441,338,141,141,https://pabsa.impressicocrm.com/api/tournament/119922/matches,1420,0,0
1680593980103,1427,Get Home page currency,200,,Knock_out_Thread Group 1-380,text,true,,9160,321,141,141,https://pabsa.impressicocrm.com/api/currency,1427,0,0
1680593980357,1176,Get Home page currency,200,,Knock_out_Thread Group 1-374,text,true,,9160,321,141,141,https://pabsa.impressicocrm.com/api/currency,1176,0,0
1680593980097,1439,Get Players schedule,200,,Knock_out_Thread Group 1-317,text,true,,5441,338,141,141,https://pabsa.impressicocrm.com/api/tournament/119922/matches,1439,0,0
1680593979957,1579,Get Players schedule,200,,Knock_out_Thread Group 1-329,text,true,,5441,338,141,141,https://pabsa.impressicocrm.com/api/tournament/119922/matches,1579,0,0
1680593980377,1159,Get Home page currency,200,,Knock_out_Thread Group 1-355,text,true,,9160,321,141,141,https://pabsa.impressicocrm.com/api/currency,1159,0,0
1680593978350,3189,Get tournamnent list ,200,,Knock_out_Thread Group 1-373,text,true,,58888,389,141,141,https://pabsa.impressicocrm.com/api/tournament?limit=12&pageNumber=1&sportType=&tournamentName=&tournamentStyle=,1623,0,0
1680593980356,1193,Get knockout players list ,200,,Knock_out_Thread Group 1-314,text,true,,4598,340,141,141,https://pabsa.impressicocrm.com/api/tournament/118871/knockouts,1193,0,0
1680593981154,403,Home page ,200,OK,Knock_out_Thread Group 1-422,text,true,,3033,309,142,142,https://pabsa.impressicocrm.com/,403,0,330
1680593980118,1441,Get Players schedule,200,,Knock_out_Thread Group 1-339,text,true,,5441,338,142,142,https://pabsa.impressicocrm.com/api/tournament/119922/matches,1441,0,0
1680593979781,1802,Get Players list ,200,,Knock_out_Thread Group 1-363,text,true,,3218,338,142,142,https://pabsa.impressicocrm.com/api/tournament/119922/players,1802,0,0
1680593980384,1201,Get Break list ,200,,Knock_out_Thread Group 1-352,text,true,,3218,338,142,142,https://pabsa.impressicocrm.com/api/tournament/119922/players,1201,0,0
1680593981255,340,Home page ,200,OK,Knock_out_Thread Group 1-423,text,true,,3033,309,142,142,https://pabsa.impressicocrm.com/,340,0,258
1680593980183,1433,Get tournament result,200,,Knock_out_Thread Group 1-294,text,true,,5441,338,142,142,https://pabsa.impressicocrm.com/api/tournament/119922/matches,1433,0,0
1680593980438,1178,Get Players list ,200,,Knock_out_Thread Group 1-359,text,true,,3218,338,142,142,https://pabsa.impressicocrm.com/api/tournament/119922/players,1178,0,0
1680593979962,1668,Get Home page currency,200,,Knock_out_Thread Group 1-381,text,true,,9160,321,142,142,https://pabsa.impressicocrm.com/api/currency,1668,0,0
1680593979781,1859,Get tournamnent list ,200,,Knock_out_Thread Group 1-393,text,true,,58888,389,142,142,https://pabsa.impressicocrm.com/api/tournament?limit=12&pageNumber=1&sportType=&tournamentName=&tournamentStyle=,1493,0,0
1680593980264,1390,Get Players list ,200,,Knock_out_Thread Group 1-366,text,true,,3218,338,143,143,https://pabsa.impressicocrm.com/api/tournament/119922/players,1390,0,0
1680593980284,1378,Get Players schedule,200,,Knock_out_Thread Group 1-341,text,true,,5441,338,143,143,https://pabsa.impressicocrm.com/api/tournament/119922/matches,1377,0,0
1680593979952,1721,Home page ,200,OK,Knock_out_Thread Group 1-410,text,true,,3033,309,143,143,https://pabsa.impressicocrm.com/,1720,0,1605
1680593978966,2759,Get tournamnent list ,200,,Knock_out_Thread Group 1-376,text,true,,58880,389,143,143,https://pabsa.impressicocrm.com/api/tournament?limit=12&pageNumber=1&sportType=&tournamentName=&tournamentStyle=,1791,0,0
1680593980438,1309,Get Home page country ,200,,Knock_out_Thread Group 1-406,text,true,,17270,320,143,143,https://pabsa.impressicocrm.com/api/country,1309,0,0
1680593981356,396,Home page ,200,OK,Knock_out_Thread Group 1-424,text,true,,3033,309,143,143,https://pabsa.impressicocrm.com/,396,0,298
1680593980344,1415,Get Players schedule,200,,Knock_out_Thread Group 1-323,text,true,,5441,338,144,144,https://pabsa.impressicocrm.com/api/tournament/119922/matches,1415,0,0
1680593980370,1394,Get single knockout Player details,200,,Knock_out_Thread Group 1-303,text,true,,1210,326,144,144,https://pabsa.impressicocrm.com/api/player/110368,1394,0,0
1680593980489,1275,Get Break list ,200,,Knock_out_Thread Group 1-346,text,true,,3218,338,144,144,https://pabsa.impressicocrm.com/api/tournament/119922/players,1275,0,0
1680593981452,348,Home page ,200,OK,Knock_out_Thread Group 1-425,text,true,,3033,309,144,144,https://pabsa.impressicocrm.com/,348,0,202
1680593980287,1530,Get tournament result,200,,Knock_out_Thread Group 1-305,text,true,,5441,338,144,144,https://pabsa.impressicocrm.com/api/tournament/119922/matches,1530,0,0
1680593980455,1389,Get tournament result,200,,Knock_out_Thread Group 1-309,text,true,,5441,338,144,144,https://pabsa.impressicocrm.com/api/tournament/119922/matches,1389,0,0
1680593980357,1494,Get Home page currency,200,,Knock_out_Thread Group 1-368,text,true,,9153,321,144,144,https://pabsa.impressicocrm.com/api/currency,1494,0,0
1680593979984,1873,Get tournamnent list ,200,,Knock_out_Thread Group 1-394,text,true,,58880,389,145,145,https://pabsa.impressicocrm.com/api/tournament?limit=12&pageNumber=1&sportType=&tournamentName=&tournamentStyle=,1537,0,0
1680593980502,1360,Get playerA_Vs_playerB,200,,Knock_out_Thread Group 1-239,text,true,,1239,341,145,145,https://pabsa.impressicocrm.com/api/tournament/matchScore/147598,1360,0,0
1680593980502,1402,Get Players list ,200,,Knock_out_Thread Group 1-351,text,true,,3218,338,144,144,https://pabsa.impressicocrm.com/api/tournament/119922/players,1402,0,0
1680593980433,1475,Get tournament result,200,,Knock_out_Thread Group 1-286,text,true,,5441,338,144,144,https://pabsa.impressicocrm.com/api/tournament/119922/matches,1474,0,0
1680593980451,1481,Get tournament result,200,,Knock_out_Thread Group 1-328,text,true,,5441,338,144,144,https://pabsa.impressicocrm.com/api/tournament/119922/matches,1481,0,0
1680593980615,1323,Get knockout players list ,200,,Knock_out_Thread Group 1-312,text,true,,4598,340,144,144,https://pabsa.impressicocrm.com/api/tournament/118871/knockouts,1323,0,0
1680593981553,407,Home page ,200,OK,Knock_out_Thread Group 1-426,text,true,,3033,309,145,145,https://pabsa.impressicocrm.com/,407,0,229
1680593980506,1464,Get Players schedule,200,,Knock_out_Thread Group 1-340,text,true,,5441,338,145,145,https://pabsa.impressicocrm.com/api/tournament/119922/matches,1464,0,0
1680593980485,1490,Get tournament result,200,,Knock_out_Thread Group 1-295,text,true,,5441,338,145,145,https://pabsa.impressicocrm.com/api/tournament/119922/matches,1490,0,0
1680593981654,341,Home page ,200,OK,Knock_out_Thread Group 1-427,text,true,,3033,309,145,145,https://pabsa.impressicocrm.com/,341,0,261
1680593980675,1322,Get single knockout Player details,200,,Knock_out_Thread Group 1-316,text,true,,1210,326,145,145,https://pabsa.impressicocrm.com/api/player/110368,1322,0,0
1680593980654,1358,Get Break list ,200,,Knock_out_Thread Group 1-333,text,true,,3218,338,145,145,https://pabsa.impressicocrm.com/api/tournament/119922/players,1358,0,0
1680593980314,1702,Get Home page country ,200,,Knock_out_Thread Group 1-399,text,true,,17270,320,145,145,https://pabsa.impressicocrm.com/api/country,1702,0,0
1680593980665,1361,Get playerA_Vs_playerB,200,,Knock_out_Thread Group 1-291,text,true,,1239,341,145,145,https://pabsa.impressicocrm.com/api/tournament/matchScore/147598,1361,0,0
1680593980661,1378,Get Home page country ,200,,Knock_out_Thread Group 1-414,text,true,,17270,320,144,144,https://pabsa.impressicocrm.com/api/country,1377,0,0
1680593980644,1404,Get tournament result,200,,Knock_out_Thread Group 1-302,text,true,,5435,338,144,144,https://pabsa.impressicocrm.com/api/tournament/119922/matches,1404,0,0
1680593981753,296,Home page ,200,OK,Knock_out_Thread Group 1-428,text,true,,3033,309,144,144,https://pabsa.impressicocrm.com/,295,0,227
1680593980630,1435,Get Home page currency,200,,Knock_out_Thread Group 1-357,text,true,,9160,321,145,145,https://pabsa.impressicocrm.com/api/currency,1435,0,0
1680593980166,1915,Get Players schedule,200,,Knock_out_Thread Group 1-331,text,true,,5441,338,145,145,https://pabsa.impressicocrm.com/api/tournament/119922/matches,1915,0,0
1680593980633,1455,Get Home page country ,200,,Knock_out_Thread Group 1-409,text,true,,17270,320,145,145,https://pabsa.impressicocrm.com/api/country,1448,0,0
1680593980630,1470,Get Home page currency,200,,Knock_out_Thread Group 1-378,text,true,,9160,321,145,145,https://pabsa.impressicocrm.com/api/currency,1469,0,0
1680593980753,1351,Home page ,200,OK,Knock_out_Thread Group 1-418,text,true,,3033,309,145,145,https://pabsa.impressicocrm.com/,1351,0,1286
1680593980324,1801,Get tournamnent list ,200,,Knock_out_Thread Group 1-397,text,true,,58865,389,145,145,https://pabsa.impressicocrm.com/api/tournament?limit=12&pageNumber=1&sportType=&tournamentName=&tournamentStyle=,1476,0,0
1680593980791,1334,Get Players list ,200,,Knock_out_Thread Group 1-367,text,true,,3218,338,145,145,https://pabsa.impressicocrm.com/api/tournament/119922/players,1334,0,0
1680593980817,1312,Get single knockout Player details,200,,Knock_out_Thread Group 1-321,text,true,,1210,326,145,145,https://pabsa.impressicocrm.com/api/player/110368,1312,0,0
1680593980800,1329,Get Break list ,200,,Knock_out_Thread Group 1-365,text,true,,3218,338,145,145,https://pabsa.impressicocrm.com/api/tournament/119922/players,1329,0,0
1680593980517,1616,Get tournament result,200,,Knock_out_Thread Group 1-307,text,true,,5441,338,145,145,https://pabsa.impressicocrm.com/api/tournament/119922/matches,1616,0,0
1680593978965,3187,Get tournamnent list ,200,,Knock_out_Thread Group 1-384,text,true,,58888,389,145,145,https://pabsa.impressicocrm.com/api/tournament?limit=12&pageNumber=1&sportType=&tournamentName=&tournamentStyle=,1835,0,0
1680593979528,2631,Get Break list ,200,,Knock_out_Thread Group 1-337,text,true,,3218,338,146,146,https://pabsa.impressicocrm.com/api/tournament/119922/players,2631,0,0
1680593981856,316,Home page ,200,OK,Knock_out_Thread Group 1-429,text,true,,3033,309,146,146,https://pabsa.impressicocrm.com/,316,0,240
1680593979830,2350,Get tournamnent list ,200,,Knock_out_Thread Group 1-390,text,true,,58880,389,146,146,https://pabsa.impressicocrm.com/api/tournament?limit=12&pageNumber=1&sportType=&tournamentName=&tournamentStyle=,1436,0,0
1680593980635,1555,Get tournament result,200,,Knock_out_Thread Group 1-300,text,true,,5435,338,146,146,https://pabsa.impressicocrm.com/api/tournament/119922/matches,1555,0,0
1680593980615,1581,Get Players schedule,200,,Knock_out_Thread Group 1-330,text,true,,5441,338,146,146,https://pabsa.impressicocrm.com/api/tournament/119922/matches,1581,0,0
1680593980828,1374,Get playerA_Vs_playerB,200,,Knock_out_Thread Group 1-299,text,true,,1239,341,146,146,https://pabsa.impressicocrm.com/api/tournament/matchScore/147598,1374,0,0
1680593980838,1369,Get knockout players list ,200,,Knock_out_Thread Group 1-326,text,true,,4598,340,145,145,https://pabsa.impressicocrm.com/api/tournament/118871/knockouts,1369,0,0
1680593980841,1410,Get playerA_Vs_playerB,200,,Knock_out_Thread Group 1-285,text,true,,1239,341,145,145,https://pabsa.impressicocrm.com/api/tournament/matchScore/147598,1410,0,0
1680593978842,3409,Get tournamnent list ,200,,Knock_out_Thread Group 1-383,text,true,,58888,389,145,145,https://pabsa.impressicocrm.com/api/tournament?limit=12&pageNumber=1&sportType=&tournamentName=&tournamentStyle=,1647,0,0
1680593980875,1390,Get playerA_Vs_playerB,200,,Knock_out_Thread Group 1-281,text,true,,1239,341,145,145,https://pabsa.impressicocrm.com/api/tournament/matchScore/147598,1390,0,0
1680593982208,70,Get single knockout Player details,200,,Knock_out_Thread Group 1-326,text,true,,1210,326,144,144,https://pabsa.impressicocrm.com/api/player/110368,70,0,0
1680593979781,2497,Get tournamnent list ,200,,Knock_out_Thread Group 1-391,text,true,,58880,389,144,144,https://pabsa.impressicocrm.com/api/tournament?limit=12&pageNumber=1&sportType=&tournamentName=&tournamentStyle=,1421,0,0
1680593980970,1324,Get single knockout Player details,200,,Knock_out_Thread Group 1-320,text,true,,1210,326,144,144,https://pabsa.impressicocrm.com/api/player/110368,1324,0,0
1680593980906,1397,Get Break list ,200,,Knock_out_Thread Group 1-361,text,true,,3218,338,144,144,https://pabsa.impressicocrm.com/api/tournament/119922/players,1397,0,0
1680593980836,1495,Get Break list ,200,,Knock_out_Thread Group 1-350,text,true,,3218,338,144,144,https://pabsa.impressicocrm.com/api/tournament/119922/players,1495,0,0
1680593980444,1887,Get Home page currency,200,,Knock_out_Thread Group 1-370,text,true,,9160,321,144,144,https://pabsa.impressicocrm.com/api/currency,1887,0,0
1680593980444,1896,Get tournamnent list ,200,,Knock_out_Thread Group 1-396,text,true,,58880,389,144,144,https://pabsa.impressicocrm.com/api/tournament?limit=12&pageNumber=1&sportType=&tournamentName=&tournamentStyle=,1526,0,0
1680593979647,2736,Get tournament result,200,,Knock_out_Thread Group 1-288,text,true,,5441,338,145,145,https://pabsa.impressicocrm.com/api/tournament/119922/matches,2736,0,0
1680593980926,1457,Get knockout players list ,200,,Knock_out_Thread Group 1-327,text,true,,4598,340,145,145,https://pabsa.impressicocrm.com/api/tournament/118871/knockouts,1457,0,0
1680593980959,1430,Get knockout players list ,200,,Knock_out_Thread Group 1-335,text,true,,4598,340,145,145,https://pabsa.impressicocrm.com/api/tournament/118871/knockouts,1430,0,0
1680593980997,1398,Get Home page currency,200,,Knock_out_Thread Group 1-372,text,true,,9160,321,145,145,https://pabsa.impressicocrm.com/api/currency,1398,0,0
1680593980506,1892,Get tournament result,200,,Knock_out_Thread Group 1-289,text,true,,5441,338,145,145,https://pabsa.impressicocrm.com/api/tournament/119922/matches,1892,0,0
1680593981131,1279,Get knockout players list ,200,,Knock_out_Thread Group 1-318,text,true,,4598,340,145,145,https://pabsa.impressicocrm.com/api/tournament/118871/knockouts,1279,0,0
1680593980815,1617,Get single knockout Player details,200,,Knock_out_Thread Group 1-319,text,true,,1210,326,145,145,https://pabsa.impressicocrm.com/api/player/110368,1617,0,0
1680593980913,1547,Get Home page currency,200,,Knock_out_Thread Group 1-392,text,true,,9160,321,146,146,https://pabsa.impressicocrm.com/api/currency,1547,0,0
1680593980519,1955,Get Home page country ,200,,Knock_out_Thread Group 1-412,text,true,,17270,320,146,146,https://pabsa.impressicocrm.com/api/country,1955,0,0
1680593980629,1866,Get Players schedule,200,,Knock_out_Thread Group 1-338,text,true,,5441,338,146,146,https://pabsa.impressicocrm.com/api/tournament/119922/matches,1866,0,0
1680593981953,545,Home page ,200,OK,Knock_out_Thread Group 1-430,text,true,,3033,309,146,146,https://pabsa.impressicocrm.com/,545,0,445
1680593982383,120,Get playerA_Vs_playerB,200,,Knock_out_Thread Group 1-288,text,true,,1239,341,146,146,https://pabsa.impressicocrm.com/api/tournament/matchScore/147598,120,0,0
1680593980918,1599,Get Home page country ,200,,Knock_out_Thread Group 1-417,text,true,,17270,320,145,145,https://pabsa.impressicocrm.com/api/country,1599,0,0
1680593981101,1416,Get Players list ,200,,Knock_out_Thread Group 1-353,text,true,,3218,338,145,145,https://pabsa.impressicocrm.com/api/tournament/119922/players,1416,0,0
1680593980863,1673,Get tournament result,200,,Knock_out_Thread Group 1-306,text,true,,5441,338,145,145,https://pabsa.impressicocrm.com/api/tournament/119922/matches,1673,0,0
1680593981221,1349,Get playerA_Vs_playerB,200,,Knock_out_Thread Group 1-282,text,true,,1239,341,146,146,https://pabsa.impressicocrm.com/api/tournament/matchScore/147598,1349,0,0
1680593980987,1595,Get Break list ,200,,Knock_out_Thread Group 1-342,text,true,,3218,338,145,145,https://pabsa.impressicocrm.com/api/tournament/119922/players,1595,0,0
1680593980438,2144,Get tournamnent list ,200,,Knock_out_Thread Group 1-388,text,true,,58880,389,145,145,https://pabsa.impressicocrm.com/api/tournament?limit=12&pageNumber=1&sportType=&tournamentName=&tournamentStyle=,1460,0,0
1680593981307,1294,Get knockout players list ,200,,Knock_out_Thread Group 1-324,text,true,,4598,340,145,145,https://pabsa.impressicocrm.com/api/tournament/118871/knockouts,1294,0,0
1680593980955,1680,Get Home page currency,200,,Knock_out_Thread Group 1-386,text,true,,9160,321,145,145,https://pabsa.impressicocrm.com/api/currency,1680,0,0
1680593981255,1380,Get Players list ,200,,Knock_out_Thread Group 1-377,text,true,,3218,338,145,145,https://pabsa.impressicocrm.com/api/tournament/119922/players,1380,0,0
1680593980832,1819,Get tournament result,200,,Knock_out_Thread Group 1-263,text,true,,5441,338,145,145,https://pabsa.impressicocrm.com/api/tournament/119922/matches,1819,0,0
1680593980531,2124,Get Home page country ,200,,Knock_out_Thread Group 1-413,text,true,,17270,320,146,146,https://pabsa.impressicocrm.com/api/country,2124,0,0
1680593981025,1633,Get tournament result,200,,Knock_out_Thread Group 1-296,text,true,,5441,338,146,146,https://pabsa.impressicocrm.com/api/tournament/119922/matches,1633,0,0
1680593981325,1379,Get Break list ,200,,Knock_out_Thread Group 1-349,text,true,,3218,338,146,146,https://pabsa.impressicocrm.com/api/tournament/119922/players,1379,0,0
1680593981497,1211,Get single knockout Player details,200,,Knock_out_Thread Group 1-322,text,true,,1210,326,146,146,https://pabsa.impressicocrm.com/api/player/110368,1211,0,0
1680593982053,669,Home page ,200,OK,Knock_out_Thread Group 1-431,text,true,,3033,309,146,146,https://pabsa.impressicocrm.com/,669,0,595
1680593980952,1792,Home page ,200,OK,Knock_out_Thread Group 1-420,text,true,,3033,309,146,146,https://pabsa.impressicocrm.com/,1792,0,1308
1680593980944,1807,Get Break list ,200,,Knock_out_Thread Group 1-343,text,true,,3218,338,146,146,https://pabsa.impressicocrm.com/api/tournament/119922/players,1807,0,0
1680593982254,506,Home page ,200,OK,Knock_out_Thread Group 1-433,text,true,,3033,309,147,147,https://pabsa.impressicocrm.com/,506,0,230
1680593982451,328,Home page ,200,OK,Knock_out_Thread Group 1-435,text,true,,3033,309,147,147,https://pabsa.impressicocrm.com/,328,0,248
1680593980838,1953,Get Home page currency,200,,Knock_out_Thread Group 1-369,text,true,,9160,321,147,147,https://pabsa.impressicocrm.com/api/currency,1953,0,0
1680593981517,1280,Get knockout players list ,200,,Knock_out_Thread Group 1-334,text,true,,4598,340,147,147,https://pabsa.impressicocrm.com/api/tournament/118871/knockouts,1280,0,0
1680593981550,1265,Get single knockout Player details,200,,Knock_out_Thread Group 1-314,text,true,,1210,326,147,147,https://pabsa.impressicocrm.com/api/player/110368,1265,0,0
1680593981206,1616,Get Home page currency,200,,Knock_out_Thread Group 1-389,text,true,,9160,321,147,147,https://pabsa.impressicocrm.com/api/currency,1616,0,0
1680593981536,1288,Get knockout players list ,200,,Knock_out_Thread Group 1-329,text,true,,4598,340,147,147,https://pabsa.impressicocrm.com/api/tournament/118871/knockouts,1288,0,0
1680593981453,1376,Get Home page country ,200,,Knock_out_Thread Group 1-415,text,true,,17255,320,147,147,https://pabsa.impressicocrm.com/api/country,1376,0,0
1680593981168,1668,Get Players schedule,200,,Knock_out_Thread Group 1-310,text,true,,5441,338,147,147,https://pabsa.impressicocrm.com/api/tournament/119922/matches,1668,0,0
1680593981397,1439,Get Players list ,200,,Knock_out_Thread Group 1-364,text,true,,3218,338,147,147,https://pabsa.impressicocrm.com/api/tournament/119922/players,1439,0,0
1680593981534,1311,Get Players list ,200,,Knock_out_Thread Group 1-374,text,true,,3218,338,147,147,https://pabsa.impressicocrm.com/api/tournament/119922/players,1311,0,0
1680593981435,1420,Get Break list ,200,,Knock_out_Thread Group 1-344,text,true,,3218,338,148,148,https://pabsa.impressicocrm.com/api/tournament/119922/players,1420,0,0
1680593981241,1618,Get Home page currency,200,,Knock_out_Thread Group 1-379,text,true,,9160,321,148,148,https://pabsa.impressicocrm.com/api/currency,1618,0,0
1680593981536,1340,Get knockout players list ,200,,Knock_out_Thread Group 1-317,text,true,,4598,340,148,148,https://pabsa.impressicocrm.com/api/tournament/118871/knockouts,1340,0,0
1680593981617,1263,Get playerA_Vs_playerB,200,,Knock_out_Thread Group 1-294,text,true,,1239,341,148,148,https://pabsa.impressicocrm.com/api/tournament/matchScore/147598,1263,0,0
1680593981662,1228,Get knockout players list ,200,,Knock_out_Thread Group 1-341,text,true,,4598,340,147,147,https://pabsa.impressicocrm.com/api/tournament/118871/knockouts,1228,0,0
1680593981458,1444,Get Break list ,200,,Knock_out_Thread Group 1-347,text,true,,3218,338,147,147,https://pabsa.impressicocrm.com/api/tournament/119922/players,1444,0,0
1680593980396,2509,Get tournament result,200,,Knock_out_Thread Group 1-298,text,true,,5441,338,147,147,https://pabsa.impressicocrm.com/api/tournament/119922/matches,2509,0,0
1680593981493,1420,Get Home page country ,200,,Knock_out_Thread Group 1-419,text,true,,17270,320,147,147,https://pabsa.impressicocrm.com/api/country,1383,0,0
1680593981286,1627,Get Home page country ,200,,Knock_out_Thread Group 1-416,text,true,,17270,320,147,147,https://pabsa.impressicocrm.com/api/country,1627,0,0
1680593981759,1166,Get knockout players list ,200,,Knock_out_Thread Group 1-323,text,true,,4598,340,147,147,https://pabsa.impressicocrm.com/api/tournament/118871/knockouts,1166,0,0
1680593981584,1359,Get Break list ,200,,Knock_out_Thread Group 1-363,text,true,,3218,338,147,147,https://pabsa.impressicocrm.com/api/tournament/119922/players,1359,0,0
1680593981655,1302,Get Break list ,200,,Knock_out_Thread Group 1-366,text,true,,3218,338,148,148,https://pabsa.impressicocrm.com/api/tournament/119922/players,1302,0,0
1680593981558,1409,Get Home page country ,200,,Knock_out_Thread Group 1-422,text,true,,17270,320,148,148,https://pabsa.impressicocrm.com/api/country,1409,0,0
1680593981228,1744,Get Players schedule,200,,Knock_out_Thread Group 1-358,text,true,,5441,338,148,148,https://pabsa.impressicocrm.com/api/tournament/119922/matches,1744,0,0
1680593981143,1838,Get Break list ,200,,Knock_out_Thread Group 1-354,text,true,,3218,338,148,148,https://pabsa.impressicocrm.com/api/tournament/119922/players,1838,0,0
1680593981817,1164,Get playerA_Vs_playerB,200,,Knock_out_Thread Group 1-305,text,true,,1239,341,148,148,https://pabsa.impressicocrm.com/api/tournament/matchScore/147598,1164,0,0
1680593981844,1142,Get playerA_Vs_playerB,200,,Knock_out_Thread Group 1-309,text,true,,1239,341,147,147,https://pabsa.impressicocrm.com/api/tournament/matchScore/147598,1142,0,0
1680593981851,1143,Get Players list ,200,,Knock_out_Thread Group 1-368,text,true,,3218,338,146,146,https://pabsa.impressicocrm.com/api/tournament/119922/players,1143,0,0
1680593981596,1404,Get Home page country ,200,,Knock_out_Thread Group 1-423,text,true,,17270,320,146,146,https://pabsa.impressicocrm.com/api/country,1404,0,0
1680593981630,1370,Get Players list ,200,,Knock_out_Thread Group 1-381,text,true,,3218,338,146,146,https://pabsa.impressicocrm.com/api/tournament/119922/players,1370,0,0
1680593981939,1063,Get single knockout Player details,200,,Knock_out_Thread Group 1-312,text,true,,1210,326,146,146,https://pabsa.impressicocrm.com/api/player/110368,1063,0,0
1680593981725,1287,Get Home page currency,200,,Knock_out_Thread Group 1-376,text,true,,9153,321,146,146,https://pabsa.impressicocrm.com/api/currency,1287,0,0
1680593981008,2004,Get playerA_Vs_playerB,200,,Knock_out_Thread Group 1-301,text,true,,1239,341,146,146,https://pabsa.impressicocrm.com/api/tournament/matchScore/147598,2004,0,0
1680593981971,1041,Get knockout players list ,200,,Knock_out_Thread Group 1-340,text,true,,4598,340,146,146,https://pabsa.impressicocrm.com/api/tournament/118871/knockouts,1041,0,0
1680593982751,264,Home page ,200,OK,Knock_out_Thread Group 1-438,text,true,,3033,309,145,145,https://pabsa.impressicocrm.com/,264,0,202
1680593981932,1094,Get playerA_Vs_playerB,200,,Knock_out_Thread Group 1-328,text,true,,1239,341,145,145,https://pabsa.impressicocrm.com/api/tournament/matchScore/147598,1094,0,0
1680593980746,2292,Get tournament result,200,,Knock_out_Thread Group 1-315,text,true,,5441,338,144,144,https://pabsa.impressicocrm.com/api/tournament/119922/matches,2292,0,0
1680593981540,1507,Get Home page currency,200,,Knock_out_Thread Group 1-373,text,true,,9160,321,144,144,https://pabsa.impressicocrm.com/api/currency,1507,0,0
1680593982154,893,Home page ,200,OK,Knock_out_Thread Group 1-432,text,true,,3033,309,144,144,https://pabsa.impressicocrm.com/,893,0,256
1680593981504,1577,Get single knockout Player details,200,,Knock_out_Thread Group 1-311,text,true,,1210,326,145,145,https://pabsa.impressicocrm.com/api/player/110368,1577,0,0
1680593981908,1174,Get playerA_Vs_playerB,200,,Knock_out_Thread Group 1-286,text,true,,1239,341,145,145,https://pabsa.impressicocrm.com/api/tournament/matchScore/147598,1174,0,0
1680593981585,1503,Get Players schedule,200,,Knock_out_Thread Group 1-352,text,true,,5441,338,144,144,https://pabsa.impressicocrm.com/api/tournament/119922/matches,1503,0,0
1680593981905,1205,Get Break list ,200,,Knock_out_Thread Group 1-351,text,true,,3218,338,144,144,https://pabsa.impressicocrm.com/api/tournament/119922/players,1205,0,0
1680593982049,1079,Get playerA_Vs_playerB,200,,Knock_out_Thread Group 1-302,text,true,,1239,341,144,144,https://pabsa.impressicocrm.com/api/tournament/matchScore/147598,1079,0,0
1680593981800,1349,Get Home page country ,200,,Knock_out_Thread Group 1-425,text,true,,17270,320,143,143,https://pabsa.impressicocrm.com/api/country,1349,0,0
1680593980922,2245,Get Home page country ,200,,Knock_out_Thread Group 1-404,text,true,,17270,320,144,144,https://pabsa.impressicocrm.com/api/country,1895,0,0
1680593981189,1978,Get playerA_Vs_playerB,200,,Knock_out_Thread Group 1-304,text,true,,1239,341,144,144,https://pabsa.impressicocrm.com/api/tournament/matchScore/147598,1978,0,0
1680593982065,1103,Get Players list ,200,,Knock_out_Thread Group 1-357,text,true,,3218,338,144,144,https://pabsa.impressicocrm.com/api/tournament/119922/players,1103,0,0
1680593981285,1886,Get Players schedule,200,,Knock_out_Thread Group 1-348,text,true,,5441,338,143,143,https://pabsa.impressicocrm.com/api/tournament/119922/matches,1886,0,0
1680593981271,1900,Get Players list ,200,,Knock_out_Thread Group 1-362,text,true,,3218,338,143,143,https://pabsa.impressicocrm.com/api/tournament/119922/players,1900,0,0
1680593980868,2309,Get tournament result,200,,Knock_out_Thread Group 1-308,text,true,,5441,338,143,143,https://pabsa.impressicocrm.com/api/tournament/119922/matches,2309,0,0
1680593982049,1129,Get Home page country ,200,,Knock_out_Thread Group 1-428,text,true,,17270,320,143,143,https://pabsa.impressicocrm.com/api/country,1129,0,0
1680593982852,326,Home page ,200,OK,Knock_out_Thread Group 1-439,text,true,,3033,309,143,143,https://pabsa.impressicocrm.com/,326,0,247
1680593981413,1769,Get Home page country ,200,,Knock_out_Thread Group 1-421,text,true,,17270,320,143,143,https://pabsa.impressicocrm.com/api/country,1769,0,0
1680593981996,1194,Get Home page country ,200,,Knock_out_Thread Group 1-427,text,true,,17270,320,143,143,https://pabsa.impressicocrm.com/api/country,1194,0,0
1680593981107,2090,Get Players schedule,200,,Knock_out_Thread Group 1-101,text,true,,5441,338,143,143,https://pabsa.impressicocrm.com/api/tournament/119922/matches,2090,0,0
1680593981530,1681,Get Players list ,200,,Knock_out_Thread Group 1-380,text,true,,3218,338,143,143,https://pabsa.impressicocrm.com/api/tournament/119922/players,1681,0,0
1680593981213,2003,Get knockout players list ,200,,Knock_out_Thread Group 1-313,text,true,,4598,340,143,143,https://pabsa.impressicocrm.com/api/tournament/118871/knockouts,2003,0,0
1680593981673,1556,Get Home page country ,200,,Knock_out_Thread Group 1-410,text,true,,17270,320,143,143,https://pabsa.impressicocrm.com/api/country,1494,0,0
1680593982134,1095,Get playerA_Vs_playerB,200,,Knock_out_Thread Group 1-307,text,true,,1239,341,143,143,https://pabsa.impressicocrm.com/api/tournament/matchScore/147598,1095,0,0
1680593981997,1232,Get tournament result,200,,Knock_out_Thread Group 1-316,text,true,,5441,338,143,143,https://pabsa.impressicocrm.com/api/tournament/119922/matches,1232,0,0
1680593982081,1148,Get knockout players list ,200,,Knock_out_Thread Group 1-331,text,true,,4598,340,143,143,https://pabsa.impressicocrm.com/api/tournament/118871/knockouts,1148,0,0
1680593981536,1693,Get Players list ,200,,Knock_out_Thread Group 1-355,text,true,,3218,338,143,143,https://pabsa.impressicocrm.com/api/tournament/119922/players,1693,0,0
1680593981091,2138,Get tournamnent list ,200,,Knock_out_Thread Group 1-407,text,true,,58880,389,143,143,https://pabsa.impressicocrm.com/api/tournament?limit=12&pageNumber=1&sportType=&tournamentName=&tournamentStyle=,1551,0,0
1680593982100,1131,Get Players list ,200,,Knock_out_Thread Group 1-378,text,true,,3218,338,142,142,https://pabsa.impressicocrm.com/api/tournament/119922/players,1131,0,0
1680593981400,1833,Get Home page currency,200,,Knock_out_Thread Group 1-375,text,true,,9160,321,142,142,https://pabsa.impressicocrm.com/api/currency,1833,0,0
1680593981764,1506,Get tournament result,200,,Knock_out_Thread Group 1-303,text,true,,5441,338,143,143,https://pabsa.impressicocrm.com/api/tournament/119922/matches,1506,0,0
1680593981764,1511,Get Players schedule,200,,Knock_out_Thread Group 1-346,text,true,,5441,338,143,143,https://pabsa.impressicocrm.com/api/tournament/119922/matches,1511,0,0
1680593982952,323,Home page ,200,OK,Knock_out_Thread Group 1-440,text,true,,3033,309,143,143,https://pabsa.impressicocrm.com/,323,0,235
1680593981961,1322,Get Home page country ,200,,Knock_out_Thread Group 1-426,text,true,,17270,320,143,143,https://pabsa.impressicocrm.com/api/country,1303,0,0
1680593981617,1683,Get Break list ,200,,Knock_out_Thread Group 1-359,text,true,,3218,338,143,143,https://pabsa.impressicocrm.com/api/tournament/119922/players,1683,0,0
1680593982126,1177,Get Break list ,200,,Knock_out_Thread Group 1-367,text,true,,3218,338,143,143,https://pabsa.impressicocrm.com/api/tournament/119922/players,1177,0,0
1680593981397,1910,Get Players schedule,200,,Knock_out_Thread Group 1-325,text,true,,5441,338,143,143,https://pabsa.impressicocrm.com/api/tournament/119922/matches,1910,0,0
1680593982191,1131,Get playerA_Vs_playerB,200,,Knock_out_Thread Group 1-300,text,true,,1239,341,143,143,https://pabsa.impressicocrm.com/api/tournament/matchScore/147598,1131,0,0
1680593981641,1686,Get Home page currency,200,,Knock_out_Thread Group 1-393,text,true,,9160,321,142,142,https://pabsa.impressicocrm.com/api/currency,1686,0,0
1680593981975,1357,Get playerA_Vs_playerB,200,,Knock_out_Thread Group 1-295,text,true,,1239,341,142,142,https://pabsa.impressicocrm.com/api/tournament/matchScore/147598,1357,0,0
1680593981477,1858,Get Home page currency,200,,Knock_out_Thread Group 1-387,text,true,,9160,321,141,141,https://pabsa.impressicocrm.com/api/currency,1858,0,0
1680593981242,2093,Get Home page currency,200,,Knock_out_Thread Group 1-360,text,true,,9160,321,141,141,https://pabsa.impressicocrm.com/api/currency,2093,0,0
1680593982105,1240,Get Home page country ,200,,Knock_out_Thread Group 1-418,text,true,,17270,320,141,141,https://pabsa.impressicocrm.com/api/country,1240,0,0
1680593980551,2837,Get Players schedule,200,,Knock_out_Thread Group 1-332,text,true,,5441,338,142,142,https://pabsa.impressicocrm.com/api/tournament/119922/matches,2837,0,0
1680593981858,1530,Get Home page currency,200,,Knock_out_Thread Group 1-394,text,true,,9160,321,142,142,https://pabsa.impressicocrm.com/api/currency,1530,0,0
1680593982013,1375,Get Players schedule,200,,Knock_out_Thread Group 1-333,text,true,,5441,338,142,142,https://pabsa.impressicocrm.com/api/tournament/119922/matches,1375,0,0
1680593982651,737,Home page ,200,OK,Knock_out_Thread Group 1-437,text,true,,3033,309,142,142,https://pabsa.impressicocrm.com/,737,0,624
1680593981560,1833,Get knockout players list ,200,,Knock_out_Thread Group 1-339,text,true,,4598,340,142,142,https://pabsa.impressicocrm.com/api/tournament/118871/knockouts,1833,0,0
1680593980895,2506,Get Home page currency,200,,Knock_out_Thread Group 1-382,text,true,,9153,321,142,142,https://pabsa.impressicocrm.com/api/currency,2506,0,0
1680593983153,283,Home page ,200,OK,Knock_out_Thread Group 1-442,text,true,,3033,309,142,142,https://pabsa.impressicocrm.com/,283,0,195
1680593982383,1063,Get single knockout Player details,200,,Knock_out_Thread Group 1-327,text,true,,1210,326,142,142,https://pabsa.impressicocrm.com/api/player/110368,1063,0,0
1680593982389,1057,Get single knockout Player details,200,,Knock_out_Thread Group 1-335,text,true,,1210,326,142,142,https://pabsa.impressicocrm.com/api/player/110368,1057,0,0
1680593982331,1115,Get Players list ,200,,Knock_out_Thread Group 1-370,text,true,,3218,338,142,142,https://pabsa.impressicocrm.com/api/tournament/119922/players,1115,0,0
1680593982410,1050,Get single knockout Player details,200,,Knock_out_Thread Group 1-318,text,true,,1210,326,143,143,https://pabsa.impressicocrm.com/api/player/110368,1050,0,0
1680593982340,1129,Get Home page currency,200,,Knock_out_Thread Group 1-396,text,true,,9160,321,143,143,https://pabsa.impressicocrm.com/api/currency,1129,0,0
1680593982278,1194,Get Home page currency,200,,Knock_out_Thread Group 1-391,text,true,,9153,321,143,143,https://pabsa.impressicocrm.com/api/currency,1194,0,0
1680593982130,1350,Get Players schedule,200,,Knock_out_Thread Group 1-365,text,true,,5441,338,143,143,https://pabsa.impressicocrm.com/api/tournament/119922/matches,1350,0,0
1680593982495,998,Get knockout players list ,200,,Knock_out_Thread Group 1-338,text,true,,4598,340,143,143,https://pabsa.impressicocrm.com/api/tournament/118871/knockouts,998,0,0
1680593981178,2323,Get Home page country ,200,,Knock_out_Thread Group 1-405,text,true,,17270,320,143,143,https://pabsa.impressicocrm.com/api/country,2320,0,0
1680593981752,1749,Get Home page country ,200,,Knock_out_Thread Group 1-424,text,true,,17270,320,143,143,https://pabsa.impressicocrm.com/api/country,1749,0,0
1680593982552,958,Home page ,200,OK,Knock_out_Thread Group 1-436,text,true,,3033,309,143,143,https://pabsa.impressicocrm.com/,958,0,796
1680593982173,1339,Get Home page country ,200,,Knock_out_Thread Group 1-429,text,true,,17270,320,143,143,https://pabsa.impressicocrm.com/api/country,1339,0,0
1680593982130,1382,Get tournament result,200,,Knock_out_Thread Group 1-321,text,true,,5441,338,143,143,https://pabsa.impressicocrm.com/api/tournament/119922/matches,1382,0,0
1680593982126,1397,Get Home page currency,200,,Knock_out_Thread Group 1-397,text,true,,9160,321,143,143,https://pabsa.impressicocrm.com/api/currency,1397,0,0
1680593982460,1063,Get Players list ,200,,Knock_out_Thread Group 1-392,text,true,,3218,338,143,143,https://pabsa.impressicocrm.com/api/tournament/119922/players,1063,0,0
1680593982601,935,Get single knockout Player details,200,,Knock_out_Thread Group 1-324,text,true,,1210,326,143,143,https://pabsa.impressicocrm.com/api/player/110368,935,0,0
1680593982303,1274,Get Players schedule,200,,Knock_out_Thread Group 1-361,text,true,,5441,338,144,144,https://pabsa.impressicocrm.com/api/tournament/119922/matches,1274,0,0
1680593982153,1430,Get Home page currency,200,,Knock_out_Thread Group 1-384,text,true,,9160,321,144,144,https://pabsa.impressicocrm.com/api/currency,1430,0,0
1680593982159,1427,Get Players schedule,200,,Knock_out_Thread Group 1-337,text,true,,5441,338,144,144,https://pabsa.impressicocrm.com/api/tournament/119922/matches,1427,0,0
1680593981061,2529,Get Home page country ,200,,Knock_out_Thread Group 1-411,text,true,,17270,320,144,144,https://pabsa.impressicocrm.com/api/country,2529,0,0
1680593983252,339,Home page ,200,OK,Knock_out_Thread Group 1-443,text,true,,3033,309,144,144,https://pabsa.impressicocrm.com/,338,0,260
1680593983053,543,Home page ,200,OK,Knock_out_Thread Group 1-441,text,true,,3033,309,144,144,https://pabsa.impressicocrm.com/,542,0,244
1680593982294,1305,Get tournament result,200,,Knock_out_Thread Group 1-320,text,true,,5441,338,144,144,https://pabsa.impressicocrm.com/api/tournament/119922/matches,1305,0,0
1680593982278,1334,Get tournament result,200,,Knock_out_Thread Group 1-326,text,true,,5441,338,144,144,https://pabsa.impressicocrm.com/api/tournament/119922/matches,1334,0,0
1680593982636,988,Get Players list ,200,,Knock_out_Thread Group 1-386,text,true,,3218,338,144,144,https://pabsa.impressicocrm.com/api/tournament/119922/players,988,0,0
1680593982498,1129,Get Home page country ,200,,Knock_out_Thread Group 1-430,text,true,,17270,320,144,144,https://pabsa.impressicocrm.com/api/country,1126,0,0
1680593982636,997,Get Break list ,200,,Knock_out_Thread Group 1-377,text,true,,3218,338,144,144,https://pabsa.impressicocrm.com/api/tournament/119922/players,997,0,0
1680593982658,975,Get playerA_Vs_playerB,200,,Knock_out_Thread Group 1-296,text,true,,1239,341,144,144,https://pabsa.impressicocrm.com/api/tournament/matchScore/147598,975,0,0
1680593982517,1166,Get Break list ,200,,Knock_out_Thread Group 1-353,text,true,,3218,338,144,144,https://pabsa.impressicocrm.com/api/tournament/119922/players,1166,0,0
1680593982651,1046,Get playerA_Vs_playerB,200,,Knock_out_Thread Group 1-263,text,true,,1239,341,144,144,https://pabsa.impressicocrm.com/api/tournament/matchScore/147598,1046,0,0
1680593983355,350,Home page ,200,OK,Knock_out_Thread Group 1-444,text,true,,3033,309,143,143,https://pabsa.impressicocrm.com/,350,0,267
1680593979871,3842,Get tournamnent list ,200,,Knock_out_Thread Group 1-395,text,true,,58880,389,143,143,https://pabsa.impressicocrm.com/api/tournament?limit=12&pageNumber=1&sportType=&tournamentName=&tournamentStyle=,1536,0,0
1680593981195,2527,Get tournamnent list ,200,,Knock_out_Thread Group 1-403,text,true,,58880,389,143,143,https://pabsa.impressicocrm.com/api/tournament?limit=12&pageNumber=1&sportType=&tournamentName=&tournamentStyle=,1612,0,0
1680593982760,1000,Get Home page country ,200,,Knock_out_Thread Group 1-433,text,true,,17270,320,144,144,https://pabsa.impressicocrm.com/api/country,998,0,0
1680593982039,1749,Get tournamnent list ,200,,Knock_out_Thread Group 1-414,text,true,,58865,389,144,144,https://pabsa.impressicocrm.com/api/tournament?limit=12&pageNumber=1&sportType=&tournamentName=&tournamentStyle=,1342,0,0
1680593983453,344,Home page ,200,OK,Knock_out_Thread Group 1-445,text,true,,3033,309,144,144,https://pabsa.impressicocrm.com/,344,0,260
1680593982723,1088,Get Home page country ,200,,Knock_out_Thread Group 1-431,text,true,,17270,320,144,144,https://pabsa.impressicocrm.com/api/country,1088,0,0
1680593983553,259,Home page ,200,OK,Knock_out_Thread Group 1-446,text,true,,3033,309,144,144,https://pabsa.impressicocrm.com/,258,0,200
1680593982824,1024,Get single knockout Player details,200,,Knock_out_Thread Group 1-329,text,true,,1210,326,144,144,https://pabsa.impressicocrm.com/api/player/110368,1024,0,0
1680593982744,1106,Get Home page country ,200,,Knock_out_Thread Group 1-420,text,true,,17270,320,144,144,https://pabsa.impressicocrm.com/api/country,1106,0,0
1680593982836,1020,Get knockout players list ,200,,Knock_out_Thread Group 1-310,text,true,,4598,340,145,145,https://pabsa.impressicocrm.com/api/tournament/118871/knockouts,1020,0,0
1680593982582,1283,Get Players schedule,200,,Knock_out_Thread Group 1-342,text,true,,5441,338,145,145,https://pabsa.impressicocrm.com/api/tournament/119922/matches,1283,0,0
1680593982877,988,Get single knockout Player details,200,,Knock_out_Thread Group 1-317,text,true,,1210,326,145,145,https://pabsa.impressicocrm.com/api/player/110368,988,0,0
1680593982352,1513,Home page ,200,OK,Knock_out_Thread Group 1-434,text,true,,3033,309,145,145,https://pabsa.impressicocrm.com/,1513,0,1412
1680593980847,3023,Get Home page currency,200,,Knock_out_Thread Group 1-385,text,true,,9160,321,145,145,https://pabsa.impressicocrm.com/api/currency,3023,0,0
1680593982704,1167,Get Players schedule,200,,Knock_out_Thread Group 1-349,text,true,,5435,338,145,145,https://pabsa.impressicocrm.com/api/tournament/119922/matches,1166,0,0
1680593982791,1079,Get Players list ,200,,Knock_out_Thread Group 1-369,text,true,,3218,338,145,145,https://pabsa.impressicocrm.com/api/tournament/119922/players,1079,0,0
1680593982890,982,Get single knockout Player details,200,,Knock_out_Thread Group 1-341,text,true,,1210,326,145,145,https://pabsa.impressicocrm.com/api/player/110368,982,0,0
1680593982925,970,Get single knockout Player details,200,,Knock_out_Thread Group 1-323,text,true,,1210,326,145,145,https://pabsa.impressicocrm.com/api/player/110368,970,0,0
1680593982836,1059,Get Break list ,200,,Knock_out_Thread Group 1-364,text,true,,3218,338,145,145,https://pabsa.impressicocrm.com/api/tournament/119922/players,1059,0,0
1680593982823,1076,Get Players list ,200,,Knock_out_Thread Group 1-389,text,true,,3218,338,145,145,https://pabsa.impressicocrm.com/api/tournament/119922/players,1076,0,0
1680593982845,1071,Get Break list ,200,,Knock_out_Thread Group 1-374,text,true,,3218,338,145,145,https://pabsa.impressicocrm.com/api/tournament/119922/players,1071,0,0
1680593982859,1067,Get Players list ,200,,Knock_out_Thread Group 1-379,text,true,,3218,338,145,145,https://pabsa.impressicocrm.com/api/tournament/119922/players,1067,0,0
1680593982180,1753,Get Home page currency,200,,Knock_out_Thread Group 1-390,text,true,,9160,321,145,145,https://pabsa.impressicocrm.com/api/currency,1753,0,0
1680593982537,1396,Get playerA_Vs_playerB,200,,Knock_out_Thread Group 1-306,text,true,,1239,341,145,145,https://pabsa.impressicocrm.com/api/tournament/matchScore/147598,1396,0,0
1680593982973,967,Get knockout players list ,200,,Knock_out_Thread Group 1-358,text,true,,4598,340,144,144,https://pabsa.impressicocrm.com/api/tournament/118871/knockouts,967,0,0
1680593982708,1235,Get tournament result,200,,Knock_out_Thread Group 1-322,text,true,,5435,338,144,144,https://pabsa.impressicocrm.com/api/tournament/119922/matches,1235,0,0
1680593983654,289,Home page ,200,OK,Knock_out_Thread Group 1-447,text,true,,3033,309,144,144,https://pabsa.impressicocrm.com/,289,0,217
1680593978378,5568,Get tournamnent list ,200,,Knock_out_Thread Group 1-356,text,true,,58888,389,144,144,https://pabsa.impressicocrm.com/api/tournament?limit=12&pageNumber=1&sportType=&tournamentName=&tournamentStyle=,4198,0,0
1680593981203,2764,Get Players schedule,200,,Knock_out_Thread Group 1-336,text,true,,5441,338,145,145,https://pabsa.impressicocrm.com/api/tournament/119922/matches,2764,0,0
1680593982432,1541,Get tournament result,200,,Knock_out_Thread Group 1-319,text,true,,5441,338,145,145,https://pabsa.impressicocrm.com/api/tournament/119922/matches,1541,0,0
1680593982797,1198,Get single knockout Player details,200,,Knock_out_Thread Group 1-334,text,true,,1210,326,145,145,https://pabsa.impressicocrm.com/api/player/110368,1198,0,0
1680593983752,265,Home page ,200,OK,Knock_out_Thread Group 1-448,text,true,,3033,309,145,145,https://pabsa.impressicocrm.com/,265,0,205
1680593982779,1252,Get Home page country ,200,,Knock_out_Thread Group 1-435,text,true,,17270,320,145,145,https://pabsa.impressicocrm.com/api/country,1252,0,0
1680593982331,1717,Get Players schedule,200,,Knock_out_Thread Group 1-350,text,true,,5441,338,145,145,https://pabsa.impressicocrm.com/api/tournament/119922/matches,1717,0,0
1680593983000,1081,Get Break list ,200,,Knock_out_Thread Group 1-381,text,true,,3218,338,146,146,https://pabsa.impressicocrm.com/api/tournament/119922/players,1081,0,0
1680593982395,1693,Get Players list ,200,,Knock_out_Thread Group 1-372,text,true,,3218,338,146,146,https://pabsa.impressicocrm.com/api/tournament/119922/players,1693,0,0
1680593982751,1339,Get Players schedule,200,,Knock_out_Thread Group 1-343,text,true,,5441,338,146,146,https://pabsa.impressicocrm.com/api/tournament/119922/matches,1339,0,0
1680593983013,1139,Get single knockout Player details,200,,Knock_out_Thread Group 1-340,text,true,,1210,326,146,146,https://pabsa.impressicocrm.com/api/player/110368,1139,0,0
1680593982855,1326,Get Players schedule,200,,Knock_out_Thread Group 1-344,text,true,,5441,338,147,147,https://pabsa.impressicocrm.com/api/tournament/119922/matches,1326,0,0
1680593982582,1605,Get Home page currency,200,,Knock_out_Thread Group 1-388,text,true,,9160,321,147,147,https://pabsa.impressicocrm.com/api/currency,1605,0,0
1680593983038,1175,Get playerA_Vs_playerB,200,,Knock_out_Thread Group 1-315,text,true,,1239,341,147,147,https://pabsa.impressicocrm.com/api/tournament/matchScore/147598,1175,0,0
1680593983088,1134,Get knockout players list ,200,,Knock_out_Thread Group 1-352,text,true,,4598,340,146,146,https://pabsa.impressicocrm.com/api/tournament/118871/knockouts,1134,0,0
1680593982815,1415,Get tournament result,200,,Knock_out_Thread Group 1-314,text,true,,5441,338,146,146,https://pabsa.impressicocrm.com/api/tournament/119922/matches,1415,0,0
1680593982905,1328,Get playerA_Vs_playerB,200,,Knock_out_Thread Group 1-298,text,true,,1239,341,146,146,https://pabsa.impressicocrm.com/api/tournament/matchScore/147598,1328,0,0
1680593982902,1336,Get Players schedule,200,,Knock_out_Thread Group 1-347,text,true,,5435,338,145,145,https://pabsa.impressicocrm.com/api/tournament/119922/matches,1336,0,0
1680593980823,3428,Get tournamnent list ,200,,Knock_out_Thread Group 1-400,text,true,,58880,389,145,145,https://pabsa.impressicocrm.com/api/tournament?limit=12&pageNumber=1&sportType=&tournamentName=&tournamentStyle=,1729,0,0
1680593982196,2064,Get knockout players list ,200,,Knock_out_Thread Group 1-330,text,true,,4598,340,146,146,https://pabsa.impressicocrm.com/api/tournament/118871/knockouts,2064,0,0
1680593982957,1322,Get Players schedule,200,,Knock_out_Thread Group 1-366,text,true,,5441,338,146,146,https://pabsa.impressicocrm.com/api/tournament/119922/matches,1322,0,0
1680593982994,1285,Get Break list ,200,,Knock_out_Thread Group 1-368,text,true,,3218,338,146,146,https://pabsa.impressicocrm.com/api/tournament/119922/players,1285,0,0
1680593982517,1768,Get tournamnent list ,200,,Knock_out_Thread Group 1-417,text,true,,58880,389,146,146,https://pabsa.impressicocrm.com/api/tournament?limit=12&pageNumber=1&sportType=&tournamentName=&tournamentStyle=,1339,0,0
1680593983178,1114,Get playerA_Vs_playerB,200,,Knock_out_Thread Group 1-308,text,true,,1239,341,146,146,https://pabsa.impressicocrm.com/api/tournament/matchScore/147598,1114,0,0
1680593982944,1362,Get Players schedule,200,,Knock_out_Thread Group 1-363,text,true,,5441,338,145,145,https://pabsa.impressicocrm.com/api/tournament/119922/matches,1362,0,0
1680593983171,1135,Get knockout players list ,200,,Knock_out_Thread Group 1-348,text,true,,4598,340,145,145,https://pabsa.impressicocrm.com/api/tournament/118871/knockouts,1135,0,0
1680593983013,1298,Get Players list ,200,,Knock_out_Thread Group 1-376,text,true,,3218,338,145,145,https://pabsa.impressicocrm.com/api/tournament/119922/players,1298,0,0
1680593983168,1149,Get Break list ,200,,Knock_out_Thread Group 1-357,text,true,,3218,338,145,145,https://pabsa.impressicocrm.com/api/tournament/119922/players,1149,0,0
1680593983216,1124,Get single knockout Player details,200,,Knock_out_Thread Group 1-313,text,true,,1210,326,145,145,https://pabsa.impressicocrm.com/api/player/110368,1124,0,0
1680593984052,288,Home page ,200,OK,Knock_out_Thread Group 1-451,text,true,,3033,309,145,145,https://pabsa.impressicocrm.com/,288,0,216
1680593983016,1330,Get Home page country ,200,,Knock_out_Thread Group 1-438,text,true,,17255,320,145,145,https://pabsa.impressicocrm.com/api/country,1330,0,0
1680593982981,1372,Get Players schedule,200,,Knock_out_Thread Group 1-354,text,true,,5435,338,146,146,https://pabsa.impressicocrm.com/api/tournament/119922/matches,1372,0,0
1680593983852,528,Home page ,200,OK,Knock_out_Thread Group 1-449,text,true,,3033,309,146,146,https://pabsa.impressicocrm.com/,528,0,265
1680593983002,1385,Get tournament result,200,,Knock_out_Thread Group 1-312,text,true,,5441,338,146,146,https://pabsa.impressicocrm.com/api/tournament/119922/matches,1385,0,0
1680593983172,1264,Get Break list ,200,,Knock_out_Thread Group 1-362,text,true,,3218,338,146,146,https://pabsa.impressicocrm.com/api/tournament/119922/players,1264,0,0
1680593983111,1329,Get Players schedule,200,,Knock_out_Thread Group 1-351,text,true,,5441,338,146,146,https://pabsa.impressicocrm.com/api/tournament/119922/matches,1329,0,0
1680593983230,1215,Get playerA_Vs_playerB,200,,Knock_out_Thread Group 1-316,text,true,,1239,341,146,146,https://pabsa.impressicocrm.com/api/tournament/matchScore/147598,1215,0,0
1680593980955,3490,Get Players list ,200,,Knock_out_Thread Group 1-371,text,true,,3218,338,146,146,https://pabsa.impressicocrm.com/api/tournament/119922/players,3490,0,0
1680593983047,1406,Get Players list ,200,,Knock_out_Thread Group 1-373,text,true,,3218,338,146,146,https://pabsa.impressicocrm.com/api/tournament/119922/players,1406,0,0
1680593980901,3558,Get tournamnent list ,200,,Knock_out_Thread Group 1-401,text,true,,58880,389,146,146,https://pabsa.impressicocrm.com/api/tournament?limit=12&pageNumber=1&sportType=&tournamentName=&tournamentStyle=,2661,0,0
1680593983211,1269,Get Break list ,200,,Knock_out_Thread Group 1-380,text,true,,3218,338,146,146,https://pabsa.impressicocrm.com/api/tournament/119922/players,1269,0,0
1680593983047,1436,Get Home page country ,200,,Knock_out_Thread Group 1-432,text,true,,17270,320,146,146,https://pabsa.impressicocrm.com/api/country,1436,0,0
1680593983270,1219,Get playerA_Vs_playerB,200,,Knock_out_Thread Group 1-303,text,true,,1239,341,146,146,https://pabsa.impressicocrm.com/api/tournament/matchScore/147598,1219,0,0
1680593983233,1293,Get Players list ,200,,Knock_out_Thread Group 1-375,text,true,,3218,338,145,145,https://pabsa.impressicocrm.com/api/tournament/119922/players,1293,0,0
1680593984253,298,Home page ,200,OK,Knock_out_Thread Group 1-453,text,true,,3033,309,145,145,https://pabsa.impressicocrm.com/,298,0,227
1680593981261,3295,Get tournamnent list ,200,,Knock_out_Thread Group 1-408,text,true,,58880,389,146,146,https://pabsa.impressicocrm.com/api/tournament?limit=12&pageNumber=1&sportType=&tournamentName=&tournamentStyle=,1942,0,0
1680593983232,1348,Get Break list ,200,,Knock_out_Thread Group 1-378,text,true,,3218,338,146,146,https://pabsa.impressicocrm.com/api/tournament/119922/players,1348,0,0
1680593983178,1411,Get tournamnent list ,200,,Knock_out_Thread Group 1-428,text,true,,58880,389,146,146,https://pabsa.impressicocrm.com/api/tournament?limit=12&pageNumber=1&sportType=&tournamentName=&tournamentStyle=,497,0,0
1680593983275,1317,Get knockout players list ,200,,Knock_out_Thread Group 1-346,text,true,,4598,340,146,146,https://pabsa.impressicocrm.com/api/tournament/118871/knockouts,1317,0,0
1680593983276,1319,Get Home page country ,200,,Knock_out_Thread Group 1-440,text,true,,17270,320,146,146,https://pabsa.impressicocrm.com/api/country,1319,0,0
1680593983393,1212,Get single knockout Player details,200,,Knock_out_Thread Group 1-339,text,true,,1210,326,146,146,https://pabsa.impressicocrm.com/api/player/110368,1212,0,0
1680593983307,1303,Get knockout players list ,200,,Knock_out_Thread Group 1-325,text,true,,4598,340,146,146,https://pabsa.impressicocrm.com/api/tournament/118871/knockouts,1303,0,0
1680593982399,2220,Get playerA_Vs_playerB,200,,Knock_out_Thread Group 1-289,text,true,,1239,341,146,146,https://pabsa.impressicocrm.com/api/tournament/matchScore/147598,2220,0,0
1680593983388,1245,Get knockout players list ,200,,Knock_out_Thread Group 1-333,text,true,,4598,340,145,145,https://pabsa.impressicocrm.com/api/tournament/118871/knockouts,1245,0,0
1680593983327,1330,Get Players list ,200,,Knock_out_Thread Group 1-393,text,true,,3218,338,146,146,https://pabsa.impressicocrm.com/api/tournament/119922/players,1330,0,0
1680593984353,316,Home page ,200,OK,Knock_out_Thread Group 1-454,text,true,,3033,309,146,146,https://pabsa.impressicocrm.com/,316,0,237
1680593983230,1443,Get Break list ,200,,Knock_out_Thread Group 1-355,text,true,,3218,338,146,146,https://pabsa.impressicocrm.com/api/tournament/119922/players,1443,0,0
1680593983436,1237,Get Home page country ,200,,Knock_out_Thread Group 1-442,text,true,,17270,320,146,146,https://pabsa.impressicocrm.com/api/country,1237,0,0
1680593983335,1353,Get Players list ,200,,Knock_out_Thread Group 1-387,text,true,,3218,338,146,146,https://pabsa.impressicocrm.com/api/tournament/119922/players,1353,0,0
1680593983494,1210,Get single knockout Player details,200,,Knock_out_Thread Group 1-338,text,true,,1210,326,146,146,https://pabsa.impressicocrm.com/api/player/110368,1210,0,0
1680593983388,1316,Get Players list ,200,,Knock_out_Thread Group 1-394,text,true,,3218,338,146,146,https://pabsa.impressicocrm.com/api/tournament/119922/players,1316,0,0
1680593983230,1480,Get Home page currency,200,,Knock_out_Thread Group 1-407,text,true,,9160,321,146,146,https://pabsa.impressicocrm.com/api/currency,1480,0,0
1680593983480,1240,Get knockout players list ,200,,Knock_out_Thread Group 1-365,text,true,,4598,340,146,146,https://pabsa.impressicocrm.com/api/tournament/118871/knockouts,1240,0,0
1680593982913,1809,Get tournamnent list ,200,,Knock_out_Thread Group 1-416,text,true,,58888,389,146,146,https://pabsa.impressicocrm.com/api/tournament?limit=12&pageNumber=1&sportType=&tournamentName=&tournamentStyle=,1382,0,0
1680593982829,1901,Get tournamnent list ,200,,Knock_out_Thread Group 1-415,text,true,,58888,389,146,146,https://pabsa.impressicocrm.com/api/tournament?limit=12&pageNumber=1&sportType=&tournamentName=&tournamentStyle=,1241,0,0
1680593983335,1426,Get Players list ,200,,Knock_out_Thread Group 1-360,text,true,,3218,338,147,147,https://pabsa.impressicocrm.com/api/tournament/119922/players,1426,0,0
1680593982474,2297,Get tournamnent list ,200,,Knock_out_Thread Group 1-412,text,true,,58880,389,147,147,https://pabsa.impressicocrm.com/api/tournament?limit=12&pageNumber=1&sportType=&tournamentName=&tournamentStyle=,1493,0,0
1680593983388,1386,Get knockout players list ,200,,Knock_out_Thread Group 1-332,text,true,,4598,340,147,147,https://pabsa.impressicocrm.com/api/tournament/118871/knockouts,1386,0,0
1680593983198,1579,Get knockout players list ,200,,Knock_out_Thread Group 1-101,text,true,,4598,340,147,147,https://pabsa.impressicocrm.com/api/tournament/118871/knockouts,1579,0,0
1680593984452,325,Home page ,200,OK,Knock_out_Thread Group 1-455,text,true,,3033,309,147,147,https://pabsa.impressicocrm.com/,325,0,249
1680593983447,1340,Get Break list ,200,,Knock_out_Thread Group 1-370,text,true,,3218,338,147,147,https://pabsa.impressicocrm.com/api/tournament/119922/players,1340,0,0
1680593983303,1494,Get Players schedule,200,,Knock_out_Thread Group 1-367,text,true,,5441,338,147,147,https://pabsa.impressicocrm.com/api/tournament/119922/matches,1494,0,0
1680593983513,1304,Get playerA_Vs_playerB,200,,Knock_out_Thread Group 1-321,text,true,,1239,341,147,147,https://pabsa.impressicocrm.com/api/tournament/matchScore/147598,1304,0,0
1680593982089,2765,Get tournamnent list ,200,,Knock_out_Thread Group 1-409,text,true,,58880,389,147,147,https://pabsa.impressicocrm.com/api/tournament?limit=12&pageNumber=1&sportType=&tournamentName=&tournamentStyle=,1781,0,0
1680593982017,2837,Get tournamnent list ,200,,Knock_out_Thread Group 1-399,text,true,,58880,389,147,147,https://pabsa.impressicocrm.com/api/tournament?limit=12&pageNumber=1&sportType=&tournamentName=&tournamentStyle=,2040,0,0
1680593983472,1387,Get Players list ,200,,Knock_out_Thread Group 1-391,text,true,,3218,338,147,147,https://pabsa.impressicocrm.com/api/tournament/119922/players,1387,0,0
1680593983511,1363,Get Home page country ,200,,Knock_out_Thread Group 1-436,text,true,,17270,320,147,147,https://pabsa.impressicocrm.com/api/country,1362,0,0
1680593983586,1304,Get knockout players list ,200,,Knock_out_Thread Group 1-337,text,true,,4598,340,147,147,https://pabsa.impressicocrm.com/api/tournament/118871/knockouts,1304,0,0
1680593983584,1311,Get Players list ,200,,Knock_out_Thread Group 1-384,text,true,,3218,338,147,147,https://pabsa.impressicocrm.com/api/tournament/119922/players,1311,0,0
1680593983955,942,Home page ,200,OK,Knock_out_Thread Group 1-450,text,true,,3033,309,147,147,https://pabsa.impressicocrm.com/,942,0,863
1680593984552,358,Home page ,200,OK,Knock_out_Thread Group 1-456,text,true,,3033,309,147,147,https://pabsa.impressicocrm.com/,358,0,275
1680593983401,1519,Get Players list ,200,,Knock_out_Thread Group 1-382,text,true,,3218,338,147,147,https://pabsa.impressicocrm.com/api/tournament/119922/players,1519,0,0
1680593982655,2268,Get tournamnent list ,200,,Knock_out_Thread Group 1-413,text,true,,58880,389,147,147,https://pabsa.impressicocrm.com/api/tournament?limit=12&pageNumber=1&sportType=&tournamentName=&tournamentStyle=,1330,0,0
1680593983612,1314,Get playerA_Vs_playerB,200,,Knock_out_Thread Group 1-326,text,true,,1239,341,147,147,https://pabsa.impressicocrm.com/api/tournament/matchScore/147598,1314,0,0
1680593983082,1856,Get tournament result,200,,Knock_out_Thread Group 1-311,text,true,,5441,338,146,146,https://pabsa.impressicocrm.com/api/tournament/119922/matches,1856,0,0
1680593983179,1759,Get Home page country ,200,,Knock_out_Thread Group 1-439,text,true,,17255,320,146,146,https://pabsa.impressicocrm.com/api/country,1759,0,0
1680593983599,1352,Get playerA_Vs_playerB,200,,Knock_out_Thread Group 1-320,text,true,,1239,341,146,146,https://pabsa.impressicocrm.com/api/tournament/matchScore/147598,1352,0,0
1680593983577,1408,Get knockout players list ,200,,Knock_out_Thread Group 1-361,text,true,,4598,340,146,146,https://pabsa.impressicocrm.com/api/tournament/118871/knockouts,1408,0,0
1680593983300,1699,Get Players schedule,200,,Knock_out_Thread Group 1-359,text,true,,5441,338,146,146,https://pabsa.impressicocrm.com/api/tournament/119922/matches,1699,0,0
1680593983446,1555,Get tournament result,200,,Knock_out_Thread Group 1-335,text,true,,5435,338,146,146,https://pabsa.impressicocrm.com/api/tournament/119922/matches,1555,0,0
1680593983857,1153,Get single knockout Player details,200,,Knock_out_Thread Group 1-310,text,true,,1210,326,146,146,https://pabsa.impressicocrm.com/api/player/110368,1153,0,0
1680593983230,1819,Get single knockout Player details,200,,Knock_out_Thread Group 1-331,text,true,,1210,326,146,146,https://pabsa.impressicocrm.com/api/player/110368,1819,0,0
1680593983537,1541,Get tournament result,200,,Knock_out_Thread Group 1-324,text,true,,5441,338,147,147,https://pabsa.impressicocrm.com/api/tournament/119922/matches,1541,0,0
1680593982252,2829,Get Home page currency,200,,Knock_out_Thread Group 1-383,text,true,,9153,321,147,147,https://pabsa.impressicocrm.com/api/currency,2829,0,0
1680593980899,4186,Get tournamnent list ,200,,Knock_out_Thread Group 1-402,text,true,,58888,389,147,147,https://pabsa.impressicocrm.com/api/tournament?limit=12&pageNumber=1&sportType=&tournamentName=&tournamentStyle=,2376,0,0
1680593983388,1705,Get Home page country ,200,,Knock_out_Thread Group 1-437,text,true,,17255,320,147,147,https://pabsa.impressicocrm.com/api/country,1705,0,0
1680593983871,1234,Get knockout players list ,200,,Knock_out_Thread Group 1-349,text,true,,4598,340,147,147,https://pabsa.impressicocrm.com/api/tournament/118871/knockouts,1234,0,0
1680593980583,4531,Get Players schedule,200,,Knock_out_Thread Group 1-345,text,true,,5441,338,147,147,https://pabsa.impressicocrm.com/api/tournament/119922/matches,4531,0,0
1680593983865,1257,Get knockout players list ,200,,Knock_out_Thread Group 1-342,text,true,,4598,340,147,147,https://pabsa.impressicocrm.com/api/tournament/118871/knockouts,1257,0,0
1680593981349,3773,Get tournamnent list ,200,,Knock_out_Thread Group 1-398,text,true,,58888,389,147,147,https://pabsa.impressicocrm.com/api/tournament?limit=12&pageNumber=1&sportType=&tournamentName=&tournamentStyle=,2337,0,0
1680593983866,1258,Get Home page country ,200,,Knock_out_Thread Group 1-434,text,true,,17270,320,147,147,https://pabsa.impressicocrm.com/api/country,1258,0,0
1680593983446,1681,Get tournament result,200,,Knock_out_Thread Group 1-327,text,true,,5435,338,147,147,https://pabsa.impressicocrm.com/api/tournament/119922/matches,1681,0,0
1680593983460,1670,Get tournament result,200,,Knock_out_Thread Group 1-318,text,true,,5441,338,147,147,https://pabsa.impressicocrm.com/api/tournament/119922/matches,1670,0,0
1680593983871,1262,Get Players list ,200,,Knock_out_Thread Group 1-385,text,true,,3218,338,147,147,https://pabsa.impressicocrm.com/api/tournament/119922/players,1262,0,0
1680593983705,1461,Get Home page country ,200,,Knock_out_Thread Group 1-444,text,true,,17270,320,148,148,https://pabsa.impressicocrm.com/api/country,1461,0,0
1680593984853,313,Home page ,200,OK,Knock_out_Thread Group 1-459,text,true,,3033,309,148,148,https://pabsa.impressicocrm.com/,313,0,240
1680593983634,1541,Get Players schedule,200,,Knock_out_Thread Group 1-377,text,true,,5441,338,148,148,https://pabsa.impressicocrm.com/api/tournament/119922/matches,1541,0,0
1680593984898,305,Get Home page country ,200,,Knock_out_Thread Group 1-450,text,true,,17270,320,148,148,https://pabsa.impressicocrm.com/api/country,250,0,0
1680593983523,1682,Get Players list ,200,,Knock_out_Thread Group 1-397,text,true,,3218,338,148,148,https://pabsa.impressicocrm.com/api/tournament/119922/players,1682,0,0
1680593983871,1344,Get Break list ,200,,Knock_out_Thread Group 1-369,text,true,,3218,338,148,148,https://pabsa.impressicocrm.com/api/tournament/119922/players,1344,0,0
1680593983469,1746,Get Players list ,200,,Knock_out_Thread Group 1-396,text,true,,3218,338,148,148,https://pabsa.impressicocrm.com/api/tournament/119922/players,1746,0,0
1680593983812,1408,Get Home page country ,200,,Knock_out_Thread Group 1-446,text,true,,17270,320,148,148,https://pabsa.impressicocrm.com/api/country,1408,0,0
1680593984153,1074,Home page ,200,OK,Knock_out_Thread Group 1-452,text,true,,3033,309,148,148,https://pabsa.impressicocrm.com/,1074,0,770
1680593983941,1302,Get single knockout Player details,200,,Knock_out_Thread Group 1-358,text,true,,1210,326,148,148,https://pabsa.impressicocrm.com/api/player/110368,1302,0,0
1680593983683,1576,Get Players schedule,200,,Knock_out_Thread Group 1-353,text,true,,5441,338,149,149,https://pabsa.impressicocrm.com/api/tournament/119922/matches,1576,0,0
1680593983896,1363,Get tournament result,200,,Knock_out_Thread Group 1-323,text,true,,5441,338,149,149,https://pabsa.impressicocrm.com/api/tournament/119922/matches,1363,0,0
1680593984722,541,Get Home page currency,200,,Knock_out_Thread Group 1-416,text,true,,9160,321,149,149,https://pabsa.impressicocrm.com/api/currency,541,0,0
1680593983944,1334,Get playerA_Vs_playerB,200,,Knock_out_Thread Group 1-322,text,true,,1239,341,149,149,https://pabsa.impressicocrm.com/api/tournament/matchScore/147598,1334,0,0
1680593983973,1331,Get playerA_Vs_playerB,200,,Knock_out_Thread Group 1-319,text,true,,1239,341,148,148,https://pabsa.impressicocrm.com/api/tournament/matchScore/147598,1331,0,0
1680593983713,1594,Get Home page currency,200,,Knock_out_Thread Group 1-395,text,true,,9160,321,147,147,https://pabsa.impressicocrm.com/api/currency,1594,0,0
1680593983926,1388,Get Break list ,200,,Knock_out_Thread Group 1-379,text,true,,3218,338,147,147,https://pabsa.impressicocrm.com/api/tournament/119922/players,1388,0,0
1680593984182,1143,Get knockout players list ,200,,Knock_out_Thread Group 1-344,text,true,,4591,340,147,147,https://pabsa.impressicocrm.com/api/tournament/118871/knockouts,1143,0,0
1680593983944,1381,Get Home page country ,200,,Knock_out_Thread Group 1-447,text,true,,17270,320,147,147,https://pabsa.impressicocrm.com/api/country,1381,0,0
1680593983872,1469,Get tournament result,200,,Knock_out_Thread Group 1-341,text,true,,5441,338,147,147,https://pabsa.impressicocrm.com/api/tournament/119922/matches,1469,0,0
1680593984222,1124,Get single knockout Player details,200,,Knock_out_Thread Group 1-352,text,true,,1210,326,147,147,https://pabsa.impressicocrm.com/api/player/110368,1124,0,0
1680593985053,296,Home page ,200,OK,Knock_out_Thread Group 1-461,text,true,,3033,309,147,147,https://pabsa.impressicocrm.com/,296,0,225
1680593983933,1433,Get Players list ,200,,Knock_out_Thread Group 1-390,text,true,,3218,338,148,148,https://pabsa.impressicocrm.com/api/tournament/119922/players,1433,0,0
1680593984261,1108,Get single knockout Player details,200,,Knock_out_Thread Group 1-330,text,true,,1210,326,148,148,https://pabsa.impressicocrm.com/api/player/110368,1108,0,0
1680593984307,1114,Get single knockout Player details,200,,Knock_out_Thread Group 1-348,text,true,,1210,326,148,148,https://pabsa.impressicocrm.com/api/player/110368,1114,0,0
1680593984018,1403,Get Home page country ,200,,Knock_out_Thread Group 1-448,text,true,,17270,320,148,148,https://pabsa.impressicocrm.com/api/country,1403,0,0
1680593983967,1454,Get knockout players list ,200,,Knock_out_Thread Group 1-336,text,true,,4598,340,148,148,https://pabsa.impressicocrm.com/api/tournament/118871/knockouts,1454,0,0
1680593984307,1114,Get knockout players list ,200,,Knock_out_Thread Group 1-363,text,true,,4598,340,148,148,https://pabsa.impressicocrm.com/api/tournament/118871/knockouts,1114,0,0
1680593984049,1372,Get knockout players list ,200,,Knock_out_Thread Group 1-350,text,true,,4598,340,148,148,https://pabsa.impressicocrm.com/api/tournament/118871/knockouts,1372,0,0
1680593983865,1556,Get tournament result,200,,Knock_out_Thread Group 1-317,text,true,,5441,338,148,148,https://pabsa.impressicocrm.com/api/tournament/119922/matches,1556,0,0
1680593984091,1331,Get knockout players list ,200,,Knock_out_Thread Group 1-343,text,true,,4591,340,148,148,https://pabsa.impressicocrm.com/api/tournament/118871/knockouts,1330,0,0
1680593984231,1196,Get playerA_Vs_playerB,200,,Knock_out_Thread Group 1-314,text,true,,1239,341,148,148,https://pabsa.impressicocrm.com/api/tournament/matchScore/147598,1195,0,0
1680593983591,1836,Get Home page country ,200,,Knock_out_Thread Group 1-443,text,true,,17255,320,148,148,https://pabsa.impressicocrm.com/api/country,1836,0,0
1680593984188,1241,Get Players list ,200,,Knock_out_Thread Group 1-388,text,true,,3218,338,147,147,https://pabsa.impressicocrm.com/api/tournament/119922/players,1241,0,0
1680593983596,1839,Get Home page country ,200,,Knock_out_Thread Group 1-441,text,true,,17270,320,147,147,https://pabsa.impressicocrm.com/api/country,1768,0,0
1680593984239,1196,Get knockout players list ,200,,Knock_out_Thread Group 1-347,text,true,,4598,340,147,147,https://pabsa.impressicocrm.com/api/tournament/118871/knockouts,1196,0,0
1680593984280,1168,Get knockout players list ,200,,Knock_out_Thread Group 1-366,text,true,,4598,340,147,147,https://pabsa.impressicocrm.com/api/tournament/118871/knockouts,1168,0,0
1680593983788,1700,Get Home page currency,200,,Knock_out_Thread Group 1-414,text,true,,9160,321,148,148,https://pabsa.impressicocrm.com/api/currency,1700,0,0
1680593984311,1177,Get Break list ,200,,Knock_out_Thread Group 1-376,text,true,,3218,338,148,148,https://pabsa.impressicocrm.com/api/tournament/119922/players,1177,0,0
1680593984251,1239,Get Home page currency,200,,Knock_out_Thread Group 1-400,text,true,,9160,321,148,148,https://pabsa.impressicocrm.com/api/currency,1239,0,0
1680593982967,2523,Get tournamnent list ,200,,Knock_out_Thread Group 1-422,text,true,,58880,389,148,148,https://pabsa.impressicocrm.com/api/tournament?limit=12&pageNumber=1&sportType=&tournamentName=&tournamentStyle=,1715,0,0
1680593985152,346,Home page ,200,OK,Knock_out_Thread Group 1-462,text,true,,3033,309,148,148,https://pabsa.impressicocrm.com/,346,0,269
1680593984286,1215,Get Home page currency,200,,Knock_out_Thread Group 1-417,text,true,,9160,321,148,148,https://pabsa.impressicocrm.com/api/currency,1215,0,0
1680593983722,1785,Get Home page currency,200,,Knock_out_Thread Group 1-403,text,true,,9160,321,148,148,https://pabsa.impressicocrm.com/api/currency,1785,0,0
1680593983917,1593,Get Players schedule,200,,Knock_out_Thread Group 1-374,text,true,,5441,338,148,148,https://pabsa.impressicocrm.com/api/tournament/119922/matches,1592,0,0
1680593984088,1422,Get Break list ,200,,Knock_out_Thread Group 1-372,text,true,,3218,338,148,148,https://pabsa.impressicocrm.com/api/tournament/119922/players,1421,0,0
1680593983896,1616,Get Players schedule,200,,Knock_out_Thread Group 1-364,text,true,,5435,338,148,148,https://pabsa.impressicocrm.com/api/tournament/119922/matches,1616,0,0
1680593984440,1080,Get knockout players list ,200,,Knock_out_Thread Group 1-351,text,true,,4591,340,148,148,https://pabsa.impressicocrm.com/api/tournament/118871/knockouts,1080,0,0
1680593984341,1181,Get Home page country ,200,,Knock_out_Thread Group 1-451,text,true,,17255,320,148,148,https://pabsa.impressicocrm.com/api/country,1176,0,0
1680593983191,2348,Get tournamnent list ,200,,Knock_out_Thread Group 1-427,text,true,,58888,389,148,148,https://pabsa.impressicocrm.com/api/tournament?limit=12&pageNumber=1&sportType=&tournamentName=&tournamentStyle=,1491,0,0
1680593985244,297,Get tournament result,200,,Knock_out_Thread Group 1-358,text,true,,5441,338,148,148,https://pabsa.impressicocrm.com/api/tournament/119922/matches,297,0,0
1680593984387,1161,Get playerA_Vs_playerB,200,,Knock_out_Thread Group 1-312,text,true,,1239,341,148,148,https://pabsa.impressicocrm.com/api/tournament/matchScore/147598,1161,0,0
1680593983627,1938,Get tournamnent list ,200,,Knock_out_Thread Group 1-430,text,true,,58888,389,148,148,https://pabsa.impressicocrm.com/api/tournament?limit=12&pageNumber=1&sportType=&tournamentName=&tournamentStyle=,1601,0,0
1680593983168,2397,Get tournamnent list ,200,,Knock_out_Thread Group 1-404,text,true,,58880,389,148,148,https://pabsa.impressicocrm.com/api/tournament?limit=12&pageNumber=1&sportType=&tournamentName=&tournamentStyle=,1470,0,0
1680593984653,937,Home page ,200,OK,Knock_out_Thread Group 1-457,text,true,,3033,309,148,148,https://pabsa.impressicocrm.com/,937,0,784
1680593983946,1660,Get Home page currency,200,,Knock_out_Thread Group 1-356,text,true,,9160,321,148,148,https://pabsa.impressicocrm.com/api/currency,1660,0,0
1680593984081,1557,Get Players schedule,200,,Knock_out_Thread Group 1-381,text,true,,5441,338,148,148,https://pabsa.impressicocrm.com/api/tournament/119922/matches,1557,0,0
1680593983900,1738,Get Break list ,200,,Knock_out_Thread Group 1-389,text,true,,3218,338,148,148,https://pabsa.impressicocrm.com/api/tournament/119922/players,1738,0,0
1680593984353,1285,Get knockout players list ,200,,Knock_out_Thread Group 1-354,text,true,,4591,340,148,148,https://pabsa.impressicocrm.com/api/tournament/118871/knockouts,1285,0,0
1680593984592,1049,Get single knockout Player details,200,,Knock_out_Thread Group 1-346,text,true,,1210,326,148,148,https://pabsa.impressicocrm.com/api/player/110368,1049,0,0
1680593984954,688,Home page ,200,OK,Knock_out_Thread Group 1-460,text,true,,3033,309,148,148,https://pabsa.impressicocrm.com/,687,0,614
1680593983284,2382,Get tournamnent list ,200,,Knock_out_Thread Group 1-426,text,true,,58880,389,149,149,https://pabsa.impressicocrm.com/api/tournament?limit=12&pageNumber=1&sportType=&tournamentName=&tournamentStyle=,1578,0,0
1680593983995,1676,Get tournament result,200,,Knock_out_Thread Group 1-334,text,true,,5435,338,149,149,https://pabsa.impressicocrm.com/api/tournament/119922/matches,1676,0,0
1680593984526,1151,Get Break list ,200,,Knock_out_Thread Group 1-375,text,true,,3218,338,149,149,https://pabsa.impressicocrm.com/api/tournament/119922/players,1151,0,0
1680593984611,1081,Get single knockout Player details,200,,Knock_out_Thread Group 1-325,text,true,,1210,326,149,149,https://pabsa.impressicocrm.com/api/player/110368,1081,0,0
1680593983624,2069,Get Break list ,200,,Knock_out_Thread Group 1-386,text,true,,3218,338,149,149,https://pabsa.impressicocrm.com/api/tournament/119922/players,2069,0,0
1680593985253,448,Home page ,200,OK,Knock_out_Thread Group 1-463,text,true,,3033,309,149,149,https://pabsa.impressicocrm.com/,448,0,231
1680593984551,1176,Get Home page country ,200,,Knock_out_Thread Group 1-453,text,true,,17270,320,149,149,https://pabsa.impressicocrm.com/api/country,1176,0,0
1680593984317,1410,Get Players schedule,200,,Knock_out_Thread Group 1-357,text,true,,5435,338,149,149,https://pabsa.impressicocrm.com/api/tournament/119922/matches,1410,0,0
1680593983501,2226,Get tournamnent list ,200,,Knock_out_Thread Group 1-424,text,true,,58880,389,149,149,https://pabsa.impressicocrm.com/api/tournament?limit=12&pageNumber=1&sportType=&tournamentName=&tournamentStyle=,1548,0,0
1680593984454,1293,Get Break list ,200,,Knock_out_Thread Group 1-373,text,true,,3218,338,149,149,https://pabsa.impressicocrm.com/api/tournament/119922/players,1293,0,0
1680593985453,294,Home page ,200,OK,Knock_out_Thread Group 1-465,text,true,,3033,309,149,149,https://pabsa.impressicocrm.com/,294,0,218
1680593984280,1487,Get Players schedule,200,,Knock_out_Thread Group 1-368,text,true,,5435,338,150,150,https://pabsa.impressicocrm.com/api/tournament/119922/matches,1487,0,0
1680593983812,1955,Get tournamnent list ,200,,Knock_out_Thread Group 1-431,text,true,,58880,389,150,150,https://pabsa.impressicocrm.com/api/tournament?limit=12&pageNumber=1&sportType=&tournamentName=&tournamentStyle=,1554,0,0
1680593984581,1217,Get Players schedule,200,,Knock_out_Thread Group 1-378,text,true,,5441,338,150,150,https://pabsa.impressicocrm.com/api/tournament/119922/matches,1217,0,0
1680593985353,449,Home page ,200,OK,Knock_out_Thread Group 1-464,text,true,,3033,309,150,150,https://pabsa.impressicocrm.com/,448,0,374
1680593984670,1154,Get Home page country ,200,,Knock_out_Thread Group 1-454,text,true,,17255,320,150,150,https://pabsa.impressicocrm.com/api/country,1154,0,0
1680593984688,1151,Get Break list ,200,,Knock_out_Thread Group 1-387,text,true,,3218,338,150,150,https://pabsa.impressicocrm.com/api/tournament/119922/players,1151,0,0
1680593984340,1505,Get tournament result,200,,Knock_out_Thread Group 1-313,text,true,,5435,338,150,150,https://pabsa.impressicocrm.com/api/tournament/119922/matches,1505,0,0
1680593984658,1189,Get Break list ,200,,Knock_out_Thread Group 1-393,text,true,,3218,338,150,150,https://pabsa.impressicocrm.com/api/tournament/119922/players,1189,0,0
1680593981747,4128,Get tournamnent list ,200,,Knock_out_Thread Group 1-406,text,true,,58880,389,151,151,https://pabsa.impressicocrm.com/api/tournament?limit=12&pageNumber=1&sportType=&tournamentName=&tournamentStyle=,1862,0,0
1680593984556,1325,Get Home page currency,200,,Knock_out_Thread Group 1-408,text,true,,9153,321,151,151,https://pabsa.impressicocrm.com/api/currency,1325,0,0
1680593984774,1130,Get single knockout Player details,200,,Knock_out_Thread Group 1-332,text,true,,1210,326,151,151,https://pabsa.impressicocrm.com/api/player/110368,1130,0,0
1680593984778,1151,Get single knockout Player details,200,,Knock_out_Thread Group 1-101,text,true,,1210,326,151,151,https://pabsa.impressicocrm.com/api/player/110368,1151,0,0
1680593984797,1132,Get knockout players list ,200,,Knock_out_Thread Group 1-367,text,true,,4598,340,151,151,https://pabsa.impressicocrm.com/api/tournament/118871/knockouts,1132,0,0
1680593983149,2780,Get tournamnent list ,200,,Knock_out_Thread Group 1-425,text,true,,58880,389,151,151,https://pabsa.impressicocrm.com/api/tournament?limit=12&pageNumber=1&sportType=&tournamentName=&tournamentStyle=,1561,0,0
1680593984445,1490,Get Break list ,200,,Knock_out_Thread Group 1-371,text,true,,3218,338,151,151,https://pabsa.impressicocrm.com/api/tournament/119922/players,1490,0,0
1680593984590,1350,Get Home page currency,200,,Knock_out_Thread Group 1-428,text,true,,9153,321,151,151,https://pabsa.impressicocrm.com/api/currency,1350,0,0
1680593984705,1238,Get Break list ,200,,Knock_out_Thread Group 1-394,text,true,,3218,338,151,151,https://pabsa.impressicocrm.com/api/tournament/119922/players,1238,0,0
1680593985768,175,Get Home page currency,200,,Knock_out_Thread Group 1-431,text,true,,9153,321,151,151,https://pabsa.impressicocrm.com/api/currency,175,0,0
1680593982913,3036,Get tournamnent list ,200,,Knock_out_Thread Group 1-419,text,true,,58880,389,151,151,https://pabsa.impressicocrm.com/api/tournament?limit=12&pageNumber=1&sportType=&tournamentName=&tournamentStyle=,1466,0,0
1680593984771,1188,Get Home page currency,200,,Knock_out_Thread Group 1-412,text,true,,9153,321,152,152,https://pabsa.impressicocrm.com/api/currency,1188,0,0
1680593984730,1235,Get Home page currency,200,,Knock_out_Thread Group 1-415,text,true,,9153,321,152,152,https://pabsa.impressicocrm.com/api/currency,1235,0,0
1680593984891,1074,Get single knockout Player details,200,,Knock_out_Thread Group 1-337,text,true,,1210,326,152,152,https://pabsa.impressicocrm.com/api/player/110368,1074,0,0
1680593983345,2620,Get tournamnent list ,200,,Knock_out_Thread Group 1-418,text,true,,58880,389,152,152,https://pabsa.impressicocrm.com/api/tournament?limit=12&pageNumber=1&sportType=&tournamentName=&tournamentStyle=,1558,0,0
1680593984437,1538,Get Players schedule,200,,Knock_out_Thread Group 1-362,text,true,,5435,338,152,152,https://pabsa.impressicocrm.com/api/tournament/119922/matches,1537,0,0
1680593984634,1365,Get single knockout Player details,200,,Knock_out_Thread Group 1-333,text,true,,1210,326,152,152,https://pabsa.impressicocrm.com/api/player/110368,1365,0,0
1680593984778,1221,Get Home page country ,200,,Knock_out_Thread Group 1-455,text,true,,17270,320,152,152,https://pabsa.impressicocrm.com/api/country,1221,0,0
1680593984854,1149,Get Home page currency,200,,Knock_out_Thread Group 1-399,text,true,,9160,321,152,152,https://pabsa.impressicocrm.com/api/currency,1149,0,0
1680593983513,2503,Get tournamnent list ,200,,Knock_out_Thread Group 1-429,text,true,,58880,389,152,152,https://pabsa.impressicocrm.com/api/tournament?limit=12&pageNumber=1&sportType=&tournamentName=&tournamentStyle=,1733,0,0
1680593983761,2259,Get tournamnent list ,200,,Knock_out_Thread Group 1-433,text,true,,58880,389,152,152,https://pabsa.impressicocrm.com/api/tournament?limit=12&pageNumber=1&sportType=&tournamentName=&tournamentStyle=,1723,0,0
1680593984985,1040,Get single knockout Player details,200,,Knock_out_Thread Group 1-361,text,true,,1210,326,152,152,https://pabsa.impressicocrm.com/api/player/110368,1040,0,0
1680593984895,1141,Get Break list ,200,,Knock_out_Thread Group 1-384,text,true,,3218,338,152,152,https://pabsa.impressicocrm.com/api/tournament/119922/players,1141,0,0
1680593984761,1275,Get Break list ,200,,Knock_out_Thread Group 1-360,text,true,,3218,338,152,152,https://pabsa.impressicocrm.com/api/tournament/119922/players,1275,0,0
1680593984711,1325,Get Players list ,200,,Knock_out_Thread Group 1-407,text,true,,3218,338,152,152,https://pabsa.impressicocrm.com/api/tournament/119922/players,1325,0,0
1680593984859,1180,Get Break list ,200,,Knock_out_Thread Group 1-391,text,true,,3218,338,152,152,https://pabsa.impressicocrm.com/api/tournament/119922/players,1180,0,0
1680593984854,1215,Get Home page currency,200,,Knock_out_Thread Group 1-409,text,true,,9160,321,153,153,https://pabsa.impressicocrm.com/api/currency,1215,0,0
1680593983000,3069,Get tournamnent list ,200,,Knock_out_Thread Group 1-423,text,true,,58880,389,153,153,https://pabsa.impressicocrm.com/api/tournament?limit=12&pageNumber=1&sportType=&tournamentName=&tournamentStyle=,1456,0,0
1680593984381,1693,Get Home page country ,200,,Knock_out_Thread Group 1-449,text,true,,17255,320,153,153,https://pabsa.impressicocrm.com/api/country,1693,0,0
1680593985001,1102,Get playerA_Vs_playerB,200,,Knock_out_Thread Group 1-335,text,true,,1239,341,153,153,https://pabsa.impressicocrm.com/api/tournament/matchScore/147598,1102,0,0
1680593984939,1164,Get playerA_Vs_playerB,200,,Knock_out_Thread Group 1-311,text,true,,1239,341,153,153,https://pabsa.impressicocrm.com/api/tournament/matchScore/147598,1164,0,0
1680593984911,1192,Get Home page country ,200,,Knock_out_Thread Group 1-456,text,true,,17270,320,153,153,https://pabsa.impressicocrm.com/api/country,1192,0,0
1680593984705,1398,Get tournament result,200,,Knock_out_Thread Group 1-338,text,true,,5441,338,153,153,https://pabsa.impressicocrm.com/api/tournament/119922/matches,1398,0,0
1680593985653,450,Home page ,200,OK,Knock_out_Thread Group 1-467,text,true,,3033,309,153,153,https://pabsa.impressicocrm.com/,450,0,329
1680593984751,1353,Home page ,200,OK,Knock_out_Thread Group 1-458,text,true,,3033,309,153,153,https://pabsa.impressicocrm.com/,1352,0,1277
1680593984031,2076,Get tournamnent list ,200,,Knock_out_Thread Group 1-435,text,true,,58888,389,151,151,https://pabsa.impressicocrm.com/api/tournament?limit=12&pageNumber=1&sportType=&tournamentName=&tournamentStyle=,1770,0,0
1680593984606,1524,Get tournament result,200,,Knock_out_Thread Group 1-339,text,true,,5441,338,151,151,https://pabsa.impressicocrm.com/api/tournament/119922/matches,1524,0,0
1680593985079,1061,Get playerA_Vs_playerB,200,,Knock_out_Thread Group 1-324,text,true,,1239,341,151,151,https://pabsa.impressicocrm.com/api/tournament/matchScore/147598,1061,0,0
1680593985000,1147,Get knockout players list ,200,,Knock_out_Thread Group 1-359,text,true,,4598,340,150,150,https://pabsa.impressicocrm.com/api/tournament/118871/knockouts,1147,0,0
1680593983798,2356,Get Home page country ,200,,Knock_out_Thread Group 1-445,text,true,,17270,320,151,151,https://pabsa.impressicocrm.com/api/country,2276,0,0
1680593985106,1055,Get single knockout Player details,200,,Knock_out_Thread Group 1-349,text,true,,1210,326,151,151,https://pabsa.impressicocrm.com/api/player/110368,1055,0,0
1680593985122,1041,Get single knockout Player details,200,,Knock_out_Thread Group 1-342,text,true,,1210,326,151,151,https://pabsa.impressicocrm.com/api/player/110368,1041,0,0
1680593984480,1695,Get Players schedule,200,,Knock_out_Thread Group 1-380,text,true,,5435,338,151,151,https://pabsa.impressicocrm.com/api/tournament/119922/matches,1695,0,0
1680593985553,627,Home page ,200,OK,Knock_out_Thread Group 1-466,text,true,,3033,309,151,151,https://pabsa.impressicocrm.com/,626,0,516
1680593983182,2999,Get tournamnent list ,200,,Knock_out_Thread Group 1-421,text,true,,58880,389,151,151,https://pabsa.impressicocrm.com/api/tournament?limit=12&pageNumber=1&sportType=&tournamentName=&tournamentStyle=,2116,0,0
1680593984787,1404,Get Players schedule,200,,Knock_out_Thread Group 1-370,text,true,,5435,338,151,151,https://pabsa.impressicocrm.com/api/tournament/119922/matches,1404,0,0
1680593983229,2967,Get tournamnent list ,200,,Knock_out_Thread Group 1-410,text,true,,58888,389,151,151,https://pabsa.impressicocrm.com/api/tournament?limit=12&pageNumber=1&sportType=&tournamentName=&tournamentStyle=,2265,0,0
1680593985128,1078,Get playerA_Vs_playerB,200,,Knock_out_Thread Group 1-327,text,true,,1239,341,151,151,https://pabsa.impressicocrm.com/api/tournament/matchScore/147598,1078,0,0
1680593985086,1139,Get Home page currency,200,,Knock_out_Thread Group 1-402,text,true,,9160,321,150,150,https://pabsa.impressicocrm.com/api/currency,1139,0,0
1680593985176,1071,Get knockout players list ,200,,Knock_out_Thread Group 1-377,text,true,,4598,340,150,150,https://pabsa.impressicocrm.com/api/tournament/118871/knockouts,1071,0,0
1680593984346,1908,Get tournamnent list ,200,,Knock_out_Thread Group 1-438,text,true,,58880,389,151,151,https://pabsa.impressicocrm.com/api/tournament?limit=12&pageNumber=1&sportType=&tournamentName=&tournamentStyle=,1510,0,0
1680593984673,1581,Get tournamnent list ,200,,Knock_out_Thread Group 1-442,text,true,,58880,389,151,151,https://pabsa.impressicocrm.com/api/tournament?limit=12&pageNumber=1&sportType=&tournamentName=&tournamentStyle=,1301,0,0
1680593985131,1128,Get playerA_Vs_playerB,200,,Knock_out_Thread Group 1-318,text,true,,1239,341,151,151,https://pabsa.impressicocrm.com/api/tournament/matchScore/147598,1128,0,0
1680593985081,1190,Get Players list ,200,,Knock_out_Thread Group 1-383,text,true,,3218,338,150,150,https://pabsa.impressicocrm.com/api/tournament/119922/players,1189,0,0
1680593985115,1169,Get knockout players list ,200,,Knock_out_Thread Group 1-345,text,true,,4598,340,150,150,https://pabsa.impressicocrm.com/api/tournament/118871/knockouts,1169,0,0
1680593983849,2438,Get tournament result,200,,Knock_out_Thread Group 1-329,text,true,,5441,338,150,150,https://pabsa.impressicocrm.com/api/tournament/119922/matches,2438,0,0
1680593985206,1132,Get Break list ,200,,Knock_out_Thread Group 1-397,text,true,,3218,338,150,150,https://pabsa.impressicocrm.com/api/tournament/119922/players,1132,0,0
1680593985134,1210,Get Break list ,200,,Knock_out_Thread Group 1-385,text,true,,3218,338,150,150,https://pabsa.impressicocrm.com/api/tournament/119922/players,1210,0,0
1680593985167,1177,Get Home page country ,200,,Knock_out_Thread Group 1-459,text,true,,17255,320,150,150,https://pabsa.impressicocrm.com/api/country,1177,0,0
1680593984595,1749,Get tournamnent list ,200,,Knock_out_Thread Group 1-440,text,true,,58880,389,150,150,https://pabsa.impressicocrm.com/api/tournament?limit=12&pageNumber=1&sportType=&tournamentName=&tournamentStyle=,1370,0,0
1680593984459,1889,Get Home page currency,200,,Knock_out_Thread Group 1-401,text,true,,9153,321,150,150,https://pabsa.impressicocrm.com/api/currency,1888,0,0
1680593984673,1687,Get Players schedule,200,,Knock_out_Thread Group 1-355,text,true,,5441,338,151,151,https://pabsa.impressicocrm.com/api/tournament/119922/matches,1687,0,0
1680593983524,2847,Get Break list ,200,,Knock_out_Thread Group 1-392,text,true,,3218,338,151,151,https://pabsa.impressicocrm.com/api/tournament/119922/players,2847,0,0
1680593985953,429,Home page ,200,OK,Knock_out_Thread Group 1-470,text,true,,3033,309,151,151,https://pabsa.impressicocrm.com/,429,0,241
1680593986054,328,Home page ,200,OK,Knock_out_Thread Group 1-471,text,true,,3033,309,151,151,https://pabsa.impressicocrm.com/,328,0,254
1680593985215,1172,Get Break list ,200,,Knock_out_Thread Group 1-396,text,true,,3218,338,151,151,https://pabsa.impressicocrm.com/api/tournament/119922/players,1172,0,0
1680593985010,1405,Get tournament result,200,,Knock_out_Thread Group 1-310,text,true,,5441,338,151,151,https://pabsa.impressicocrm.com/api/tournament/119922/matches,1405,0,0
1680593985326,1092,Get single knockout Player details,200,,Knock_out_Thread Group 1-344,text,true,,1210,326,151,151,https://pabsa.impressicocrm.com/api/player/110368,1092,0,0
1680593985259,1159,Get playerA_Vs_playerB,200,,Knock_out_Thread Group 1-323,text,true,,1239,341,151,151,https://pabsa.impressicocrm.com/api/tournament/matchScore/147598,1159,0,0
1680593985904,514,Get tournament result,200,,Knock_out_Thread Group 1-332,text,true,,5441,338,151,151,https://pabsa.impressicocrm.com/api/tournament/119922/matches,514,0,0
1680593985049,1376,Get tournament result,200,,Knock_out_Thread Group 1-331,text,true,,5441,338,150,150,https://pabsa.impressicocrm.com/api/tournament/119922/matches,1376,0,0
1680593984484,1941,Get tournamnent list ,200,,Knock_out_Thread Group 1-432,text,true,,58880,389,150,150,https://pabsa.impressicocrm.com/api/tournament?limit=12&pageNumber=1&sportType=&tournamentName=&tournamentStyle=,1490,0,0
1680593984923,1506,Get Home page currency,200,,Knock_out_Thread Group 1-413,text,true,,9160,321,150,150,https://pabsa.impressicocrm.com/api/currency,1506,0,0
1680593985853,589,Home page ,200,OK,Knock_out_Thread Group 1-469,text,true,,3033,309,150,150,https://pabsa.impressicocrm.com/,589,0,250
1680593985341,1167,Get playerA_Vs_playerB,200,,Knock_out_Thread Group 1-341,text,true,,1239,341,151,151,https://pabsa.impressicocrm.com/api/tournament/matchScore/147598,1167,0,0
1680593985264,1244,Get Players list ,200,,Knock_out_Thread Group 1-416,text,true,,3218,338,151,151,https://pabsa.impressicocrm.com/api/tournament/119922/players,1244,0,0
1680593985259,1254,Get knockout players list ,200,,Knock_out_Thread Group 1-353,text,true,,4598,340,150,150,https://pabsa.impressicocrm.com/api/tournament/118871/knockouts,1254,0,0
1680593986152,363,Home page ,200,OK,Knock_out_Thread Group 1-472,text,true,,3033,309,150,150,https://pabsa.impressicocrm.com/,363,0,297
1680593985307,1220,Get Players list ,200,,Knock_out_Thread Group 1-395,text,true,,3218,338,150,150,https://pabsa.impressicocrm.com/api/tournament/119922/players,1220,0,0
1680593985123,1423,Get Home page currency,200,,Knock_out_Thread Group 1-398,text,true,,9160,321,150,150,https://pabsa.impressicocrm.com/api/currency,1423,0,0
1680593984874,1671,Get tournamnent list ,200,,Knock_out_Thread Group 1-436,text,true,,58880,389,150,150,https://pabsa.impressicocrm.com/api/tournament?limit=12&pageNumber=1&sportType=&tournamentName=&tournamentStyle=,1348,0,0
1680593985422,1144,Get single knockout Player details,200,,Knock_out_Thread Group 1-363,text,true,,1210,326,151,151,https://pabsa.impressicocrm.com/api/player/110368,1144,0,0
1680593984152,2422,Get tournament result,200,,Knock_out_Thread Group 1-340,text,true,,5441,338,151,151,https://pabsa.impressicocrm.com/api/tournament/119922/matches,2422,0,0
1680593985422,1164,Get single knockout Player details,200,,Knock_out_Thread Group 1-336,text,true,,1210,326,151,151,https://pabsa.impressicocrm.com/api/player/110368,1164,0,0
1680593985228,1361,Get Home page country ,200,,Knock_out_Thread Group 1-452,text,true,,17270,320,151,151,https://pabsa.impressicocrm.com/api/country,1338,0,0
1680593985422,1171,Get single knockout Player details,200,,Knock_out_Thread Group 1-350,text,true,,1210,326,151,151,https://pabsa.impressicocrm.com/api/player/110368,1171,0,0
1680593986253,340,Home page ,200,OK,Knock_out_Thread Group 1-473,text,true,,3033,309,151,151,https://pabsa.impressicocrm.com/,340,0,262
1680593985422,1174,Get single knockout Player details,200,,Knock_out_Thread Group 1-343,text,true,,1210,326,151,151,https://pabsa.impressicocrm.com/api/player/110368,1174,0,0
1680593985215,1387,Get Players schedule,200,,Knock_out_Thread Group 1-369,text,true,,5441,338,151,151,https://pabsa.impressicocrm.com/api/tournament/119922/matches,1387,0,0
1680593985436,1171,Get single knockout Player details,200,,Knock_out_Thread Group 1-347,text,true,,1210,326,151,151,https://pabsa.impressicocrm.com/api/player/110368,1171,0,0
1680593985347,1285,Get tournament result,200,,Knock_out_Thread Group 1-352,text,true,,5441,338,151,151,https://pabsa.impressicocrm.com/api/tournament/119922/matches,1285,0,0
1680593985449,1186,Get single knockout Player details,200,,Knock_out_Thread Group 1-366,text,true,,1210,326,151,151,https://pabsa.impressicocrm.com/api/player/110368,1186,0,0
1680593985422,1219,Get playerA_Vs_playerB,200,,Knock_out_Thread Group 1-317,text,true,,1239,341,151,151,https://pabsa.impressicocrm.com/api/tournament/matchScore/147598,1219,0,0
1680593985349,1299,Get Home page country ,200,,Knock_out_Thread Group 1-461,text,true,,17270,320,150,150,https://pabsa.impressicocrm.com/api/country,1299,0,0
1680593985367,1302,Get Break list ,200,,Knock_out_Thread Group 1-390,text,true,,3218,338,151,151,https://pabsa.impressicocrm.com/api/tournament/119922/players,1302,0,0
1680593985753,921,Home page ,200,OK,Knock_out_Thread Group 1-468,text,true,,3033,309,151,151,https://pabsa.impressicocrm.com/,920,0,354
1680593985315,1372,Get Players schedule,200,,Knock_out_Thread Group 1-379,text,true,,5441,338,151,151,https://pabsa.impressicocrm.com/api/tournament/119922/matches,1372,0,0
1680593985488,1254,Get Players list ,200,,Knock_out_Thread Group 1-414,text,true,,3218,338,151,151,https://pabsa.impressicocrm.com/api/tournament/119922/players,1254,0,0
1680593985430,1321,Get Break list ,200,,Knock_out_Thread Group 1-388,text,true,,3218,338,151,151,https://pabsa.impressicocrm.com/api/tournament/119922/players,1321,0,0
1680593983501,3255,Get tournamnent list ,200,,Knock_out_Thread Group 1-405,text,true,,58888,389,152,152,https://pabsa.impressicocrm.com/api/tournament?limit=12&pageNumber=1&sportType=&tournamentName=&tournamentStyle=,2380,0,0
1680593985510,1248,Get knockout players list ,200,,Knock_out_Thread Group 1-374,text,true,,4598,340,152,152,https://pabsa.impressicocrm.com/api/tournament/118871/knockouts,1248,0,0
1680593985490,1277,Get Players list ,200,,Knock_out_Thread Group 1-400,text,true,,3218,338,152,152,https://pabsa.impressicocrm.com/api/tournament/119922/players,1277,0,0
1680593985501,1271,Get Players list ,200,,Knock_out_Thread Group 1-417,text,true,,3218,338,152,152,https://pabsa.impressicocrm.com/api/tournament/119922/players,1271,0,0
1680593985520,1256,Get single knockout Player details,200,,Knock_out_Thread Group 1-351,text,true,,1210,326,152,152,https://pabsa.impressicocrm.com/api/player/110368,1256,0,0
1680593985507,1269,Get Players list ,200,,Knock_out_Thread Group 1-403,text,true,,3218,338,152,152,https://pabsa.impressicocrm.com/api/tournament/119922/players,1269,0,0
1680593985125,1651,Get tournamnent list ,200,,Knock_out_Thread Group 1-434,text,true,,58880,389,152,152,https://pabsa.impressicocrm.com/api/tournament?limit=12&pageNumber=1&sportType=&tournamentName=&tournamentStyle=,1348,0,0
1680593986353,426,Home page ,200,OK,Knock_out_Thread Group 1-474,text,true,,3033,309,152,152,https://pabsa.impressicocrm.com/,426,0,326
1680593985498,1287,Get Home page country ,200,,Knock_out_Thread Group 1-462,text,true,,17270,320,152,152,https://pabsa.impressicocrm.com/api/country,1287,0,0
1680593985542,1284,Get playerA_Vs_playerB,200,,Knock_out_Thread Group 1-358,text,true,,1239,341,152,152,https://pabsa.impressicocrm.com/api/tournament/matchScore/147598,1284,0,0
1680593985422,1424,Get tournament result,200,,Knock_out_Thread Group 1-348,text,true,,5441,338,151,151,https://pabsa.impressicocrm.com/api/tournament/119922/matches,1424,0,0
1680593985639,1208,Get knockout players list ,200,,Knock_out_Thread Group 1-381,text,true,,4598,340,151,151,https://pabsa.impressicocrm.com/api/tournament/118871/knockouts,1208,0,0
1680593985639,1221,Get single knockout Player details,200,,Knock_out_Thread Group 1-354,text,true,,1210,326,152,152,https://pabsa.impressicocrm.com/api/player/110368,1221,0,0
1680593985512,1348,Get knockout players list ,200,,Knock_out_Thread Group 1-364,text,true,,4591,340,152,152,https://pabsa.impressicocrm.com/api/tournament/118871/knockouts,1348,0,0
1680593983591,3308,Get tournamnent list ,200,,Knock_out_Thread Group 1-411,text,true,,58880,389,152,152,https://pabsa.impressicocrm.com/api/tournament?limit=12&pageNumber=1&sportType=&tournamentName=&tournamentStyle=,2436,0,0
1680593985672,1265,Get playerA_Vs_playerB,200,,Knock_out_Thread Group 1-334,text,true,,1239,341,152,152,https://pabsa.impressicocrm.com/api/tournament/matchScore/147598,1265,0,0
1680593985369,1571,Get tournament result,200,,Knock_out_Thread Group 1-330,text,true,,5441,338,151,151,https://pabsa.impressicocrm.com/api/tournament/119922/matches,1571,0,0
1680593985221,1721,Get tournamnent list ,200,,Knock_out_Thread Group 1-446,text,true,,58888,389,151,151,https://pabsa.impressicocrm.com/api/tournament?limit=12&pageNumber=1&sportType=&tournamentName=&tournamentStyle=,1415,0,0
1680593986553,401,Home page ,200,OK,Knock_out_Thread Group 1-476,text,true,,3033,309,152,152,https://pabsa.impressicocrm.com/,401,0,226
1680593985642,1323,Get Home page country ,200,,Knock_out_Thread Group 1-460,text,true,,17270,320,152,152,https://pabsa.impressicocrm.com/api/country,1323,0,0
1680593985727,1238,Get knockout players list ,200,,Knock_out_Thread Group 1-357,text,true,,4598,340,152,152,https://pabsa.impressicocrm.com/api/tournament/118871/knockouts,1238,0,0
1680593985591,1376,Get Home page country ,200,,Knock_out_Thread Group 1-457,text,true,,17270,320,152,152,https://pabsa.impressicocrm.com/api/country,1376,0,0
1680593985166,1801,Get tournamnent list ,200,,Knock_out_Thread Group 1-444,text,true,,58880,389,152,152,https://pabsa.impressicocrm.com/api/tournament?limit=12&pageNumber=1&sportType=&tournamentName=&tournamentStyle=,1387,0,0
1680593985667,1331,Get Home page currency,200,,Knock_out_Thread Group 1-426,text,true,,9160,321,152,152,https://pabsa.impressicocrm.com/api/currency,1330,0,0
1680593985488,1510,Get Players schedule,200,,Knock_out_Thread Group 1-376,text,true,,5441,338,152,152,https://pabsa.impressicocrm.com/api/tournament/119922/matches,1509,0,0
1680593985701,1297,Get Home page country ,200,,Knock_out_Thread Group 1-463,text,true,,17270,320,152,152,https://pabsa.impressicocrm.com/api/country,1297,0,0
1680593984720,2289,Get single knockout Player details,200,,Knock_out_Thread Group 1-365,text,true,,1210,326,152,152,https://pabsa.impressicocrm.com/api/player/110368,2289,0,0
1680593983851,3158,Get tournamnent list ,200,,Knock_out_Thread Group 1-420,text,true,,58880,389,152,152,https://pabsa.impressicocrm.com/api/tournament?limit=12&pageNumber=1&sportType=&tournamentName=&tournamentStyle=,2588,0,0
1680593984939,2070,Get tournamnent list ,200,,Knock_out_Thread Group 1-439,text,true,,58880,389,152,152,https://pabsa.impressicocrm.com/api/tournament?limit=12&pageNumber=1&sportType=&tournamentName=&tournamentStyle=,1558,0,0
1680593985607,1410,Get Players list ,200,,Knock_out_Thread Group 1-356,text,true,,3218,338,152,152,https://pabsa.impressicocrm.com/api/tournament/119922/players,1410,0,0
1680593986753,264,Home page ,200,OK,Knock_out_Thread Group 1-478,text,true,,3033,309,152,152,https://pabsa.impressicocrm.com/,264,0,203
1680593985799,1229,Get knockout players list ,200,,Knock_out_Thread Group 1-378,text,true,,4598,340,152,152,https://pabsa.impressicocrm.com/api/tournament/118871/knockouts,1229,0,0
1680593985203,1825,Get tournamnent list ,200,,Knock_out_Thread Group 1-450,text,true,,58888,389,152,152,https://pabsa.impressicocrm.com/api/tournament?limit=12&pageNumber=1&sportType=&tournamentName=&tournamentStyle=,1409,0,0
1680593985845,1211,Get playerA_Vs_playerB,200,,Knock_out_Thread Group 1-313,text,true,,1239,341,153,153,https://pabsa.impressicocrm.com/api/tournament/matchScore/147598,1211,0,0
1680593985768,1295,Get knockout players list ,200,,Knock_out_Thread Group 1-368,text,true,,4598,340,152,152,https://pabsa.impressicocrm.com/api/tournament/118871/knockouts,1295,0,0
1680593985490,1587,Get Home page currency,200,,Knock_out_Thread Group 1-422,text,true,,9160,321,152,152,https://pabsa.impressicocrm.com/api/currency,1587,0,0
1680593985747,1336,Get Home page country ,200,,Knock_out_Thread Group 1-465,text,true,,17270,320,152,152,https://pabsa.impressicocrm.com/api/country,1335,0,0
1680593986652,431,Home page ,200,OK,Knock_out_Thread Group 1-477,text,true,,3033,309,152,152,https://pabsa.impressicocrm.com/,430,0,358
1680593985727,1357,Get Home page currency,200,,Knock_out_Thread Group 1-424,text,true,,9160,321,152,152,https://pabsa.impressicocrm.com/api/currency,1357,0,0
1680593985678,1419,Get Players schedule,200,,Knock_out_Thread Group 1-375,text,true,,5441,338,152,152,https://pabsa.impressicocrm.com/api/tournament/119922/matches,1419,0,0
1680593986453,656,Home page ,200,OK,Knock_out_Thread Group 1-475,text,true,,3033,309,152,152,https://pabsa.impressicocrm.com/,655,0,564
1680593985694,1441,Get Players schedule,200,,Knock_out_Thread Group 1-386,text,true,,5435,338,152,152,https://pabsa.impressicocrm.com/api/tournament/119922/matches,1441,0,0
1680593985639,1508,Get Players schedule,200,,Knock_out_Thread Group 1-389,text,true,,5441,338,152,152,https://pabsa.impressicocrm.com/api/tournament/119922/matches,1508,0,0
1680593985930,1274,Get single knockout Player details,200,,Knock_out_Thread Group 1-367,text,true,,1210,326,153,153,https://pabsa.impressicocrm.com/api/player/110368,1274,0,0
1680593985881,1325,Get Players list ,200,,Knock_out_Thread Group 1-408,text,true,,3218,338,153,153,https://pabsa.impressicocrm.com/api/tournament/119922/players,1325,0,0
1680593985930,1304,Get Home page currency,200,,Knock_out_Thread Group 1-425,text,true,,9160,321,153,153,https://pabsa.impressicocrm.com/api/currency,1304,0,0
1680593985566,1682,Get Home page currency,200,,Knock_out_Thread Group 1-430,text,true,,9160,321,153,153,https://pabsa.impressicocrm.com/api/currency,1682,0,0
1680593984921,2334,Get Break list ,200,,Knock_out_Thread Group 1-382,text,true,,3218,338,153,153,https://pabsa.impressicocrm.com/api/tournament/119922/players,2334,0,0
1680593985642,1613,Get tournament result,200,,Knock_out_Thread Group 1-346,text,true,,5441,338,153,153,https://pabsa.impressicocrm.com/api/tournament/119922/matches,1613,0,0
1680593985566,1694,Get Home page currency,200,,Knock_out_Thread Group 1-404,text,true,,9160,321,153,153,https://pabsa.impressicocrm.com/api/currency,1694,0,0
1680593985943,1333,Get Players list ,200,,Knock_out_Thread Group 1-431,text,true,,3218,338,154,154,https://pabsa.impressicocrm.com/api/tournament/119922/players,1333,0,0
1680593987056,261,Home page ,200,OK,Knock_out_Thread Group 1-481,text,true,,3033,309,154,154,https://pabsa.impressicocrm.com/,261,0,199
1680593985692,1635,Get tournament result,200,,Knock_out_Thread Group 1-325,text,true,,5441,338,154,154,https://pabsa.impressicocrm.com/api/tournament/119922/matches,1635,0,0
1680593985966,1361,Get Players list ,200,,Knock_out_Thread Group 1-415,text,true,,3218,338,154,154,https://pabsa.impressicocrm.com/api/tournament/119922/players,1361,0,0
1680593985940,1413,Get Players list ,200,,Knock_out_Thread Group 1-428,text,true,,3218,338,154,154,https://pabsa.impressicocrm.com/api/tournament/119922/players,1413,0,0
1680593985747,1610,Get Players schedule,200,,Knock_out_Thread Group 1-373,text,true,,5441,338,154,154,https://pabsa.impressicocrm.com/api/tournament/119922/matches,1610,0,0
1680593985839,1529,Get Players schedule,200,,Knock_out_Thread Group 1-387,text,true,,5441,338,155,155,https://pabsa.impressicocrm.com/api/tournament/119922/matches,1529,0,0
1680593985510,1862,Get Players schedule,200,,Knock_out_Thread Group 1-372,text,true,,5441,338,155,155,https://pabsa.impressicocrm.com/api/tournament/119922/matches,1862,0,0
1680593986004,1380,Get Players list ,200,,Knock_out_Thread Group 1-399,text,true,,3218,338,155,155,https://pabsa.impressicocrm.com/api/tournament/119922/players,1380,0,0
1680593986036,1363,Get Break list ,200,,Knock_out_Thread Group 1-407,text,true,,3218,338,155,155,https://pabsa.impressicocrm.com/api/tournament/119922/players,1363,0,0
1680593985847,1565,Get Players schedule,200,,Knock_out_Thread Group 1-393,text,true,,5441,338,155,155,https://pabsa.impressicocrm.com/api/tournament/119922/matches,1565,0,0
1680593985966,1454,Get Home page currency,200,,Knock_out_Thread Group 1-418,text,true,,9160,321,155,155,https://pabsa.impressicocrm.com/api/currency,1454,0,0
1680593987153,307,Home page ,200,OK,Knock_out_Thread Group 1-482,text,true,,3033,309,156,156,https://pabsa.impressicocrm.com/,306,0,237
1680593986108,1364,Get Home page currency,200,,Knock_out_Thread Group 1-435,text,true,,9160,321,156,156,https://pabsa.impressicocrm.com/api/currency,1364,0,0
1680593985959,1515,Get Players list ,200,,Knock_out_Thread Group 1-412,text,true,,3218,338,156,156,https://pabsa.impressicocrm.com/api/tournament/119922/players,1515,0,0
1680593986020,1457,Get Home page currency,200,,Knock_out_Thread Group 1-433,text,true,,9160,321,156,156,https://pabsa.impressicocrm.com/api/currency,1456,0,0
1680593985966,1530,Get tournament result,200,,Knock_out_Thread Group 1-337,text,true,,5441,338,156,156,https://pabsa.impressicocrm.com/api/tournament/119922/matches,1530,0,0
1680593985540,1968,Get Home page currency,200,,Knock_out_Thread Group 1-427,text,true,,9160,321,156,156,https://pabsa.impressicocrm.com/api/currency,1968,0,0
1680593986069,1439,Get Players list ,200,,Knock_out_Thread Group 1-409,text,true,,3218,338,156,156,https://pabsa.impressicocrm.com/api/tournament/119922/players,1439,0,0
1680593985935,1590,Get Players schedule,200,,Knock_out_Thread Group 1-371,text,true,,5441,338,156,156,https://pabsa.impressicocrm.com/api/tournament/119922/matches,1590,0,0
1680593986103,1434,Get playerA_Vs_playerB,200,,Knock_out_Thread Group 1-338,text,true,,1239,341,156,156,https://pabsa.impressicocrm.com/api/tournament/matchScore/147598,1434,0,0
1680593985427,2116,Get tournamnent list ,200,,Knock_out_Thread Group 1-443,text,true,,58888,389,155,155,https://pabsa.impressicocrm.com/api/tournament?limit=12&pageNumber=1&sportType=&tournamentName=&tournamentStyle=,1582,0,0
1680593985326,2217,Get tournamnent list ,200,,Knock_out_Thread Group 1-447,text,true,,58888,389,155,155,https://pabsa.impressicocrm.com/api/tournament?limit=12&pageNumber=1&sportType=&tournamentName=&tournamentStyle=,1508,0,0
1680593986147,1406,Get single knockout Player details,200,,Knock_out_Thread Group 1-359,text,true,,1210,326,155,155,https://pabsa.impressicocrm.com/api/player/110368,1406,0,0
1680593987266,287,Home page ,200,OK,Knock_out_Thread Group 1-483,text,true,,3033,309,155,155,https://pabsa.impressicocrm.com/,287,0,206
1680593986131,1433,Get playerA_Vs_playerB,200,,Knock_out_Thread Group 1-339,text,true,,1239,341,156,156,https://pabsa.impressicocrm.com/api/tournament/matchScore/147598,1433,0,0
1680593985727,1845,Get tournamnent list ,200,,Knock_out_Thread Group 1-453,text,true,,58880,389,155,155,https://pabsa.impressicocrm.com/api/tournament?limit=12&pageNumber=1&sportType=&tournamentName=&tournamentStyle=,1504,0,0
1680593986175,1402,Get knockout players list ,200,,Knock_out_Thread Group 1-380,text,true,,4598,340,155,155,https://pabsa.impressicocrm.com/api/tournament/118871/knockouts,1402,0,0
1680593985930,1653,Get tournament result,200,,Knock_out_Thread Group 1-101,text,true,,5441,338,155,155,https://pabsa.impressicocrm.com/api/tournament/119922/matches,1652,0,0
1680593986104,1519,Get Home page country ,200,,Knock_out_Thread Group 1-467,text,true,,17270,320,155,155,https://pabsa.impressicocrm.com/api/country,1519,0,0
1680593985943,1684,Get Players schedule,200,,Knock_out_Thread Group 1-394,text,true,,5441,338,155,155,https://pabsa.impressicocrm.com/api/tournament/119922/matches,1684,0,0
1680593986191,1436,Get knockout players list ,200,,Knock_out_Thread Group 1-370,text,true,,4591,340,155,155,https://pabsa.impressicocrm.com/api/tournament/118871/knockouts,1436,0,0
1680593985802,1837,Get Home page country ,200,,Knock_out_Thread Group 1-464,text,true,,17270,320,155,155,https://pabsa.impressicocrm.com/api/country,1742,0,0
1680593985949,1691,Get Home page currency,200,,Knock_out_Thread Group 1-419,text,true,,9160,321,155,155,https://pabsa.impressicocrm.com/api/currency,1690,0,0
1680593986255,1387,Get Home page currency,200,,Knock_out_Thread Group 1-438,text,true,,9160,321,155,155,https://pabsa.impressicocrm.com/api/currency,1387,0,0
1680593986248,1400,Get single knockout Player details,200,,Knock_out_Thread Group 1-377,text,true,,1210,326,155,155,https://pabsa.impressicocrm.com/api/player/110368,1400,0,0
1680593985999,1649,Get tournament result,200,,Knock_out_Thread Group 1-333,text,true,,5441,338,155,155,https://pabsa.impressicocrm.com/api/tournament/119922/matches,1649,0,0
1680593985523,2125,Get tournamnent list ,200,,Knock_out_Thread Group 1-451,text,true,,58888,389,155,155,https://pabsa.impressicocrm.com/api/tournament?limit=12&pageNumber=1&sportType=&tournamentName=&tournamentStyle=,1660,0,0
1680593986104,1550,Get Home page country ,200,,Knock_out_Thread Group 1-458,text,true,,17270,320,156,156,https://pabsa.impressicocrm.com/api/country,1550,0,0
1680593985422,2232,Get tournamnent list ,200,,Knock_out_Thread Group 1-448,text,true,,58888,389,156,156,https://pabsa.impressicocrm.com/api/tournament?limit=12&pageNumber=1&sportType=&tournamentName=&tournamentStyle=,1575,0,0
1680593986285,1374,Get single knockout Player details,200,,Knock_out_Thread Group 1-345,text,true,,1210,326,156,156,https://pabsa.impressicocrm.com/api/player/110368,1374,0,0
1680593986036,1623,Get Players schedule,200,,Knock_out_Thread Group 1-384,text,true,,5441,338,156,156,https://pabsa.impressicocrm.com/api/tournament/119922/matches,1623,0,0
1680593986225,1446,Get Players list ,200,,Knock_out_Thread Group 1-402,text,true,,3218,338,156,156,https://pabsa.impressicocrm.com/api/tournament/119922/players,1446,0,0
1680593986345,1331,Get Home page currency,200,,Knock_out_Thread Group 1-440,text,true,,9160,321,156,156,https://pabsa.impressicocrm.com/api/currency,1331,0,0
1680593986288,1408,Get playerA_Vs_playerB,200,,Knock_out_Thread Group 1-329,text,true,,1239,341,156,156,https://pabsa.impressicocrm.com/api/tournament/matchScore/147598,1408,0,0
1680593986016,1694,Get Home page currency,200,,Knock_out_Thread Group 1-429,text,true,,9160,321,155,155,https://pabsa.impressicocrm.com/api/currency,1694,0,0
1680593986197,1519,Get Home page currency,200,,Knock_out_Thread Group 1-410,text,true,,9160,321,155,155,https://pabsa.impressicocrm.com/api/currency,1519,0,0
1680593986025,1691,Get tournament result,200,,Knock_out_Thread Group 1-361,text,true,,5441,338,155,155,https://pabsa.impressicocrm.com/api/tournament/119922/matches,1691,0,0
1680593985975,1741,Get knockout players list ,200,,Knock_out_Thread Group 1-362,text,true,,4591,340,155,155,https://pabsa.impressicocrm.com/api/tournament/118871/knockouts,1741,0,0
1680593986182,1538,Get Home page currency,200,,Knock_out_Thread Group 1-421,text,true,,9160,321,155,155,https://pabsa.impressicocrm.com/api/currency,1538,0,0
1680593986039,1731,Get Players schedule,200,,Knock_out_Thread Group 1-391,text,true,,5441,338,156,156,https://pabsa.impressicocrm.com/api/tournament/119922/matches,1731,0,0
1680593987454,327,Home page ,200,OK,Knock_out_Thread Group 1-485,text,true,,3033,309,156,156,https://pabsa.impressicocrm.com/,327,0,250
1680593986036,1750,Get Players schedule,200,,Knock_out_Thread Group 1-360,text,true,,5441,338,156,156,https://pabsa.impressicocrm.com/api/tournament/119922/matches,1750,0,0
1680593986361,1425,Get knockout players list ,200,,Knock_out_Thread Group 1-355,text,true,,4598,340,156,156,https://pabsa.impressicocrm.com/api/tournament/118871/knockouts,1425,0,0
1680593986954,852,Home page ,200,OK,Knock_out_Thread Group 1-480,text,true,,3033,309,156,156,https://pabsa.impressicocrm.com/,852,0,396
1680593986348,1465,Get Players list ,200,,Knock_out_Thread Group 1-401,text,true,,3218,338,156,156,https://pabsa.impressicocrm.com/api/tournament/119922/players,1465,0,0
1680593986271,1569,Get Break list ,200,,Knock_out_Thread Group 1-383,text,true,,3218,338,156,156,https://pabsa.impressicocrm.com/api/tournament/119922/players,1569,0,0
1680593986383,1459,Get Home page country ,200,,Knock_out_Thread Group 1-471,text,true,,17270,320,156,156,https://pabsa.impressicocrm.com/api/country,1459,0,0
1680593987643,199,Get Players list ,200,,Knock_out_Thread Group 1-438,text,true,,3218,338,156,156,https://pabsa.impressicocrm.com/api/tournament/119922/players,199,0,0
1680593986070,1789,Get Home page currency,200,,Knock_out_Thread Group 1-423,text,true,,9153,321,157,157,https://pabsa.impressicocrm.com/api/currency,1789,0,0
1680593986163,1699,Get tournament result,200,,Knock_out_Thread Group 1-342,text,true,,5441,338,157,157,https://pabsa.impressicocrm.com/api/tournament/119922/matches,1699,0,0
1680593986415,1459,Get playerA_Vs_playerB,200,,Knock_out_Thread Group 1-310,text,true,,1239,341,157,157,https://pabsa.impressicocrm.com/api/tournament/matchScore/147598,1459,0,0
1680593986161,1713,Get tournament result,200,,Knock_out_Thread Group 1-349,text,true,,5441,338,157,157,https://pabsa.impressicocrm.com/api/tournament/119922/matches,1713,0,0
1680593985875,2006,Get Home page currency,200,,Knock_out_Thread Group 1-406,text,true,,9160,321,156,156,https://pabsa.impressicocrm.com/api/currency,2006,0,0
1680593985999,1887,Get tournamnent list ,200,,Knock_out_Thread Group 1-455,text,true,,58880,389,156,156,https://pabsa.impressicocrm.com/api/tournament?limit=12&pageNumber=1&sportType=&tournamentName=&tournamentStyle=,1649,0,0
1680593987557,352,Home page ,200,OK,Knock_out_Thread Group 1-486,text,true,,3033,309,156,156,https://pabsa.impressicocrm.com/,352,0,273
1680593986418,1496,Get playerA_Vs_playerB,200,,Knock_out_Thread Group 1-332,text,true,,1239,341,156,156,https://pabsa.impressicocrm.com/api/tournament/matchScore/147598,1496,0,0
1680593986338,1578,Get Players schedule,200,,Knock_out_Thread Group 1-397,text,true,,5441,338,155,155,https://pabsa.impressicocrm.com/api/tournament/119922/matches,1577,0,0
1680593986425,1528,Get playerA_Vs_playerB,200,,Knock_out_Thread Group 1-331,text,true,,1239,341,156,156,https://pabsa.impressicocrm.com/api/tournament/matchScore/147598,1528,0,0
1680593986429,1532,Get Players list ,200,,Knock_out_Thread Group 1-413,text,true,,3218,338,155,155,https://pabsa.impressicocrm.com/api/tournament/119922/players,1532,0,0
1680593986344,1622,Get Players schedule,200,,Knock_out_Thread Group 1-385,text,true,,5441,338,155,155,https://pabsa.impressicocrm.com/api/tournament/119922/matches,1622,0,0
1680593986372,1600,Get Players schedule,200,,Knock_out_Thread Group 1-392,text,true,,5441,338,155,155,https://pabsa.impressicocrm.com/api/tournament/119922/matches,1600,0,0
1680593986516,1462,Get Home page country ,200,,Knock_out_Thread Group 1-472,text,true,,17270,320,155,155,https://pabsa.impressicocrm.com/api/country,1460,0,0
1680593985093,2891,Get tournamnent list ,200,,Knock_out_Thread Group 1-437,text,true,,58888,389,155,155,https://pabsa.impressicocrm.com/api/tournament?limit=12&pageNumber=1&sportType=&tournamentName=&tournamentStyle=,1743,0,0
1680593986509,1479,Get Break list ,200,,Knock_out_Thread Group 1-416,text,true,,3218,338,155,155,https://pabsa.impressicocrm.com/api/tournament/119922/players,1479,0,0
1680593986180,1808,Get Home page country ,200,,Knock_out_Thread Group 1-466,text,true,,17270,320,155,155,https://pabsa.impressicocrm.com/api/country,1808,0,0
1680593986528,1487,Get Break list ,200,,Knock_out_Thread Group 1-395,text,true,,3218,338,155,155,https://pabsa.impressicocrm.com/api/tournament/119922/players,1487,0,0
1680593986575,1457,Get playerA_Vs_playerB,200,,Knock_out_Thread Group 1-340,text,true,,1239,341,155,155,https://pabsa.impressicocrm.com/api/tournament/matchScore/147598,1457,0,0
1680593986546,1533,Get Players list ,200,,Knock_out_Thread Group 1-398,text,true,,3218,338,155,155,https://pabsa.impressicocrm.com/api/tournament/119922/players,1533,0,0
1680593986418,1711,Get tournament result,200,,Knock_out_Thread Group 1-344,text,true,,5441,338,155,155,https://pabsa.impressicocrm.com/api/tournament/119922/matches,1711,0,0
1680593986388,1750,Get Players schedule,200,,Knock_out_Thread Group 1-396,text,true,,5441,338,155,155,https://pabsa.impressicocrm.com/api/tournament/119922/matches,1750,0,0
1680593986743,1444,Get Break list ,200,,Knock_out_Thread Group 1-414,text,true,,3218,338,156,156,https://pabsa.impressicocrm.com/api/tournament/119922/players,1444,0,0
1680593986594,1593,Get Home page country ,200,,Knock_out_Thread Group 1-473,text,true,,17270,320,156,156,https://pabsa.impressicocrm.com/api/country,1593,0,0
1680593986688,1514,Get knockout players list ,200,,Knock_out_Thread Group 1-379,text,true,,4598,340,156,156,https://pabsa.impressicocrm.com/api/tournament/118871/knockouts,1514,0,0
1680593986759,1457,Get single knockout Player details,200,,Knock_out_Thread Group 1-374,text,true,,1210,326,156,156,https://pabsa.impressicocrm.com/api/player/110368,1457,0,0
1680593986674,1558,Get Home page country ,200,,Knock_out_Thread Group 1-468,text,true,,17270,320,156,156,https://pabsa.impressicocrm.com/api/country,1554,0,0
1680593986514,1723,Get single knockout Player details,200,,Knock_out_Thread Group 1-353,text,true,,1210,326,156,156,https://pabsa.impressicocrm.com/api/player/110368,1723,0,0
1680593986852,1386,Home page ,200,OK,Knock_out_Thread Group 1-479,text,true,,3033,309,156,156,https://pabsa.impressicocrm.com/,1385,0,1318
1680593986255,1994,Get Home page currency,200,,Knock_out_Thread Group 1-442,text,true,,9160,321,156,156,https://pabsa.impressicocrm.com/api/currency,1993,0,0
1680593986669,1622,Get Players schedule,200,,Knock_out_Thread Group 1-390,text,true,,5435,338,157,157,https://pabsa.impressicocrm.com/api/tournament/119922/matches,1622,0,0
1680593986768,1524,Get Break list ,200,,Knock_out_Thread Group 1-400,text,true,,3218,338,157,157,https://pabsa.impressicocrm.com/api/tournament/119922/players,1523,0,0
1680593986594,1697,Get tournament result,200,,Knock_out_Thread Group 1-350,text,true,,5441,338,157,157,https://pabsa.impressicocrm.com/api/tournament/119922/matches,1697,0,0
1680593986075,2217,Get tournamnent list ,200,,Knock_out_Thread Group 1-449,text,true,,58880,389,157,157,https://pabsa.impressicocrm.com/api/tournament?limit=12&pageNumber=1&sportType=&tournamentName=&tournamentStyle=,1742,0,0
1680593986776,1525,Get Home page currency,200,,Knock_out_Thread Group 1-434,text,true,,9153,321,157,157,https://pabsa.impressicocrm.com/api/currency,1525,0,0
1680593986860,1462,Get single knockout Player details,200,,Knock_out_Thread Group 1-364,text,true,,1210,326,157,157,https://pabsa.impressicocrm.com/api/player/110368,1462,0,0
1680593986848,1490,Get single knockout Player details,200,,Knock_out_Thread Group 1-381,text,true,,1210,326,157,157,https://pabsa.impressicocrm.com/api/player/110368,1490,0,0
1680593986602,1736,Get knockout players list ,200,,Knock_out_Thread Group 1-369,text,true,,4598,340,157,157,https://pabsa.impressicocrm.com/api/tournament/118871/knockouts,1736,0,0
1680593986345,1993,Get tournamnent list ,200,,Knock_out_Thread Group 1-459,text,true,,58880,389,157,157,https://pabsa.impressicocrm.com/api/tournament?limit=12&pageNumber=1&sportType=&tournamentName=&tournamentStyle=,1645,0,0
1680593988053,285,Home page ,200,OK,Knock_out_Thread Group 1-491,text,true,,3033,309,157,157,https://pabsa.impressicocrm.com/,285,0,208
1680593986965,1381,Get single knockout Player details,200,,Knock_out_Thread Group 1-357,text,true,,1210,326,157,157,https://pabsa.impressicocrm.com/api/player/110368,1381,0,0
1680593986776,1573,Get Break list ,200,,Knock_out_Thread Group 1-403,text,true,,3218,338,157,157,https://pabsa.impressicocrm.com/api/tournament/119922/players,1573,0,0
1680593986632,1753,Get playerA_Vs_playerB,200,,Knock_out_Thread Group 1-352,text,true,,1239,341,158,158,https://pabsa.impressicocrm.com/api/tournament/matchScore/147598,1752,0,0
1680593986586,1799,Get tournament result,200,,Knock_out_Thread Group 1-336,text,true,,5441,338,158,158,https://pabsa.impressicocrm.com/api/tournament/119922/matches,1798,0,0
1680593986847,1545,Get playerA_Vs_playerB,200,,Knock_out_Thread Group 1-348,text,true,,1239,341,157,157,https://pabsa.impressicocrm.com/api/tournament/matchScore/147598,1545,0,0
1680593986940,1499,Get playerA_Vs_playerB,200,,Knock_out_Thread Group 1-330,text,true,,1239,341,156,156,https://pabsa.impressicocrm.com/api/tournament/matchScore/147598,1499,0,0
1680593987028,1416,Get single knockout Player details,200,,Knock_out_Thread Group 1-378,text,true,,1210,326,155,155,https://pabsa.impressicocrm.com/api/player/110368,1416,0,0
1680593986607,1837,Get tournament result,200,,Knock_out_Thread Group 1-347,text,true,,5435,338,155,155,https://pabsa.impressicocrm.com/api/tournament/119922/matches,1837,0,0
1680593986998,1446,Get knockout players list ,200,,Knock_out_Thread Group 1-376,text,true,,4598,340,155,155,https://pabsa.impressicocrm.com/api/tournament/118871/knockouts,1446,0,0
1680593985825,2631,Get tournamnent list ,200,,Knock_out_Thread Group 1-454,text,true,,58888,389,156,156,https://pabsa.impressicocrm.com/api/tournament?limit=12&pageNumber=1&sportType=&tournamentName=&tournamentStyle=,1599,0,0
1680593987653,818,Home page ,200,OK,Knock_out_Thread Group 1-487,text,true,,3033,309,156,156,https://pabsa.impressicocrm.com/,818,0,596
1680593986442,2035,Get Home page country ,200,,Knock_out_Thread Group 1-469,text,true,,17270,320,156,156,https://pabsa.impressicocrm.com/api/country,2034,0,0
1680593987064,1415,Get single knockout Player details,200,,Knock_out_Thread Group 1-368,text,true,,1210,326,156,156,https://pabsa.impressicocrm.com/api/player/110368,1415,0,0
1680593986998,1481,Get Players list ,200,,Knock_out_Thread Group 1-426,text,true,,3218,338,156,156,https://pabsa.impressicocrm.com/api/tournament/119922/players,1481,0,0
1680593986752,1734,Get Players schedule,200,,Knock_out_Thread Group 1-388,text,true,,5441,338,156,156,https://pabsa.impressicocrm.com/api/tournament/119922/matches,1734,0,0
1680593986426,2065,Get Home page currency,200,,Knock_out_Thread Group 1-432,text,true,,9160,321,156,156,https://pabsa.impressicocrm.com/api/currency,2065,0,0
1680593986943,1556,Get Home page currency,200,,Knock_out_Thread Group 1-446,text,true,,9160,321,156,156,https://pabsa.impressicocrm.com/api/currency,1556,0,0
1680593986567,1940,Get tournament result,200,,Knock_out_Thread Group 1-363,text,true,,5441,338,156,156,https://pabsa.impressicocrm.com/api/tournament/119922/matches,1940,0,0
1680593988153,357,Home page ,200,OK,Knock_out_Thread Group 1-492,text,true,,3033,309,156,156,https://pabsa.impressicocrm.com/,357,0,282
1680593986636,1875,Get tournament result,200,,Knock_out_Thread Group 1-366,text,true,,5441,338,156,156,https://pabsa.impressicocrm.com/api/tournament/119922/matches,1875,0,0
1680593987077,1443,Get Players list ,200,,Knock_out_Thread Group 1-422,text,true,,3218,338,156,156,https://pabsa.impressicocrm.com/api/tournament/119922/players,1443,0,0
1680593987018,1505,Get Home page country ,200,,Knock_out_Thread Group 1-478,text,true,,17270,320,156,156,https://pabsa.impressicocrm.com/api/country,1505,0,0
1680593987098,1441,Get knockout players list ,200,,Knock_out_Thread Group 1-375,text,true,,4591,340,156,156,https://pabsa.impressicocrm.com/api/tournament/118871/knockouts,1441,0,0
1680593988254,345,Home page ,200,OK,Knock_out_Thread Group 1-493,text,true,,3033,309,157,157,https://pabsa.impressicocrm.com/,345,0,269
1680593987235,1400,Get Players list ,200,,Knock_out_Thread Group 1-425,text,true,,3218,338,157,157,https://pabsa.impressicocrm.com/api/tournament/119922/players,1400,0,0
1680593986773,1865,Get Break list ,200,,Knock_out_Thread Group 1-417,text,true,,3218,338,157,157,https://pabsa.impressicocrm.com/api/tournament/119922/players,1864,0,0
1680593986955,1725,Get Home page country ,200,,Knock_out_Thread Group 1-476,text,true,,17270,320,158,158,https://pabsa.impressicocrm.com/api/country,1725,0,0
1680593987029,1660,Get Home page currency,200,,Knock_out_Thread Group 1-450,text,true,,9160,321,158,158,https://pabsa.impressicocrm.com/api/currency,1659,0,0
1680593987277,1412,Get Break list ,200,,Knock_out_Thread Group 1-431,text,true,,3218,338,158,158,https://pabsa.impressicocrm.com/api/tournament/119922/players,1412,0,0
1680593987248,1441,Get Players list ,200,,Knock_out_Thread Group 1-430,text,true,,3218,338,158,158,https://pabsa.impressicocrm.com/api/tournament/119922/players,1440,0,0
1680593986780,1913,Get Home page country ,200,,Knock_out_Thread Group 1-474,text,true,,17270,320,158,158,https://pabsa.impressicocrm.com/api/country,1913,0,0
1680593987369,1334,Get knockout players list ,200,,Knock_out_Thread Group 1-387,text,true,,4598,340,158,158,https://pabsa.impressicocrm.com/api/tournament/118871/knockouts,1334,0,0
1680593987135,1578,Get knockout players list ,200,,Knock_out_Thread Group 1-386,text,true,,4598,340,158,158,https://pabsa.impressicocrm.com/api/tournament/118871/knockouts,1578,0,0
1680593986776,1943,Get tournament result,200,,Knock_out_Thread Group 1-351,text,true,,5441,338,158,158,https://pabsa.impressicocrm.com/api/tournament/119922/matches,1943,0,0
1680593987083,1639,Get Home page country ,200,,Knock_out_Thread Group 1-477,text,true,,17270,320,158,158,https://pabsa.impressicocrm.com/api/country,1638,0,0
1680593986597,2137,Get tournament result,200,,Knock_out_Thread Group 1-343,text,true,,5441,338,158,158,https://pabsa.impressicocrm.com/api/tournament/119922/matches,2137,0,0
1680593985435,3305,Get tournamnent list ,200,,Knock_out_Thread Group 1-441,text,true,,58880,389,158,158,https://pabsa.impressicocrm.com/api/tournament?limit=12&pageNumber=1&sportType=&tournamentName=&tournamentStyle=,1885,0,0
1680593987318,1423,Get Home page country ,200,,Knock_out_Thread Group 1-481,text,true,,17270,320,158,158,https://pabsa.impressicocrm.com/api/country,1423,0,0
1680593986860,1904,Get tournament result,200,,Knock_out_Thread Group 1-354,text,true,,5441,338,159,159,https://pabsa.impressicocrm.com/api/tournament/119922/matches,1904,0,0
1680593986103,2669,Get tournamnent list ,200,,Knock_out_Thread Group 1-456,text,true,,58880,389,159,159,https://pabsa.impressicocrm.com/api/tournament?limit=12&pageNumber=1&sportType=&tournamentName=&tournamentStyle=,1744,0,0
1680593987261,1514,Get Players list ,200,,Knock_out_Thread Group 1-404,text,true,,3218,338,159,159,https://pabsa.impressicocrm.com/api/tournament/119922/players,1514,0,0
1680593987477,1309,Get Players list ,200,,Knock_out_Thread Group 1-433,text,true,,3218,338,159,159,https://pabsa.impressicocrm.com/api/tournament/119922/players,1309,0,0
1680593987473,1313,Get Players list ,200,,Knock_out_Thread Group 1-435,text,true,,3218,338,159,159,https://pabsa.impressicocrm.com/api/tournament/119922/players,1313,0,0
1680593987372,1425,Get knockout players list ,200,,Knock_out_Thread Group 1-372,text,true,,4598,340,159,159,https://pabsa.impressicocrm.com/api/tournament/118871/knockouts,1425,0,0
1680593987327,1475,Get playerA_Vs_playerB,200,,Knock_out_Thread Group 1-325,text,true,,1239,341,159,159,https://pabsa.impressicocrm.com/api/tournament/matchScore/147598,1475,0,0
1680593987327,1477,Get Break list ,200,,Knock_out_Thread Group 1-415,text,true,,3218,338,158,158,https://pabsa.impressicocrm.com/api/tournament/119922/players,1477,0,0
1680593987577,1238,Get single knockout Player details,200,,Knock_out_Thread Group 1-380,text,true,,1210,326,158,158,https://pabsa.impressicocrm.com/api/player/110368,1238,0,0
1680593987148,1682,Get knockout players list ,200,,Knock_out_Thread Group 1-389,text,true,,4598,340,158,158,https://pabsa.impressicocrm.com/api/tournament/118871/knockouts,1682,0,0
1680593987475,1368,Get Break list ,200,,Knock_out_Thread Group 1-412,text,true,,3218,338,158,158,https://pabsa.impressicocrm.com/api/tournament/119922/players,1368,0,0
1680593987497,1351,Get playerA_Vs_playerB,200,,Knock_out_Thread Group 1-337,text,true,,1239,341,158,158,https://pabsa.impressicocrm.com/api/tournament/matchScore/147598,1351,0,0
1680593988553,303,Home page ,200,OK,Knock_out_Thread Group 1-496,text,true,,3033,309,158,158,https://pabsa.impressicocrm.com/,303,0,230
1680593987627,1231,Get single knockout Player details,200,,Knock_out_Thread Group 1-370,text,true,,1210,326,158,158,https://pabsa.impressicocrm.com/api/player/110368,1231,0,0
1680593987366,1493,Home page ,200,OK,Knock_out_Thread Group 1-484,text,true,,3033,309,158,158,https://pabsa.impressicocrm.com/,1492,0,1323
1680593987385,1476,Get Break list ,200,,Knock_out_Thread Group 1-399,text,true,,3218,338,158,158,https://pabsa.impressicocrm.com/api/tournament/119922/players,1476,0,0
1680593987018,1851,Get Break list ,200,,Knock_out_Thread Group 1-356,text,true,,3218,338,158,158,https://pabsa.impressicocrm.com/api/tournament/119922/players,1851,0,0
1680593987354,1519,Get Break list ,200,,Knock_out_Thread Group 1-428,text,true,,3218,338,158,158,https://pabsa.impressicocrm.com/api/tournament/119922/players,1519,0,0
1680593986968,1948,Get Home page currency,200,,Knock_out_Thread Group 1-444,text,true,,9153,321,158,158,https://pabsa.impressicocrm.com/api/currency,1948,0,0
1680593987509,1407,Get Break list ,200,,Knock_out_Thread Group 1-409,text,true,,3218,338,158,158,https://pabsa.impressicocrm.com/api/tournament/119922/players,1407,0,0
1680593987573,1348,Get Home page currency,200,,Knock_out_Thread Group 1-453,text,true,,9160,321,158,158,https://pabsa.impressicocrm.com/api/currency,1348,0,0
1680593986899,2022,Get Home page currency,200,,Knock_out_Thread Group 1-411,text,true,,9160,321,158,158,https://pabsa.impressicocrm.com/api/currency,2022,0,0
1680593986756,2186,Get Home page currency,200,,Knock_out_Thread Group 1-405,text,true,,9160,321,158,158,https://pabsa.impressicocrm.com/api/currency,2186,0,0
1680593987204,1738,Get tournament result,200,,Knock_out_Thread Group 1-367,text,true,,5441,338,158,158,https://pabsa.impressicocrm.com/api/tournament/119922/matches,1738,0,0
1680593987583,1387,Get playerA_Vs_playerB,200,,Knock_out_Thread Group 1-101,text,true,,1239,341,159,159,https://pabsa.impressicocrm.com/api/tournament/matchScore/147598,1387,0,0
1680593986383,2590,Get Home page country ,200,,Knock_out_Thread Group 1-470,text,true,,17270,320,158,158,https://pabsa.impressicocrm.com/api/country,2587,0,0
1680593987554,1419,Get Home page country ,200,,Knock_out_Thread Group 1-483,text,true,,17270,320,158,158,https://pabsa.impressicocrm.com/api/country,1419,0,0
1680593987648,1335,Get playerA_Vs_playerB,200,,Knock_out_Thread Group 1-333,text,true,,1239,341,158,158,https://pabsa.impressicocrm.com/api/tournament/matchScore/147598,1335,0,0
1680593987659,1324,Get knockout players list ,200,,Knock_out_Thread Group 1-384,text,true,,4598,340,158,158,https://pabsa.impressicocrm.com/api/tournament/118871/knockouts,1324,0,0
1680593988354,630,Home page ,200,OK,Knock_out_Thread Group 1-494,text,true,,3033,309,158,158,https://pabsa.impressicocrm.com/,630,0,235
1680593986546,2445,Get Home page currency,200,,Knock_out_Thread Group 1-436,text,true,,9160,321,157,157,https://pabsa.impressicocrm.com/api/currency,2445,0,0
1680593987256,1757,Get Players schedule,200,,Knock_out_Thread Group 1-382,text,true,,5441,338,157,157,https://pabsa.impressicocrm.com/api/tournament/119922/matches,1757,0,0
1680593987671,1342,Get Break list ,200,,Knock_out_Thread Group 1-402,text,true,,3218,338,157,157,https://pabsa.impressicocrm.com/api/tournament/119922/players,1342,0,0
1680593987460,1559,Get Home page country ,200,,Knock_out_Thread Group 1-482,text,true,,17270,320,157,157,https://pabsa.impressicocrm.com/api/country,1556,0,0
1680593987010,2011,Get tournament result,200,,Knock_out_Thread Group 1-365,text,true,,5441,338,157,157,https://pabsa.impressicocrm.com/api/tournament/119922/matches,2011,0,0
1680593987640,1381,Get Players list ,200,,Knock_out_Thread Group 1-419,text,true,,3218,338,157,157,https://pabsa.impressicocrm.com/api/tournament/119922/players,1381,0,0
1680593987544,1503,Get Home page currency,200,,Knock_out_Thread Group 1-443,text,true,,9160,321,157,157,https://pabsa.impressicocrm.com/api/currency,1503,0,0
1680593987399,1648,Get Players schedule,200,,Knock_out_Thread Group 1-407,text,true,,5441,338,157,157,https://pabsa.impressicocrm.com/api/tournament/119922/matches,1648,0,0
1680593987854,1208,Home page ,200,OK,Knock_out_Thread Group 1-489,text,true,,3033,309,158,158,https://pabsa.impressicocrm.com/,1208,0,959
1680593987655,1413,Get Home page currency,200,,Knock_out_Thread Group 1-448,text,true,,9160,321,158,158,https://pabsa.impressicocrm.com/api/currency,1413,0,0
1680593987717,1351,Get Players list ,200,,Knock_out_Thread Group 1-410,text,true,,3218,338,158,158,https://pabsa.impressicocrm.com/api/tournament/119922/players,1351,0,0
1680593987544,1526,Get Home page currency,200,,Knock_out_Thread Group 1-447,text,true,,9160,321,158,158,https://pabsa.impressicocrm.com/api/currency,1526,0,0
1680593987717,1385,Get playerA_Vs_playerB,200,,Knock_out_Thread Group 1-361,text,true,,1239,341,158,158,https://pabsa.impressicocrm.com/api/tournament/matchScore/147598,1385,0,0
1680593987786,1316,Get single knockout Player details,200,,Knock_out_Thread Group 1-355,text,true,,1210,326,158,158,https://pabsa.impressicocrm.com/api/player/110368,1316,0,0
1680593988456,646,Home page ,200,OK,Knock_out_Thread Group 1-495,text,true,,3033,309,158,158,https://pabsa.impressicocrm.com/,646,0,233
1680593987207,1900,Get Break list ,200,,Knock_out_Thread Group 1-408,text,true,,3218,338,157,157,https://pabsa.impressicocrm.com/api/tournament/119922/players,1900,0,0
1680593987413,1694,Get knockout players list ,200,,Knock_out_Thread Group 1-393,text,true,,4591,340,157,157,https://pabsa.impressicocrm.com/api/tournament/118871/knockouts,1694,0,0
1680593987786,1326,Get knockout players list ,200,,Knock_out_Thread Group 1-360,text,true,,4591,340,157,157,https://pabsa.impressicocrm.com/api/tournament/118871/knockouts,1326,0,0
1680593988756,380,Home page ,200,OK,Knock_out_Thread Group 1-498,text,true,,3033,309,157,157,https://pabsa.impressicocrm.com/,380,0,315
1680593986785,2404,Get tournamnent list ,200,,Knock_out_Thread Group 1-462,text,true,,58888,389,158,158,https://pabsa.impressicocrm.com/api/tournament?limit=12&pageNumber=1&sportType=&tournamentName=&tournamentStyle=,1804,0,0
1680593987843,1349,Get Break list ,200,,Knock_out_Thread Group 1-438,text,true,,3218,338,158,158,https://pabsa.impressicocrm.com/api/tournament/119922/players,1349,0,0
1680593987627,1565,Get knockout players list ,200,,Knock_out_Thread Group 1-394,text,true,,4598,340,158,158,https://pabsa.impressicocrm.com/api/tournament/118871/knockouts,1565,0,0
1680593987710,1497,Get Players list ,200,,Knock_out_Thread Group 1-429,text,true,,3218,338,158,158,https://pabsa.impressicocrm.com/api/tournament/119922/players,1497,0,0
1680593987813,1397,Get Break list ,200,,Knock_out_Thread Group 1-401,text,true,,3218,338,158,158,https://pabsa.impressicocrm.com/api/tournament/119922/players,1397,0,0
1680593987966,1253,Get knockout players list ,200,,Knock_out_Thread Group 1-385,text,true,,4591,340,158,158,https://pabsa.impressicocrm.com/api/tournament/118871/knockouts,1253,0,0
1680593987508,1711,Get Players list ,200,,Knock_out_Thread Group 1-427,text,true,,3218,338,158,158,https://pabsa.impressicocrm.com/api/tournament/119922/players,1711,0,0
1680593987874,1360,Get playerA_Vs_playerB,200,,Knock_out_Thread Group 1-349,text,true,,1239,341,158,158,https://pabsa.impressicocrm.com/api/tournament/matchScore/147598,1360,0,0
1680593987648,1613,Get tournament result,200,,Knock_out_Thread Group 1-377,text,true,,5441,338,158,158,https://pabsa.impressicocrm.com/api/tournament/119922/matches,1613,0,0
1680593987954,1322,Home page ,200,OK,Knock_out_Thread Group 1-490,text,true,,3033,309,158,158,https://pabsa.impressicocrm.com/,1321,0,1253
1680593987916,1380,Get knockout players list ,200,,Knock_out_Thread Group 1-397,text,true,,4598,340,158,158,https://pabsa.impressicocrm.com/api/tournament/118871/knockouts,1380,0,0
1680593987553,1749,Get tournament result,200,,Knock_out_Thread Group 1-359,text,true,,5435,338,158,158,https://pabsa.impressicocrm.com/api/tournament/119922/matches,1749,0,0
1680593988139,1163,Get knockout players list ,200,,Knock_out_Thread Group 1-396,text,true,,4598,340,158,158,https://pabsa.impressicocrm.com/api/tournament/118871/knockouts,1163,0,0
1680593987256,2050,Get playerA_Vs_playerB,200,,Knock_out_Thread Group 1-346,text,true,,1239,341,158,158,https://pabsa.impressicocrm.com/api/tournament/matchScore/147598,2050,0,0
1680593987781,1531,Get Home page country ,200,,Knock_out_Thread Group 1-485,text,true,,17270,320,157,157,https://pabsa.impressicocrm.com/api/country,1530,0,0
1680593987770,1541,Get knockout players list ,200,,Knock_out_Thread Group 1-391,text,true,,4598,340,157,157,https://pabsa.impressicocrm.com/api/tournament/118871/knockouts,1541,0,0
1680593987010,2324,Get Home page currency,200,,Knock_out_Thread Group 1-420,text,true,,9160,321,157,157,https://pabsa.impressicocrm.com/api/currency,2323,0,0
1680593987676,1658,Get Players list ,200,,Knock_out_Thread Group 1-440,text,true,,3218,338,157,157,https://pabsa.impressicocrm.com/api/tournament/119922/players,1657,0,0
1680593988202,1134,Get single knockout Player details,200,,Knock_out_Thread Group 1-379,text,true,,1210,326,157,157,https://pabsa.impressicocrm.com/api/player/110368,1134,0,0
1680593988129,1211,Get playerA_Vs_playerB,200,,Knock_out_Thread Group 1-344,text,true,,1239,341,157,157,https://pabsa.impressicocrm.com/api/tournament/matchScore/147598,1211,0,0
1680593987659,1721,Get tournament result,200,,Knock_out_Thread Group 1-345,text,true,,5441,338,157,157,https://pabsa.impressicocrm.com/api/tournament/119922/matches,1721,0,0
1680593987717,1672,Get single knockout Player details,200,,Knock_out_Thread Group 1-362,text,true,,1210,326,157,157,https://pabsa.impressicocrm.com/api/player/110368,1672,0,0
1680593987421,1988,Get Players list ,200,,Knock_out_Thread Group 1-418,text,true,,3218,338,157,157,https://pabsa.impressicocrm.com/api/tournament/119922/players,1988,0,0
1680593986965,2446,Get tournamnent list ,200,,Knock_out_Thread Group 1-460,text,true,,58865,389,157,157,https://pabsa.impressicocrm.com/api/tournament?limit=12&pageNumber=1&sportType=&tournamentName=&tournamentStyle=,1724,0,0
1680593987972,1448,Get knockout players list ,200,,Knock_out_Thread Group 1-392,text,true,,4598,340,157,157,https://pabsa.impressicocrm.com/api/tournament/118871/knockouts,1448,0,0
1680593987910,1516,Get Home page country ,200,,Knock_out_Thread Group 1-486,text,true,,17255,320,157,157,https://pabsa.impressicocrm.com/api/country,1516,0,0
1680593987109,2333,Get Home page country ,200,,Knock_out_Thread Group 1-475,text,true,,17255,320,157,157,https://pabsa.impressicocrm.com/api/country,2333,0,0
1680593989054,389,Home page ,200,OK,Knock_out_Thread Group 1-501,text,true,,3033,309,157,157,https://pabsa.impressicocrm.com/,388,0,221
1680593988292,1159,Get knockout players list ,200,,Knock_out_Thread Group 1-390,text,true,,4598,340,158,158,https://pabsa.impressicocrm.com/api/tournament/118871/knockouts,1159,0,0
1680593987862,1607,Get playerA_Vs_playerB,200,,Knock_out_Thread Group 1-342,text,true,,1239,341,158,158,https://pabsa.impressicocrm.com/api/tournament/matchScore/147598,1607,0,0
1680593988249,1220,Get Players list ,200,,Knock_out_Thread Group 1-442,text,true,,3218,338,158,158,https://pabsa.impressicocrm.com/api/tournament/119922/players,1220,0,0
1680593986649,2823,Get tournamnent list ,200,,Knock_out_Thread Group 1-461,text,true,,58865,389,157,157,https://pabsa.impressicocrm.com/api/tournament?limit=12&pageNumber=1&sportType=&tournamentName=&tournamentStyle=,1933,0,0
1680593987840,1650,Get Players schedule,200,,Knock_out_Thread Group 1-383,text,true,,5441,338,157,157,https://pabsa.impressicocrm.com/api/tournament/119922/matches,1649,0,0
1680593988187,1310,Get Players schedule,200,,Knock_out_Thread Group 1-414,text,true,,5435,338,157,157,https://pabsa.impressicocrm.com/api/tournament/119922/matches,1310,0,0
1680593987357,2140,Get knockout players list ,200,,Knock_out_Thread Group 1-373,text,true,,4598,340,157,157,https://pabsa.impressicocrm.com/api/tournament/118871/knockouts,2140,0,0
1680593987989,1517,Get Players schedule,200,,Knock_out_Thread Group 1-416,text,true,,5441,338,157,157,https://pabsa.impressicocrm.com/api/tournament/119922/matches,1517,0,0
1680593988339,1176,Get single knockout Player details,200,,Knock_out_Thread Group 1-369,text,true,,1210,326,157,157,https://pabsa.impressicocrm.com/api/player/110368,1176,0,0
1680593987984,1533,Get Home page currency,200,,Knock_out_Thread Group 1-437,text,true,,9160,321,157,157,https://pabsa.impressicocrm.com/api/currency,1533,0,0
1680593988292,1232,Get playerA_Vs_playerB,200,,Knock_out_Thread Group 1-350,text,true,,1239,341,157,157,https://pabsa.impressicocrm.com/api/tournament/matchScore/147598,1232,0,0
1680593987649,1893,Get Home page currency,200,,Knock_out_Thread Group 1-451,text,true,,9160,321,156,156,https://pabsa.impressicocrm.com/api/currency,1893,0,0
1680593987887,1671,Get Home page currency,200,,Knock_out_Thread Group 1-455,text,true,,9153,321,157,157,https://pabsa.impressicocrm.com/api/currency,1671,0,0
1680593987859,1699,Get Players list ,200,,Knock_out_Thread Group 1-423,text,true,,3218,338,157,157,https://pabsa.impressicocrm.com/api/tournament/119922/players,1699,0,0
1680593988016,1552,Get Players schedule,200,,Knock_out_Thread Group 1-395,text,true,,5441,338,157,157,https://pabsa.impressicocrm.com/api/tournament/119922/matches,1552,0,0
1680593988445,1141,Get single knockout Player details,200,,Knock_out_Thread Group 1-376,text,true,,1210,326,157,157,https://pabsa.impressicocrm.com/api/player/110368,1141,0,0
1680593988385,1233,Get playerA_Vs_playerB,200,,Knock_out_Thread Group 1-336,text,true,,1239,341,157,157,https://pabsa.impressicocrm.com/api/tournament/matchScore/147598,1233,0,0
1680593987962,1672,Get Break list ,200,,Knock_out_Thread Group 1-413,text,true,,3218,338,156,156,https://pabsa.impressicocrm.com/api/tournament/119922/players,1672,0,0
1680593987881,1762,Get Players list ,200,,Knock_out_Thread Group 1-406,text,true,,3218,338,156,156,https://pabsa.impressicocrm.com/api/tournament/119922/players,1762,0,0
1680593988238,1432,Get Home page country ,200,,Knock_out_Thread Group 1-479,text,true,,17255,320,157,157,https://pabsa.impressicocrm.com/api/country,1416,0,0
1680593987083,2603,Get tournamnent list ,200,,Knock_out_Thread Group 1-465,text,true,,58888,389,157,157,https://pabsa.impressicocrm.com/api/tournament?limit=12&pageNumber=1&sportType=&tournamentName=&tournamentStyle=,1900,0,0
1680593988302,1400,Get Players list ,200,,Knock_out_Thread Group 1-434,text,true,,3218,338,157,157,https://pabsa.impressicocrm.com/api/tournament/119922/players,1400,0,0
1680593988338,1370,Get tournament result,200,,Knock_out_Thread Group 1-381,text,true,,5441,338,157,157,https://pabsa.impressicocrm.com/api/tournament/119922/matches,1370,0,0
1680593988480,1242,Get Break list ,200,,Knock_out_Thread Group 1-426,text,true,,3218,338,157,157,https://pabsa.impressicocrm.com/api/tournament/119922/players,1242,0,0
1680593988323,1417,Get tournament result,200,,Knock_out_Thread Group 1-364,text,true,,5441,338,157,157,https://pabsa.impressicocrm.com/api/tournament/119922/matches,1417,0,0
1680593988292,1471,Get Players schedule,200,,Knock_out_Thread Group 1-400,text,true,,5435,338,158,158,https://pabsa.impressicocrm.com/api/tournament/119922/matches,1471,0,0
1680593988339,1427,Get Home page country ,200,,Knock_out_Thread Group 1-491,text,true,,17270,320,158,158,https://pabsa.impressicocrm.com/api/country,1427,0,0
1680593988539,1238,Get single knockout Player details,200,,Knock_out_Thread Group 1-375,text,true,,1210,326,158,158,https://pabsa.impressicocrm.com/api/player/110368,1238,0,0
1680593988347,1432,Get tournament result,200,,Knock_out_Thread Group 1-357,text,true,,5441,338,158,158,https://pabsa.impressicocrm.com/api/tournament/119922/matches,1432,0,0
1680593987010,2775,Get Home page currency,200,,Knock_out_Thread Group 1-439,text,true,,9160,321,158,158,https://pabsa.impressicocrm.com/api/currency,2775,0,0
1680593988238,1578,Get tournament result,200,,Knock_out_Thread Group 1-353,text,true,,5441,338,158,158,https://pabsa.impressicocrm.com/api/tournament/119922/matches,1578,0,0
1680593987806,2012,Get Home page country ,200,,Knock_out_Thread Group 1-480,text,true,,17270,320,158,158,https://pabsa.impressicocrm.com/api/country,1948,0,0
1680593987084,2737,Get Players list ,200,,Knock_out_Thread Group 1-424,text,true,,3218,338,158,158,https://pabsa.impressicocrm.com/api/tournament/119922/players,2737,0,0
1680593988499,1322,Get Players list ,200,,Knock_out_Thread Group 1-446,text,true,,3218,338,158,158,https://pabsa.impressicocrm.com/api/tournament/119922/players,1322,0,0
1680593988521,1316,Get Break list ,200,,Knock_out_Thread Group 1-422,text,true,,3218,338,158,158,https://pabsa.impressicocrm.com/api/tournament/119922/players,1316,0,0
1680593988722,1119,Get tournamnent list ,200,,Knock_out_Thread Group 1-477,text,true,,58880,389,158,158,https://pabsa.impressicocrm.com/api/tournament?limit=12&pageNumber=1&sportType=&tournamentName=&tournamentStyle=,509,0,0
1680593988445,1399,Get tournament result,200,,Knock_out_Thread Group 1-378,text,true,,5441,338,158,158,https://pabsa.impressicocrm.com/api/tournament/119922/matches,1399,0,0
1680593987623,2221,Get tournamnent list ,200,,Knock_out_Thread Group 1-467,text,true,,58880,389,158,158,https://pabsa.impressicocrm.com/api/tournament?limit=12&pageNumber=1&sportType=&tournamentName=&tournamentStyle=,1641,0,0
1680593988511,1335,Get playerA_Vs_playerB,200,,Knock_out_Thread Group 1-366,text,true,,1239,341,158,158,https://pabsa.impressicocrm.com/api/tournament/matchScore/147598,1335,0,0
1680593986154,3694,Get tournamnent list ,200,,Knock_out_Thread Group 1-445,text,true,,58880,389,157,157,https://pabsa.impressicocrm.com/api/tournament?limit=12&pageNumber=1&sportType=&tournamentName=&tournamentStyle=,2137,0,0
1680593988713,1140,Get single knockout Player details,200,,Knock_out_Thread Group 1-386,text,true,,1210,326,158,158,https://pabsa.impressicocrm.com/api/player/110368,1140,0,0
1680593986998,2855,Get tournamnent list ,200,,Knock_out_Thread Group 1-463,text,true,,58880,389,158,158,https://pabsa.impressicocrm.com/api/tournament?limit=12&pageNumber=1&sportType=&tournamentName=&tournamentStyle=,1918,0,0
1680593988600,1259,Get Home page country ,200,,Knock_out_Thread Group 1-493,text,true,,17270,320,158,158,https://pabsa.impressicocrm.com/api/country,1259,0,0
1680593988636,1239,Get Break list ,200,,Knock_out_Thread Group 1-425,text,true,,3218,338,158,158,https://pabsa.impressicocrm.com/api/tournament/119922/players,1239,0,0
1680593988510,1370,Get Home page country ,200,,Knock_out_Thread Group 1-492,text,true,,17270,320,158,158,https://pabsa.impressicocrm.com/api/country,1370,0,0
1680593988216,1669,Get tournament result,200,,Knock_out_Thread Group 1-374,text,true,,5441,338,158,158,https://pabsa.impressicocrm.com/api/tournament/119922/matches,1669,0,0
1680593986967,2918,Get tournamnent list ,200,,Knock_out_Thread Group 1-457,text,true,,58880,389,158,158,https://pabsa.impressicocrm.com/api/tournament?limit=12&pageNumber=1&sportType=&tournamentName=&tournamentStyle=,1751,0,0
1680593987751,2137,Home page ,200,OK,Knock_out_Thread Group 1-488,text,true,,3033,309,158,158,https://pabsa.impressicocrm.com/,2137,0,1981
1680593988954,936,Home page ,200,OK,Knock_out_Thread Group 1-500,text,true,,3033,309,158,158,https://pabsa.impressicocrm.com/,936,0,592
1680593988339,1574,Get Home page currency,200,,Knock_out_Thread Group 1-459,text,true,,9160,321,158,158,https://pabsa.impressicocrm.com/api/currency,1574,0,0
1680593988689,1241,Get Players list ,200,,Knock_out_Thread Group 1-450,text,true,,3218,338,158,158,https://pabsa.impressicocrm.com/api/tournament/119922/players,1241,0,0
1680593988445,1506,Get playerA_Vs_playerB,200,,Knock_out_Thread Group 1-347,text,true,,1239,341,158,158,https://pabsa.impressicocrm.com/api/tournament/matchScore/147598,1506,0,0
1680593988719,1235,Get playerA_Vs_playerB,200,,Knock_out_Thread Group 1-351,text,true,,1239,341,158,158,https://pabsa.impressicocrm.com/api/tournament/matchScore/147598,1235,0,0
1680593988689,1280,Get Break list ,200,,Knock_out_Thread Group 1-430,text,true,,3218,338,157,157,https://pabsa.impressicocrm.com/api/tournament/119922/players,1280,0,0
1680593989355,619,Home page ,200,OK,Knock_out_Thread Group 1-504,text,true,,3033,309,157,157,https://pabsa.impressicocrm.com/,619,0,243
1680593988735,1252,Get playerA_Vs_playerB,200,,Knock_out_Thread Group 1-343,text,true,,1239,341,157,157,https://pabsa.impressicocrm.com/api/tournament/matchScore/147598,1252,0,0
1680593988472,1521,Get Home page country ,200,,Knock_out_Thread Group 1-487,text,true,,17270,320,156,156,https://pabsa.impressicocrm.com/api/country,1521,0,0
1680593988479,1519,Get tournament result,200,,Knock_out_Thread Group 1-368,text,true,,5441,338,156,156,https://pabsa.impressicocrm.com/api/tournament/119922/matches,1519,0,0
1680593987526,2478,Get knockout players list ,200,,Knock_out_Thread Group 1-371,text,true,,4598,340,156,156,https://pabsa.impressicocrm.com/api/tournament/118871/knockouts,2478,0,0
1680593987655,2352,Get tournamnent list ,200,,Knock_out_Thread Group 1-458,text,true,,58880,389,156,156,https://pabsa.impressicocrm.com/api/tournament?limit=12&pageNumber=1&sportType=&tournamentName=&tournamentStyle=,1835,0,0
1680593989655,352,Home page ,200,OK,Knock_out_Thread Group 1-507,text,true,,3033,309,156,156,https://pabsa.impressicocrm.com/,352,0,287
1680593988456,1556,Get Home page currency,200,,Knock_out_Thread Group 1-454,text,true,,9160,321,156,156,https://pabsa.impressicocrm.com/api/currency,1556,0,0
1680593988349,1663,Get Players schedule,200,,Knock_out_Thread Group 1-403,text,true,,5441,338,156,156,https://pabsa.impressicocrm.com/api/tournament/119922/matches,1663,0,0
1680593988797,1220,Get single knockout Player details,200,,Knock_out_Thread Group 1-372,text,true,,1210,326,156,156,https://pabsa.impressicocrm.com/api/player/110368,1220,0,0
1680593988653,1383,Home page ,200,OK,Knock_out_Thread Group 1-497,text,true,,3033,309,156,156,https://pabsa.impressicocrm.com/,1383,0,1299
1680593988486,1563,Get knockout players list ,200,,Knock_out_Thread Group 1-388,text,true,,4598,340,156,156,https://pabsa.impressicocrm.com/api/tournament/118871/knockouts,1563,0,0
1680593988187,1862,Get tournamnent list ,200,,Knock_out_Thread Group 1-473,text,true,,58880,389,156,156,https://pabsa.impressicocrm.com/api/tournament?limit=12&pageNumber=1&sportType=&tournamentName=&tournamentStyle=,1371,0,0
1680593988831,1223,Get single knockout Player details,200,,Knock_out_Thread Group 1-389,text,true,,1210,326,157,157,https://pabsa.impressicocrm.com/api/player/110368,1223,0,0
1680593988765,1289,Get playerA_Vs_playerB,200,,Knock_out_Thread Group 1-354,text,true,,1239,341,157,157,https://pabsa.impressicocrm.com/api/tournament/matchScore/147598,1289,0,0
1680593989152,933,Home page ,200,OK,Knock_out_Thread Group 1-502,text,true,,3033,309,156,156,https://pabsa.impressicocrm.com/,933,0,518
1680593988773,1320,Get Home page currency,200,,Knock_out_Thread Group 1-456,text,true,,9160,321,156,156,https://pabsa.impressicocrm.com/api/currency,1320,0,0
1680593988786,1307,Get Break list ,200,,Knock_out_Thread Group 1-435,text,true,,3218,338,156,156,https://pabsa.impressicocrm.com/api/tournament/119922/players,1307,0,0
1680593986589,3507,Get tournamnent list ,200,,Knock_out_Thread Group 1-452,text,true,,58888,389,156,156,https://pabsa.impressicocrm.com/api/tournament?limit=12&pageNumber=1&sportType=&tournamentName=&tournamentStyle=,1922,0,0
1680593989751,349,Home page ,200,OK,Knock_out_Thread Group 1-508,text,true,,3033,309,156,156,https://pabsa.impressicocrm.com/,349,0,285
1680593988775,1344,Get Break list ,200,,Knock_out_Thread Group 1-404,text,true,,3218,338,156,156,https://pabsa.impressicocrm.com/api/tournament/119922/players,1344,0,0
1680593988507,1612,Get playerA_Vs_playerB,200,,Knock_out_Thread Group 1-363,text,true,,1239,341,156,156,https://pabsa.impressicocrm.com/api/tournament/matchScore/147598,1612,0,0
1680593989553,567,Home page ,200,OK,Knock_out_Thread Group 1-506,text,true,,3033,309,156,156,https://pabsa.impressicocrm.com/,566,0,496
1680593988689,1434,Get Players schedule,200,,Knock_out_Thread Group 1-431,text,true,,5441,338,155,155,https://pabsa.impressicocrm.com/api/tournament/119922/matches,1434,0,0
1680593988786,1351,Get Break list ,200,,Knock_out_Thread Group 1-433,text,true,,3218,338,155,155,https://pabsa.impressicocrm.com/api/tournament/119922/players,1351,0,0
1680593988638,1504,Get Players schedule,200,,Knock_out_Thread Group 1-417,text,true,,5441,338,155,155,https://pabsa.impressicocrm.com/api/tournament/119922/matches,1504,0,0
1680593987720,2422,Get Players list ,200,,Knock_out_Thread Group 1-421,text,true,,3218,338,155,155,https://pabsa.impressicocrm.com/api/tournament/119922/players,2422,0,0
1680593988703,1448,Get single knockout Player details,200,,Knock_out_Thread Group 1-387,text,true,,1210,326,155,155,https://pabsa.impressicocrm.com/api/player/110368,1448,0,0
1680593988857,1294,Get Home page country ,200,,Knock_out_Thread Group 1-496,text,true,,17270,320,155,155,https://pabsa.impressicocrm.com/api/country,1294,0,0
1680593989452,708,Home page ,200,OK,Knock_out_Thread Group 1-505,text,true,,3033,309,156,156,https://pabsa.impressicocrm.com/,707,0,644
1680593988491,1683,Get Players list ,200,,Knock_out_Thread Group 1-432,text,true,,3218,338,156,156,https://pabsa.impressicocrm.com/api/tournament/119922/players,1683,0,0
1680593989851,348,Home page ,200,OK,Knock_out_Thread Group 1-509,text,true,,3033,309,156,156,https://pabsa.impressicocrm.com/,347,0,267
1680593988852,1363,Home page ,200,OK,Knock_out_Thread Group 1-499,text,true,,3033,309,156,156,https://pabsa.impressicocrm.com/,1363,0,1285
1680593988815,1415,Get tournament result,200,,Knock_out_Thread Group 1-380,text,true,,5441,338,156,156,https://pabsa.impressicocrm.com/api/tournament/119922/matches,1415,0,0
1680593988917,1313,Get Players list ,200,,Knock_out_Thread Group 1-444,text,true,,3218,338,156,156,https://pabsa.impressicocrm.com/api/tournament/119922/players,1313,0,0
1680593988921,1329,Get Players list ,200,,Knock_out_Thread Group 1-453,text,true,,3218,338,156,156,https://pabsa.impressicocrm.com/api/tournament/119922/players,1329,0,0
1680593989953,308,Home page ,200,OK,Knock_out_Thread Group 1-510,text,true,,3033,309,157,157,https://pabsa.impressicocrm.com/,308,0,239
1680593987979,2284,Get tournamnent list ,200,,Knock_out_Thread Group 1-472,text,true,,58880,389,157,157,https://pabsa.impressicocrm.com/api/tournament?limit=12&pageNumber=1&sportType=&tournamentName=&tournamentStyle=,1717,0,0
1680593988232,2037,Get tournamnent list ,200,,Knock_out_Thread Group 1-468,text,true,,58880,389,157,157,https://pabsa.impressicocrm.com/api/tournament?limit=12&pageNumber=1&sportType=&tournamentName=&tournamentStyle=,1581,0,0
1680593988843,1432,Get Players schedule,200,,Knock_out_Thread Group 1-412,text,true,,5441,338,157,157,https://pabsa.impressicocrm.com/api/tournament/119922/matches,1432,0,0
1680593988292,1986,Get Home page currency,200,,Knock_out_Thread Group 1-449,text,true,,9160,321,157,157,https://pabsa.impressicocrm.com/api/currency,1986,0,0
1680593988943,1347,Get playerA_Vs_playerB,200,,Knock_out_Thread Group 1-367,text,true,,1239,341,157,157,https://pabsa.impressicocrm.com/api/tournament/matchScore/147598,1347,0,0
1680593988984,1338,Get single knockout Player details,200,,Knock_out_Thread Group 1-384,text,true,,1210,326,156,156,https://pabsa.impressicocrm.com/api/player/110368,1338,0,0
1680593988921,1410,Get Players list ,200,,Knock_out_Thread Group 1-411,text,true,,3218,338,156,156,https://pabsa.impressicocrm.com/api/tournament/119922/players,1410,0,0
1680593988943,1393,Get Players list ,200,,Knock_out_Thread Group 1-405,text,true,,3218,338,156,156,https://pabsa.impressicocrm.com/api/tournament/119922/players,1393,0,0
1680593988985,1380,Get Home page country ,200,,Knock_out_Thread Group 1-494,text,true,,17270,320,157,157,https://pabsa.impressicocrm.com/api/country,1377,0,0
1680593988859,1509,Get tournament result,200,,Knock_out_Thread Group 1-370,text,true,,5441,338,157,157,https://pabsa.impressicocrm.com/api/tournament/119922/matches,1509,0,0
1680593989252,1124,Home page ,200,OK,Knock_out_Thread Group 1-503,text,true,,3033,309,157,157,https://pabsa.impressicocrm.com/,1124,0,1017
1680593988992,1387,Get Players list ,200,,Knock_out_Thread Group 1-436,text,true,,3218,338,157,157,https://pabsa.impressicocrm.com/api/tournament/119922/players,1387,0,0
1680593989013,1387,Get knockout players list ,200,,Knock_out_Thread Group 1-382,text,true,,4598,340,157,157,https://pabsa.impressicocrm.com/api/tournament/118871/knockouts,1387,0,0
1680593988805,1603,Get Players schedule,200,,Knock_out_Thread Group 1-415,text,true,,5441,338,157,157,https://pabsa.impressicocrm.com/api/tournament/119922/matches,1603,0,0
1680593988874,1546,Get Players schedule,200,,Knock_out_Thread Group 1-428,text,true,,5435,338,157,157,https://pabsa.impressicocrm.com/api/tournament/119922/matches,1546,0,0
1680593988917,1537,Get Players schedule,200,,Knock_out_Thread Group 1-409,text,true,,5435,338,158,158,https://pabsa.impressicocrm.com/api/tournament/119922/matches,1537,0,0
1680593988740,1721,Get Home page currency,200,,Knock_out_Thread Group 1-441,text,true,,9160,321,158,158,https://pabsa.impressicocrm.com/api/currency,1721,0,0
1680593989047,1418,Get knockout players list ,200,,Knock_out_Thread Group 1-407,text,true,,4598,340,158,158,https://pabsa.impressicocrm.com/api/tournament/118871/knockouts,1418,0,0
1680593989047,1418,Get Players list ,200,,Knock_out_Thread Group 1-443,text,true,,3218,338,158,158,https://pabsa.impressicocrm.com/api/tournament/119922/players,1418,0,0
1680593990153,324,Home page ,200,OK,Knock_out_Thread Group 1-512,text,true,,3033,309,158,158,https://pabsa.impressicocrm.com/,324,0,247
1680593989068,1441,Get Players list ,200,,Knock_out_Thread Group 1-448,text,true,,3218,338,158,158,https://pabsa.impressicocrm.com/api/tournament/119922/players,1441,0,0
1680593989107,1404,Get single knockout Player details,200,,Knock_out_Thread Group 1-393,text,true,,1210,326,158,158,https://pabsa.impressicocrm.com/api/player/110368,1404,0,0
1680593989112,1408,Get single knockout Player details,200,,Knock_out_Thread Group 1-360,text,true,,1210,326,158,158,https://pabsa.impressicocrm.com/api/player/110368,1408,0,0
1680593989068,1457,Get Break list ,200,,Knock_out_Thread Group 1-410,text,true,,3218,338,158,158,https://pabsa.impressicocrm.com/api/tournament/119922/players,1457,0,0
1680593989071,1457,Get Players list ,200,,Knock_out_Thread Group 1-447,text,true,,3218,338,158,158,https://pabsa.impressicocrm.com/api/tournament/119922/players,1457,0,0
1680593989022,1520,Get Break list ,200,,Knock_out_Thread Group 1-419,text,true,,3218,338,158,158,https://pabsa.impressicocrm.com/api/tournament/119922/players,1520,0,0
1680593989192,1350,Get single knockout Player details,200,,Knock_out_Thread Group 1-394,text,true,,1210,326,158,158,https://pabsa.impressicocrm.com/api/player/110368,1350,0,0
1680593989219,1328,Get single knockout Player details,200,,Knock_out_Thread Group 1-385,text,true,,1210,326,158,158,https://pabsa.impressicocrm.com/api/player/110368,1328,0,0
1680593989102,1445,Get Home page country ,200,,Knock_out_Thread Group 1-495,text,true,,17270,320,158,158,https://pabsa.impressicocrm.com/api/country,1445,0,0
1680593988859,1695,Get Home page country ,200,,Knock_out_Thread Group 1-484,text,true,,17270,320,159,159,https://pabsa.impressicocrm.com/api/country,1693,0,0
1680593990466,99,Get single knockout Player details,200,,Knock_out_Thread Group 1-407,text,true,,1210,326,159,159,https://pabsa.impressicocrm.com/api/player/110368,99,0,0
1680593989303,1289,Get single knockout Player details,200,,Knock_out_Thread Group 1-396,text,true,,1210,326,159,159,https://pabsa.impressicocrm.com/api/player/110368,1289,0,0
1680593989312,1289,Get single knockout Player details,200,,Knock_out_Thread Group 1-391,text,true,,1210,326,159,159,https://pabsa.impressicocrm.com/api/player/110368,1289,0,0
1680593988523,2078,Get tournamnent list ,200,,Knock_out_Thread Group 1-478,text,true,,58880,389,159,159,https://pabsa.impressicocrm.com/api/tournament?limit=12&pageNumber=1&sportType=&tournamentName=&tournamentStyle=,1539,0,0
1680593989013,1593,Get Players schedule,200,,Knock_out_Thread Group 1-402,text,true,,5441,338,159,159,https://pabsa.impressicocrm.com/api/tournament/119922/matches,1593,0,0
1680593988861,1751,Get Players schedule,200,,Knock_out_Thread Group 1-399,text,true,,5435,338,159,159,https://pabsa.impressicocrm.com/api/tournament/119922/matches,1751,0,0
1680593989262,1371,Get playerA_Vs_playerB,200,,Knock_out_Thread Group 1-377,text,true,,1239,341,159,159,https://pabsa.impressicocrm.com/api/tournament/matchScore/147598,1371,0,0
1680593990353,281,Home page ,200,OK,Knock_out_Thread Group 1-514,text,true,,3033,309,159,159,https://pabsa.impressicocrm.com/,280,0,212
1680593990053,587,Home page ,200,OK,Knock_out_Thread Group 1-511,text,true,,3033,309,158,158,https://pabsa.impressicocrm.com/,587,0,512
1680593988080,2572,Get Break list ,200,,Knock_out_Thread Group 1-398,text,true,,3218,338,158,158,https://pabsa.impressicocrm.com/api/tournament/119922/players,2572,0,0
1680593989303,1360,Get playerA_Vs_playerB,200,,Knock_out_Thread Group 1-359,text,true,,1239,341,159,159,https://pabsa.impressicocrm.com/api/tournament/matchScore/147598,1360,0,0
1680593988477,2225,Get tournamnent list ,200,,Knock_out_Thread Group 1-469,text,true,,58880,389,158,158,https://pabsa.impressicocrm.com/api/tournament?limit=12&pageNumber=1&sportType=&tournamentName=&tournamentStyle=,1563,0,0
1680593987842,2865,Get tournamnent list ,200,,Knock_out_Thread Group 1-471,text,true,,58880,389,158,158,https://pabsa.impressicocrm.com/api/tournament?limit=12&pageNumber=1&sportType=&tournamentName=&tournamentStyle=,1625,0,0
1680593989136,1589,Get Home page country ,200,,Knock_out_Thread Group 1-498,text,true,,17270,320,158,158,https://pabsa.impressicocrm.com/api/country,1589,0,0
1680593990454,271,Home page ,200,OK,Knock_out_Thread Group 1-515,text,true,,3033,309,158,158,https://pabsa.impressicocrm.com/,271,0,209
1680593989420,1314,Get single knockout Player details,200,,Knock_out_Thread Group 1-392,text,true,,1210,326,158,158,https://pabsa.impressicocrm.com/api/player/110368,1314,0,0
1680593989380,1362,Get playerA_Vs_playerB,200,,Knock_out_Thread Group 1-345,text,true,,1239,341,158,158,https://pabsa.impressicocrm.com/api/tournament/matchScore/147598,1362,0,0
1680593989276,1472,Get Home page country ,200,,Knock_out_Thread Group 1-490,text,true,,17270,320,157,157,https://pabsa.impressicocrm.com/api/country,1472,0,0
1680593989452,1324,Get single knockout Player details,200,,Knock_out_Thread Group 1-390,text,true,,1210,326,158,158,https://pabsa.impressicocrm.com/api/player/110368,1324,0,0
1680593989497,1298,Get single knockout Player details,200,,Knock_out_Thread Group 1-373,text,true,,1210,326,158,158,https://pabsa.impressicocrm.com/api/player/110368,1298,0,0
1680593989506,1294,Get knockout players list ,200,,Knock_out_Thread Group 1-416,text,true,,4598,340,158,158,https://pabsa.impressicocrm.com/api/tournament/118871/knockouts,1293,0,0
1680593989470,1376,Get Break list ,200,,Knock_out_Thread Group 1-442,text,true,,3218,338,158,158,https://pabsa.impressicocrm.com/api/tournament/119922/players,1376,0,0
1680593990525,337,Get Players schedule,200,,Knock_out_Thread Group 1-410,text,true,,5441,338,159,159,https://pabsa.impressicocrm.com/api/tournament/119922/matches,337,0,0
1680593989208,1657,Get Break list ,200,,Knock_out_Thread Group 1-429,text,true,,3218,338,159,159,https://pabsa.impressicocrm.com/api/tournament/119922/players,1657,0,0
1680593989189,1687,Get Home page currency,200,,Knock_out_Thread Group 1-462,text,true,,9160,321,159,159,https://pabsa.impressicocrm.com/api/currency,1687,0,0
1680593989107,1769,Get Players schedule,200,,Knock_out_Thread Group 1-408,text,true,,5441,338,159,159,https://pabsa.impressicocrm.com/api/tournament/119922/matches,1769,0,0
1680593989210,1666,Get Players schedule,200,,Knock_out_Thread Group 1-401,text,true,,5435,338,159,159,https://pabsa.impressicocrm.com/api/tournament/119922/matches,1666,0,0
1680593989568,1308,Get knockout players list ,200,,Knock_out_Thread Group 1-395,text,true,,4591,340,159,159,https://pabsa.impressicocrm.com/api/tournament/118871/knockouts,1308,0,0
1680593989192,1694,Get Players schedule,200,,Knock_out_Thread Group 1-438,text,true,,5435,338,159,159,https://pabsa.impressicocrm.com/api/tournament/119922/matches,1694,0,0
1680593989411,1486,Get Home page currency,200,,Knock_out_Thread Group 1-460,text,true,,9160,321,159,159,https://pabsa.impressicocrm.com/api/currency,1486,0,0
1680593990253,654,Home page ,200,OK,Knock_out_Thread Group 1-513,text,true,,3033,309,159,159,https://pabsa.impressicocrm.com/,654,0,567
1680593989022,1921,Get playerA_Vs_playerB,200,,Knock_out_Thread Group 1-365,text,true,,1239,341,159,159,https://pabsa.impressicocrm.com/api/tournament/matchScore/147598,1921,0,0
1680593989102,1848,Get tournament result,200,,Knock_out_Thread Group 1-355,text,true,,5435,338,158,158,https://pabsa.impressicocrm.com/api/tournament/119922/matches,1848,0,0
1680593989517,1433,Get Players list ,200,,Knock_out_Thread Group 1-437,text,true,,3218,338,158,158,https://pabsa.impressicocrm.com/api/tournament/119922/players,1433,0,0
1680593989559,1402,Get Break list ,200,,Knock_out_Thread Group 1-423,text,true,,3218,338,159,159,https://pabsa.impressicocrm.com/api/tournament/119922/players,1402,0,0
1680593989543,1421,Get Players list ,200,,Knock_out_Thread Group 1-451,text,true,,3218,338,159,159,https://pabsa.impressicocrm.com/api/tournament/119922/players,1421,0,0
1680593990552,413,Home page ,200,OK,Knock_out_Thread Group 1-516,text,true,,3033,309,159,159,https://pabsa.impressicocrm.com/,412,0,334
1680593989709,1264,Get playerA_Vs_playerB,200,,Knock_out_Thread Group 1-381,text,true,,1239,341,159,159,https://pabsa.impressicocrm.com/api/tournament/matchScore/147598,1264,0,0
1680593989443,1530,Get Home page country ,200,,Knock_out_Thread Group 1-501,text,true,,17270,320,159,159,https://pabsa.impressicocrm.com/api/country,1530,0,0
1680593989490,1483,Get knockout players list ,200,,Knock_out_Thread Group 1-383,text,true,,4598,340,159,159,https://pabsa.impressicocrm.com/api/tournament/118871/knockouts,1483,0,0
1680593989686,1306,Get Home page currency,200,,Knock_out_Thread Group 1-465,text,true,,9160,321,158,158,https://pabsa.impressicocrm.com/api/currency,1306,0,0
1680593989763,1237,Get knockout players list ,200,,Knock_out_Thread Group 1-400,text,true,,4598,340,158,158,https://pabsa.impressicocrm.com/api/tournament/118871/knockouts,1237,0,0
1680593988741,2264,Get tournamnent list ,200,,Knock_out_Thread Group 1-481,text,true,,58888,389,158,158,https://pabsa.impressicocrm.com/api/tournament?limit=12&pageNumber=1&sportType=&tournamentName=&tournamentStyle=,1578,0,0
1680593988869,2142,Get Players schedule,200,,Knock_out_Thread Group 1-356,text,true,,5441,338,158,158,https://pabsa.impressicocrm.com/api/tournament/119922/matches,2142,0,0
1680593989702,1319,Get Break list ,200,,Knock_out_Thread Group 1-434,text,true,,3218,338,158,158,https://pabsa.impressicocrm.com/api/tournament/119922/players,1319,0,0
1680593989410,1616,Get Break list ,200,,Knock_out_Thread Group 1-418,text,true,,3218,338,158,158,https://pabsa.impressicocrm.com/api/tournament/119922/players,1616,0,0
1680593989473,1557,Get Home page currency,200,,Knock_out_Thread Group 1-461,text,true,,9160,321,158,158,https://pabsa.impressicocrm.com/api/currency,1557,0,0
1680593989389,1673,Get tournament result,200,,Knock_out_Thread Group 1-362,text,true,,5441,338,159,159,https://pabsa.impressicocrm.com/api/tournament/119922/matches,1673,0,0
1680593989780,1307,Get playerA_Vs_playerB,200,,Knock_out_Thread Group 1-357,text,true,,1239,341,159,159,https://pabsa.impressicocrm.com/api/tournament/matchScore/147598,1307,0,0
1680593989817,1279,Get playerA_Vs_playerB,200,,Knock_out_Thread Group 1-353,text,true,,1239,341,158,158,https://pabsa.impressicocrm.com/api/tournament/matchScore/147598,1279,0,0
1680593989634,1483,Get Players schedule,200,,Knock_out_Thread Group 1-413,text,true,,5435,338,157,157,https://pabsa.impressicocrm.com/api/tournament/119922/matches,1483,0,0
1680593989497,1669,Get knockout players list ,200,,Knock_out_Thread Group 1-414,text,true,,4598,340,158,158,https://pabsa.impressicocrm.com/api/tournament/118871/knockouts,1669,0,0
1680593989785,1402,Get Players list ,200,,Knock_out_Thread Group 1-439,text,true,,3218,338,158,158,https://pabsa.impressicocrm.com/api/tournament/119922/players,1402,0,0
1680593989515,1674,Get tournament result,200,,Knock_out_Thread Group 1-369,text,true,,5441,338,158,158,https://pabsa.impressicocrm.com/api/tournament/119922/matches,1674,0,0
1680593989297,1900,Get single knockout Player details,200,,Knock_out_Thread Group 1-397,text,true,,1210,326,158,158,https://pabsa.impressicocrm.com/api/player/110368,1900,0,0
1680593989844,1361,Get playerA_Vs_playerB,200,,Knock_out_Thread Group 1-378,text,true,,1239,341,158,158,https://pabsa.impressicocrm.com/api/tournament/matchScore/147598,1361,0,0
1680593989842,1375,Get Home page currency,200,,Knock_out_Thread Group 1-477,text,true,,9160,321,157,157,https://pabsa.impressicocrm.com/api/currency,1375,0,0
1680593989821,1402,Get Break list ,200,,Knock_out_Thread Group 1-446,text,true,,3218,338,157,157,https://pabsa.impressicocrm.com/api/tournament/119922/players,1402,0,0
1680593989644,1594,Get Break list ,200,,Knock_out_Thread Group 1-406,text,true,,3218,338,157,157,https://pabsa.impressicocrm.com/api/tournament/119922/players,1594,0,0
1680593989741,1553,Get playerA_Vs_playerB,200,,Knock_out_Thread Group 1-364,text,true,,1239,341,158,158,https://pabsa.impressicocrm.com/api/tournament/matchScore/147598,1553,0,0
1680593989587,1740,Get tournament result,200,,Knock_out_Thread Group 1-376,text,true,,5435,338,157,157,https://pabsa.impressicocrm.com/api/tournament/119922/matches,1740,0,0
1680593989777,1550,Get tournament result,200,,Knock_out_Thread Group 1-375,text,true,,5441,338,157,157,https://pabsa.impressicocrm.com/api/tournament/119922/matches,1550,0,0
1680593989914,1413,Get Players list ,200,,Knock_out_Thread Group 1-459,text,true,,3218,338,157,157,https://pabsa.impressicocrm.com/api/tournament/119922/players,1413,0,0
1680593990004,1338,Get single knockout Player details,200,,Knock_out_Thread Group 1-371,text,true,,1210,326,157,157,https://pabsa.impressicocrm.com/api/player/110368,1338,0,0
1680593989931,1431,Get Break list ,200,,Knock_out_Thread Group 1-450,text,true,,3218,338,158,158,https://pabsa.impressicocrm.com/api/tournament/119922/players,1431,0,0
1680593989063,2299,Get Home page country ,200,,Knock_out_Thread Group 1-489,text,true,,17255,320,158,158,https://pabsa.impressicocrm.com/api/country,2299,0,0
1680593989886,1479,Get Home page currency,200,,Knock_out_Thread Group 1-457,text,true,,9153,321,158,158,https://pabsa.impressicocrm.com/api/currency,1479,0,0
1680593989999,1381,Get playerA_Vs_playerB,200,,Knock_out_Thread Group 1-368,text,true,,1239,341,158,158,https://pabsa.impressicocrm.com/api/tournament/matchScore/147598,1381,0,0
1680593990049,1341,Get single knockout Player details,200,,Knock_out_Thread Group 1-388,text,true,,1210,326,157,157,https://pabsa.impressicocrm.com/api/player/110368,1340,0,0
1680593989844,1546,Get Home page currency,200,,Knock_out_Thread Group 1-467,text,true,,9160,321,157,157,https://pabsa.impressicocrm.com/api/currency,1546,0,0
1680593989019,2373,Get tournamnent list ,200,,Knock_out_Thread Group 1-482,text,true,,58880,389,157,157,https://pabsa.impressicocrm.com/api/tournament?limit=12&pageNumber=1&sportType=&tournamentName=&tournamentStyle=,1634,0,0
1680593990008,1389,Get Home page country ,200,,Knock_out_Thread Group 1-507,text,true,,17270,320,157,157,https://pabsa.impressicocrm.com/api/country,1389,0,0
1680593989838,1588,Get Players schedule,200,,Knock_out_Thread Group 1-422,text,true,,5441,338,157,157,https://pabsa.impressicocrm.com/api/tournament/119922/matches,1588,0,0
1680593989853,1585,Get Home page currency,200,,Knock_out_Thread Group 1-463,text,true,,9160,321,157,157,https://pabsa.impressicocrm.com/api/currency,1585,0,0
1680593989821,1623,Get Break list ,200,,Knock_out_Thread Group 1-424,text,true,,3218,338,157,157,https://pabsa.impressicocrm.com/api/tournament/119922/players,1623,0,0
1680593990123,1331,Get knockout players list ,200,,Knock_out_Thread Group 1-431,text,true,,4598,340,158,158,https://pabsa.impressicocrm.com/api/tournament/118871/knockouts,1331,0,0
1680593990049,1423,Get Home page currency,200,,Knock_out_Thread Group 1-473,text,true,,9160,321,158,158,https://pabsa.impressicocrm.com/api/currency,1423,0,0
1680593990142,1330,Get knockout players list ,200,,Knock_out_Thread Group 1-417,text,true,,4598,340,158,158,https://pabsa.impressicocrm.com/api/tournament/118871/knockouts,1330,0,0
1680593990097,1394,Get Home page currency,200,,Knock_out_Thread Group 1-452,text,true,,9160,321,158,158,https://pabsa.impressicocrm.com/api/currency,1393,0,0
1680593990013,1478,Get knockout players list ,200,,Knock_out_Thread Group 1-403,text,true,,4598,340,158,158,https://pabsa.impressicocrm.com/api/tournament/118871/knockouts,1477,0,0
1680593989853,1639,Get tournament result,200,,Knock_out_Thread Group 1-386,text,true,,5441,338,158,158,https://pabsa.impressicocrm.com/api/tournament/119922/matches,1639,0,0
1680593989889,1611,Get Home page country ,200,,Knock_out_Thread Group 1-488,text,true,,17270,320,158,158,https://pabsa.impressicocrm.com/api/country,1544,0,0
1680593987640,3861,Get tournamnent list ,200,,Knock_out_Thread Group 1-464,text,true,,58888,389,158,158,https://pabsa.impressicocrm.com/api/tournament?limit=12&pageNumber=1&sportType=&tournamentName=&tournamentStyle=,1958,0,0
1680593989974,1531,Get Home page country ,200,,Knock_out_Thread Group 1-504,text,true,,17255,320,158,158,https://pabsa.impressicocrm.com/api/country,1531,0,0
1680593989875,1637,Get Players schedule,200,,Knock_out_Thread Group 1-425,text,true,,5441,338,158,158,https://pabsa.impressicocrm.com/api/tournament/119922/matches,1637,0,0
1680593990037,1481,Get Home page country ,200,,Knock_out_Thread Group 1-497,text,true,,17270,320,158,158,https://pabsa.impressicocrm.com/api/country,1480,0,0
1680593990751,767,Home page ,200,OK,Knock_out_Thread Group 1-518,text,true,,3033,309,158,158,https://pabsa.impressicocrm.com/,767,0,687
1680593988974,2546,Get tournamnent list ,200,,Knock_out_Thread Group 1-483,text,true,,58880,389,158,158,https://pabsa.impressicocrm.com/api/tournament?limit=12&pageNumber=1&sportType=&tournamentName=&tournamentStyle=,1618,0,0
1680593990013,1528,Get Players list ,200,,Knock_out_Thread Group 1-454,text,true,,3218,338,158,158,https://pabsa.impressicocrm.com/api/tournament/119922/players,1528,0,0
1680593990093,1462,Get Players list ,200,,Knock_out_Thread Group 1-456,text,true,,3218,338,159,159,https://pabsa.impressicocrm.com/api/tournament/119922/players,1462,0,0
1680593989886,1679,Get playerA_Vs_playerB,200,,Knock_out_Thread Group 1-374,text,true,,1239,341,159,159,https://pabsa.impressicocrm.com/api/tournament/matchScore/147598,1679,0,0
1680593990101,1472,Get Home page country ,200,,Knock_out_Thread Group 1-508,text,true,,17270,320,158,158,https://pabsa.impressicocrm.com/api/country,1468,0,0
1680593990121,1466,Get Home page country ,200,,Knock_out_Thread Group 1-506,text,true,,17270,320,158,158,https://pabsa.impressicocrm.com/api/country,1466,0,0
1680593989558,2039,Get Players list ,200,,Knock_out_Thread Group 1-455,text,true,,3218,338,158,158,https://pabsa.impressicocrm.com/api/tournament/119922/players,2039,0,0
1680593990142,1463,Get Break list ,200,,Knock_out_Thread Group 1-421,text,true,,3218,338,158,158,https://pabsa.impressicocrm.com/api/tournament/119922/players,1463,0,0
1680593990175,1445,Get Break list ,200,,Knock_out_Thread Group 1-432,text,true,,3218,338,158,158,https://pabsa.impressicocrm.com/api/tournament/119922/players,1445,0,0
1680593989970,1652,Get Players schedule,200,,Knock_out_Thread Group 1-430,text,true,,5435,338,158,158,https://pabsa.impressicocrm.com/api/tournament/119922/matches,1652,0,0
1680593990199,1428,Get Home page country ,200,,Knock_out_Thread Group 1-509,text,true,,17270,320,158,158,https://pabsa.impressicocrm.com/api/country,1425,0,0
1680593989312,2325,Get tournamnent list ,200,,Knock_out_Thread Group 1-485,text,true,,58880,389,158,158,https://pabsa.impressicocrm.com/api/tournament?limit=12&pageNumber=1&sportType=&tournamentName=&tournamentStyle=,1693,0,0
1680593990086,1554,Get Home page country ,200,,Knock_out_Thread Group 1-502,text,true,,17270,320,158,158,https://pabsa.impressicocrm.com/api/country,1505,0,0
1680593989891,1756,Get Home page country ,200,,Knock_out_Thread Group 1-500,text,true,,17270,320,158,158,https://pabsa.impressicocrm.com/api/country,1755,0,0
1680593990653,1000,Home page ,200,OK,Knock_out_Thread Group 1-517,text,true,,3033,309,159,159,https://pabsa.impressicocrm.com/,999,0,896
1680593990017,1639,Get tournament result,200,,Knock_out_Thread Group 1-372,text,true,,5441,338,159,159,https://pabsa.impressicocrm.com/api/tournament/119922/matches,1639,0,0
1680593990269,1399,Get Home page currency,200,,Knock_out_Thread Group 1-468,text,true,,9160,321,159,159,https://pabsa.impressicocrm.com/api/currency,1399,0,0
1680593990008,1662,Get Home page currency,200,,Knock_out_Thread Group 1-458,text,true,,9160,321,159,159,https://pabsa.impressicocrm.com/api/currency,1662,0,0
1680593991252,429,Home page ,200,OK,Knock_out_Thread Group 1-523,text,true,,3033,309,159,159,https://pabsa.impressicocrm.com/,429,0,324
1680593989722,1998,Get Players schedule,200,,Knock_out_Thread Group 1-426,text,true,,5441,338,159,159,https://pabsa.impressicocrm.com/api/tournament/119922/matches,1998,0,0
1680593988973,2747,Get tournamnent list ,200,,Knock_out_Thread Group 1-470,text,true,,58888,389,159,159,https://pabsa.impressicocrm.com/api/tournament?limit=12&pageNumber=1&sportType=&tournamentName=&tournamentStyle=,1740,0,0
1680593990231,1495,Get Break list ,200,,Knock_out_Thread Group 1-444,text,true,,3218,338,159,159,https://pabsa.impressicocrm.com/api/tournament/119922/players,1495,0,0
1680593990093,1633,Get Players schedule,200,,Knock_out_Thread Group 1-435,text,true,,5441,338,159,159,https://pabsa.impressicocrm.com/api/tournament/119922/matches,1633,0,0
1680593990400,1336,Get single knockout Player details,200,,Knock_out_Thread Group 1-382,text,true,,1210,326,159,159,https://pabsa.impressicocrm.com/api/player/110368,1336,0,0
1680593990278,1458,Get Players list ,200,,Knock_out_Thread Group 1-449,text,true,,3218,338,159,159,https://pabsa.impressicocrm.com/api/tournament/119922/players,1458,0,0
1680593990151,1593,Get tournament result,200,,Knock_out_Thread Group 1-387,text,true,,5441,338,159,159,https://pabsa.impressicocrm.com/api/tournament/119922/matches,1593,0,0
1680593990055,1696,Get tournament result,200,,Knock_out_Thread Group 1-389,text,true,,5441,338,159,159,https://pabsa.impressicocrm.com/api/tournament/119922/matches,1696,0,0
1680593991054,697,Home page ,200,OK,Knock_out_Thread Group 1-521,text,true,,3033,309,159,159,https://pabsa.impressicocrm.com/,697,0,593
1680593990368,1415,Get playerA_Vs_playerB,200,,Knock_out_Thread Group 1-370,text,true,,1239,341,160,160,https://pabsa.impressicocrm.com/api/tournament/matchScore/147598,1415,0,0
1680593990215,1568,Get Home page country ,200,,Knock_out_Thread Group 1-499,text,true,,17270,320,160,160,https://pabsa.impressicocrm.com/api/country,1568,0,0
1680593990409,1386,Get knockout players list ,200,,Knock_out_Thread Group 1-415,text,true,,4591,340,159,159,https://pabsa.impressicocrm.com/api/tournament/118871/knockouts,1386,0,0
1680593990331,1466,Get Break list ,200,,Knock_out_Thread Group 1-411,text,true,,3218,338,159,159,https://pabsa.impressicocrm.com/api/tournament/119922/players,1466,0,0
1680593990337,1484,Get Break list ,200,,Knock_out_Thread Group 1-405,text,true,,3218,338,159,159,https://pabsa.impressicocrm.com/api/tournament/119922/players,1484,0,0
1680593988694,3142,Get tournamnent list ,200,,Knock_out_Thread Group 1-474,text,true,,58880,389,159,159,https://pabsa.impressicocrm.com/api/tournament?limit=12&pageNumber=1&sportType=&tournamentName=&tournamentStyle=,1787,0,0
1680593991670,170,Get Players list ,200,,Knock_out_Thread Group 1-458,text,true,,3218,338,159,159,https://pabsa.impressicocrm.com/api/tournament/119922/players,170,0,0
1680593991454,386,Home page ,200,OK,Knock_out_Thread Group 1-525,text,true,,3033,309,159,159,https://pabsa.impressicocrm.com/,386,0,293
1680593990478,1365,Get Home page country ,200,,Knock_out_Thread Group 1-512,text,true,,17270,320,159,159,https://pabsa.impressicocrm.com/api/country,1362,0,0
1680593990276,1568,Get knockout players list ,200,,Knock_out_Thread Group 1-412,text,true,,4598,340,159,159,https://pabsa.impressicocrm.com/api/tournament/118871/knockouts,1568,0,0
1680593990421,1426,Get knockout players list ,200,,Knock_out_Thread Group 1-428,text,true,,4591,340,159,159,https://pabsa.impressicocrm.com/api/tournament/118871/knockouts,1426,0,0
1680593990466,1391,Get Break list ,200,,Knock_out_Thread Group 1-443,text,true,,3218,338,160,160,https://pabsa.impressicocrm.com/api/tournament/119922/players,1391,0,0
1680593990510,1349,Get Break list ,200,,Knock_out_Thread Group 1-448,text,true,,3218,338,160,160,https://pabsa.impressicocrm.com/api/tournament/119922/players,1349,0,0
1680593990322,1545,Get tournament result,200,,Knock_out_Thread Group 1-384,text,true,,5441,338,160,160,https://pabsa.impressicocrm.com/api/tournament/119922/matches,1545,0,0
1680593990528,1370,Get Break list ,200,,Knock_out_Thread Group 1-447,text,true,,3218,338,160,160,https://pabsa.impressicocrm.com/api/tournament/119922/players,1370,0,0
1680593990455,1443,Get knockout players list ,200,,Knock_out_Thread Group 1-409,text,true,,4598,340,160,160,https://pabsa.impressicocrm.com/api/tournament/118871/knockouts,1443,0,0
1680593990230,1671,Get playerA_Vs_playerB,200,,Knock_out_Thread Group 1-380,text,true,,1239,341,160,160,https://pabsa.impressicocrm.com/api/tournament/matchScore/147598,1671,0,0
1680593989849,2057,Get Home page currency,200,,Knock_out_Thread Group 1-445,text,true,,9160,321,159,159,https://pabsa.impressicocrm.com/api/currency,2057,0,0
1680593990380,1542,Get Break list ,200,,Knock_out_Thread Group 1-436,text,true,,3218,338,159,159,https://pabsa.impressicocrm.com/api/tournament/119922/players,1542,0,0
1680593989336,2595,Get tournament result,200,,Knock_out_Thread Group 1-379,text,true,,5441,338,159,159,https://pabsa.impressicocrm.com/api/tournament/119922/matches,2595,0,0
1680593991653,281,Home page ,200,OK,Knock_out_Thread Group 1-527,text,true,,3033,309,159,159,https://pabsa.impressicocrm.com/,281,0,212
1680593989334,2603,Get Players list ,200,,Knock_out_Thread Group 1-420,text,true,,3218,338,159,159,https://pabsa.impressicocrm.com/api/tournament/119922/players,2602,0,0
1680593989219,2735,Get Break list ,200,,Knock_out_Thread Group 1-427,text,true,,3218,338,160,160,https://pabsa.impressicocrm.com/api/tournament/119922/players,2735,0,0
1680593990377,1593,Get Home page country ,200,,Knock_out_Thread Group 1-503,text,true,,17270,320,160,160,https://pabsa.impressicocrm.com/api/country,1590,0,0
1680593989670,2306,Get tournamnent list ,200,,Knock_out_Thread Group 1-479,text,true,,58880,389,160,160,https://pabsa.impressicocrm.com/api/tournament?limit=12&pageNumber=1&sportType=&tournamentName=&tournamentStyle=,1695,0,0
1680593989426,2555,Get tournamnent list ,200,,Knock_out_Thread Group 1-486,text,true,,58880,389,160,160,https://pabsa.impressicocrm.com/api/tournament?limit=12&pageNumber=1&sportType=&tournamentName=&tournamentStyle=,1699,0,0
1680593989859,2133,Get tournamnent list ,200,,Knock_out_Thread Group 1-493,text,true,,58888,389,160,160,https://pabsa.impressicocrm.com/api/tournament?limit=12&pageNumber=1&sportType=&tournamentName=&tournamentStyle=,1642,0,0
1680593990264,1752,Get Home page currency,200,,Knock_out_Thread Group 1-472,text,true,,9153,321,160,160,https://pabsa.impressicocrm.com/api/currency,1752,0,0
1680593991354,663,Home page ,200,OK,Knock_out_Thread Group 1-524,text,true,,3033,309,160,160,https://pabsa.impressicocrm.com/,662,0,260
1680593990607,1421,Get knockout players list ,200,,Knock_out_Thread Group 1-402,text,true,,4598,340,160,160,https://pabsa.impressicocrm.com/api/tournament/118871/knockouts,1421,0,0
1680593990262,1769,Get Home page country ,200,,Knock_out_Thread Group 1-510,text,true,,17270,320,160,160,https://pabsa.impressicocrm.com/api/country,1769,0,0
1680593989334,2707,Get Break list ,200,,Knock_out_Thread Group 1-440,text,true,,3218,338,160,160,https://pabsa.impressicocrm.com/api/tournament/119922/players,2707,0,0
1680593991552,493,Home page ,200,OK,Knock_out_Thread Group 1-526,text,true,,3033,309,160,160,https://pabsa.impressicocrm.com/,493,0,242
1680593989880,2194,Get tournamnent list ,200,,Knock_out_Thread Group 1-492,text,true,,58880,389,161,161,https://pabsa.impressicocrm.com/api/tournament?limit=12&pageNumber=1&sportType=&tournamentName=&tournamentStyle=,1640,0,0
1680593990520,1562,Get tournament result,200,,Knock_out_Thread Group 1-360,text,true,,5441,338,161,161,https://pabsa.impressicocrm.com/api/tournament/119922/matches,1562,0,0
1680593991542,544,Get Break list ,200,,Knock_out_Thread Group 1-454,text,true,,3218,338,161,161,https://pabsa.impressicocrm.com/api/tournament/119922/players,544,0,0
1680593990119,1982,Get Players schedule,200,,Knock_out_Thread Group 1-404,text,true,,5441,338,161,161,https://pabsa.impressicocrm.com/api/tournament/119922/matches,1982,0,0
1680593988680,3421,Get tournamnent list ,200,,Knock_out_Thread Group 1-476,text,true,,58880,389,161,161,https://pabsa.impressicocrm.com/api/tournament?limit=12&pageNumber=1&sportType=&tournamentName=&tournamentStyle=,1867,0,0
1680593990851,1281,Home page ,200,OK,Knock_out_Thread Group 1-519,text,true,,3033,309,161,161,https://pabsa.impressicocrm.com/,1280,0,1199
1680593990160,1975,Get Home page country ,200,,Knock_out_Thread Group 1-505,text,true,,17270,320,161,161,https://pabsa.impressicocrm.com/api/country,1975,0,0
1680593990800,1370,Get single knockout Player details,200,,Knock_out_Thread Group 1-416,text,true,,1210,326,162,162,https://pabsa.impressicocrm.com/api/player/110368,1370,0,0
1680593990547,1623,Get tournament result,200,,Knock_out_Thread Group 1-385,text,true,,5435,338,162,162,https://pabsa.impressicocrm.com/api/tournament/119922/matches,1623,0,0
1680593990592,1578,Get tournament result,200,,Knock_out_Thread Group 1-396,text,true,,5441,338,162,162,https://pabsa.impressicocrm.com/api/tournament/119922/matches,1578,0,0
1680593990542,1638,Get Players schedule,200,,Knock_out_Thread Group 1-419,text,true,,5435,338,162,162,https://pabsa.impressicocrm.com/api/tournament/119922/matches,1638,0,0
1680593990862,1335,Get knockout players list ,200,,Knock_out_Thread Group 1-410,text,true,,4598,340,162,162,https://pabsa.impressicocrm.com/api/tournament/118871/knockouts,1335,0,0
1680593990876,1324,Get knockout players list ,200,,Knock_out_Thread Group 1-408,text,true,,4598,340,162,162,https://pabsa.impressicocrm.com/api/tournament/118871/knockouts,1324,0,0
1680593990602,1620,Get Home page currency,200,,Knock_out_Thread Group 1-478,text,true,,9160,321,162,162,https://pabsa.impressicocrm.com/api/currency,1620,0,0
1680593990876,1347,Get single knockout Player details,200,,Knock_out_Thread Group 1-395,text,true,,1210,326,162,162,https://pabsa.impressicocrm.com/api/player/110368,1347,0,0
1680593990602,1621,Get tournament result,200,,Knock_out_Thread Group 1-391,text,true,,5441,338,162,162,https://pabsa.impressicocrm.com/api/tournament/119922/matches,1621,0,0
1680593991852,371,Home page ,200,OK,Knock_out_Thread Group 1-529,text,true,,3033,309,162,162,https://pabsa.impressicocrm.com/,371,0,209
1680593990886,1345,Get knockout players list ,200,,Knock_out_Thread Group 1-438,text,true,,4598,340,162,162,https://pabsa.impressicocrm.com/api/tournament/118871/knockouts,1345,0,0
1680593990565,1674,Get tournament result,200,,Knock_out_Thread Group 1-407,text,true,,5441,338,162,162,https://pabsa.impressicocrm.com/api/tournament/119922/matches,1673,0,0
1680593990634,1639,Get Home page country ,200,,Knock_out_Thread Group 1-514,text,true,,17270,320,163,163,https://pabsa.impressicocrm.com/api/country,1566,0,0
1680593990702,1571,Get Home page currency,200,,Knock_out_Thread Group 1-469,text,true,,9160,321,163,163,https://pabsa.impressicocrm.com/api/currency,1571,0,0
1680593990726,1559,Get Home page country ,200,,Knock_out_Thread Group 1-515,text,true,,17255,320,163,163,https://pabsa.impressicocrm.com/api/country,1559,0,0
1680593990707,1578,Get Home page currency,200,,Knock_out_Thread Group 1-471,text,true,,9153,321,163,163,https://pabsa.impressicocrm.com/api/currency,1578,0,0
1680593990876,1448,Get knockout players list ,200,,Knock_out_Thread Group 1-401,text,true,,4598,340,163,163,https://pabsa.impressicocrm.com/api/tournament/118871/knockouts,1448,0,0
1680593990512,1813,Get tournament result,200,,Knock_out_Thread Group 1-393,text,true,,5441,338,163,163,https://pabsa.impressicocrm.com/api/tournament/119922/matches,1813,0,0
1680593990612,1717,Get knockout players list ,200,,Knock_out_Thread Group 1-399,text,true,,4598,340,163,163,https://pabsa.impressicocrm.com/api/tournament/118871/knockouts,1717,0,0
1680593990876,1453,Get Players list ,200,,Knock_out_Thread Group 1-462,text,true,,3218,338,163,163,https://pabsa.impressicocrm.com/api/tournament/119922/players,1453,0,0
1680593990151,2214,Get tournamnent list ,200,,Knock_out_Thread Group 1-496,text,true,,58880,389,164,164,https://pabsa.impressicocrm.com/api/tournament?limit=12&pageNumber=1&sportType=&tournamentName=&tournamentStyle=,1722,0,0
1680593991752,621,Home page ,200,OK,Knock_out_Thread Group 1-528,text,true,,3033,309,164,164,https://pabsa.impressicocrm.com/,620,0,540
1680593990846,1531,Get Players schedule,200,,Knock_out_Thread Group 1-442,text,true,,5435,338,164,164,https://pabsa.impressicocrm.com/api/tournament/119922/matches,1531,0,0
1680593990973,1411,Get single knockout Player details,200,,Knock_out_Thread Group 1-383,text,true,,1210,326,164,164,https://pabsa.impressicocrm.com/api/player/110368,1411,0,0
1680593991001,1384,Get single knockout Player details,200,,Knock_out_Thread Group 1-400,text,true,,1210,326,164,164,https://pabsa.impressicocrm.com/api/player/110368,1384,0,0
1680593992054,348,Home page ,200,OK,Knock_out_Thread Group 1-531,text,true,,3033,309,164,164,https://pabsa.impressicocrm.com/,348,0,270
1680593990950,1462,Get playerA_Vs_playerB,200,,Knock_out_Thread Group 1-355,text,true,,1239,341,164,164,https://pabsa.impressicocrm.com/api/tournament/matchScore/147598,1462,0,0
1680593990652,1764,Get Players schedule,200,,Knock_out_Thread Group 1-398,text,true,,5441,338,163,163,https://pabsa.impressicocrm.com/api/tournament/119922/matches,1764,0,0
1680593990897,1525,Get Players list ,200,,Knock_out_Thread Group 1-460,text,true,,3218,338,163,163,https://pabsa.impressicocrm.com/api/tournament/119922/players,1525,0,0
1680593990954,1468,Home page ,200,OK,Knock_out_Thread Group 1-520,text,true,,3033,309,163,163,https://pabsa.impressicocrm.com/,1468,0,1327
1680593990734,1710,Get tournament result,200,,Knock_out_Thread Group 1-392,text,true,,5441,338,163,163,https://pabsa.impressicocrm.com/api/tournament/119922/matches,1710,0,0
1680593990795,1653,Get tournament result,200,,Knock_out_Thread Group 1-373,text,true,,5441,338,163,163,https://pabsa.impressicocrm.com/api/tournament/119922/matches,1653,0,0
1680593990542,1906,Get tournament result,200,,Knock_out_Thread Group 1-394,text,true,,5441,338,163,163,https://pabsa.impressicocrm.com/api/tournament/119922/matches,1906,0,0
1680593990950,1509,Get Break list ,200,,Knock_out_Thread Group 1-437,text,true,,3218,338,164,164,https://pabsa.impressicocrm.com/api/tournament/119922/players,1509,0,0
1680593989766,2701,Get tournamnent list ,200,,Knock_out_Thread Group 1-491,text,true,,58880,389,164,164,https://pabsa.impressicocrm.com/api/tournament?limit=12&pageNumber=1&sportType=&tournamentName=&tournamentStyle=,1576,0,0
1680593991167,1312,Get single knockout Player details,200,,Knock_out_Thread Group 1-414,text,true,,1210,326,164,164,https://pabsa.impressicocrm.com/api/player/110368,1312,0,0
1680593991012,1480,Get knockout players list ,200,,Knock_out_Thread Group 1-356,text,true,,4598,340,164,164,https://pabsa.impressicocrm.com/api/tournament/118871/knockouts,1480,0,0
1680593991063,1434,Get playerA_Vs_playerB,200,,Knock_out_Thread Group 1-362,text,true,,1239,341,164,164,https://pabsa.impressicocrm.com/api/tournament/matchScore/147598,1434,0,0
1680593990907,1600,Get Home page country ,200,,Knock_out_Thread Group 1-513,text,true,,17270,320,163,163,https://pabsa.impressicocrm.com/api/country,1585,0,0
1680593991152,1372,Home page ,200,OK,Knock_out_Thread Group 1-522,text,true,,3033,309,163,163,https://pabsa.impressicocrm.com/,1372,0,1287
1680593990776,1753,Get tournament result,200,,Knock_out_Thread Group 1-390,text,true,,5441,338,163,163,https://pabsa.impressicocrm.com/api/tournament/119922/matches,1752,0,0
1680593991190,1341,Get playerA_Vs_playerB,200,,Knock_out_Thread Group 1-369,text,true,,1239,341,163,163,https://pabsa.impressicocrm.com/api/tournament/matchScore/147598,1341,0,0
1680593991118,1415,Get knockout players list ,200,,Knock_out_Thread Group 1-413,text,true,,4598,340,162,162,https://pabsa.impressicocrm.com/api/tournament/118871/knockouts,1415,0,0
1680593992256,288,Home page ,200,OK,Knock_out_Thread Group 1-533,text,true,,3033,309,162,162,https://pabsa.impressicocrm.com/,288,0,218
1680593990965,1594,Get Break list ,200,,Knock_out_Thread Group 1-451,text,true,,3218,338,163,163,https://pabsa.impressicocrm.com/api/tournament/119922/players,1594,0,0
1680593991006,1566,Get Home page currency,200,,Knock_out_Thread Group 1-481,text,true,,9153,321,163,163,https://pabsa.impressicocrm.com/api/currency,1566,0,0
1680593990365,2210,Get tournamnent list ,200,,Knock_out_Thread Group 1-494,text,true,,58880,389,163,163,https://pabsa.impressicocrm.com/api/tournament?limit=12&pageNumber=1&sportType=&tournamentName=&tournamentStyle=,1671,0,0
1680593992153,422,Home page ,200,OK,Knock_out_Thread Group 1-532,text,true,,3033,309,163,163,https://pabsa.impressicocrm.com/,422,0,349
1680593991327,1275,Get playerA_Vs_playerB,200,,Knock_out_Thread Group 1-375,text,true,,1239,341,163,163,https://pabsa.impressicocrm.com/api/tournament/matchScore/147598,1275,0,0
1680593991398,1204,Get tournamnent list ,200,,Knock_out_Thread Group 1-507,text,true,,58880,389,163,163,https://pabsa.impressicocrm.com/api/tournament?limit=12&pageNumber=1&sportType=&tournamentName=&tournamentStyle=,699,0,0
1680593991327,1281,Get playerA_Vs_playerB,200,,Knock_out_Thread Group 1-376,text,true,,1239,341,162,162,https://pabsa.impressicocrm.com/api/tournament/matchScore/147598,1281,0,0
1680593990641,1974,Get Home page country ,200,,Knock_out_Thread Group 1-511,text,true,,17270,320,161,161,https://pabsa.impressicocrm.com/api/country,1974,0,0
1680593989443,3172,Get tournamnent list ,200,,Knock_out_Thread Group 1-475,text,true,,58880,389,161,161,https://pabsa.impressicocrm.com/api/tournament?limit=12&pageNumber=1&sportType=&tournamentName=&tournamentStyle=,2083,0,0
1680593991327,1294,Get Break list ,200,,Knock_out_Thread Group 1-459,text,true,,3218,338,161,161,https://pabsa.impressicocrm.com/api/tournament/119922/players,1294,0,0
1680593990547,2080,Get tournamnent list ,200,,Knock_out_Thread Group 1-495,text,true,,58880,389,161,161,https://pabsa.impressicocrm.com/api/tournament?limit=12&pageNumber=1&sportType=&tournamentName=&tournamentStyle=,1875,0,0
1680593992352,275,Home page ,200,OK,Knock_out_Thread Group 1-534,text,true,,3033,309,161,161,https://pabsa.impressicocrm.com/,275,0,212
1680593991188,1441,Get Break list ,200,,Knock_out_Thread Group 1-439,text,true,,3218,338,161,161,https://pabsa.impressicocrm.com/api/tournament/119922/players,1441,0,0
1680593991217,1412,Get Players list ,200,,Knock_out_Thread Group 1-477,text,true,,3218,338,161,161,https://pabsa.impressicocrm.com/api/tournament/119922/players,1412,0,0
1680593987989,4643,Get tournamnent list ,200,,Knock_out_Thread Group 1-466,text,true,,58880,389,161,161,https://pabsa.impressicocrm.com/api/tournament?limit=12&pageNumber=1&sportType=&tournamentName=&tournamentStyle=,2299,0,0
1680593991030,1607,Get Players list ,200,,Knock_out_Thread Group 1-461,text,true,,3218,338,161,161,https://pabsa.impressicocrm.com/api/tournament/119922/players,1607,0,0
1680593991021,1627,Get Players schedule,200,,Knock_out_Thread Group 1-434,text,true,,5441,338,161,161,https://pabsa.impressicocrm.com/api/tournament/119922/matches,1627,0,0
1680593990965,1708,Get Home page country ,200,,Knock_out_Thread Group 1-516,text,true,,17270,320,162,162,https://pabsa.impressicocrm.com/api/country,1708,0,0
1680593990961,1732,Get Players schedule,200,,Knock_out_Thread Group 1-423,text,true,,5441,338,162,162,https://pabsa.impressicocrm.com/api/tournament/119922/matches,1732,0,0
1680593991366,1335,Get Players list ,200,,Knock_out_Thread Group 1-457,text,true,,3218,338,162,162,https://pabsa.impressicocrm.com/api/tournament/119922/players,1335,0,0
1680593991954,747,Home page ,200,OK,Knock_out_Thread Group 1-530,text,true,,3033,309,162,162,https://pabsa.impressicocrm.com/,747,0,665
1680593991426,1321,Get knockout players list ,200,,Knock_out_Thread Group 1-422,text,true,,4598,340,162,162,https://pabsa.impressicocrm.com/api/tournament/118871/knockouts,1321,0,0
1680593992452,297,Home page ,200,OK,Knock_out_Thread Group 1-535,text,true,,3033,309,162,162,https://pabsa.impressicocrm.com/,297,0,227
1680593991454,1300,Get single knockout Player details,200,,Knock_out_Thread Group 1-431,text,true,,1210,326,163,163,https://pabsa.impressicocrm.com/api/player/110368,1300,0,0
1680593991390,1364,Get Players list ,200,,Knock_out_Thread Group 1-467,text,true,,3218,338,163,163,https://pabsa.impressicocrm.com/api/tournament/119922/players,1364,0,0
1680593991472,1300,Get single knockout Player details,200,,Knock_out_Thread Group 1-417,text,true,,1210,326,163,163,https://pabsa.impressicocrm.com/api/player/110368,1300,0,0
1680593991491,1293,Get single knockout Player details,200,,Knock_out_Thread Group 1-403,text,true,,1210,326,163,163,https://pabsa.impressicocrm.com/api/player/110368,1293,0,0
1680593990992,1830,Get Players list ,200,,Knock_out_Thread Group 1-465,text,true,,3218,338,163,163,https://pabsa.impressicocrm.com/api/tournament/119922/players,1830,0,0
1680593990865,1964,Get Players schedule,200,,Knock_out_Thread Group 1-429,text,true,,5441,338,163,163,https://pabsa.impressicocrm.com/api/tournament/119922/matches,1964,0,0
1680593990137,2692,Get Players schedule,200,,Knock_out_Thread Group 1-433,text,true,,5441,338,163,163,https://pabsa.impressicocrm.com/api/tournament/119922/matches,2692,0,0
1680593991027,1802,Get Players schedule,200,,Knock_out_Thread Group 1-418,text,true,,5441,338,163,163,https://pabsa.impressicocrm.com/api/tournament/119922/matches,1802,0,0
1680593991438,1391,Get Players list ,200,,Knock_out_Thread Group 1-463,text,true,,3218,338,163,163,https://pabsa.impressicocrm.com/api/tournament/119922/players,1391,0,0
1680593991223,1610,Get Players schedule,200,,Knock_out_Thread Group 1-446,text,true,,5441,338,163,163,https://pabsa.impressicocrm.com/api/tournament/119922/matches,1610,0,0
1680593991197,1636,Get tournament result,200,,Knock_out_Thread Group 1-397,text,true,,5441,338,163,163,https://pabsa.impressicocrm.com/api/tournament/119922/matches,1636,0,0
1680593991512,1325,Get knockout players list ,200,,Knock_out_Thread Group 1-425,text,true,,4598,340,163,163,https://pabsa.impressicocrm.com/api/tournament/118871/knockouts,1325,0,0
1680593991472,1377,Get Players list ,200,,Knock_out_Thread Group 1-473,text,true,,3218,338,163,163,https://pabsa.impressicocrm.com/api/tournament/119922/players,1377,0,0
1680593989993,2859,Get tournamnent list ,200,,Knock_out_Thread Group 1-487,text,true,,58888,389,164,164,https://pabsa.impressicocrm.com/api/tournament?limit=12&pageNumber=1&sportType=&tournamentName=&tournamentStyle=,2234,0,0
1680593991493,1364,Get playerA_Vs_playerB,200,,Knock_out_Thread Group 1-386,text,true,,1239,341,164,164,https://pabsa.impressicocrm.com/api/tournament/matchScore/147598,1364,0,0
1680593992555,302,Home page ,200,OK,Knock_out_Thread Group 1-536,text,true,,3033,309,164,164,https://pabsa.impressicocrm.com/,302,0,229
1680593991342,1561,Get tournament result,200,,Knock_out_Thread Group 1-371,text,true,,5441,338,163,163,https://pabsa.impressicocrm.com/api/tournament/119922/matches,1561,0,0
1680593991491,1434,Get Players list ,200,,Knock_out_Thread Group 1-452,text,true,,3218,338,163,163,https://pabsa.impressicocrm.com/api/tournament/119922/players,1434,0,0
1680593991556,1386,Get Break list ,200,,Knock_out_Thread Group 1-456,text,true,,3218,338,163,163,https://pabsa.impressicocrm.com/api/tournament/119922/players,1386,0,0
1680593990250,2696,Get Break list ,200,,Knock_out_Thread Group 1-453,text,true,,3218,338,163,163,https://pabsa.impressicocrm.com/api/tournament/119922/players,2696,0,0
1680593990725,2232,Get tournamnent list ,200,,Knock_out_Thread Group 1-498,text,true,,58888,389,164,164,https://pabsa.impressicocrm.com/api/tournament?limit=12&pageNumber=1&sportType=&tournamentName=&tournamentStyle=,1860,0,0
1680593990748,2216,Get tournamnent list ,200,,Knock_out_Thread Group 1-490,text,true,,58865,389,164,164,https://pabsa.impressicocrm.com/api/tournament?limit=12&pageNumber=1&sportType=&tournamentName=&tournamentStyle=,1696,0,0
1680593991501,1500,Get Home page currency,200,,Knock_out_Thread Group 1-464,text,true,,9160,321,164,164,https://pabsa.impressicocrm.com/api/currency,1500,0,0
1680593991622,1384,Get knockout players list ,200,,Knock_out_Thread Group 1-430,text,true,,4591,340,164,164,https://pabsa.impressicocrm.com/api/tournament/118871/knockouts,1384,0,0
1680593991518,1526,Get Home page country ,200,,Knock_out_Thread Group 1-518,text,true,,17270,320,164,164,https://pabsa.impressicocrm.com/api/country,1521,0,0
1680593989818,3226,Get tournamnent list ,200,,Knock_out_Thread Group 1-480,text,true,,58880,389,164,164,https://pabsa.impressicocrm.com/api/tournament?limit=12&pageNumber=1&sportType=&tournamentName=&tournamentStyle=,1969,0,0
1680593991238,1810,Get Players schedule,200,,Knock_out_Thread Group 1-406,text,true,,5441,338,164,164,https://pabsa.impressicocrm.com/api/tournament/119922/matches,1810,0,0
1680593990973,2125,Get tournamnent list ,200,,Knock_out_Thread Group 1-501,text,true,,58888,389,165,165,https://pabsa.impressicocrm.com/api/tournament?limit=12&pageNumber=1&sportType=&tournamentName=&tournamentStyle=,1626,0,0
1680593991393,1734,Get Home page currency,200,,Knock_out_Thread Group 1-482,text,true,,9160,321,165,165,https://pabsa.impressicocrm.com/api/currency,1734,0,0
1680593991656,1487,Get playerA_Vs_playerB,200,,Knock_out_Thread Group 1-372,text,true,,1239,341,165,165,https://pabsa.impressicocrm.com/api/tournament/matchScore/147598,1487,0,0
1680593991726,1448,Get knockout players list ,200,,Knock_out_Thread Group 1-435,text,true,,4598,340,165,165,https://pabsa.impressicocrm.com/api/tournament/118871/knockouts,1448,0,0
1680593991795,1403,Get single knockout Player details,200,,Knock_out_Thread Group 1-415,text,true,,1210,326,165,165,https://pabsa.impressicocrm.com/api/player/110368,1403,0,0
1680593991638,1580,Get Home page currency,200,,Knock_out_Thread Group 1-485,text,true,,9160,321,165,165,https://pabsa.impressicocrm.com/api/currency,1580,0,0
1680593991668,1561,Get Players list ,200,,Knock_out_Thread Group 1-468,text,true,,3218,338,165,165,https://pabsa.impressicocrm.com/api/tournament/119922/players,1561,0,0
1680593991744,1489,Get playerA_Vs_playerB,200,,Knock_out_Thread Group 1-387,text,true,,1239,341,165,165,https://pabsa.impressicocrm.com/api/tournament/matchScore/147598,1489,0,0
1680593991653,1580,Get Home page country ,200,,Knock_out_Thread Group 1-517,text,true,,17270,320,165,165,https://pabsa.impressicocrm.com/api/country,1579,0,0
1680593991521,1728,Get Home page currency,200,,Knock_out_Thread Group 1-483,text,true,,9160,321,164,164,https://pabsa.impressicocrm.com/api/currency,1728,0,0
1680593991751,1512,Get playerA_Vs_playerB,200,,Knock_out_Thread Group 1-389,text,true,,1239,341,165,165,https://pabsa.impressicocrm.com/api/tournament/matchScore/147598,1512,0,0
1680593992615,650,Get Home page currency,200,,Knock_out_Thread Group 1-475,text,true,,9160,321,164,164,https://pabsa.impressicocrm.com/api/currency,650,0,0
1680593991847,1423,Get single knockout Player details,200,,Knock_out_Thread Group 1-428,text,true,,1210,326,164,164,https://pabsa.impressicocrm.com/api/player/110368,1423,0,0
1680593990461,2809,Get Players list ,200,,Knock_out_Thread Group 1-441,text,true,,3218,338,164,164,https://pabsa.impressicocrm.com/api/tournament/119922/players,2809,0,0
1680593991840,1435,Get Break list ,200,,Knock_out_Thread Group 1-458,text,true,,3218,338,164,164,https://pabsa.impressicocrm.com/api/tournament/119922/players,1435,0,0
1680593991844,1439,Get single knockout Player details,200,,Knock_out_Thread Group 1-412,text,true,,1210,326,164,164,https://pabsa.impressicocrm.com/api/player/110368,1439,0,0
1680593991682,1607,Get Home page country ,200,,Knock_out_Thread Group 1-523,text,true,,17270,320,164,164,https://pabsa.impressicocrm.com/api/country,1593,0,0
1680593991606,1683,Get Players schedule,200,,Knock_out_Thread Group 1-421,text,true,,5441,338,164,164,https://pabsa.impressicocrm.com/api/tournament/119922/matches,1683,0,0
1680593991363,1952,Get Players schedule,200,,Knock_out_Thread Group 1-450,text,true,,5441,338,164,164,https://pabsa.impressicocrm.com/api/tournament/119922/matches,1952,0,0
1680593991736,1589,Get Break list ,200,,Knock_out_Thread Group 1-449,text,true,,3218,338,164,164,https://pabsa.impressicocrm.com/api/tournament/119922/players,1589,0,0
1680593991444,1888,Get Players schedule,200,,Knock_out_Thread Group 1-424,text,true,,5435,338,164,164,https://pabsa.impressicocrm.com/api/tournament/119922/matches,1888,0,0
1680593991620,1739,Get Players schedule,200,,Knock_out_Thread Group 1-432,text,true,,5441,338,165,165,https://pabsa.impressicocrm.com/api/tournament/119922/matches,1739,0,0
1680593991898,1478,Get single knockout Player details,200,,Knock_out_Thread Group 1-409,text,true,,1210,326,165,165,https://pabsa.impressicocrm.com/api/player/110368,1478,0,0
1680593991867,1512,Get playerA_Vs_playerB,200,,Knock_out_Thread Group 1-384,text,true,,1239,341,165,165,https://pabsa.impressicocrm.com/api/tournament/matchScore/147598,1512,0,0
1680593991841,1542,Get Home page country ,200,,Knock_out_Thread Group 1-525,text,true,,17270,320,164,164,https://pabsa.impressicocrm.com/api/country,1540,0,0
1680593991720,1681,Get Home page currency,200,,Knock_out_Thread Group 1-470,text,true,,9160,321,164,164,https://pabsa.impressicocrm.com/api/currency,1681,0,0
1680593991597,1822,Get Break list ,200,,Knock_out_Thread Group 1-455,text,true,,3218,338,164,164,https://pabsa.impressicocrm.com/api/tournament/119922/players,1822,0,0
1680593993155,297,Home page ,200,OK,Knock_out_Thread Group 1-542,text,true,,3033,309,164,164,https://pabsa.impressicocrm.com/,297,0,224
1680593991935,1519,Get Home page country ,200,,Knock_out_Thread Group 1-527,text,true,,17270,320,165,165,https://pabsa.impressicocrm.com/api/country,1517,0,0
1680593991628,1854,Get tournamnent list ,200,,Knock_out_Thread Group 1-509,text,true,,58888,389,165,165,https://pabsa.impressicocrm.com/api/tournament?limit=12&pageNumber=1&sportType=&tournamentName=&tournamentStyle=,1583,0,0
1680593991906,1588,Get Players list ,200,,Knock_out_Thread Group 1-445,text,true,,3218,338,165,165,https://pabsa.impressicocrm.com/api/tournament/119922/players,1588,0,0
1680593991837,1675,Get Home page currency,200,,Knock_out_Thread Group 1-474,text,true,,9153,321,165,165,https://pabsa.impressicocrm.com/api/currency,1675,0,0
1680593991937,1586,Get Break list ,200,,Knock_out_Thread Group 1-420,text,true,,3218,338,165,165,https://pabsa.impressicocrm.com/api/tournament/119922/players,1586,0,0
1680593992029,1494,Get single knockout Player details,200,,Knock_out_Thread Group 1-402,text,true,,1210,326,165,165,https://pabsa.impressicocrm.com/api/player/110368,1494,0,0
1680593991977,1553,Get Home page currency,200,,Knock_out_Thread Group 1-479,text,true,,9160,321,165,165,https://pabsa.impressicocrm.com/api/currency,1553,0,0
1680593991736,1861,Get tournament result,200,,Knock_out_Thread Group 1-382,text,true,,5441,338,166,166,https://pabsa.impressicocrm.com/api/tournament/119922/matches,1861,0,0
1680593993052,549,Home page ,200,OK,Knock_out_Thread Group 1-541,text,true,,3033,309,166,166,https://pabsa.impressicocrm.com/,549,0,482
1680593991797,1820,Get Players schedule,200,,Knock_out_Thread Group 1-411,text,true,,5441,338,166,166,https://pabsa.impressicocrm.com/api/tournament/119922/matches,1820,0,0
1680593993252,377,Home page ,200,OK,Knock_out_Thread Group 1-543,text,true,,3033,309,166,166,https://pabsa.impressicocrm.com/,377,0,285
1680593991859,1787,Get Players schedule,200,,Knock_out_Thread Group 1-448,text,true,,5441,338,166,166,https://pabsa.impressicocrm.com/api/tournament/119922/matches,1787,0,0
1680593991857,1795,Get Players schedule,200,,Knock_out_Thread Group 1-443,text,true,,5441,338,166,166,https://pabsa.impressicocrm.com/api/tournament/119922/matches,1795,0,0
1680593992017,1641,Get Players list ,200,,Knock_out_Thread Group 1-472,text,true,,3218,338,167,167,https://pabsa.impressicocrm.com/api/tournament/119922/players,1641,0,0
1680593992198,1462,Get single knockout Player details,200,,Knock_out_Thread Group 1-410,text,true,,1210,326,167,167,https://pabsa.impressicocrm.com/api/player/110368,1462,0,0
1680593992181,1479,Get knockout players list ,200,,Knock_out_Thread Group 1-419,text,true,,4598,340,167,167,https://pabsa.impressicocrm.com/api/tournament/118871/knockouts,1479,0,0
1680593992201,1463,Get single knockout Player details,200,,Knock_out_Thread Group 1-408,text,true,,1210,326,167,167,https://pabsa.impressicocrm.com/api/player/110368,1463,0,0
1680593992082,1587,Get playerA_Vs_playerB,200,,Knock_out_Thread Group 1-360,text,true,,1239,341,167,167,https://pabsa.impressicocrm.com/api/tournament/matchScore/147598,1586,0,0
1680593992231,1440,Get single knockout Player details,200,,Knock_out_Thread Group 1-438,text,true,,1210,326,166,166,https://pabsa.impressicocrm.com/api/player/110368,1440,0,0
1680593992046,1625,Get Home page country ,200,,Knock_out_Thread Group 1-526,text,true,,17270,320,166,166,https://pabsa.impressicocrm.com/api/country,1625,0,0
1680593992102,1575,Get knockout players list ,200,,Knock_out_Thread Group 1-404,text,true,,4598,340,166,166,https://pabsa.impressicocrm.com/api/tournament/118871/knockouts,1575,0,0
1680593991992,1685,Get Home page currency,200,,Knock_out_Thread Group 1-493,text,true,,9160,321,166,166,https://pabsa.impressicocrm.com/api/currency,1685,0,0
1680593992171,1516,Get playerA_Vs_playerB,200,,Knock_out_Thread Group 1-396,text,true,,1239,341,166,166,https://pabsa.impressicocrm.com/api/tournament/matchScore/147598,1516,0,0
1680593993352,336,Home page ,200,OK,Knock_out_Thread Group 1-544,text,true,,3033,309,166,166,https://pabsa.impressicocrm.com/,335,0,249
1680593991923,1767,Get Players schedule,200,,Knock_out_Thread Group 1-436,text,true,,5441,338,165,165,https://pabsa.impressicocrm.com/api/tournament/119922/matches,1767,0,0
1680593992074,1624,Get Home page currency,200,,Knock_out_Thread Group 1-492,text,true,,9160,321,165,165,https://pabsa.impressicocrm.com/api/currency,1623,0,0
1680593991898,1838,Get Players schedule,200,,Knock_out_Thread Group 1-447,text,true,,5441,338,165,165,https://pabsa.impressicocrm.com/api/tournament/119922/matches,1838,0,0
1680593992224,1518,Get playerA_Vs_playerB,200,,Knock_out_Thread Group 1-391,text,true,,1239,341,165,165,https://pabsa.impressicocrm.com/api/tournament/matchScore/147598,1518,0,0
1680593991363,2381,Get tournamnent list ,200,,Knock_out_Thread Group 1-489,text,true,,58888,389,164,164,https://pabsa.impressicocrm.com/api/tournament?limit=12&pageNumber=1&sportType=&tournamentName=&tournamentStyle=,1716,0,0
1680593992239,1507,Get playerA_Vs_playerB,200,,Knock_out_Thread Group 1-407,text,true,,1239,341,164,164,https://pabsa.impressicocrm.com/api/tournament/matchScore/147598,1507,0,0
1680593991752,1994,Get Home page country ,200,,Knock_out_Thread Group 1-521,text,true,,17270,320,164,164,https://pabsa.impressicocrm.com/api/country,1994,0,0
1680593993453,295,Home page ,200,OK,Knock_out_Thread Group 1-545,text,true,,3033,309,163,163,https://pabsa.impressicocrm.com/,295,0,224
1680593992017,1733,Get Home page country ,200,,Knock_out_Thread Group 1-524,text,true,,17270,320,163,163,https://pabsa.impressicocrm.com/api/country,1733,0,0
1680593992132,1622,Get Home page country ,200,,Knock_out_Thread Group 1-519,text,true,,17270,320,164,164,https://pabsa.impressicocrm.com/api/country,1622,0,0
1680593991932,1826,Get playerA_Vs_playerB,200,,Knock_out_Thread Group 1-379,text,true,,1239,341,164,164,https://pabsa.impressicocrm.com/api/tournament/matchScore/147598,1826,0,0
1680593992330,1448,Get single knockout Player details,200,,Knock_out_Thread Group 1-399,text,true,,1210,326,163,163,https://pabsa.impressicocrm.com/api/player/110368,1448,0,0
1680593992102,1677,Get Home page currency,200,,Knock_out_Thread Group 1-476,text,true,,9160,321,163,163,https://pabsa.impressicocrm.com/api/currency,1676,0,0
1680593992324,1463,Get single knockout Player details,200,,Knock_out_Thread Group 1-401,text,true,,1210,326,163,163,https://pabsa.impressicocrm.com/api/player/110368,1463,0,0
1680593991821,1976,Get Players schedule,200,,Knock_out_Thread Group 1-405,text,true,,5441,338,163,163,https://pabsa.impressicocrm.com/api/tournament/119922/matches,1976,0,0
1680593992274,1550,Get Players list ,200,,Knock_out_Thread Group 1-469,text,true,,3218,338,163,163,https://pabsa.impressicocrm.com/api/tournament/119922/players,1550,0,0
1680593991720,2108,Get knockout players list ,200,,Knock_out_Thread Group 1-426,text,true,,4598,340,163,163,https://pabsa.impressicocrm.com/api/tournament/118871/knockouts,2108,0,0
1680593992377,1454,Get knockout players list ,200,,Knock_out_Thread Group 1-442,text,true,,4598,340,163,163,https://pabsa.impressicocrm.com/api/tournament/118871/knockouts,1454,0,0
1680593992223,1613,Get Players list ,200,,Knock_out_Thread Group 1-478,text,true,,3218,338,163,163,https://pabsa.impressicocrm.com/api/tournament/119922/players,1613,0,0
1680593991518,2324,Get tournamnent list ,200,,Knock_out_Thread Group 1-497,text,true,,58880,389,163,163,https://pabsa.impressicocrm.com/api/tournament?limit=12&pageNumber=1&sportType=&tournamentName=&tournamentStyle=,1690,0,0
1680593992752,1093,Home page ,200,OK,Knock_out_Thread Group 1-538,text,true,,3033,309,163,163,https://pabsa.impressicocrm.com/,1093,0,930
1680593991726,2128,Get Players schedule,200,,Knock_out_Thread Group 1-444,text,true,,5441,338,164,164,https://pabsa.impressicocrm.com/api/tournament/119922/matches,2128,0,0
1680593992285,1569,Get Players list ,200,,Knock_out_Thread Group 1-471,text,true,,3218,338,164,164,https://pabsa.impressicocrm.com/api/tournament/119922/players,1569,0,0
1680593992325,1538,Get playerA_Vs_playerB,200,,Knock_out_Thread Group 1-393,text,true,,1239,341,164,164,https://pabsa.impressicocrm.com/api/tournament/matchScore/147598,1538,0,0
1680593991982,1886,Get Home page currency,200,,Knock_out_Thread Group 1-486,text,true,,9160,321,163,163,https://pabsa.impressicocrm.com/api/currency,1886,0,0
1680593992416,1455,Get knockout players list ,200,,Knock_out_Thread Group 1-398,text,true,,4598,340,163,163,https://pabsa.impressicocrm.com/api/tournament/118871/knockouts,1455,0,0
1680593992224,1656,Get Home page country ,200,,Knock_out_Thread Group 1-529,text,true,,17270,320,163,163,https://pabsa.impressicocrm.com/api/country,1656,0,0
1680593992223,1715,Get tournament result,200,,Knock_out_Thread Group 1-395,text,true,,5441,338,163,163,https://pabsa.impressicocrm.com/api/tournament/119922/matches,1715,0,0
1680593991501,2437,Get tournamnent list ,200,,Knock_out_Thread Group 1-488,text,true,,58888,389,163,163,https://pabsa.impressicocrm.com/api/tournament?limit=12&pageNumber=1&sportType=&tournamentName=&tournamentStyle=,1752,0,0
1680593992330,1613,Get Break list ,200,,Knock_out_Thread Group 1-462,text,true,,3218,338,163,163,https://pabsa.impressicocrm.com/api/tournament/119922/players,1613,0,0
1680593992373,1570,Get Home page country ,200,,Knock_out_Thread Group 1-528,text,true,,17270,320,163,163,https://pabsa.impressicocrm.com/api/country,1570,0,0
1680593991844,2099,Get tournamnent list ,200,,Knock_out_Thread Group 1-512,text,true,,58880,389,163,163,https://pabsa.impressicocrm.com/api/tournament?limit=12&pageNumber=1&sportType=&tournamentName=&tournamentStyle=,1790,0,0
1680593992086,1861,Get Players schedule,200,,Knock_out_Thread Group 1-454,text,true,,5441,338,163,163,https://pabsa.impressicocrm.com/api/tournament/119922/matches,1861,0,0
1680593993554,393,Home page ,200,OK,Knock_out_Thread Group 1-546,text,true,,3033,309,163,163,https://pabsa.impressicocrm.com/,393,0,294
1680593992403,1547,Get Home page country ,200,,Knock_out_Thread Group 1-531,text,true,,17270,320,163,163,https://pabsa.impressicocrm.com/api/country,1546,0,0
1680593991573,2381,Get tournamnent list ,200,,Knock_out_Thread Group 1-508,text,true,,58888,389,164,164,https://pabsa.impressicocrm.com/api/tournament?limit=12&pageNumber=1&sportType=&tournamentName=&tournamentStyle=,1754,0,0
1680593992448,1514,Get playerA_Vs_playerB,200,,Knock_out_Thread Group 1-373,text,true,,1239,341,164,164,https://pabsa.impressicocrm.com/api/tournament/matchScore/147598,1514,0,0
1680593992492,1470,Get single knockout Player details,200,,Knock_out_Thread Group 1-356,text,true,,1210,326,164,164,https://pabsa.impressicocrm.com/api/player/110368,1470,0,0
1680593992448,1518,Get playerA_Vs_playerB,200,,Knock_out_Thread Group 1-394,text,true,,1239,341,163,163,https://pabsa.impressicocrm.com/api/tournament/matchScore/147598,1518,0,0
1680593992041,1928,Get Players schedule,200,,Knock_out_Thread Group 1-440,text,true,,5435,338,162,162,https://pabsa.impressicocrm.com/api/tournament/119922/matches,1928,0,0
1680593992533,1447,Get single knockout Player details,200,,Knock_out_Thread Group 1-413,text,true,,1210,326,162,162,https://pabsa.impressicocrm.com/api/player/110368,1447,0,0
1680593992171,1843,Get tournament result,200,,Knock_out_Thread Group 1-416,text,true,,5441,338,162,162,https://pabsa.impressicocrm.com/api/tournament/119922/matches,1843,0,0
1680593992652,1362,Home page ,200,OK,Knock_out_Thread Group 1-537,text,true,,3033,309,162,162,https://pabsa.impressicocrm.com/,1362,0,1295
1680593992952,1069,Home page ,200,OK,Knock_out_Thread Group 1-540,text,true,,3033,309,162,162,https://pabsa.impressicocrm.com/,1069,0,280
1680593992171,1881,Get playerA_Vs_playerB,200,,Knock_out_Thread Group 1-385,text,true,,1239,341,162,162,https://pabsa.impressicocrm.com/api/tournament/matchScore/147598,1881,0,0
1680593992529,1524,Get playerA_Vs_playerB,200,,Knock_out_Thread Group 1-390,text,true,,1239,341,162,162,https://pabsa.impressicocrm.com/api/tournament/matchScore/147598,1524,0,0
1680593990554,3514,Get tournamnent list ,200,,Knock_out_Thread Group 1-484,text,true,,58888,389,161,161,https://pabsa.impressicocrm.com/api/tournament?limit=12&pageNumber=1&sportType=&tournamentName=&tournamentStyle=,2344,0,0
1680593992423,1672,Get Break list ,200,,Knock_out_Thread Group 1-460,text,true,,3218,338,161,161,https://pabsa.impressicocrm.com/api/tournament/119922/players,1672,0,0
1680593992525,1579,Get Home page country ,200,,Knock_out_Thread Group 1-522,text,true,,17255,320,161,161,https://pabsa.impressicocrm.com/api/country,1578,0,0
1680593992575,1529,Get Home page country ,200,,Knock_out_Thread Group 1-532,text,true,,17270,320,161,161,https://pabsa.impressicocrm.com/api/country,1528,0,0
1680593991587,2516,Get tournamnent list ,200,,Knock_out_Thread Group 1-506,text,true,,58888,389,161,161,https://pabsa.impressicocrm.com/api/tournament?limit=12&pageNumber=1&sportType=&tournamentName=&tournamentStyle=,1742,0,0
1680593992572,1532,Get Players list ,200,,Knock_out_Thread Group 1-481,text,true,,3218,338,161,161,https://pabsa.impressicocrm.com/api/tournament/119922/players,1532,0,0
1680593993752,352,Home page ,200,OK,Knock_out_Thread Group 1-548,text,true,,3033,309,161,161,https://pabsa.impressicocrm.com/,352,0,267
1680593992629,1490,Get Break list ,200,,Knock_out_Thread Group 1-477,text,true,,3218,338,161,161,https://pabsa.impressicocrm.com/api/tournament/119922/players,1490,0,0
1680593992648,1497,Get knockout players list ,200,,Knock_out_Thread Group 1-434,text,true,,4598,340,161,161,https://pabsa.impressicocrm.com/api/tournament/118871/knockouts,1497,0,0
1680593992385,1765,Get tournament result,200,,Knock_out_Thread Group 1-383,text,true,,5435,338,161,161,https://pabsa.impressicocrm.com/api/tournament/119922/matches,1765,0,0
1680593991640,2520,Get tournamnent list ,200,,Knock_out_Thread Group 1-502,text,true,,58880,389,162,162,https://pabsa.impressicocrm.com/api/tournament?limit=12&pageNumber=1&sportType=&tournamentName=&tournamentStyle=,1788,0,0
1680593992627,1543,Get Home page country ,200,,Knock_out_Thread Group 1-534,text,true,,17255,320,162,162,https://pabsa.impressicocrm.com/api/country,1543,0,0
1680593992603,1567,Get Home page currency,200,,Knock_out_Thread Group 1-507,text,true,,9153,321,162,162,https://pabsa.impressicocrm.com/api/currency,1567,0,0
1680593992423,1753,Get Home page country ,200,,Knock_out_Thread Group 1-520,text,true,,17270,320,162,162,https://pabsa.impressicocrm.com/api/country,1689,0,0
1680593992627,1549,Get Home page currency,200,,Knock_out_Thread Group 1-495,text,true,,9160,321,162,162,https://pabsa.impressicocrm.com/api/currency,1549,0,0
1680593991955,2223,Get Players schedule,200,,Knock_out_Thread Group 1-427,text,true,,5441,338,162,162,https://pabsa.impressicocrm.com/api/tournament/119922/matches,2223,0,0
1680593992385,1797,Get tournament result,200,,Knock_out_Thread Group 1-400,text,true,,5441,338,162,162,https://pabsa.impressicocrm.com/api/tournament/119922/matches,1797,0,0
1680593992544,1646,Get Home page country ,200,,Knock_out_Thread Group 1-533,text,true,,17255,320,162,162,https://pabsa.impressicocrm.com/api/country,1646,0,0
1680593991647,2543,Get tournamnent list ,200,,Knock_out_Thread Group 1-500,text,true,,58880,389,162,162,https://pabsa.impressicocrm.com/api/tournament?limit=12&pageNumber=1&sportType=&tournamentName=&tournamentStyle=,1954,0,0
1680593993853,347,Home page ,200,OK,Knock_out_Thread Group 1-549,text,true,,3033,309,162,162,https://pabsa.impressicocrm.com/,346,0,264
1680593993953,280,Home page ,200,OK,Knock_out_Thread Group 1-550,text,true,,3033,309,162,162,https://pabsa.impressicocrm.com/,280,0,217
1680593992366,1870,Get Home page currency,200,,Knock_out_Thread Group 1-496,text,true,,9160,321,162,162,https://pabsa.impressicocrm.com/api/currency,1870,0,0
1680593992747,1492,Get single knockout Player details,200,,Knock_out_Thread Group 1-422,text,true,,1210,326,162,162,https://pabsa.impressicocrm.com/api/player/110368,1492,0,0
1680593992445,1796,Get playerA_Vs_playerB,200,,Knock_out_Thread Group 1-392,text,true,,1239,341,162,162,https://pabsa.impressicocrm.com/api/tournament/matchScore/147598,1796,0,0
1680593991783,2466,Get tournamnent list ,200,,Knock_out_Thread Group 1-499,text,true,,58880,389,161,161,https://pabsa.impressicocrm.com/api/tournament?limit=12&pageNumber=1&sportType=&tournamentName=&tournamentStyle=,1832,0,0
1680593994145,110,Get single knockout Player details,200,,Knock_out_Thread Group 1-434,text,true,,1210,326,162,162,https://pabsa.impressicocrm.com/api/player/110368,110,0,0
1680593992479,1791,Get tournament result,200,,Knock_out_Thread Group 1-414,text,true,,5435,338,162,162,https://pabsa.impressicocrm.com/api/tournament/119922/matches,1791,0,0
1680593992749,1531,Get Home page country ,200,,Knock_out_Thread Group 1-535,text,true,,17270,320,162,162,https://pabsa.impressicocrm.com/api/country,1531,0,0
1680593994179,106,Get knockout players list ,200,,Knock_out_Thread Group 1-427,text,true,,4598,340,162,162,https://pabsa.impressicocrm.com/api/tournament/118871/knockouts,106,0,0
1680593992031,2266,Get tournamnent list ,200,,Knock_out_Thread Group 1-510,text,true,,58888,389,162,162,https://pabsa.impressicocrm.com/api/tournament?limit=12&pageNumber=1&sportType=&tournamentName=&tournamentStyle=,1912,0,0
1680593992637,1662,Get Break list ,200,,Knock_out_Thread Group 1-461,text,true,,3218,338,162,162,https://pabsa.impressicocrm.com/api/tournament/119922/players,1662,0,0
1680593992559,1750,Get Players schedule,200,,Knock_out_Thread Group 1-451,text,true,,5441,338,162,162,https://pabsa.impressicocrm.com/api/tournament/119922/matches,1750,0,0
1680593992694,1621,Get knockout players list ,200,,Knock_out_Thread Group 1-423,text,true,,4598,340,162,162,https://pabsa.impressicocrm.com/api/tournament/118871/knockouts,1621,0,0
1680593992838,1485,Get single knockout Player details,200,,Knock_out_Thread Group 1-425,text,true,,1210,326,162,162,https://pabsa.impressicocrm.com/api/player/110368,1485,0,0
1680593992459,1879,Get Players schedule,200,,Knock_out_Thread Group 1-437,text,true,,5441,338,162,162,https://pabsa.impressicocrm.com/api/tournament/119922/matches,1879,0,0
1680593992701,1637,Get Break list ,200,,Knock_out_Thread Group 1-457,text,true,,3218,338,162,162,https://pabsa.impressicocrm.com/api/tournament/119922/players,1637,0,0
1680593992633,1709,Get Home page currency,200,,Knock_out_Thread Group 1-466,text,true,,9160,321,162,162,https://pabsa.impressicocrm.com/api/currency,1709,0,0
1680593992829,1517,Get knockout players list ,200,,Knock_out_Thread Group 1-433,text,true,,4598,340,162,162,https://pabsa.impressicocrm.com/api/tournament/118871/knockouts,1517,0,0
1680593992285,2065,Get tournamnent list ,200,,Knock_out_Thread Group 1-515,text,true,,58888,389,162,162,https://pabsa.impressicocrm.com/api/tournament?limit=12&pageNumber=1&sportType=&tournamentName=&tournamentStyle=,1770,0,0
1680593992829,1531,Get Break list ,200,,Knock_out_Thread Group 1-463,text,true,,3218,338,163,163,https://pabsa.impressicocrm.com/api/tournament/119922/players,1531,0,0
1680593992274,2086,Get tournamnent list ,200,,Knock_out_Thread Group 1-514,text,true,,58888,389,163,163,https://pabsa.impressicocrm.com/api/tournament?limit=12&pageNumber=1&sportType=&tournamentName=&tournamentStyle=,1789,0,0
1680593992702,1667,Get Home page country ,200,,Knock_out_Thread Group 1-530,text,true,,17270,320,163,163,https://pabsa.impressicocrm.com/api/country,1665,0,0
1680593992833,1543,Get playerA_Vs_playerB,200,,Knock_out_Thread Group 1-397,text,true,,1239,341,163,163,https://pabsa.impressicocrm.com/api/tournament/matchScore/147598,1543,0,0
1680593992829,1550,Get knockout players list ,200,,Knock_out_Thread Group 1-429,text,true,,4598,340,162,162,https://pabsa.impressicocrm.com/api/tournament/118871/knockouts,1550,0,0
1680593994053,362,Home page ,200,OK,Knock_out_Thread Group 1-551,text,true,,3033,309,162,162,https://pabsa.impressicocrm.com/,362,0,256
1680593992904,1518,Get playerA_Vs_playerB,200,,Knock_out_Thread Group 1-371,text,true,,1239,341,162,162,https://pabsa.impressicocrm.com/api/tournament/matchScore/147598,1518,0,0
1680593991390,3036,Get tournament result,200,,Knock_out_Thread Group 1-388,text,true,,5441,338,161,161,https://pabsa.impressicocrm.com/api/tournament/119922/matches,3036,0,0
1680593992850,1581,Get Break list ,200,,Knock_out_Thread Group 1-473,text,true,,3218,338,161,161,https://pabsa.impressicocrm.com/api/tournament/119922/players,1581,0,0
1680593994347,89,Get single knockout Player details,200,,Knock_out_Thread Group 1-433,text,true,,1210,326,161,161,https://pabsa.impressicocrm.com/api/player/110368,89,0,0
1680593992858,1586,Get Home page country ,200,,Knock_out_Thread Group 1-536,text,true,,17270,320,161,161,https://pabsa.impressicocrm.com/api/country,1583,0,0
1680593993006,1438,Get single knockout Player details,200,,Knock_out_Thread Group 1-430,text,true,,1210,326,161,161,https://pabsa.impressicocrm.com/api/player/110368,1438,0,0
1680593992822,1627,Get Break list ,200,,Knock_out_Thread Group 1-465,text,true,,3218,338,161,161,https://pabsa.impressicocrm.com/api/tournament/119922/players,1627,0,0
1680593991506,2947,Get tournamnent list ,200,,Knock_out_Thread Group 1-504,text,true,,58865,389,162,162,https://pabsa.impressicocrm.com/api/tournament?limit=12&pageNumber=1&sportType=&tournamentName=&tournamentStyle=,2024,0,0
1680593992853,1610,Get Home page currency,200,,Knock_out_Thread Group 1-487,text,true,,9160,321,162,162,https://pabsa.impressicocrm.com/api/currency,1610,0,0
1680593993655,815,Home page ,200,OK,Knock_out_Thread Group 1-547,text,true,,3033,309,162,162,https://pabsa.impressicocrm.com/,815,0,230
1680593992772,1719,Get tournament result,200,,Knock_out_Thread Group 1-417,text,true,,5441,338,162,162,https://pabsa.impressicocrm.com/api/tournament/119922/matches,1719,0,0
1680593993001,1490,Get Players list ,200,,Knock_out_Thread Group 1-464,text,true,,3218,338,162,162,https://pabsa.impressicocrm.com/api/tournament/119922/players,1490,0,0
1680593992629,1870,Get Players schedule,200,,Knock_out_Thread Group 1-439,text,true,,5441,338,162,162,https://pabsa.impressicocrm.com/api/tournament/119922/matches,1870,0,0
1680593993098,1424,Get Home page currency,200,,Knock_out_Thread Group 1-501,text,true,,9160,321,162,162,https://pabsa.impressicocrm.com/api/currency,1424,0,0
1680593993048,1489,Get knockout players list ,200,,Knock_out_Thread Group 1-406,text,true,,4598,340,162,162,https://pabsa.impressicocrm.com/api/tournament/118871/knockouts,1489,0,0
1680593992942,1616,Get Players schedule,200,,Knock_out_Thread Group 1-456,text,true,,5441,338,163,163,https://pabsa.impressicocrm.com/api/tournament/119922/matches,1616,0,0
1680593992468,2090,Get Home page currency,200,,Knock_out_Thread Group 1-491,text,true,,9160,321,163,163,https://pabsa.impressicocrm.com/api/currency,2090,0,0
1680593993270,1312,Get Break list ,200,,Knock_out_Thread Group 1-441,text,true,,3218,338,163,163,https://pabsa.impressicocrm.com/api/tournament/119922/players,1312,0,0
1680593992965,1617,Get Home page currency,200,,Knock_out_Thread Group 1-490,text,true,,9160,321,163,163,https://pabsa.impressicocrm.com/api/currency,1617,0,0
1680593993128,1454,Get Players list ,200,,Knock_out_Thread Group 1-482,text,true,,3218,338,163,163,https://pabsa.impressicocrm.com/api/tournament/119922/players,1454,0,0
1680593993289,1299,Get knockout players list ,200,,Knock_out_Thread Group 1-421,text,true,,4591,340,163,163,https://pabsa.impressicocrm.com/api/tournament/118871/knockouts,1299,0,0
1680593992784,1846,Get tournament result,200,,Knock_out_Thread Group 1-403,text,true,,5441,338,163,163,https://pabsa.impressicocrm.com/api/tournament/119922/matches,1846,0,0
1680593993316,1322,Get knockout players list ,200,,Knock_out_Thread Group 1-450,text,true,,4598,340,163,163,https://pabsa.impressicocrm.com/api/tournament/118871/knockouts,1322,0,0
1680593994252,386,Home page ,200,OK,Knock_out_Thread Group 1-553,text,true,,3033,309,163,163,https://pabsa.impressicocrm.com/,386,0,270
1680593994352,293,Home page ,200,OK,Knock_out_Thread Group 1-554,text,true,,3033,309,163,163,https://pabsa.impressicocrm.com/,293,0,225
1680593991970,2677,Get tournamnent list ,200,,Knock_out_Thread Group 1-503,text,true,,58880,389,163,163,https://pabsa.impressicocrm.com/api/tournament?limit=12&pageNumber=1&sportType=&tournamentName=&tournamentStyle=,2013,0,0
1680593992947,1766,Get Players schedule,200,,Knock_out_Thread Group 1-453,text,true,,5441,338,164,164,https://pabsa.impressicocrm.com/api/tournament/119922/matches,1766,0,0
1680593993249,1482,Get Players list ,200,,Knock_out_Thread Group 1-483,text,true,,3218,338,164,164,https://pabsa.impressicocrm.com/api/tournament/119922/players,1482,0,0
1680593992833,1948,Get knockout players list ,200,,Knock_out_Thread Group 1-446,text,true,,4598,340,165,165,https://pabsa.impressicocrm.com/api/tournament/118871/knockouts,1948,0,0
1680593994454,329,Home page ,200,OK,Knock_out_Thread Group 1-555,text,true,,3033,309,165,165,https://pabsa.impressicocrm.com/,329,0,265
1680593993230,1557,Get Break list ,200,,Knock_out_Thread Group 1-468,text,true,,3218,338,165,165,https://pabsa.impressicocrm.com/api/tournament/119922/players,1557,0,0
1680593993359,1452,Get knockout players list ,200,,Knock_out_Thread Group 1-432,text,true,,4598,340,165,165,https://pabsa.impressicocrm.com/api/tournament/118871/knockouts,1452,0,0
1680593993401,1412,Get Players list ,200,,Knock_out_Thread Group 1-470,text,true,,3218,338,165,165,https://pabsa.impressicocrm.com/api/tournament/119922/players,1412,0,0
1680593993275,1579,Get Players schedule,200,,Knock_out_Thread Group 1-458,text,true,,5435,338,166,166,https://pabsa.impressicocrm.com/api/tournament/119922/matches,1578,0,0
1680593992958,1919,Get Home page currency,200,,Knock_out_Thread Group 1-498,text,true,,9160,321,166,166,https://pabsa.impressicocrm.com/api/currency,1918,0,0
1680593993452,1436,Get Home page country ,200,,Knock_out_Thread Group 1-542,text,true,,17270,320,166,166,https://pabsa.impressicocrm.com/api/country,1404,0,0
1680593993646,1242,Get knockout players list ,200,,Knock_out_Thread Group 1-448,text,true,,4598,340,166,166,https://pabsa.impressicocrm.com/api/tournament/118871/knockouts,1242,0,0
1680593993325,1569,Get Players schedule,200,,Knock_out_Thread Group 1-449,text,true,,5441,338,166,166,https://pabsa.impressicocrm.com/api/tournament/119922/matches,1569,0,0
1680593994156,759,Home page ,200,OK,Knock_out_Thread Group 1-552,text,true,,3033,309,166,166,https://pabsa.impressicocrm.com/,759,0,657
1680593993652,1267,Get knockout players list ,200,,Knock_out_Thread Group 1-443,text,true,,4598,340,166,166,https://pabsa.impressicocrm.com/api/tournament/118871/knockouts,1267,0,0
1680593993602,1334,Get Home page country ,200,,Knock_out_Thread Group 1-541,text,true,,17270,320,166,166,https://pabsa.impressicocrm.com/api/country,1334,0,0
1680593993283,1653,Get tournament result,200,,Knock_out_Thread Group 1-412,text,true,,5441,338,166,166,https://pabsa.impressicocrm.com/api/tournament/119922/matches,1653,0,0
1680593993512,1424,Get Players list ,200,,Knock_out_Thread Group 1-474,text,true,,3218,338,166,166,https://pabsa.impressicocrm.com/api/tournament/119922/players,1424,0,0
1680593994553,384,Home page ,200,OK,Knock_out_Thread Group 1-556,text,true,,3033,309,166,166,https://pabsa.impressicocrm.com/,383,0,307
1680593993531,1422,Get Players list ,200,,Knock_out_Thread Group 1-479,text,true,,3218,338,167,167,https://pabsa.impressicocrm.com/api/tournament/119922/players,1422,0,0
1680593993677,1294,Get single knockout Player details,200,,Knock_out_Thread Group 1-404,text,true,,1210,326,167,167,https://pabsa.impressicocrm.com/api/player/110368,1294,0,0
1680593994652,319,Home page ,200,OK,Knock_out_Thread Group 1-557,text,true,,3033,309,167,167,https://pabsa.impressicocrm.com/,319,0,236
1680593993198,1778,Get tournament result,200,,Knock_out_Thread Group 1-415,text,true,,5441,338,167,167,https://pabsa.impressicocrm.com/api/tournament/119922/matches,1778,0,0
1680593993617,1359,Get knockout players list ,200,,Knock_out_Thread Group 1-411,text,true,,4591,340,167,167,https://pabsa.impressicocrm.com/api/tournament/118871/knockouts,1359,0,0
1680593992615,2363,Get tournamnent list ,200,,Knock_out_Thread Group 1-511,text,true,,58880,389,167,167,https://pabsa.impressicocrm.com/api/tournament?limit=12&pageNumber=1&sportType=&tournamentName=&tournamentStyle=,1874,0,0
1680593993630,1359,Get Home page country ,200,,Knock_out_Thread Group 1-543,text,true,,17270,320,167,167,https://pabsa.impressicocrm.com/api/country,1353,0,0
1680593993597,1412,Get playerA_Vs_playerB,200,,Knock_out_Thread Group 1-382,text,true,,1239,341,167,167,https://pabsa.impressicocrm.com/api/tournament/matchScore/147598,1412,0,0
1680593993524,1493,Get Players schedule,200,,Knock_out_Thread Group 1-420,text,true,,5435,338,166,166,https://pabsa.impressicocrm.com/api/tournament/119922/matches,1493,0,0
1680593993376,1641,Get tournament result,200,,Knock_out_Thread Group 1-409,text,true,,5441,338,166,166,https://pabsa.impressicocrm.com/api/tournament/119922/matches,1641,0,0
1680593993943,1074,Get tournamnent list ,200,,Knock_out_Thread Group 1-528,text,true,,58880,389,166,166,https://pabsa.impressicocrm.com/api/tournament?limit=12&pageNumber=1&sportType=&tournamentName=&tournamentStyle=,417,0,0
1680593992136,2895,Get tournamnent list ,200,,Knock_out_Thread Group 1-505,text,true,,58880,389,166,166,https://pabsa.impressicocrm.com/api/tournament?limit=12&pageNumber=1&sportType=&tournamentName=&tournamentStyle=,1899,0,0
1680593993659,1377,Get Break list ,200,,Knock_out_Thread Group 1-472,text,true,,3218,338,166,166,https://pabsa.impressicocrm.com/api/tournament/119922/players,1377,0,0
1680593993270,1766,Get tournament result,200,,Knock_out_Thread Group 1-428,text,true,,5435,338,166,166,https://pabsa.impressicocrm.com/api/tournament/119922/matches,1766,0,0
1680593993736,1307,Get knockout players list ,200,,Knock_out_Thread Group 1-447,text,true,,4591,340,166,166,https://pabsa.impressicocrm.com/api/tournament/118871/knockouts,1307,0,0
1680593993332,1724,Get knockout players list ,200,,Knock_out_Thread Group 1-424,text,true,,4591,340,167,167,https://pabsa.impressicocrm.com/api/tournament/118871/knockouts,1724,0,0
1680593993524,1539,Get tournament result,200,,Knock_out_Thread Group 1-402,text,true,,5441,338,167,167,https://pabsa.impressicocrm.com/api/tournament/119922/matches,1539,0,0
1680593994877,220,Get Players list ,200,,Knock_out_Thread Group 1-498,text,true,,3218,338,167,167,https://pabsa.impressicocrm.com/api/tournament/119922/players,220,0,0
1680593992926,2179,Get Break list ,200,,Knock_out_Thread Group 1-452,text,true,,3218,338,167,167,https://pabsa.impressicocrm.com/api/tournament/119922/players,2179,0,0
1680593993265,1848,Get Players list ,200,,Knock_out_Thread Group 1-475,text,true,,3218,338,167,167,https://pabsa.impressicocrm.com/api/tournament/119922/players,1848,0,0
1680593993832,1352,Get single knockout Player details,200,,Knock_out_Thread Group 1-442,text,true,,1210,326,168,168,https://pabsa.impressicocrm.com/api/player/110368,1352,0,0
1680593993828,1359,Get single knockout Player details,200,,Knock_out_Thread Group 1-426,text,true,,1210,326,168,168,https://pabsa.impressicocrm.com/api/player/110368,1359,0,0
1680593993744,1464,Get Home page currency,200,,Knock_out_Thread Group 1-489,text,true,,9153,321,168,168,https://pabsa.impressicocrm.com/api/currency,1464,0,0
1680593992754,2467,Get Break list ,200,,Knock_out_Thread Group 1-467,text,true,,3218,338,168,168,https://pabsa.impressicocrm.com/api/tournament/119922/players,2467,0,0
1680593993779,1456,Get Players list ,200,,Knock_out_Thread Group 1-476,text,true,,3218,338,168,168,https://pabsa.impressicocrm.com/api/tournament/119922/players,1455,0,0
1680593993495,1747,Get Break list ,200,,Knock_out_Thread Group 1-445,text,true,,3218,338,168,168,https://pabsa.impressicocrm.com/api/tournament/119922/players,1747,0,0
1680593993660,1582,Get tournament result,200,,Knock_out_Thread Group 1-410,text,true,,5441,338,168,168,https://pabsa.impressicocrm.com/api/tournament/119922/matches,1582,0,0
1680593993454,1788,Get tournamnent list ,200,,Knock_out_Thread Group 1-527,text,true,,58880,389,168,168,https://pabsa.impressicocrm.com/api/tournament?limit=12&pageNumber=1&sportType=&tournamentName=&tournamentStyle=,1571,0,0
1680593993688,1594,Get Home page country ,200,,Knock_out_Thread Group 1-544,text,true,,17270,320,169,169,https://pabsa.impressicocrm.com/api/country,1594,0,0
1680593993420,1869,Get Players schedule,200,,Knock_out_Thread Group 1-455,text,true,,5441,338,169,169,https://pabsa.impressicocrm.com/api/tournament/119922/matches,1869,0,0
1680593993855,1446,Get Break list ,200,,Knock_out_Thread Group 1-471,text,true,,3218,338,169,169,https://pabsa.impressicocrm.com/api/tournament/119922/players,1446,0,0
1680593994954,354,Home page ,200,OK,Knock_out_Thread Group 1-560,text,true,,3033,309,169,169,https://pabsa.impressicocrm.com/,354,0,267
1680593993843,1470,Get Home page currency,200,,Knock_out_Thread Group 1-497,text,true,,9160,321,169,169,https://pabsa.impressicocrm.com/api/currency,1470,0,0
1680593993969,1373,Get knockout players list ,200,,Knock_out_Thread Group 1-440,text,true,,4598,340,169,169,https://pabsa.impressicocrm.com/api/tournament/118871/knockouts,1373,0,0
1680593993690,1711,Get knockout players list ,200,,Knock_out_Thread Group 1-436,text,true,,4591,340,170,170,https://pabsa.impressicocrm.com/api/tournament/118871/knockouts,1711,0,0
1680593993797,1605,Get knockout players list ,200,,Knock_out_Thread Group 1-405,text,true,,4598,340,170,170,https://pabsa.impressicocrm.com/api/tournament/118871/knockouts,1605,0,0
1680593994014,1411,Get playerA_Vs_playerB,200,,Knock_out_Thread Group 1-416,text,true,,1239,341,170,170,https://pabsa.impressicocrm.com/api/tournament/matchScore/147598,1411,0,0
1680593993778,1678,Get tournament result,200,,Knock_out_Thread Group 1-399,text,true,,5441,338,170,170,https://pabsa.impressicocrm.com/api/tournament/119922/matches,1678,0,0
1680593993846,1624,Get Home page country ,200,,Knock_out_Thread Group 1-538,text,true,,17270,320,170,170,https://pabsa.impressicocrm.com/api/country,1624,0,0
1680593993698,1799,Get Players list ,200,,Knock_out_Thread Group 1-492,text,true,,3218,338,170,170,https://pabsa.impressicocrm.com/api/tournament/119922/players,1799,0,0
1680593995056,492,Home page ,200,OK,Knock_out_Thread Group 1-561,text,true,,3033,309,170,170,https://pabsa.impressicocrm.com/,492,0,252
1680593993872,1677,Get single knockout Player details,200,,Knock_out_Thread Group 1-398,text,true,,1210,326,170,170,https://pabsa.impressicocrm.com/api/player/110368,1677,0,0
1680593992507,3048,Get tournamnent list ,200,,Knock_out_Thread Group 1-513,text,true,,58880,389,171,171,https://pabsa.impressicocrm.com/api/tournament?limit=12&pageNumber=1&sportType=&tournamentName=&tournamentStyle=,1802,0,0
1680593993980,1578,Get tournament result,200,,Knock_out_Thread Group 1-413,text,true,,5441,338,171,171,https://pabsa.impressicocrm.com/api/tournament/119922/matches,1578,0,0
1680593993943,1644,Get Players schedule,200,,Knock_out_Thread Group 1-462,text,true,,5441,338,171,171,https://pabsa.impressicocrm.com/api/tournament/119922/matches,1644,0,0
1680593992621,2966,Get Players schedule,200,,Knock_out_Thread Group 1-459,text,true,,5441,338,171,171,https://pabsa.impressicocrm.com/api/tournament/119922/matches,2966,0,0
1680593993677,1938,Get Players list ,200,,Knock_out_Thread Group 1-493,text,true,,3218,338,171,171,https://pabsa.impressicocrm.com/api/tournament/119922/players,1938,0,0
1680593993855,1795,Get knockout players list ,200,,Knock_out_Thread Group 1-444,text,true,,4598,340,171,171,https://pabsa.impressicocrm.com/api/tournament/118871/knockouts,1795,0,0
1680593994176,1484,Get Players list ,200,,Knock_out_Thread Group 1-495,text,true,,3218,338,172,172,https://pabsa.impressicocrm.com/api/tournament/119922/players,1484,0,0
1680593993947,1737,Get knockout players list ,200,,Knock_out_Thread Group 1-454,text,true,,4598,340,172,172,https://pabsa.impressicocrm.com/api/tournament/118871/knockouts,1737,0,0
1680593994182,1530,Get playerA_Vs_playerB,200,,Knock_out_Thread Group 1-400,text,true,,1239,341,172,172,https://pabsa.impressicocrm.com/api/tournament/matchScore/147598,1530,0,0
1680593993963,1749,Get tournament result,200,,Knock_out_Thread Group 1-356,text,true,,5441,338,172,172,https://pabsa.impressicocrm.com/api/tournament/119922/matches,1749,0,0
1680593994315,1445,Get single knockout Player details,200,,Knock_out_Thread Group 1-423,text,true,,1210,326,172,172,https://pabsa.impressicocrm.com/api/player/110368,1445,0,0
1680593994104,1678,Get Home page currency,200,,Knock_out_Thread Group 1-506,text,true,,9160,321,172,172,https://pabsa.impressicocrm.com/api/currency,1678,0,0
1680593992754,3045,Get tournament result,200,,Knock_out_Thread Group 1-431,text,true,,5441,338,172,172,https://pabsa.impressicocrm.com/api/tournament/119922/matches,3045,0,0
1680593994298,1514,Get Home page currency,200,,Knock_out_Thread Group 1-510,text,true,,9160,321,172,172,https://pabsa.impressicocrm.com/api/currency,1514,0,0
1680593994068,1744,Get Home page currency,200,,Knock_out_Thread Group 1-484,text,true,,9160,321,172,172,https://pabsa.impressicocrm.com/api/currency,1744,0,0
1680593992829,2986,Get knockout players list ,200,,Knock_out_Thread Group 1-418,text,true,,4598,340,172,172,https://pabsa.impressicocrm.com/api/tournament/118871/knockouts,2986,0,0
1680593994236,1579,Get Players list ,200,,Knock_out_Thread Group 1-496,text,true,,3218,338,172,172,https://pabsa.impressicocrm.com/api/tournament/119922/players,1579,0,0
1680593994160,1691,Get Home page currency,200,,Knock_out_Thread Group 1-502,text,true,,9160,321,173,173,https://pabsa.impressicocrm.com/api/currency,1691,0,0
1680593994150,1717,Get playerA_Vs_playerB,200,,Knock_out_Thread Group 1-383,text,true,,1239,341,173,173,https://pabsa.impressicocrm.com/api/tournament/matchScore/147598,1717,0,0
1680593994200,1667,Get Home page country ,200,,Knock_out_Thread Group 1-549,text,true,,17255,320,173,173,https://pabsa.impressicocrm.com/api/country,1667,0,0
1680593993175,2708,Get single knockout Player details,200,,Knock_out_Thread Group 1-435,text,true,,1210,326,172,172,https://pabsa.impressicocrm.com/api/player/110368,2708,0,0
1680593993665,2226,Get tournament result,200,,Knock_out_Thread Group 1-408,text,true,,5441,338,172,172,https://pabsa.impressicocrm.com/api/tournament/119922/matches,2226,0,0
1680593994309,1604,Get knockout players list ,200,,Knock_out_Thread Group 1-451,text,true,,4598,340,172,172,https://pabsa.impressicocrm.com/api/tournament/118871/knockouts,1604,0,0
1680593995552,379,Home page ,200,OK,Knock_out_Thread Group 1-566,text,true,,3033,309,172,172,https://pabsa.impressicocrm.com/,378,0,307
1680593994234,1703,Get Home page country ,200,,Knock_out_Thread Group 1-550,text,true,,17270,320,172,172,https://pabsa.impressicocrm.com/api/country,1703,0,0
1680593993483,2459,Get Home page currency,200,,Knock_out_Thread Group 1-509,text,true,,9160,321,172,172,https://pabsa.impressicocrm.com/api/currency,2459,0,0
1680593993787,2180,Get tournament result,200,,Knock_out_Thread Group 1-401,text,true,,5441,338,173,173,https://pabsa.impressicocrm.com/api/tournament/119922/matches,2180,0,0
1680593994239,1728,Get tournament result,200,,Knock_out_Thread Group 1-422,text,true,,5441,338,173,173,https://pabsa.impressicocrm.com/api/tournament/119922/matches,1728,0,0
1680593993869,2118,Get Players list ,200,,Knock_out_Thread Group 1-486,text,true,,3218,338,173,173,https://pabsa.impressicocrm.com/api/tournament/119922/players,2118,0,0
1680593994343,1644,Get Players list ,200,,Knock_out_Thread Group 1-466,text,true,,3218,338,173,173,https://pabsa.impressicocrm.com/api/tournament/119922/players,1644,0,0
1680593994426,1590,Get playerA_Vs_playerB,200,,Knock_out_Thread Group 1-388,text,true,,1239,341,173,173,https://pabsa.impressicocrm.com/api/tournament/matchScore/147598,1590,0,0
1680593994285,1752,Get single knockout Player details,200,,Knock_out_Thread Group 1-427,text,true,,1210,326,172,172,https://pabsa.impressicocrm.com/api/player/110368,1752,0,0
1680593994853,1207,Home page ,200,OK,Knock_out_Thread Group 1-559,text,true,,3033,309,173,173,https://pabsa.impressicocrm.com/,1207,0,729
1680593995812,270,Get Players list ,200,,Knock_out_Thread Group 1-484,text,true,,3218,338,173,173,https://pabsa.impressicocrm.com/api/tournament/119922/players,270,0,0
1680593995221,867,Get Players schedule,200,,Knock_out_Thread Group 1-467,text,true,,5441,338,173,173,https://pabsa.impressicocrm.com/api/tournament/119922/matches,867,0,0
1680593994299,1801,Get Players schedule,200,,Knock_out_Thread Group 1-461,text,true,,5441,338,173,173,https://pabsa.impressicocrm.com/api/tournament/119922/matches,1801,0,0
1680593994492,1626,Get playerA_Vs_playerB,200,,Knock_out_Thread Group 1-417,text,true,,1239,341,173,173,https://pabsa.impressicocrm.com/api/tournament/matchScore/147598,1626,0,0
1680593994249,1873,Get Home page currency,200,,Knock_out_Thread Group 1-499,text,true,,9153,321,172,172,https://pabsa.impressicocrm.com/api/currency,1873,0,0
1680593994589,1540,Get single knockout Player details,200,,Knock_out_Thread Group 1-421,text,true,,1210,326,172,172,https://pabsa.impressicocrm.com/api/player/110368,1540,0,0
1680593994538,1600,Get single knockout Player details,200,,Knock_out_Thread Group 1-406,text,true,,1210,326,172,172,https://pabsa.impressicocrm.com/api/player/110368,1600,0,0
1680593995301,837,Get Players schedule,200,,Knock_out_Thread Group 1-471,text,true,,5441,338,172,172,https://pabsa.impressicocrm.com/api/tournament/119922/matches,837,0,0
1680593994360,1788,Get Players schedule,200,,Knock_out_Thread Group 1-463,text,true,,5441,338,172,172,https://pabsa.impressicocrm.com/api/tournament/119922/matches,1788,0,0
1680593994463,1690,Get Players list ,200,,Knock_out_Thread Group 1-487,text,true,,3218,338,173,173,https://pabsa.impressicocrm.com/api/tournament/119922/players,1690,0,0
1680593994190,1973,Get Home page currency,200,,Knock_out_Thread Group 1-500,text,true,,9160,321,173,173,https://pabsa.impressicocrm.com/api/currency,1973,0,0
1680593994638,1557,Get single knockout Player details,200,,Knock_out_Thread Group 1-450,text,true,,1210,326,173,173,https://pabsa.impressicocrm.com/api/player/110368,1557,0,0
1680593994492,1703,Get Break list ,200,,Knock_out_Thread Group 1-464,text,true,,3218,338,173,173,https://pabsa.impressicocrm.com/api/tournament/119922/players,1703,0,0
1680593994713,1493,Get knockout players list ,200,,Knock_out_Thread Group 1-453,text,true,,4591,340,173,173,https://pabsa.impressicocrm.com/api/tournament/118871/knockouts,1493,0,0
1680593994631,1585,Get playerA_Vs_playerB,200,,Knock_out_Thread Group 1-403,text,true,,1239,341,173,173,https://pabsa.impressicocrm.com/api/tournament/matchScore/147598,1585,0,0
1680593994583,1638,Get Players list ,200,,Knock_out_Thread Group 1-490,text,true,,3218,338,172,172,https://pabsa.impressicocrm.com/api/tournament/119922/players,1638,0,0
1680593993824,2399,Get Break list ,200,,Knock_out_Thread Group 1-469,text,true,,3218,338,172,172,https://pabsa.impressicocrm.com/api/tournament/119922/players,2399,0,0
1680593994811,1412,Get single knockout Player details,200,,Knock_out_Thread Group 1-432,text,true,,1210,326,172,172,https://pabsa.impressicocrm.com/api/player/110368,1412,0,0
1680593994379,1844,Get single knockout Player details,200,,Knock_out_Thread Group 1-429,text,true,,1210,326,172,172,https://pabsa.impressicocrm.com/api/player/110368,1844,0,0
1680593994854,1384,Get knockout players list ,200,,Knock_out_Thread Group 1-458,text,true,,4598,340,172,172,https://pabsa.impressicocrm.com/api/tournament/118871/knockouts,1384,0,0
1680593994559,1702,Get knockout players list ,200,,Knock_out_Thread Group 1-456,text,true,,4598,340,173,173,https://pabsa.impressicocrm.com/api/tournament/118871/knockouts,1702,0,0
1680593994920,1354,Get single knockout Player details,200,,Knock_out_Thread Group 1-443,text,true,,1210,326,173,173,https://pabsa.impressicocrm.com/api/player/110368,1354,0,0
1680593994255,2052,Get tournament result,200,,Knock_out_Thread Group 1-434,text,true,,5435,338,173,173,https://pabsa.impressicocrm.com/api/tournament/119922/matches,2052,0,0
1680593995953,354,Home page ,200,OK,Knock_out_Thread Group 1-570,text,true,,3033,309,173,173,https://pabsa.impressicocrm.com/,354,0,285
1680593994104,2206,Get Home page country ,200,,Knock_out_Thread Group 1-548,text,true,,17270,320,173,173,https://pabsa.impressicocrm.com/api/country,2206,0,0
1680593994646,1667,Get Home page country ,200,,Knock_out_Thread Group 1-554,text,true,,17270,320,173,173,https://pabsa.impressicocrm.com/api/country,1667,0,0
1680593994523,1793,Get Players list ,200,,Knock_out_Thread Group 1-501,text,true,,3218,338,173,173,https://pabsa.impressicocrm.com/api/tournament/119922/players,1793,0,0
1680593994937,1386,Get playerA_Vs_playerB,200,,Knock_out_Thread Group 1-412,text,true,,1239,341,173,173,https://pabsa.impressicocrm.com/api/tournament/matchScore/147598,1386,0,0
1680593994445,1886,Get tournament result,200,,Knock_out_Thread Group 1-430,text,true,,5441,338,172,172,https://pabsa.impressicocrm.com/api/tournament/119922/matches,1886,0,0
1680593994937,1398,Get Home page country ,200,,Knock_out_Thread Group 1-556,text,true,,17270,320,172,172,https://pabsa.impressicocrm.com/api/country,1398,0,0
1680593994814,1527,Get Break list ,200,,Knock_out_Thread Group 1-470,text,true,,3218,338,172,172,https://pabsa.impressicocrm.com/api/tournament/119922/players,1527,0,0
1680593993944,2397,Get Home page currency,200,,Knock_out_Thread Group 1-512,text,true,,9160,321,172,172,https://pabsa.impressicocrm.com/api/currency,2397,0,0
1680593994732,1615,Get Break list ,200,,Knock_out_Thread Group 1-483,text,true,,3218,338,172,172,https://pabsa.impressicocrm.com/api/tournament/119922/players,1615,0,0
1680593994119,2274,Get Players schedule,200,,Knock_out_Thread Group 1-477,text,true,,5441,338,173,173,https://pabsa.impressicocrm.com/api/tournament/119922/matches,2274,0,0
1680593994752,1641,Home page ,200,OK,Knock_out_Thread Group 1-558,text,true,,3033,309,173,173,https://pabsa.impressicocrm.com/,1641,0,1359
1680593994270,2129,Get playerA_Vs_playerB,200,,Knock_out_Thread Group 1-414,text,true,,1239,341,173,173,https://pabsa.impressicocrm.com/api/tournament/matchScore/147598,2129,0,0
1680593994895,1504,Get knockout players list ,200,,Knock_out_Thread Group 1-449,text,true,,4598,340,173,173,https://pabsa.impressicocrm.com/api/tournament/118871/knockouts,1504,0,0
1680593994500,1920,Get knockout players list ,200,,Knock_out_Thread Group 1-439,text,true,,4598,340,172,172,https://pabsa.impressicocrm.com/api/tournament/118871/knockouts,1920,0,0
1680593994449,1978,Get Players schedule,200,,Knock_out_Thread Group 1-465,text,true,,5441,338,172,172,https://pabsa.impressicocrm.com/api/tournament/119922/matches,1978,0,0
1680593994338,2089,Get Players schedule,200,,Knock_out_Thread Group 1-457,text,true,,5441,338,172,172,https://pabsa.impressicocrm.com/api/tournament/119922/matches,2089,0,0
1680593992575,3852,Get Home page currency,200,,Knock_out_Thread Group 1-494,text,true,,9160,321,172,172,https://pabsa.impressicocrm.com/api/currency,3852,0,0
1680593994788,1651,Get Players schedule,200,,Knock_out_Thread Group 1-468,text,true,,5441,338,172,172,https://pabsa.impressicocrm.com/api/tournament/119922/matches,1651,0,0
1680593995056,1387,Get single knockout Player details,200,,Knock_out_Thread Group 1-424,text,true,,1210,326,172,172,https://pabsa.impressicocrm.com/api/player/110368,1387,0,0
1680593995036,1407,Get playerA_Vs_playerB,200,,Knock_out_Thread Group 1-428,text,true,,1239,341,172,172,https://pabsa.impressicocrm.com/api/tournament/matchScore/147598,1407,0,0
1680593995017,1429,Get playerA_Vs_playerB,200,,Knock_out_Thread Group 1-409,text,true,,1239,341,171,171,https://pabsa.impressicocrm.com/api/tournament/matchScore/147598,1429,0,0
1680593994559,1898,Get Players list ,200,,Knock_out_Thread Group 1-491,text,true,,3218,338,171,171,https://pabsa.impressicocrm.com/api/tournament/119922/players,1898,0,0
1680593993939,2539,Get playerA_Vs_playerB,200,,Knock_out_Thread Group 1-395,text,true,,1239,341,171,171,https://pabsa.impressicocrm.com/api/tournament/matchScore/147598,2539,0,0
1680593995063,1423,Get playerA_Vs_playerB,200,,Knock_out_Thread Group 1-402,text,true,,1239,341,170,170,https://pabsa.impressicocrm.com/api/tournament/matchScore/147598,1423,0,0
1680593995852,639,Home page ,200,OK,Knock_out_Thread Group 1-569,text,true,,3033,309,169,169,https://pabsa.impressicocrm.com/,639,0,236
1680593994782,1725,Get single knockout Player details,200,,Knock_out_Thread Group 1-446,text,true,,1210,326,169,169,https://pabsa.impressicocrm.com/api/player/110368,1725,0,0
1680593994338,2195,Get knockout players list ,200,,Knock_out_Thread Group 1-437,text,true,,4591,340,169,169,https://pabsa.impressicocrm.com/api/tournament/118871/knockouts,2195,0,0
1680593995097,1444,Get Break list ,200,,Knock_out_Thread Group 1-498,text,true,,3218,338,169,169,https://pabsa.impressicocrm.com/api/tournament/119922/players,1444,0,0
1680593993671,2870,Get tournament result,200,,Knock_out_Thread Group 1-438,text,true,,5435,338,169,169,https://pabsa.impressicocrm.com/api/tournament/119922/matches,2870,0,0
1680593995453,1092,Home page ,200,OK,Knock_out_Thread Group 1-565,text,true,,3033,309,169,169,https://pabsa.impressicocrm.com/,1092,0,940
1680593994104,2459,Get Break list ,200,,Knock_out_Thread Group 1-481,text,true,,3218,338,170,170,https://pabsa.impressicocrm.com/api/tournament/119922/players,2459,0,0
1680593995243,1323,Get Home page currency,200,,Knock_out_Thread Group 1-527,text,true,,9160,321,170,170,https://pabsa.impressicocrm.com/api/currency,1323,0,0
1680593993748,2825,Get Home page country ,200,,Knock_out_Thread Group 1-545,text,true,,17270,320,170,170,https://pabsa.impressicocrm.com/api/country,2825,0,0
1680593994583,2000,Get Break list ,200,,Knock_out_Thread Group 1-482,text,true,,3218,338,170,170,https://pabsa.impressicocrm.com/api/tournament/119922/players,2000,0,0
1680593996252,331,Home page ,200,OK,Knock_out_Thread Group 1-573,text,true,,3033,309,170,170,https://pabsa.impressicocrm.com/,331,0,253
1680593995114,1477,Get Break list ,200,,Knock_out_Thread Group 1-475,text,true,,3218,338,170,170,https://pabsa.impressicocrm.com/api/tournament/119922/players,1477,0,0
1680593995208,1386,Get Players list ,200,,Knock_out_Thread Group 1-489,text,true,,3218,338,170,170,https://pabsa.impressicocrm.com/api/tournament/119922/players,1386,0,0
1680593995242,1372,Get playerA_Vs_playerB,200,,Knock_out_Thread Group 1-410,text,true,,1239,341,170,170,https://pabsa.impressicocrm.com/api/tournament/matchScore/147598,1372,0,0
1680593993955,2684,Get Home page currency,200,,Knock_out_Thread Group 1-508,text,true,,9160,321,169,169,https://pabsa.impressicocrm.com/api/currency,2684,0,0
1680593994976,1676,Get single knockout Player details,200,,Knock_out_Thread Group 1-411,text,true,,1210,326,170,170,https://pabsa.impressicocrm.com/api/player/110368,1676,0,0
1680593996352,306,Home page ,200,OK,Knock_out_Thread Group 1-574,text,true,,3033,309,170,170,https://pabsa.impressicocrm.com/,306,0,239
1680593995402,1268,Get single knockout Player details,200,,Knock_out_Thread Group 1-436,text,true,,1210,326,170,170,https://pabsa.impressicocrm.com/api/player/110368,1268,0,0
1680593993837,2833,Get Break list ,200,,Knock_out_Thread Group 1-478,text,true,,3218,338,170,170,https://pabsa.impressicocrm.com/api/tournament/119922/players,2833,0,0
1680593995153,1536,Home page ,200,OK,Knock_out_Thread Group 1-562,text,true,,3033,309,170,170,https://pabsa.impressicocrm.com/,1536,0,1338
1680593995235,1462,Get Break list ,200,,Knock_out_Thread Group 1-476,text,true,,3218,338,170,170,https://pabsa.impressicocrm.com/api/tournament/119922/players,1462,0,0
1680593995290,1438,Get knockout players list ,200,,Knock_out_Thread Group 1-455,text,true,,4598,340,170,170,https://pabsa.impressicocrm.com/api/tournament/118871/knockouts,1438,0,0
1680593995253,1481,Home page ,200,OK,Knock_out_Thread Group 1-563,text,true,,3033,309,170,170,https://pabsa.impressicocrm.com/,1481,0,244
1680593994972,1764,Get tournament result,200,,Knock_out_Thread Group 1-404,text,true,,5441,338,170,170,https://pabsa.impressicocrm.com/api/tournament/119922/matches,1764,0,0
1680593995685,1068,Get single knockout Player details,200,,Knock_out_Thread Group 1-454,text,true,,1210,326,171,171,https://pabsa.impressicocrm.com/api/player/110368,1068,0,0
1680593995587,1166,Get knockout players list ,200,,Knock_out_Thread Group 1-459,text,true,,4598,340,171,171,https://pabsa.impressicocrm.com/api/tournament/118871/knockouts,1166,0,0
1680593995653,1103,Home page ,200,OK,Knock_out_Thread Group 1-567,text,true,,3033,309,171,171,https://pabsa.impressicocrm.com/,1103,0,892
1680593995105,1666,Get Players schedule,200,,Knock_out_Thread Group 1-452,text,true,,5441,338,171,171,https://pabsa.impressicocrm.com/api/tournament/119922/matches,1666,0,0
1680593994888,1907,Get single knockout Player details,200,,Knock_out_Thread Group 1-448,text,true,,1210,326,171,171,https://pabsa.impressicocrm.com/api/player/110368,1907,0,0
1680593995559,1236,Get playerA_Vs_playerB,200,,Knock_out_Thread Group 1-413,text,true,,1239,341,171,171,https://pabsa.impressicocrm.com/api/tournament/matchScore/147598,1236,0,0
1680593995017,1782,Get knockout players list ,200,,Knock_out_Thread Group 1-420,text,true,,4598,340,170,170,https://pabsa.impressicocrm.com/api/tournament/118871/knockouts,1782,0,0
1680593995018,1789,Get Home page currency,200,,Knock_out_Thread Group 1-528,text,true,,9160,321,170,170,https://pabsa.impressicocrm.com/api/currency,1789,0,0
1680593995799,1033,Get playerA_Vs_playerB,200,,Knock_out_Thread Group 1-431,text,true,,1239,341,170,170,https://pabsa.impressicocrm.com/api/tournament/matchScore/147598,1033,0,0
1680593995314,1518,Get Players list ,200,,Knock_out_Thread Group 1-497,text,true,,3218,338,170,170,https://pabsa.impressicocrm.com/api/tournament/119922/players,1517,0,0
1680593995816,1041,Get single knockout Player details,200,,Knock_out_Thread Group 1-418,text,true,,1210,326,170,170,https://pabsa.impressicocrm.com/api/player/110368,1041,0,0
1680593995782,1088,Get Players list ,200,,Knock_out_Thread Group 1-506,text,true,,3218,338,170,170,https://pabsa.impressicocrm.com/api/tournament/119922/players,1088,0,0
1680593995660,1217,Get Break list ,200,,Knock_out_Thread Group 1-495,text,true,,3218,338,170,170,https://pabsa.impressicocrm.com/api/tournament/119922/players,1217,0,0
1680593996594,316,Get Break list ,200,,Knock_out_Thread Group 1-489,text,true,,3218,338,170,170,https://pabsa.impressicocrm.com/api/tournament/119922/players,316,0,0
1680593995812,1123,Get Players list ,200,,Knock_out_Thread Group 1-510,text,true,,3218,338,170,170,https://pabsa.impressicocrm.com/api/tournament/119922/players,1123,0,0
1680593995615,1327,Get Break list ,200,,Knock_out_Thread Group 1-493,text,true,,3218,338,170,170,https://pabsa.impressicocrm.com/api/tournament/119922/players,1327,0,0
1680593995036,1910,Get Players schedule,200,,Knock_out_Thread Group 1-472,text,true,,5435,338,170,170,https://pabsa.impressicocrm.com/api/tournament/119922/matches,1910,0,0
1680593994021,2938,Get Home page country ,200,,Knock_out_Thread Group 1-540,text,true,,17270,320,171,171,https://pabsa.impressicocrm.com/api/country,2933,0,0
1680593995342,1633,Get single knockout Player details,200,,Knock_out_Thread Group 1-440,text,true,,1210,326,171,171,https://pabsa.impressicocrm.com/api/player/110368,1633,0,0
1680593996554,422,Home page ,200,OK,Knock_out_Thread Group 1-576,text,true,,3033,309,171,171,https://pabsa.impressicocrm.com/,421,0,303
1680593994095,2888,Get Players schedule,200,,Knock_out_Thread Group 1-460,text,true,,5441,338,171,171,https://pabsa.impressicocrm.com/api/tournament/119922/matches,2888,0,0
1680593994323,2669,Get tournament result,200,,Knock_out_Thread Group 1-425,text,true,,5441,338,171,171,https://pabsa.impressicocrm.com/api/tournament/119922/matches,2669,0,0
1680593995943,1057,Get Players list ,200,,Knock_out_Thread Group 1-509,text,true,,3218,338,171,171,https://pabsa.impressicocrm.com/api/tournament/119922/players,1057,0,0
1680593995968,1036,Get playerA_Vs_playerB,200,,Knock_out_Thread Group 1-422,text,true,,1239,341,171,171,https://pabsa.impressicocrm.com/api/tournament/matchScore/147598,1036,0,0
1680593996651,357,Home page ,200,OK,Knock_out_Thread Group 1-577,text,true,,3033,309,170,170,https://pabsa.impressicocrm.com/,357,0,287
1680593995968,1055,Get playerA_Vs_playerB,200,,Knock_out_Thread Group 1-401,text,true,,1239,341,170,170,https://pabsa.impressicocrm.com/api/tournament/matchScore/147598,1055,0,0
1680593994916,2109,Get Home page country ,200,,Knock_out_Thread Group 1-552,text,true,,17270,320,169,169,https://pabsa.impressicocrm.com/api/country,2109,0,0
1680593996148,895,Get knockout players list ,200,,Knock_out_Thread Group 1-463,text,true,,4598,340,169,169,https://pabsa.impressicocrm.com/api/tournament/118871/knockouts,895,0,0
1680593995032,2021,Get Home page currency,200,,Knock_out_Thread Group 1-505,text,true,,9160,321,170,170,https://pabsa.impressicocrm.com/api/currency,2020,0,0
1680593993660,3403,Get single knockout Player details,200,,Knock_out_Thread Group 1-419,text,true,,1210,326,170,170,https://pabsa.impressicocrm.com/api/player/110368,3403,0,0
1680593994453,2649,Get Home page currency,200,,Knock_out_Thread Group 1-504,text,true,,9153,321,170,170,https://pabsa.impressicocrm.com/api/currency,2649,0,0
1680593995354,1748,Home page ,200,OK,Knock_out_Thread Group 1-564,text,true,,3033,309,170,170,https://pabsa.impressicocrm.com/,1748,0,1485
1680593995760,1356,Get tournament result,200,,Knock_out_Thread Group 1-423,text,true,,5441,338,170,170,https://pabsa.impressicocrm.com/api/tournament/119922/matches,1356,0,0
1680593995713,1411,Get playerA_Vs_playerB,200,,Knock_out_Thread Group 1-356,text,true,,1239,341,170,170,https://pabsa.impressicocrm.com/api/tournament/matchScore/147598,1411,0,0
1680593995988,1167,Get Break list ,200,,Knock_out_Thread Group 1-486,text,true,,3218,338,170,170,https://pabsa.impressicocrm.com/api/tournament/119922/players,1167,0,0
1680593996052,1103,Home page ,200,OK,Knock_out_Thread Group 1-571,text,true,,3033,309,170,170,https://pabsa.impressicocrm.com/,1103,0,600
1680593996083,1088,Get Break list ,200,,Knock_out_Thread Group 1-484,text,true,,3218,338,170,170,https://pabsa.impressicocrm.com/api/tournament/119922/players,1088,0,0
1680593996154,1027,Get Break list ,200,,Knock_out_Thread Group 1-487,text,true,,3218,338,170,170,https://pabsa.impressicocrm.com/api/tournament/119922/players,1027,0,0
1680593995914,1275,Get single knockout Player details,200,,Knock_out_Thread Group 1-451,text,true,,1210,326,170,170,https://pabsa.impressicocrm.com/api/player/110368,1275,0,0
1680593996238,955,Get single knockout Player details,200,,Knock_out_Thread Group 1-458,text,true,,1210,326,170,170,https://pabsa.impressicocrm.com/api/player/110368,955,0,0
1680593996261,940,Get single knockout Player details,200,,Knock_out_Thread Group 1-456,text,true,,1210,326,170,170,https://pabsa.impressicocrm.com/api/player/110368,940,0,0
1680593995498,1706,Get Break list ,200,,Knock_out_Thread Group 1-492,text,true,,3218,338,170,170,https://pabsa.impressicocrm.com/api/tournament/119922/players,1706,0,0
1680593996222,985,Get Break list ,200,,Knock_out_Thread Group 1-490,text,true,,3218,338,170,170,https://pabsa.impressicocrm.com/api/tournament/119922/players,985,0,0
1680593996153,1056,Home page ,200,OK,Knock_out_Thread Group 1-572,text,true,,3033,309,170,170,https://pabsa.impressicocrm.com/,1056,0,777
1680593995752,1461,Home page ,200,OK,Knock_out_Thread Group 1-568,text,true,,3033,309,170,170,https://pabsa.impressicocrm.com/,1461,0,1257
1680593996122,1104,Get Players list ,200,,Knock_out_Thread Group 1-499,text,true,,3218,338,170,170,https://pabsa.impressicocrm.com/api/tournament/119922/players,1104,0,0
1680593996138,1105,Get knockout players list ,200,,Knock_out_Thread Group 1-471,text,true,,4598,340,170,170,https://pabsa.impressicocrm.com/api/tournament/118871/knockouts,1105,0,0
1680593996853,390,Home page ,200,OK,Knock_out_Thread Group 1-579,text,true,,3033,309,170,170,https://pabsa.impressicocrm.com/,390,0,286
1680593996308,962,Get Home page country ,200,,Knock_out_Thread Group 1-570,text,true,,17270,320,171,171,https://pabsa.impressicocrm.com/api/country,960,0,0
1680593993383,3894,Get tournamnent list ,200,,Knock_out_Thread Group 1-525,text,true,,58865,389,171,171,https://pabsa.impressicocrm.com/api/tournament?limit=12&pageNumber=1&sportType=&tournamentName=&tournamentStyle=,1642,0,0
1680593994436,2844,Get tournament result,200,,Knock_out_Thread Group 1-433,text,true,,5441,338,171,171,https://pabsa.impressicocrm.com/api/tournament/119922/matches,2844,0,0
1680593995242,2041,Get Players schedule,200,,Knock_out_Thread Group 1-445,text,true,,5441,338,171,171,https://pabsa.impressicocrm.com/api/tournament/119922/matches,2041,0,0
1680593994583,2702,Get Players schedule,200,,Knock_out_Thread Group 1-441,text,true,,5441,338,171,171,https://pabsa.impressicocrm.com/api/tournament/119922/matches,2702,0,0
1680593996129,1159,Get tournament result,200,,Knock_out_Thread Group 1-421,text,true,,5435,338,171,171,https://pabsa.impressicocrm.com/api/tournament/119922/matches,1159,0,0
1680593994639,2666,Get Home page country ,200,,Knock_out_Thread Group 1-553,text,true,,17270,320,171,171,https://pabsa.impressicocrm.com/api/country,2666,0,0
1680593995816,1495,Get Break list ,200,,Knock_out_Thread Group 1-496,text,true,,3218,338,171,171,https://pabsa.impressicocrm.com/api/tournament/119922/players,1495,0,0
1680593996164,1154,Get Players list ,200,,Knock_out_Thread Group 1-500,text,true,,3218,338,171,171,https://pabsa.impressicocrm.com/api/tournament/119922/players,1154,0,0
1680593994431,2894,Get Players schedule,200,,Knock_out_Thread Group 1-473,text,true,,5441,338,171,171,https://pabsa.impressicocrm.com/api/tournament/119922/matches,2894,0,0
1680593996138,1192,Get tournament result,200,,Knock_out_Thread Group 1-406,text,true,,5441,338,171,171,https://pabsa.impressicocrm.com/api/tournament/119922/matches,1192,0,0
1680593995403,1937,Get single knockout Player details,200,,Knock_out_Thread Group 1-405,text,true,,1210,326,171,171,https://pabsa.impressicocrm.com/api/player/110368,1937,0,0
1680593996307,1041,Get playerA_Vs_playerB,200,,Knock_out_Thread Group 1-434,text,true,,1239,341,171,171,https://pabsa.impressicocrm.com/api/tournament/matchScore/147598,1041,0,0
1680593995587,1775,Get knockout players list ,200,,Knock_out_Thread Group 1-462,text,true,,4591,340,171,171,https://pabsa.impressicocrm.com/api/tournament/118871/knockouts,1775,0,0
1680593995883,1488,Get tournament result,200,,Knock_out_Thread Group 1-435,text,true,,5441,338,171,171,https://pabsa.impressicocrm.com/api/tournament/119922/matches,1488,0,0
1680593994784,2592,Get Home page country ,200,,Knock_out_Thread Group 1-555,text,true,,17270,320,171,171,https://pabsa.impressicocrm.com/api/country,2588,0,0
1680593994015,3374,Get Home page country ,200,,Knock_out_Thread Group 1-537,text,true,,17270,320,171,171,https://pabsa.impressicocrm.com/api/country,3319,0,0
1680593996195,1194,Get tournament result,200,,Knock_out_Thread Group 1-450,text,true,,5441,338,171,171,https://pabsa.impressicocrm.com/api/tournament/119922/matches,1194,0,0
1680593994954,2449,Get Break list ,200,,Knock_out_Thread Group 1-479,text,true,,3218,338,171,171,https://pabsa.impressicocrm.com/api/tournament/119922/players,2449,0,0
1680593994360,3043,Get Home page currency,200,,Knock_out_Thread Group 1-514,text,true,,9153,321,171,171,https://pabsa.impressicocrm.com/api/currency,3043,0,0
1680593996206,1197,Get single knockout Player details,200,,Knock_out_Thread Group 1-453,text,true,,1210,326,171,171,https://pabsa.impressicocrm.com/api/player/110368,1197,0,0
1680593997152,269,Home page ,200,OK,Knock_out_Thread Group 1-582,text,true,,3033,309,171,171,https://pabsa.impressicocrm.com/,269,0,208
1680593996224,1199,Get Players schedule,200,,Knock_out_Thread Group 1-469,text,true,,5441,338,171,171,https://pabsa.impressicocrm.com/api/tournament/119922/matches,1199,0,0
1680593996331,1101,Get playerA_Vs_playerB,200,,Knock_out_Thread Group 1-430,text,true,,1239,341,171,171,https://pabsa.impressicocrm.com/api/tournament/matchScore/147598,1101,0,0
1680593993219,4222,Get Players list ,200,,Knock_out_Thread Group 1-485,text,true,,3218,338,170,170,https://pabsa.impressicocrm.com/api/tournament/119922/players,4222,0,0
1680593996195,1273,Get Players schedule,200,,Knock_out_Thread Group 1-464,text,true,,5441,338,171,171,https://pabsa.impressicocrm.com/api/tournament/119922/matches,1273,0,0
1680593996101,1370,Get knockout players list ,200,,Knock_out_Thread Group 1-461,text,true,,4598,340,171,171,https://pabsa.impressicocrm.com/api/tournament/118871/knockouts,1370,0,0
1680593994976,2497,Get playerA_Vs_playerB,200,,Knock_out_Thread Group 1-415,text,true,,1239,341,171,171,https://pabsa.impressicocrm.com/api/tournament/matchScore/147598,2497,0,0
1680593993939,3534,Get Home page currency,200,,Knock_out_Thread Group 1-488,text,true,,9160,321,171,171,https://pabsa.impressicocrm.com/api/currency,3534,0,0
1680593995549,1924,Get tournament result,200,,Knock_out_Thread Group 1-398,text,true,,5441,338,171,171,https://pabsa.impressicocrm.com/api/tournament/119922/matches,1924,0,0
1680593995852,1621,Get Players list ,200,,Knock_out_Thread Group 1-502,text,true,,3218,338,171,171,https://pabsa.impressicocrm.com/api/tournament/119922/players,1621,0,0
1680593996224,1277,Get tournament result,200,,Knock_out_Thread Group 1-429,text,true,,5441,338,170,170,https://pabsa.impressicocrm.com/api/tournament/119922/matches,1277,0,0
1680593995931,1575,Get Home page country ,200,,Knock_out_Thread Group 1-566,text,true,,17270,320,170,170,https://pabsa.impressicocrm.com/api/country,1573,0,0
1680593996541,997,Get playerA_Vs_playerB,200,,Knock_out_Thread Group 1-438,text,true,,1239,341,170,170,https://pabsa.impressicocrm.com/api/tournament/matchScore/147598,997,0,0
1680593996533,1014,Get single knockout Player details,200,,Knock_out_Thread Group 1-437,text,true,,1210,326,169,169,https://pabsa.impressicocrm.com/api/player/110368,1014,0,0
1680593996427,1120,Get knockout players list ,200,,Knock_out_Thread Group 1-465,text,true,,4598,340,169,169,https://pabsa.impressicocrm.com/api/tournament/118871/knockouts,1119,0,0
1680593994979,2573,Get Home page currency,200,,Knock_out_Thread Group 1-511,text,true,,9153,321,169,169,https://pabsa.impressicocrm.com/api/currency,2573,0,0
1680593995556,1998,Get Home page currency,200,,Knock_out_Thread Group 1-513,text,true,,9153,321,169,169,https://pabsa.impressicocrm.com/api/currency,1998,0,0
1680593996341,1213,Get Players list ,200,,Knock_out_Thread Group 1-512,text,true,,3218,338,169,169,https://pabsa.impressicocrm.com/api/tournament/119922/players,1213,0,0
1680593995988,1577,Get Break list ,200,,Knock_out_Thread Group 1-466,text,true,,3218,338,170,170,https://pabsa.impressicocrm.com/api/tournament/119922/players,1577,0,0
1680593996061,1519,Get Home page country ,200,,Knock_out_Thread Group 1-559,text,true,,17270,320,170,170,https://pabsa.impressicocrm.com/api/country,1517,0,0
1680593993948,3663,Get Home page country ,200,,Knock_out_Thread Group 1-546,text,true,,17270,320,170,170,https://pabsa.impressicocrm.com/api/country,3663,0,0
1680593996458,1161,Get Break list ,200,,Knock_out_Thread Group 1-491,text,true,,3218,338,170,170,https://pabsa.impressicocrm.com/api/tournament/119922/players,1161,0,0
1680593996393,1232,Get knockout players list ,200,,Knock_out_Thread Group 1-477,text,true,,4598,340,170,170,https://pabsa.impressicocrm.com/api/tournament/118871/knockouts,1232,0,0
1680593994170,3457,Get tournamnent list ,200,,Knock_out_Thread Group 1-534,text,true,,58880,389,170,170,https://pabsa.impressicocrm.com/api/tournament?limit=12&pageNumber=1&sportType=&tournamentName=&tournamentStyle=,1717,0,0
1680593995549,2084,Get Home page country ,200,,Knock_out_Thread Group 1-561,text,true,,17270,320,170,170,https://pabsa.impressicocrm.com/api/country,2084,0,0
1680593996491,1147,Get Home page country ,200,,Knock_out_Thread Group 1-569,text,true,,17270,320,170,170,https://pabsa.impressicocrm.com/api/country,1147,0,0
1680593994471,3172,Get Home page country ,200,,Knock_out_Thread Group 1-547,text,true,,17270,320,170,170,https://pabsa.impressicocrm.com/api/country,3167,0,0
1680593996037,1606,Get tournament result,200,,Knock_out_Thread Group 1-427,text,true,,5441,338,170,170,https://pabsa.impressicocrm.com/api/tournament/119922/matches,1606,0,0
1680593996566,1082,Get Players list ,200,,Knock_out_Thread Group 1-527,text,true,,3218,338,170,170,https://pabsa.impressicocrm.com/api/tournament/119922/players,1082,0,0
1680593995651,2010,Get single knockout Player details,200,,Knock_out_Thread Group 1-444,text,true,,1210,326,171,171,https://pabsa.impressicocrm.com/api/player/110368,2010,0,0
1680593996317,1361,Get Break list ,200,,Knock_out_Thread Group 1-501,text,true,,3218,338,171,171,https://pabsa.impressicocrm.com/api/tournament/119922/players,1361,0,0
1680593997353,327,Home page ,200,OK,Knock_out_Thread Group 1-584,text,true,,3033,309,171,171,https://pabsa.impressicocrm.com/,327,0,249
1680593996427,1262,Get Players list ,200,,Knock_out_Thread Group 1-494,text,true,,3218,338,171,171,https://pabsa.impressicocrm.com/api/tournament/119922/players,1262,0,0
1680593994190,3511,Get tournamnent list ,200,,Knock_out_Thread Group 1-533,text,true,,58888,389,171,171,https://pabsa.impressicocrm.com/api/tournament?limit=12&pageNumber=1&sportType=&tournamentName=&tournamentStyle=,1883,0,0
1680593994648,3074,Get Home page currency,200,,Knock_out_Thread Group 1-503,text,true,,9153,321,171,171,https://pabsa.impressicocrm.com/api/currency,3074,0,0
1680593995184,2542,Get tournament result,200,,Knock_out_Thread Group 1-442,text,true,,5441,338,171,171,https://pabsa.impressicocrm.com/api/tournament/119922/matches,2542,0,0
1680593996659,1073,Get Home page country ,200,,Knock_out_Thread Group 1-574,text,true,,17270,320,171,171,https://pabsa.impressicocrm.com/api/country,1072,0,0
1680593995187,2545,Get tournament result,200,,Knock_out_Thread Group 1-426,text,true,,5441,338,171,171,https://pabsa.impressicocrm.com/api/tournament/119922/matches,2545,0,0
1680593996393,1346,Get Home page country ,200,,Knock_out_Thread Group 1-558,text,true,,17270,320,171,171,https://pabsa.impressicocrm.com/api/country,1346,0,0
1680593996439,1308,Get knockout players list ,200,,Knock_out_Thread Group 1-468,text,true,,4598,340,171,171,https://pabsa.impressicocrm.com/api/tournament/118871/knockouts,1308,0,0
1680593994972,2783,Get Home page country ,200,,Knock_out_Thread Group 1-557,text,true,,17255,320,172,172,https://pabsa.impressicocrm.com/api/country,2783,0,0
1680593996443,1312,Get tournament result,200,,Knock_out_Thread Group 1-424,text,true,,5441,338,172,172,https://pabsa.impressicocrm.com/api/tournament/119922/matches,1312,0,0
1680593996421,1337,Get single knockout Player details,200,,Knock_out_Thread Group 1-439,text,true,,1210,326,172,172,https://pabsa.impressicocrm.com/api/player/110368,1337,0,0
1680593993289,4469,Get tournamnent list ,200,,Knock_out_Thread Group 1-523,text,true,,58880,389,172,172,https://pabsa.impressicocrm.com/api/tournament?limit=12&pageNumber=1&sportType=&tournamentName=&tournamentStyle=,1901,0,0
1680593996541,1240,Get Players schedule,200,,Knock_out_Thread Group 1-498,text,true,,5441,338,172,172,https://pabsa.impressicocrm.com/api/tournament/119922/matches,1240,0,0
1680593993754,4027,Get tournamnent list ,200,,Knock_out_Thread Group 1-519,text,true,,58880,389,172,172,https://pabsa.impressicocrm.com/api/tournament?limit=12&pageNumber=1&sportType=&tournamentName=&tournamentStyle=,2695,0,0
1680593994937,2846,Get tournamnent list ,200,,Knock_out_Thread Group 1-541,text,true,,58865,389,172,172,https://pabsa.impressicocrm.com/api/tournament?limit=12&pageNumber=1&sportType=&tournamentName=&tournamentStyle=,1737,0,0
1680593994937,2856,Get Break list ,200,,Knock_out_Thread Group 1-474,text,true,,3218,338,172,172,https://pabsa.impressicocrm.com/api/tournament/119922/players,2856,0,0
1680593996728,1073,Get single knockout Player details,200,,Knock_out_Thread Group 1-455,text,true,,1210,326,172,172,https://pabsa.impressicocrm.com/api/player/110368,1073,0,0
1680593996753,1077,Get single knockout Player details,200,,Knock_out_Thread Group 1-459,text,true,,1210,326,172,172,https://pabsa.impressicocrm.com/api/player/110368,1077,0,0
1680593993234,4598,Get tournamnent list ,200,,Knock_out_Thread Group 1-517,text,true,,58888,389,172,172,https://pabsa.impressicocrm.com/api/tournament?limit=12&pageNumber=1&sportType=&tournamentName=&tournamentStyle=,1622,0,0
1680593996737,1123,Get playerA_Vs_playerB,200,,Knock_out_Thread Group 1-404,text,true,,1239,341,173,173,https://pabsa.impressicocrm.com/api/tournament/matchScore/147598,1123,0,0
1680593996563,1302,Get Players schedule,200,,Knock_out_Thread Group 1-481,text,true,,5435,338,172,172,https://pabsa.impressicocrm.com/api/tournament/119922/matches,1302,0,0
1680593992674,5197,Get tournamnent list ,200,,Knock_out_Thread Group 1-516,text,true,,58888,389,172,172,https://pabsa.impressicocrm.com/api/tournament?limit=12&pageNumber=1&sportType=&tournamentName=&tournamentStyle=,1841,0,0
1680593993044,4827,Get tournamnent list ,200,,Knock_out_Thread Group 1-518,text,true,,58888,389,172,172,https://pabsa.impressicocrm.com/api/tournament?limit=12&pageNumber=1&sportType=&tournamentName=&tournamentStyle=,1769,0,0
1680593996508,1369,Get tournament result,200,,Knock_out_Thread Group 1-446,text,true,,5435,338,172,172,https://pabsa.impressicocrm.com/api/tournament/119922/matches,1369,0,0
1680593996088,1797,Get knockout players list ,200,,Knock_out_Thread Group 1-467,text,true,,4598,340,172,172,https://pabsa.impressicocrm.com/api/tournament/118871/knockouts,1797,0,0
1680593996799,1094,Get single knockout Player details,200,,Knock_out_Thread Group 1-420,text,true,,1210,326,172,172,https://pabsa.impressicocrm.com/api/player/110368,1094,0,0
1680593996771,1136,Get knockout players list ,200,,Knock_out_Thread Group 1-452,text,true,,4598,340,172,172,https://pabsa.impressicocrm.com/api/tournament/118871/knockouts,1136,0,0
1680593997652,267,Home page ,200,OK,Knock_out_Thread Group 1-587,text,true,,3033,309,172,172,https://pabsa.impressicocrm.com/,267,0,204
1680593996832,1089,Get Break list ,200,,Knock_out_Thread Group 1-497,text,true,,3218,338,172,172,https://pabsa.impressicocrm.com/api/tournament/119922/players,1089,0,0
1680593997556,366,Home page ,200,OK,Knock_out_Thread Group 1-586,text,true,,3033,309,172,172,https://pabsa.impressicocrm.com/,365,0,298
1680593996583,1349,Get Players schedule,200,,Knock_out_Thread Group 1-482,text,true,,5441,338,172,172,https://pabsa.impressicocrm.com/api/tournament/119922/matches,1349,0,0
1680593996807,1152,Get Players list ,200,,Knock_out_Thread Group 1-528,text,true,,3218,338,173,173,https://pabsa.impressicocrm.com/api/tournament/119922/players,1152,0,0
1680593996341,1653,Get Players schedule,200,,Knock_out_Thread Group 1-470,text,true,,5435,338,173,173,https://pabsa.impressicocrm.com/api/tournament/119922/matches,1653,0,0
1680593996670,1333,Get tournament result,200,,Knock_out_Thread Group 1-436,text,true,,5441,338,173,173,https://pabsa.impressicocrm.com/api/tournament/119922/matches,1333,0,0
1680593995308,2705,Get Home page country ,200,,Knock_out_Thread Group 1-560,text,true,,17270,320,173,173,https://pabsa.impressicocrm.com/api/country,2705,0,0
1680593996591,1428,Get Players schedule,200,,Knock_out_Thread Group 1-475,text,true,,5441,338,173,173,https://pabsa.impressicocrm.com/api/tournament/119922/matches,1428,0,0
1680593996752,1270,Home page ,200,OK,Knock_out_Thread Group 1-578,text,true,,3033,309,173,173,https://pabsa.impressicocrm.com/,1270,0,995
1680593996347,1689,Get Players schedule,200,,Knock_out_Thread Group 1-483,text,true,,5441,338,173,173,https://pabsa.impressicocrm.com/api/tournament/119922/matches,1689,0,0
1680593996399,1674,Get single knockout Player details,200,,Knock_out_Thread Group 1-449,text,true,,1210,326,174,174,https://pabsa.impressicocrm.com/api/player/110368,1674,0,0
1680593996936,1137,Get Break list ,200,,Knock_out_Thread Group 1-510,text,true,,3218,338,174,174,https://pabsa.impressicocrm.com/api/tournament/119922/players,1137,0,0
1680593994170,3909,Get Players list ,200,,Knock_out_Thread Group 1-507,text,true,,3218,338,174,174,https://pabsa.impressicocrm.com/api/tournament/119922/players,3909,0,0
1680593996639,1440,Get Players list ,200,,Knock_out_Thread Group 1-508,text,true,,3218,338,174,174,https://pabsa.impressicocrm.com/api/tournament/119922/players,1440,0,0
1680593996427,1677,Get knockout players list ,200,,Knock_out_Thread Group 1-457,text,true,,4598,340,174,174,https://pabsa.impressicocrm.com/api/tournament/118871/knockouts,1677,0,0
1680593996878,1237,Get Players schedule,200,,Knock_out_Thread Group 1-495,text,true,,5441,338,174,174,https://pabsa.impressicocrm.com/api/tournament/119922/matches,1237,0,0
1680593997453,662,Home page ,200,OK,Knock_out_Thread Group 1-585,text,true,,3033,309,174,174,https://pabsa.impressicocrm.com/,662,0,583
1680593995891,2228,Get playerA_Vs_playerB,200,,Knock_out_Thread Group 1-408,text,true,,1239,341,174,174,https://pabsa.impressicocrm.com/api/tournament/matchScore/147598,2228,0,0
1680593997044,1083,Get single knockout Player details,200,,Knock_out_Thread Group 1-463,text,true,,1210,326,173,173,https://pabsa.impressicocrm.com/api/player/110368,1083,0,0
1680593996992,1135,Get playerA_Vs_playerB,200,,Knock_out_Thread Group 1-425,text,true,,1239,341,173,173,https://pabsa.impressicocrm.com/api/tournament/matchScore/147598,1135,0,0
1680593997008,1131,Get Home page country ,200,,Knock_out_Thread Group 1-577,text,true,,17270,320,172,172,https://pabsa.impressicocrm.com/api/country,1127,0,0
1680593996697,1444,Get Players schedule,200,,Knock_out_Thread Group 1-476,text,true,,5441,338,172,172,https://pabsa.impressicocrm.com/api/tournament/119922/matches,1444,0,0
1680593996983,1161,Get knockout players list ,200,,Knock_out_Thread Group 1-460,text,true,,4598,340,172,172,https://pabsa.impressicocrm.com/api/tournament/118871/knockouts,1161,0,0
1680593996274,1880,Get tournament result,200,,Knock_out_Thread Group 1-443,text,true,,5441,338,173,173,https://pabsa.impressicocrm.com/api/tournament/119922/matches,1880,0,0
1680593997000,1167,Get Break list ,200,,Knock_out_Thread Group 1-509,text,true,,3218,338,173,173,https://pabsa.impressicocrm.com/api/tournament/119922/players,1167,0,0
1680593996976,1224,Get tournament result,200,,Knock_out_Thread Group 1-440,text,true,,5441,338,173,173,https://pabsa.impressicocrm.com/api/tournament/119922/matches,1224,0,0
1680593997053,1147,Get Players list ,200,,Knock_out_Thread Group 1-505,text,true,,3218,338,173,173,https://pabsa.impressicocrm.com/api/tournament/119922/players,1147,0,0
1680593994280,3920,Get tournamnent list ,200,,Knock_out_Thread Group 1-535,text,true,,58880,389,173,173,https://pabsa.impressicocrm.com/api/tournament?limit=12&pageNumber=1&sportType=&tournamentName=&tournamentStyle=,1782,0,0
1680593996454,1751,Home page ,200,OK,Knock_out_Thread Group 1-575,text,true,,3033,309,173,173,https://pabsa.impressicocrm.com/,1751,0,1661
1680593994445,3770,Get tournamnent list ,200,,Knock_out_Thread Group 1-536,text,true,,58888,389,173,173,https://pabsa.impressicocrm.com/api/tournament?limit=12&pageNumber=1&sportType=&tournamentName=&tournamentStyle=,1948,0,0
1680593993881,4334,Get tournamnent list ,200,,Knock_out_Thread Group 1-529,text,true,,58880,389,173,173,https://pabsa.impressicocrm.com/api/tournament?limit=12&pageNumber=1&sportType=&tournamentName=&tournamentStyle=,2900,0,0
1680593996753,1469,Get tournament result,200,,Knock_out_Thread Group 1-454,text,true,,5441,338,173,173,https://pabsa.impressicocrm.com/api/tournament/119922/matches,1469,0,0
1680593997117,1109,Get playerA_Vs_playerB,200,,Knock_out_Thread Group 1-423,text,true,,1239,341,173,173,https://pabsa.impressicocrm.com/api/tournament/matchScore/147598,1109,0,0
1680593996734,1492,Get Home page country ,200,,Knock_out_Thread Group 1-563,text,true,,17270,320,173,173,https://pabsa.impressicocrm.com/api/country,1492,0,0
1680593996670,1561,Get Players schedule,200,,Knock_out_Thread Group 1-478,text,true,,5441,338,172,172,https://pabsa.impressicocrm.com/api/tournament/119922/matches,1561,0,0
1680593997954,280,Home page ,200,OK,Knock_out_Thread Group 1-590,text,true,,3033,309,172,172,https://pabsa.impressicocrm.com/,280,0,213
1680593997852,385,Home page ,200,OK,Knock_out_Thread Group 1-589,text,true,,3033,309,172,172,https://pabsa.impressicocrm.com/,385,0,315
1680593996795,1443,Get tournament result,200,,Knock_out_Thread Group 1-448,text,true,,5441,338,172,172,https://pabsa.impressicocrm.com/api/tournament/119922/matches,1443,0,0
1680593996652,1591,Get tournament result,200,,Knock_out_Thread Group 1-411,text,true,,5441,338,172,172,https://pabsa.impressicocrm.com/api/tournament/119922/matches,1591,0,0
1680593996756,1503,Get Home page country ,200,,Knock_out_Thread Group 1-567,text,true,,17270,320,173,173,https://pabsa.impressicocrm.com/api/country,1470,0,0
1680593993671,4596,Get tournamnent list ,200,,Knock_out_Thread Group 1-526,text,true,,58888,389,173,173,https://pabsa.impressicocrm.com/api/tournament?limit=12&pageNumber=1&sportType=&tournamentName=&tournamentStyle=,2666,0,0
1680593996942,1360,Get Players schedule,200,,Knock_out_Thread Group 1-493,text,true,,5435,338,173,173,https://pabsa.impressicocrm.com/api/tournament/119922/matches,1360,0,0
1680593994415,3888,Get Home page country ,200,,Knock_out_Thread Group 1-551,text,true,,17270,320,173,173,https://pabsa.impressicocrm.com/api/country,3888,0,0
1680593996954,1360,Home page ,200,OK,Knock_out_Thread Group 1-580,text,true,,3033,309,173,173,https://pabsa.impressicocrm.com/,1360,0,1280
1680593994350,3975,Get Home page currency,200,,Knock_out_Thread Group 1-515,text,true,,9153,321,173,173,https://pabsa.impressicocrm.com/api/currency,3975,0,0
1680593997102,1223,Get Players list ,200,,Knock_out_Thread Group 1-504,text,true,,3218,338,173,173,https://pabsa.impressicocrm.com/api/tournament/119922/players,1223,0,0
1680593996870,1471,Get Break list ,200,,Knock_out_Thread Group 1-506,text,true,,3218,338,173,173,https://pabsa.impressicocrm.com/api/tournament/119922/players,1471,0,0
1680593993746,4603,Get tournamnent list ,200,,Knock_out_Thread Group 1-521,text,true,,58880,389,173,173,https://pabsa.impressicocrm.com/api/tournament?limit=12&pageNumber=1&sportType=&tournamentName=&tournamentStyle=,2788,0,0
1680593996947,1417,Get knockout players list ,200,,Knock_out_Thread Group 1-472,text,true,,4598,340,174,174,https://pabsa.impressicocrm.com/api/tournament/118871/knockouts,1417,0,0
1680593993045,5322,Get Home page currency,200,,Knock_out_Thread Group 1-480,text,true,,9160,321,174,174,https://pabsa.impressicocrm.com/api/currency,5322,0,0
1680593997752,615,Home page ,200,OK,Knock_out_Thread Group 1-588,text,true,,3033,309,174,174,https://pabsa.impressicocrm.com/,615,0,551
1680593996224,2173,Get tournament result,200,,Knock_out_Thread Group 1-432,text,true,,5441,338,174,174,https://pabsa.impressicocrm.com/api/tournament/119922/matches,2173,0,0
1680593997244,1161,Get single knockout Player details,200,,Knock_out_Thread Group 1-471,text,true,,1210,326,174,174,https://pabsa.impressicocrm.com/api/player/110368,1161,0,0
1680593997063,1342,Get tournament result,200,,Knock_out_Thread Group 1-419,text,true,,5441,338,174,174,https://pabsa.impressicocrm.com/api/tournament/119922/matches,1342,0,0
1680593998054,361,Home page ,200,OK,Knock_out_Thread Group 1-591,text,true,,3033,309,174,174,https://pabsa.impressicocrm.com/,361,0,276
1680593997288,1180,Get playerA_Vs_playerB,200,,Knock_out_Thread Group 1-421,text,true,,1239,341,175,175,https://pabsa.impressicocrm.com/api/tournament/matchScore/147598,1180,0,0
1680593998152,319,Home page ,200,OK,Knock_out_Thread Group 1-592,text,true,,3033,309,174,174,https://pabsa.impressicocrm.com/,319,0,220
1680593996546,1928,Get Home page country ,200,,Knock_out_Thread Group 1-565,text,true,,17270,320,174,174,https://pabsa.impressicocrm.com/api/country,1925,0,0
1680593995867,2607,Get tournamnent list ,200,,Knock_out_Thread Group 1-549,text,true,,58880,389,174,174,https://pabsa.impressicocrm.com/api/tournament?limit=12&pageNumber=1&sportType=&tournamentName=&tournamentStyle=,1405,0,0
1680593997226,1258,Get Break list ,200,,Knock_out_Thread Group 1-499,text,true,,3218,338,174,174,https://pabsa.impressicocrm.com/api/tournament/119922/players,1258,0,0
1680593997280,1208,Get playerA_Vs_playerB,200,,Knock_out_Thread Group 1-433,text,true,,1239,341,174,174,https://pabsa.impressicocrm.com/api/tournament/matchScore/147598,1208,0,0
1680593996976,1521,Get Home page country ,200,,Knock_out_Thread Group 1-576,text,true,,17270,320,173,173,https://pabsa.impressicocrm.com/api/country,1518,0,0
1680593997244,1256,Get Home page country ,200,,Knock_out_Thread Group 1-579,text,true,,17270,320,173,173,https://pabsa.impressicocrm.com/api/country,1253,0,0
1680593996689,1840,Get Home page country ,200,,Knock_out_Thread Group 1-562,text,true,,17270,320,173,173,https://pabsa.impressicocrm.com/api/country,1748,0,0
1680593997181,1348,Get Players schedule,200,,Knock_out_Thread Group 1-487,text,true,,5441,338,173,173,https://pabsa.impressicocrm.com/api/tournament/119922/matches,1348,0,0
1680593997252,1288,Home page ,200,OK,Knock_out_Thread Group 1-583,text,true,,3033,309,173,173,https://pabsa.impressicocrm.com/,1288,0,1216
1680593997286,1258,Get knockout players list ,200,,Knock_out_Thread Group 1-441,text,true,,4598,340,173,173,https://pabsa.impressicocrm.com/api/tournament/118871/knockouts,1258,0,0
1680593998252,292,Home page ,200,OK,Knock_out_Thread Group 1-593,text,true,,3033,309,173,173,https://pabsa.impressicocrm.com/,292,0,225
1680593997189,1360,Get tournament result,200,,Knock_out_Thread Group 1-451,text,true,,5441,338,173,173,https://pabsa.impressicocrm.com/api/tournament/119922/matches,1360,0,0
1680593997283,1278,Get knockout players list ,200,,Knock_out_Thread Group 1-445,text,true,,4598,340,174,174,https://pabsa.impressicocrm.com/api/tournament/118871/knockouts,1278,0,0
1680593997363,1200,Get single knockout Player details,200,,Knock_out_Thread Group 1-462,text,true,,1210,326,174,174,https://pabsa.impressicocrm.com/api/player/110368,1200,0,0
1680593997172,1393,Get Players schedule,200,,Knock_out_Thread Group 1-484,text,true,,5441,338,174,174,https://pabsa.impressicocrm.com/api/tournament/119922/matches,1393,0,0
1680593997330,1254,Get playerA_Vs_playerB,200,,Knock_out_Thread Group 1-406,text,true,,1239,341,174,174,https://pabsa.impressicocrm.com/api/tournament/matchScore/147598,1254,0,0
1680593997371,1223,Get playerA_Vs_playerB,200,,Knock_out_Thread Group 1-435,text,true,,1239,341,173,173,https://pabsa.impressicocrm.com/api/tournament/matchScore/147598,1223,0,0
1680593997208,1389,Get Players schedule,200,,Knock_out_Thread Group 1-490,text,true,,5441,338,172,172,https://pabsa.impressicocrm.com/api/tournament/119922/matches,1389,0,0
1680593997202,1418,Get tournament result,200,,Knock_out_Thread Group 1-456,text,true,,5441,338,172,172,https://pabsa.impressicocrm.com/api/tournament/119922/matches,1418,0,0
1680593997318,1315,Get Break list ,200,,Knock_out_Thread Group 1-500,text,true,,3218,338,172,172,https://pabsa.impressicocrm.com/api/tournament/119922/players,1315,0,0
1680593997389,1244,Get playerA_Vs_playerB,200,,Knock_out_Thread Group 1-450,text,true,,1239,341,172,172,https://pabsa.impressicocrm.com/api/tournament/matchScore/147598,1244,0,0
1680593997103,1537,Get Home page country ,200,,Knock_out_Thread Group 1-564,text,true,,17270,320,171,171,https://pabsa.impressicocrm.com/api/country,1458,0,0
1680593997278,1366,Get Home page currency,200,,Knock_out_Thread Group 1-525,text,true,,9160,321,171,171,https://pabsa.impressicocrm.com/api/currency,1366,0,0
1680593997325,1319,Get knockout players list ,200,,Knock_out_Thread Group 1-473,text,true,,4591,340,171,171,https://pabsa.impressicocrm.com/api/tournament/118871/knockouts,1319,0,0
1680593994369,4275,Get tournamnent list ,200,,Knock_out_Thread Group 1-530,text,true,,58880,389,171,171,https://pabsa.impressicocrm.com/api/tournament?limit=12&pageNumber=1&sportType=&tournamentName=&tournamentStyle=,1885,0,0
1680593997205,1445,Get Players schedule,200,,Knock_out_Thread Group 1-492,text,true,,5441,338,171,171,https://pabsa.impressicocrm.com/api/tournament/119922/matches,1445,0,0
1680593996910,1741,Get Players schedule,200,,Knock_out_Thread Group 1-489,text,true,,5441,338,171,171,https://pabsa.impressicocrm.com/api/tournament/119922/matches,1741,0,0
1680593996313,2338,Get tournamnent list ,200,,Knock_out_Thread Group 1-554,text,true,,58888,389,171,171,https://pabsa.impressicocrm.com/api/tournament?limit=12&pageNumber=1&sportType=&tournamentName=&tournamentStyle=,1791,0,0
1680593997423,1233,Get knockout players list ,200,,Knock_out_Thread Group 1-469,text,true,,4598,340,172,172,https://pabsa.impressicocrm.com/api/tournament/118871/knockouts,1233,0,0
1680593995937,2719,Get tournamnent list ,200,,Knock_out_Thread Group 1-550,text,true,,58880,389,172,172,https://pabsa.impressicocrm.com/api/tournament?limit=12&pageNumber=1&sportType=&tournamentName=&tournamentStyle=,1267,0,0
1680593997155,1511,Get Players schedule,200,,Knock_out_Thread Group 1-486,text,true,,5435,338,172,172,https://pabsa.impressicocrm.com/api/tournament/119922/matches,1511,0,0
1680593997210,1462,Get Home page country ,200,,Knock_out_Thread Group 1-572,text,true,,17270,320,172,172,https://pabsa.impressicocrm.com/api/country,1457,0,0
1680593997155,1525,Get Home page country ,200,,Knock_out_Thread Group 1-571,text,true,,17270,320,172,172,https://pabsa.impressicocrm.com/api/country,1525,0,0
1680593996857,1827,Get tournament result,200,,Knock_out_Thread Group 1-418,text,true,,5441,338,172,172,https://pabsa.impressicocrm.com/api/tournament/119922/matches,1827,0,0
1680593995044,3646,Get single knockout Player details,200,,Knock_out_Thread Group 1-447,text,true,,1210,326,172,172,https://pabsa.impressicocrm.com/api/player/110368,3646,0,0
1680593994104,4586,Get tournamnent list ,200,,Knock_out_Thread Group 1-532,text,true,,58888,389,172,172,https://pabsa.impressicocrm.com/api/tournament?limit=12&pageNumber=1&sportType=&tournamentName=&tournamentStyle=,1863,0,0
1680593997471,1222,Get single knockout Player details,200,,Knock_out_Thread Group 1-461,text,true,,1210,326,172,172,https://pabsa.impressicocrm.com/api/player/110368,1222,0,0
1680593997422,1279,Get Home page country ,200,,Knock_out_Thread Group 1-582,text,true,,17270,320,172,172,https://pabsa.impressicocrm.com/api/country,1271,0,0
1680593997194,1510,Get tournament result,200,,Knock_out_Thread Group 1-458,text,true,,5441,338,172,172,https://pabsa.impressicocrm.com/api/tournament/119922/matches,1510,0,0
1680593996336,2372,Get tournamnent list ,200,,Knock_out_Thread Group 1-556,text,true,,58888,389,172,172,https://pabsa.impressicocrm.com/api/tournament?limit=12&pageNumber=1&sportType=&tournamentName=&tournamentStyle=,1342,0,0
1680593997403,1308,Get Players list ,200,,Knock_out_Thread Group 1-514,text,true,,3218,338,172,172,https://pabsa.impressicocrm.com/api/tournament/119922/players,1308,0,0
1680593995283,3434,Get tournamnent list ,200,,Knock_out_Thread Group 1-544,text,true,,58888,389,172,172,https://pabsa.impressicocrm.com/api/tournament?limit=12&pageNumber=1&sportType=&tournamentName=&tournamentStyle=,1596,0,0
1680593998351,368,Home page ,200,OK,Knock_out_Thread Group 1-594,text,true,,3033,309,172,172,https://pabsa.impressicocrm.com/,368,0,289
1680593994888,3842,Get tournamnent list ,200,,Knock_out_Thread Group 1-542,text,true,,58880,389,172,172,https://pabsa.impressicocrm.com/api/tournament?limit=12&pageNumber=1&sportType=&tournamentName=&tournamentStyle=,2717,0,0
1680593998651,84,Get knockout players list ,200,,Knock_out_Thread Group 1-489,text,true,,4598,340,172,172,https://pabsa.impressicocrm.com/api/tournament/118871/knockouts,83,0,0
1680593997051,1687,Home page ,200,OK,Knock_out_Thread Group 1-581,text,true,,3033,309,172,172,https://pabsa.impressicocrm.com/,1686,0,901
1680593996311,2429,Get tournamnent list ,200,,Knock_out_Thread Group 1-548,text,true,,58880,389,172,172,https://pabsa.impressicocrm.com/api/tournament?limit=12&pageNumber=1&sportType=&tournamentName=&tournamentStyle=,1828,0,0
1680593997474,1292,Get playerA_Vs_playerB,200,,Knock_out_Thread Group 1-398,text,true,,1239,341,173,173,https://pabsa.impressicocrm.com/api/tournament/matchScore/147598,1292,0,0
1680593998453,313,Home page ,200,OK,Knock_out_Thread Group 1-595,text,true,,3033,309,173,173,https://pabsa.impressicocrm.com/,313,0,240
1680593997311,1485,Get Players schedule,200,,Knock_out_Thread Group 1-496,text,true,,5441,338,172,172,https://pabsa.impressicocrm.com/api/tournament/119922/matches,1485,0,0
1680593998552,250,Home page ,200,OK,Knock_out_Thread Group 1-596,text,true,,3033,309,172,172,https://pabsa.impressicocrm.com/,250,0,191
1680593996583,2230,Get Home page country ,200,,Knock_out_Thread Group 1-573,text,true,,17270,320,172,172,https://pabsa.impressicocrm.com/api/country,2230,0,0
1680593995470,3354,Get tournamnent list ,200,,Knock_out_Thread Group 1-538,text,true,,58880,389,172,172,https://pabsa.impressicocrm.com/api/tournament?limit=12&pageNumber=1&sportType=&tournamentName=&tournamentStyle=,2609,0,0
1680593997552,1272,Get Players list ,200,,Knock_out_Thread Group 1-511,text,true,,3218,338,172,172,https://pabsa.impressicocrm.com/api/tournament/119922/players,1272,0,0
1680593998666,174,Get knockout players list ,200,,Knock_out_Thread Group 1-486,text,true,,4591,340,172,172,https://pabsa.impressicocrm.com/api/tournament/118871/knockouts,174,0,0
1680593997474,1387,Get Break list ,200,,Knock_out_Thread Group 1-502,text,true,,3218,338,173,173,https://pabsa.impressicocrm.com/api/tournament/119922/players,1387,0,0
1680593997340,1527,Get tournament result,200,,Knock_out_Thread Group 1-405,text,true,,5441,338,173,173,https://pabsa.impressicocrm.com/api/tournament/119922/matches,1527,0,0
1680593997474,1403,Get Players list ,200,,Knock_out_Thread Group 1-488,text,true,,3218,338,173,173,https://pabsa.impressicocrm.com/api/tournament/119922/players,1403,0,0
1680593997555,1390,Get Players list ,200,,Knock_out_Thread Group 1-513,text,true,,3218,338,173,173,https://pabsa.impressicocrm.com/api/tournament/119922/players,1390,0,0
1680593997555,1410,Get Break list ,200,,Knock_out_Thread Group 1-512,text,true,,3218,338,174,174,https://pabsa.impressicocrm.com/api/tournament/119922/players,1410,0,0
1680593994990,3975,Get tournamnent list ,200,,Knock_out_Thread Group 1-543,text,true,,58880,389,174,174,https://pabsa.impressicocrm.com/api/tournament?limit=12&pageNumber=1&sportType=&tournamentName=&tournamentStyle=,2175,0,0
1680593993950,5037,Get tournamnent list ,200,,Knock_out_Thread Group 1-531,text,true,,58880,389,174,174,https://pabsa.impressicocrm.com/api/tournament?limit=12&pageNumber=1&sportType=&tournamentName=&tournamentStyle=,3042,0,0
1680593995456,3556,Get playerA_Vs_playerB,200,,Knock_out_Thread Group 1-399,text,true,,1239,341,174,174,https://pabsa.impressicocrm.com/api/tournament/matchScore/147598,3556,0,0
1680593997648,1371,Get Break list ,200,,Knock_out_Thread Group 1-527,text,true,,3218,338,173,173,https://pabsa.impressicocrm.com/api/tournament/119922/players,1371,0,0
1680593997643,1382,Get playerA_Vs_playerB,200,,Knock_out_Thread Group 1-427,text,true,,1239,341,173,173,https://pabsa.impressicocrm.com/api/tournament/matchScore/147598,1382,0,0
1680593997403,1622,Get tournament result,200,,Knock_out_Thread Group 1-453,text,true,,5435,338,173,173,https://pabsa.impressicocrm.com/api/tournament/119922/matches,1622,0,0
1680593994176,4849,Get tournamnent list ,200,,Knock_out_Thread Group 1-520,text,true,,58888,389,173,173,https://pabsa.impressicocrm.com/api/tournament?limit=12&pageNumber=1&sportType=&tournamentName=&tournamentStyle=,2799,0,0
1680593997547,1496,Get tournament result,200,,Knock_out_Thread Group 1-437,text,true,,5441,338,172,172,https://pabsa.impressicocrm.com/api/tournament/119922/matches,1496,0,0
1680593997727,1336,Get playerA_Vs_playerB,200,,Knock_out_Thread Group 1-442,text,true,,1239,341,173,173,https://pabsa.impressicocrm.com/api/tournament/matchScore/147598,1336,0,0
1680593997628,1454,Get Home page currency,200,,Knock_out_Thread Group 1-534,text,true,,9160,321,172,172,https://pabsa.impressicocrm.com/api/currency,1454,0,0
1680593997271,1819,Get tournamnent list ,200,,Knock_out_Thread Group 1-570,text,true,,58865,389,172,172,https://pabsa.impressicocrm.com/api/tournament?limit=12&pageNumber=1&sportType=&tournamentName=&tournamentStyle=,1530,0,0
1680593997681,1433,Get Home page country ,200,,Knock_out_Thread Group 1-584,text,true,,17270,320,172,172,https://pabsa.impressicocrm.com/api/country,1433,0,0
1680593996959,2157,Get tournamnent list ,200,,Knock_out_Thread Group 1-540,text,true,,58880,389,172,172,https://pabsa.impressicocrm.com/api/tournament?limit=12&pageNumber=1&sportType=&tournamentName=&tournamentStyle=,1338,0,0
1680593998852,273,Home page ,200,OK,Knock_out_Thread Group 1-599,text,true,,3033,309,172,172,https://pabsa.impressicocrm.com/,272,0,209
1680593997565,1563,Get Players schedule,200,,Knock_out_Thread Group 1-466,text,true,,5435,338,172,172,https://pabsa.impressicocrm.com/api/tournament/119922/matches,1563,0,0
1680593997732,1405,Get playerA_Vs_playerB,200,,Knock_out_Thread Group 1-426,text,true,,1239,341,172,172,https://pabsa.impressicocrm.com/api/tournament/matchScore/147598,1405,0,0
1680593997469,1679,Get knockout players list ,200,,Knock_out_Thread Group 1-464,text,true,,4598,340,171,171,https://pabsa.impressicocrm.com/api/tournament/118871/knockouts,1679,0,0
1680593997442,1722,Get Break list ,200,,Knock_out_Thread Group 1-485,text,true,,3218,338,172,172,https://pabsa.impressicocrm.com/api/tournament/119922/players,1722,0,0
1680593997702,1491,Get Home page currency,200,,Knock_out_Thread Group 1-533,text,true,,9153,321,172,172,https://pabsa.impressicocrm.com/api/currency,1491,0,0
1680593998653,540,Home page ,200,OK,Knock_out_Thread Group 1-597,text,true,,3033,309,172,172,https://pabsa.impressicocrm.com/,540,0,479
1680593997722,1471,Get Players list ,200,,Knock_out_Thread Group 1-503,text,true,,3218,338,172,172,https://pabsa.impressicocrm.com/api/tournament/119922/players,1471,0,0
1680593997747,1457,Get single knockout Player details,200,,Knock_out_Thread Group 1-468,text,true,,1210,326,172,172,https://pabsa.impressicocrm.com/api/player/110368,1457,0,0
1680593997627,1580,Get single knockout Player details,200,,Knock_out_Thread Group 1-477,text,true,,1210,326,172,172,https://pabsa.impressicocrm.com/api/player/110368,1580,0,0
1680593997214,1996,Get Home page country ,200,,Knock_out_Thread Group 1-568,text,true,,17270,320,172,172,https://pabsa.impressicocrm.com/api/country,1908,0,0
1680593997755,1462,Get playerA_Vs_playerB,200,,Knock_out_Thread Group 1-424,text,true,,1239,341,172,172,https://pabsa.impressicocrm.com/api/tournament/matchScore/147598,1462,0,0
1680593997781,1436,Get knockout players list ,200,,Knock_out_Thread Group 1-498,text,true,,4598,340,172,172,https://pabsa.impressicocrm.com/api/tournament/118871/knockouts,1436,0,0
1680593998952,273,Home page ,200,OK,Knock_out_Thread Group 1-600,text,true,,3033,309,171,171,https://pabsa.impressicocrm.com/,273,0,197
1680593997690,1561,Get Break list ,200,,Knock_out_Thread Group 1-494,text,true,,3218,338,171,171,https://pabsa.impressicocrm.com/api/tournament/119922/players,1561,0,0
1680593997877,1388,Get playerA_Vs_playerB,200,,Knock_out_Thread Group 1-446,text,true,,1239,341,172,172,https://pabsa.impressicocrm.com/api/tournament/matchScore/147598,1388,0,0
1680593997908,1362,Get single knockout Player details,200,,Knock_out_Thread Group 1-452,text,true,,1210,326,171,171,https://pabsa.impressicocrm.com/api/player/110368,1362,0,0
1680593997781,1509,Get Home page currency,200,,Knock_out_Thread Group 1-519,text,true,,9160,321,171,171,https://pabsa.impressicocrm.com/api/currency,1509,0,0
1680593997885,1412,Get single knockout Player details,200,,Knock_out_Thread Group 1-467,text,true,,1210,326,171,171,https://pabsa.impressicocrm.com/api/player/110368,1412,0,0
1680593997662,1640,Get tournament result,200,,Knock_out_Thread Group 1-444,text,true,,5441,338,171,171,https://pabsa.impressicocrm.com/api/tournament/119922/matches,1640,0,0
1680593994104,5204,Get tournamnent list ,200,,Knock_out_Thread Group 1-522,text,true,,58888,389,171,171,https://pabsa.impressicocrm.com/api/tournament?limit=12&pageNumber=1&sportType=&tournamentName=&tournamentStyle=,4589,0,0
1680593998500,808,Get tournamnent list ,200,,Knock_out_Thread Group 1-579,text,true,,58880,389,171,171,https://pabsa.impressicocrm.com/api/tournament?limit=12&pageNumber=1&sportType=&tournamentName=&tournamentStyle=,547,0,0
1680593997865,1448,Get knockout players list ,200,,Knock_out_Thread Group 1-481,text,true,,4598,340,171,171,https://pabsa.impressicocrm.com/api/tournament/118871/knockouts,1448,0,0
1680593997920,1422,Get Home page country ,200,,Knock_out_Thread Group 1-587,text,true,,17255,320,171,171,https://pabsa.impressicocrm.com/api/country,1413,0,0
1680593997784,1559,Get Home page currency,200,,Knock_out_Thread Group 1-541,text,true,,9153,321,171,171,https://pabsa.impressicocrm.com/api/currency,1559,0,0
1680593999313,73,Get single knockout Player details,200,,Knock_out_Thread Group 1-481,text,true,,1210,326,172,172,https://pabsa.impressicocrm.com/api/player/110368,73,0,0
1680593997758,1674,Get Home page currency,200,,Knock_out_Thread Group 1-523,text,true,,9160,321,172,172,https://pabsa.impressicocrm.com/api/currency,1674,0,0
1680593997933,1510,Get knockout players list ,200,,Knock_out_Thread Group 1-482,text,true,,4598,340,172,172,https://pabsa.impressicocrm.com/api/tournament/118871/knockouts,1510,0,0
1680593998004,1446,Get playerA_Vs_playerB,200,,Knock_out_Thread Group 1-436,text,true,,1239,341,172,172,https://pabsa.impressicocrm.com/api/tournament/matchScore/147598,1446,0,0
1680593997871,1579,Get Home page currency,200,,Knock_out_Thread Group 1-516,text,true,,9153,321,172,172,https://pabsa.impressicocrm.com/api/currency,1579,0,0
1680593997833,1617,Get Home page currency,200,,Knock_out_Thread Group 1-517,text,true,,9160,321,172,172,https://pabsa.impressicocrm.com/api/currency,1617,0,0
1680593999153,300,Home page ,200,OK,Knock_out_Thread Group 1-602,text,true,,3033,309,172,172,https://pabsa.impressicocrm.com/,300,0,233
1680593998037,1420,Get knockout players list ,200,,Knock_out_Thread Group 1-483,text,true,,4598,340,172,172,https://pabsa.impressicocrm.com/api/tournament/118871/knockouts,1420,0,0
1680593998104,1354,Get single knockout Player details,200,,Knock_out_Thread Group 1-457,text,true,,1210,326,172,172,https://pabsa.impressicocrm.com/api/player/110368,1354,0,0
1680593997025,2439,Get tournamnent list ,200,,Knock_out_Thread Group 1-552,text,true,,58880,389,172,172,https://pabsa.impressicocrm.com/api/tournament?limit=12&pageNumber=1&sportType=&tournamentName=&tournamentStyle=,1705,0,0
1680593997830,1644,Get tournament result,200,,Knock_out_Thread Group 1-459,text,true,,5441,338,172,172,https://pabsa.impressicocrm.com/api/tournament/119922/matches,1644,0,0
1680593998752,726,Home page ,200,OK,Knock_out_Thread Group 1-598,text,true,,3033,309,172,172,https://pabsa.impressicocrm.com/,726,0,639
1680593998115,1367,Get knockout players list ,200,,Knock_out_Thread Group 1-495,text,true,,4598,340,172,172,https://pabsa.impressicocrm.com/api/tournament/118871/knockouts,1367,0,0
1680593998144,1347,Get single knockout Player details,200,,Knock_out_Thread Group 1-460,text,true,,1210,326,172,172,https://pabsa.impressicocrm.com/api/player/110368,1347,0,0
1680593997994,1500,Get knockout players list ,200,,Knock_out_Thread Group 1-470,text,true,,4598,340,172,172,https://pabsa.impressicocrm.com/api/tournament/118871/knockouts,1500,0,0
1680593997758,1776,Get tournament result,200,,Knock_out_Thread Group 1-439,text,true,,5441,338,172,172,https://pabsa.impressicocrm.com/api/tournament/119922/matches,1776,0,0
1680593998154,1390,Get playerA_Vs_playerB,200,,Knock_out_Thread Group 1-443,text,true,,1239,341,172,172,https://pabsa.impressicocrm.com/api/tournament/matchScore/147598,1390,0,0
1680593998079,1472,Get Break list ,200,,Knock_out_Thread Group 1-507,text,true,,3218,338,171,171,https://pabsa.impressicocrm.com/api/tournament/119922/players,1472,0,0
1680593998116,1442,Get Home page country ,200,,Knock_out_Thread Group 1-585,text,true,,17270,320,172,172,https://pabsa.impressicocrm.com/api/country,1438,0,0
1680593997389,2173,Get tournamnent list ,200,,Knock_out_Thread Group 1-537,text,true,,58880,389,172,172,https://pabsa.impressicocrm.com/api/tournament?limit=12&pageNumber=1&sportType=&tournamentName=&tournamentStyle=,1686,0,0
1680593999052,513,Home page ,200,OK,Knock_out_Thread Group 1-601,text,true,,3033,309,172,172,https://pabsa.impressicocrm.com/,513,0,250
1680593997801,1768,Get tournament result,200,,Knock_out_Thread Group 1-455,text,true,,5441,338,172,172,https://pabsa.impressicocrm.com/api/tournament/119922/matches,1768,0,0
1680593998680,891,Get tournamnent list ,200,,Knock_out_Thread Group 1-571,text,true,,58880,389,172,172,https://pabsa.impressicocrm.com/api/tournament?limit=12&pageNumber=1&sportType=&tournamentName=&tournamentStyle=,415,0,0
1680593997619,1964,Get Players schedule,200,,Knock_out_Thread Group 1-491,text,true,,5435,338,172,172,https://pabsa.impressicocrm.com/api/tournament/119922/matches,1964,0,0
1680593997922,1664,Get Home page country ,200,,Knock_out_Thread Group 1-586,text,true,,17270,320,172,172,https://pabsa.impressicocrm.com/api/country,1664,0,0
1680593998127,1461,Get tournament result,200,,Knock_out_Thread Group 1-463,text,true,,5441,338,172,172,https://pabsa.impressicocrm.com/api/tournament/119922/matches,1461,0,0
1680593998215,1412,Get Home page currency,200,,Knock_out_Thread Group 1-529,text,true,,9160,321,172,172,https://pabsa.impressicocrm.com/api/currency,1412,0,0
1680593998200,1427,Get playerA_Vs_playerB,200,,Knock_out_Thread Group 1-440,text,true,,1239,341,172,172,https://pabsa.impressicocrm.com/api/tournament/matchScore/147598,1427,0,0
1680593997793,1840,Get Players schedule,200,,Knock_out_Thread Group 1-474,text,true,,5441,338,171,171,https://pabsa.impressicocrm.com/api/tournament/119922/matches,1840,0,0
1680593998238,1395,Get playerA_Vs_playerB,200,,Knock_out_Thread Group 1-448,text,true,,1239,341,171,171,https://pabsa.impressicocrm.com/api/tournament/matchScore/147598,1395,0,0
1680593997959,1674,Get Break list ,200,,Knock_out_Thread Group 1-528,text,true,,3218,338,171,171,https://pabsa.impressicocrm.com/api/tournament/119922/players,1674,0,0
1680593998141,1492,Get knockout players list ,200,,Knock_out_Thread Group 1-476,text,true,,4591,340,171,171,https://pabsa.impressicocrm.com/api/tournament/118871/knockouts,1492,0,0
1680593998079,1558,Get Break list ,200,,Knock_out_Thread Group 1-508,text,true,,3218,338,170,170,https://pabsa.impressicocrm.com/api/tournament/119922/players,1558,0,0
1680593998234,1406,Get Home page country ,200,,Knock_out_Thread Group 1-590,text,true,,17270,320,170,170,https://pabsa.impressicocrm.com/api/country,1403,0,0
1680593997922,1720,Get Players schedule,200,,Knock_out_Thread Group 1-497,text,true,,5441,338,170,170,https://pabsa.impressicocrm.com/api/tournament/119922/matches,1720,0,0
1680593998205,1438,Get Home page country ,200,,Knock_out_Thread Group 1-575,text,true,,17270,320,170,170,https://pabsa.impressicocrm.com/api/country,1438,0,0
1680593998303,1348,Get knockout players list ,200,,Knock_out_Thread Group 1-493,text,true,,4598,340,170,170,https://pabsa.impressicocrm.com/api/tournament/118871/knockouts,1347,0,0
1680593999479,177,Get Home page country ,200,,Knock_out_Thread Group 1-598,text,true,,17270,320,171,171,https://pabsa.impressicocrm.com/api/country,172,0,0
1680593997893,1768,Get tournament result,200,,Knock_out_Thread Group 1-420,text,true,,5441,338,171,171,https://pabsa.impressicocrm.com/api/tournament/119922/matches,1768,0,0
1680593998223,1470,Get playerA_Vs_playerB,200,,Knock_out_Thread Group 1-454,text,true,,1239,341,171,171,https://pabsa.impressicocrm.com/api/tournament/matchScore/147598,1470,0,0
1680593998200,1502,Get Home page currency,200,,Knock_out_Thread Group 1-535,text,true,,9160,321,170,170,https://pabsa.impressicocrm.com/api/currency,1502,0,0
1680593998073,1635,Get Players schedule,200,,Knock_out_Thread Group 1-510,text,true,,5441,338,170,170,https://pabsa.impressicocrm.com/api/tournament/119922/matches,1635,0,0
1680593999252,461,Home page ,200,OK,Knock_out_Thread Group 1-603,text,true,,3033,309,170,170,https://pabsa.impressicocrm.com/,461,0,381
1680593998365,1365,Get single knockout Player details,200,,Knock_out_Thread Group 1-472,text,true,,1210,326,170,170,https://pabsa.impressicocrm.com/api/player/110368,1365,0,0
1680593998200,1530,Get Break list ,200,,Knock_out_Thread Group 1-505,text,true,,3218,338,170,170,https://pabsa.impressicocrm.com/api/tournament/119922/players,1530,0,0
1680593998243,1501,Get playerA_Vs_playerB,200,,Knock_out_Thread Group 1-411,text,true,,1239,341,170,170,https://pabsa.impressicocrm.com/api/tournament/matchScore/147598,1501,0,0
1680593999352,399,Home page ,200,OK,Knock_out_Thread Group 1-604,text,true,,3033,309,169,169,https://pabsa.impressicocrm.com/,399,0,304
1680593998315,1468,Get Home page country ,200,,Knock_out_Thread Group 1-580,text,true,,17270,320,170,170,https://pabsa.impressicocrm.com/api/country,1468,0,0
1680593998405,1378,Get playerA_Vs_playerB,200,,Knock_out_Thread Group 1-419,text,true,,1239,341,170,170,https://pabsa.impressicocrm.com/api/tournament/matchScore/147598,1378,0,0
1680593999453,330,Home page ,200,OK,Knock_out_Thread Group 1-605,text,true,,3033,309,170,170,https://pabsa.impressicocrm.com/,330,0,252
1680593997871,1929,Get Home page currency,200,,Knock_out_Thread Group 1-518,text,true,,9160,321,169,169,https://pabsa.impressicocrm.com/api/currency,1929,0,0
1680593998022,1799,Get Home page country ,200,,Knock_out_Thread Group 1-578,text,true,,17270,320,169,169,https://pabsa.impressicocrm.com/api/country,1708,0,0
1680593998397,1431,Get playerA_Vs_playerB,200,,Knock_out_Thread Group 1-432,text,true,,1239,341,169,169,https://pabsa.impressicocrm.com/api/tournament/matchScore/147598,1431,0,0
1680593998326,1502,Get Players list ,200,,Knock_out_Thread Group 1-515,text,true,,3218,338,169,169,https://pabsa.impressicocrm.com/api/tournament/119922/players,1502,0,0
1680593998349,1506,Get Home page currency,200,,Knock_out_Thread Group 1-521,text,true,,9153,321,169,169,https://pabsa.impressicocrm.com/api/currency,1506,0,0
1680593998231,1639,Get knockout players list ,200,,Knock_out_Thread Group 1-478,text,true,,4598,340,169,169,https://pabsa.impressicocrm.com/api/tournament/118871/knockouts,1639,0,0
1680593998529,1354,Get knockout players list ,200,,Knock_out_Thread Group 1-487,text,true,,4598,340,169,169,https://pabsa.impressicocrm.com/api/tournament/118871/knockouts,1354,0,0
1680593999552,357,Home page ,200,OK,Knock_out_Thread Group 1-606,text,true,,3033,309,169,169,https://pabsa.impressicocrm.com/,357,0,265
1680593999651,262,Home page ,200,OK,Knock_out_Thread Group 1-607,text,true,,3033,309,169,169,https://pabsa.impressicocrm.com/,262,0,196
1680593998545,1370,Get single knockout Player details,200,,Knock_out_Thread Group 1-441,text,true,,1210,326,169,169,https://pabsa.impressicocrm.com/api/player/110368,1370,0,0
1680593997678,2274,Get Players schedule,200,,Knock_out_Thread Group 1-501,text,true,,5441,338,169,169,https://pabsa.impressicocrm.com/api/tournament/119922/matches,2274,0,0
1680593998566,1390,Get knockout players list ,200,,Knock_out_Thread Group 1-484,text,true,,4598,340,169,169,https://pabsa.impressicocrm.com/api/tournament/118871/knockouts,1390,0,0
1680593998545,1429,Get Home page country ,200,,Knock_out_Thread Group 1-593,text,true,,17270,320,170,170,https://pabsa.impressicocrm.com/api/country,1429,0,0
1680593999308,686,Get Home page currency,200,,Knock_out_Thread Group 1-579,text,true,,9153,321,170,170,https://pabsa.impressicocrm.com/api/currency,686,0,0
1680593998650,1361,Get knockout players list ,200,,Knock_out_Thread Group 1-492,text,true,,4598,340,170,170,https://pabsa.impressicocrm.com/api/tournament/118871/knockouts,1361,0,0
1680593998621,1399,Get playerA_Vs_playerB,200,,Knock_out_Thread Group 1-456,text,true,,1239,341,170,170,https://pabsa.impressicocrm.com/api/tournament/matchScore/147598,1399,0,0
1680593998644,1399,Get single knockout Player details,200,,Knock_out_Thread Group 1-473,text,true,,1210,326,169,169,https://pabsa.impressicocrm.com/api/player/110368,1399,0,0
1680593998073,1975,Get tournament result,200,,Knock_out_Thread Group 1-449,text,true,,5435,338,169,169,https://pabsa.impressicocrm.com/api/tournament/119922/matches,1975,0,0
1680593997611,2445,Get tournamnent list ,200,,Knock_out_Thread Group 1-546,text,true,,58865,389,170,170,https://pabsa.impressicocrm.com/api/tournament?limit=12&pageNumber=1&sportType=&tournamentName=&tournamentStyle=,1596,0,0
1680593998167,1909,Get Players schedule,200,,Knock_out_Thread Group 1-509,text,true,,5441,338,170,170,https://pabsa.impressicocrm.com/api/tournament/119922/matches,1909,0,0
1680593997547,2529,Get single knockout Player details,200,,Knock_out_Thread Group 1-465,text,true,,1210,326,170,170,https://pabsa.impressicocrm.com/api/player/110368,2529,0,0
1680593998405,1694,Get tournament result,200,,Knock_out_Thread Group 1-471,text,true,,5441,338,170,170,https://pabsa.impressicocrm.com/api/tournament/119922/matches,1694,0,0
1680593998484,1656,Get Players schedule,200,,Knock_out_Thread Group 1-499,text,true,,5441,338,170,170,https://pabsa.impressicocrm.com/api/tournament/119922/matches,1656,0,0
1680593998685,1467,Get playerA_Vs_playerB,200,,Knock_out_Thread Group 1-418,text,true,,1239,341,171,171,https://pabsa.impressicocrm.com/api/tournament/matchScore/147598,1467,0,0
1680593998267,1885,Get Home page currency,200,,Knock_out_Thread Group 1-526,text,true,,9160,321,171,171,https://pabsa.impressicocrm.com/api/currency,1885,0,0
1680593998644,1508,Get Players list ,200,,Knock_out_Thread Group 1-525,text,true,,3218,338,171,171,https://pabsa.impressicocrm.com/api/tournament/119922/players,1508,0,0
1680593997639,2513,Get tournamnent list ,200,,Knock_out_Thread Group 1-569,text,true,,58880,389,171,171,https://pabsa.impressicocrm.com/api/tournament?limit=12&pageNumber=1&sportType=&tournamentName=&tournamentStyle=,1843,0,0
1680593997403,2786,Get Players schedule,200,,Knock_out_Thread Group 1-479,text,true,,5441,338,170,170,https://pabsa.impressicocrm.com/api/tournament/119922/matches,2786,0,0
1680593998652,1539,Get Home page currency,200,,Knock_out_Thread Group 1-554,text,true,,9153,321,170,170,https://pabsa.impressicocrm.com/api/currency,1539,0,0
1680593998656,1539,Get Home page currency,200,,Knock_out_Thread Group 1-550,text,true,,9160,321,170,170,https://pabsa.impressicocrm.com/api/currency,1539,0,0
1680593998474,1732,Get Home page currency,200,,Knock_out_Thread Group 1-549,text,true,,9160,321,170,170,https://pabsa.impressicocrm.com/api/currency,1732,0,0
1680593999853,357,Home page ,200,OK,Knock_out_Thread Group 1-609,text,true,,3033,309,170,170,https://pabsa.impressicocrm.com/,357,0,279
1680593999959,267,Home page ,200,OK,Knock_out_Thread Group 1-610,text,true,,3033,309,170,170,https://pabsa.impressicocrm.com/,267,0,199
1680593998633,1622,Get Players schedule,200,,Knock_out_Thread Group 1-500,text,true,,5441,338,171,171,https://pabsa.impressicocrm.com/api/tournament/119922/matches,1622,0,0
1680593998597,1659,Get knockout players list ,200,,Knock_out_Thread Group 1-490,text,true,,4591,340,171,171,https://pabsa.impressicocrm.com/api/tournament/118871/knockouts,1659,0,0
1680593998561,1700,Get single knockout Player details,200,,Knock_out_Thread Group 1-445,text,true,,1210,326,171,171,https://pabsa.impressicocrm.com/api/player/110368,1700,0,0
1680593998549,1712,Get playerA_Vs_playerB,200,,Knock_out_Thread Group 1-451,text,true,,1239,341,171,171,https://pabsa.impressicocrm.com/api/tournament/matchScore/147598,1712,0,0
1680593998840,1465,Get single knockout Player details,200,,Knock_out_Thread Group 1-486,text,true,,1210,326,170,170,https://pabsa.impressicocrm.com/api/player/110368,1465,0,0
1680593998720,1611,Get Home page country ,200,,Knock_out_Thread Group 1-594,text,true,,17270,320,170,170,https://pabsa.impressicocrm.com/api/country,1611,0,0
1680593998708,1651,Get Home page currency,200,,Knock_out_Thread Group 1-556,text,true,,9153,321,171,171,https://pabsa.impressicocrm.com/api/currency,1651,0,0
1680593998656,1716,Get single knockout Player details,200,,Knock_out_Thread Group 1-469,text,true,,1210,326,171,171,https://pabsa.impressicocrm.com/api/player/110368,1716,0,0
1680593997376,2996,Get tournamnent list ,200,,Knock_out_Thread Group 1-555,text,true,,58888,389,171,171,https://pabsa.impressicocrm.com/api/tournament?limit=12&pageNumber=1&sportType=&tournamentName=&tournamentStyle=,1979,0,0
1680593998796,1577,Get knockout players list ,200,,Knock_out_Thread Group 1-496,text,true,,4598,340,171,171,https://pabsa.impressicocrm.com/api/tournament/118871/knockouts,1577,0,0
1680593998341,2065,Get Players schedule,200,,Knock_out_Thread Group 1-506,text,true,,5441,338,171,171,https://pabsa.impressicocrm.com/api/tournament/119922/matches,2065,0,0
1680593998825,1581,Get Break list ,200,,Knock_out_Thread Group 1-511,text,true,,3218,338,171,171,https://pabsa.impressicocrm.com/api/tournament/119922/players,1581,0,0
1680593998367,2040,Get Players list ,200,,Knock_out_Thread Group 1-480,text,true,,3218,338,171,171,https://pabsa.impressicocrm.com/api/tournament/119922/players,2040,0,0
1680593998740,1671,Get Home page currency,200,,Knock_out_Thread Group 1-548,text,true,,9160,321,171,171,https://pabsa.impressicocrm.com/api/currency,1671,0,0
1680593998868,1547,Get playerA_Vs_playerB,200,,Knock_out_Thread Group 1-405,text,true,,1239,341,171,171,https://pabsa.impressicocrm.com/api/tournament/matchScore/147598,1547,0,0
1680593998326,2094,Get Break list ,200,,Knock_out_Thread Group 1-504,text,true,,3218,338,170,170,https://pabsa.impressicocrm.com/api/tournament/119922/players,2094,0,0
1680593998690,1740,Get tournament result,200,,Knock_out_Thread Group 1-447,text,true,,5441,338,170,170,https://pabsa.impressicocrm.com/api/tournament/119922/matches,1740,0,0
1680593999025,1408,Get playerA_Vs_playerB,200,,Knock_out_Thread Group 1-453,text,true,,1239,341,170,170,https://pabsa.impressicocrm.com/api/tournament/matchScore/147598,1408,0,0
1680593998767,1675,Get Home page country ,200,,Knock_out_Thread Group 1-595,text,true,,17255,320,169,169,https://pabsa.impressicocrm.com/api/country,1605,0,0
1680593998945,1511,Get Break list ,200,,Knock_out_Thread Group 1-513,text,true,,3218,338,170,170,https://pabsa.impressicocrm.com/api/tournament/119922/players,1511,0,0
1680593999148,1316,Get single knockout Player details,200,,Knock_out_Thread Group 1-464,text,true,,1210,326,170,170,https://pabsa.impressicocrm.com/api/player/110368,1316,0,0
1680593998712,1756,Get Break list ,200,,Knock_out_Thread Group 1-514,text,true,,3218,338,170,170,https://pabsa.impressicocrm.com/api/tournament/119922/players,1756,0,0
1680593998367,2102,Get Home page country ,200,,Knock_out_Thread Group 1-588,text,true,,17255,320,170,170,https://pabsa.impressicocrm.com/api/country,2101,0,0
1680593999044,1432,Get playerA_Vs_playerB,200,,Knock_out_Thread Group 1-437,text,true,,1239,341,170,170,https://pabsa.impressicocrm.com/api/tournament/matchScore/147598,1432,0,0
1680593999128,1355,Get knockout players list ,200,,Knock_out_Thread Group 1-466,text,true,,4598,340,169,169,https://pabsa.impressicocrm.com/api/tournament/118871/knockouts,1355,0,0
1680593997305,3178,Get tournamnent list ,200,,Knock_out_Thread Group 1-553,text,true,,58880,389,169,169,https://pabsa.impressicocrm.com/api/tournament?limit=12&pageNumber=1&sportType=&tournamentName=&tournamentStyle=,1624,0,0
1680593998645,1842,Get Home page currency,200,,Knock_out_Thread Group 1-530,text,true,,9160,321,169,169,https://pabsa.impressicocrm.com/api/currency,1842,0,0
1680593998802,1691,Get Home page country ,200,,Knock_out_Thread Group 1-596,text,true,,17255,320,169,169,https://pabsa.impressicocrm.com/api/country,1691,0,0
1680593999125,1375,Get Home page country ,200,,Knock_out_Thread Group 1-599,text,true,,17270,320,169,169,https://pabsa.impressicocrm.com/api/country,1373,0,0
1680593999218,1300,Get single knockout Player details,200,,Knock_out_Thread Group 1-498,text,true,,1210,326,169,169,https://pabsa.impressicocrm.com/api/player/110368,1300,0,0
1680594000052,481,Home page ,200,OK,Knock_out_Thread Group 1-611,text,true,,3033,309,169,169,https://pabsa.impressicocrm.com/,480,0,402
1680593999082,1464,Get Players list ,200,,Knock_out_Thread Group 1-534,text,true,,3218,338,169,169,https://pabsa.impressicocrm.com/api/tournament/119922/players,1464,0,0
1680593998139,2415,Get tournamnent list ,200,,Knock_out_Thread Group 1-577,text,true,,58880,389,170,170,https://pabsa.impressicocrm.com/api/tournament?limit=12&pageNumber=1&sportType=&tournamentName=&tournamentStyle=,1591,0,0
1680593999193,1372,Get Players list ,200,,Knock_out_Thread Group 1-533,text,true,,3218,338,170,170,https://pabsa.impressicocrm.com/api/tournament/119922/players,1372,0,0
1680593998735,1841,Get single knockout Player details,200,,Knock_out_Thread Group 1-489,text,true,,1210,326,170,170,https://pabsa.impressicocrm.com/api/player/110368,1841,0,0
1680593999019,1563,Get Players schedule,200,,Knock_out_Thread Group 1-527,text,true,,5441,338,170,170,https://pabsa.impressicocrm.com/api/tournament/119922/matches,1563,0,0
1680593998965,1624,Get Players schedule,200,,Knock_out_Thread Group 1-512,text,true,,5441,338,170,170,https://pabsa.impressicocrm.com/api/tournament/119922/matches,1624,0,0
1680593997581,3026,Get tournamnent list ,200,,Knock_out_Thread Group 1-559,text,true,,58880,389,170,170,https://pabsa.impressicocrm.com/api/tournament?limit=12&pageNumber=1&sportType=&tournamentName=&tournamentStyle=,1953,0,0
1680593997732,2875,Get tournamnent list ,200,,Knock_out_Thread Group 1-574,text,true,,58865,389,170,170,https://pabsa.impressicocrm.com/api/tournament?limit=12&pageNumber=1&sportType=&tournamentName=&tournamentStyle=,1924,0,0
1680593992853,7763,Home page ,200,OK,Knock_out_Thread Group 1-539,text,true,,3033,309,170,170,https://pabsa.impressicocrm.com/,7763,0,7657
1680593999116,1508,Get Home page currency,200,,Knock_out_Thread Group 1-540,text,true,,9153,321,170,170,https://pabsa.impressicocrm.com/api/currency,1508,0,0
1680593999193,1449,Get Break list ,200,,Knock_out_Thread Group 1-503,text,true,,3218,338,170,170,https://pabsa.impressicocrm.com/api/tournament/119922/players,1449,0,0
1680593999225,1434,Get Home page country ,200,,Knock_out_Thread Group 1-600,text,true,,17270,320,171,171,https://pabsa.impressicocrm.com/api/country,1432,0,0
1680593998690,1977,Get Home page currency,200,,Knock_out_Thread Group 1-532,text,true,,9153,321,171,171,https://pabsa.impressicocrm.com/api/currency,1977,0,0
1680593998825,1848,Get Home page currency,200,,Knock_out_Thread Group 1-538,text,true,,9160,321,171,171,https://pabsa.impressicocrm.com/api/currency,1848,0,0
1680594000353,347,Home page ,200,OK,Knock_out_Thread Group 1-614,text,true,,3033,309,171,171,https://pabsa.impressicocrm.com/,347,0,263
1680593998877,1831,Get Break list ,200,,Knock_out_Thread Group 1-488,text,true,,3218,338,171,171,https://pabsa.impressicocrm.com/api/tournament/119922/players,1831,0,0
1680593998717,1996,Get Home page currency,200,,Knock_out_Thread Group 1-544,text,true,,9160,321,171,171,https://pabsa.impressicocrm.com/api/currency,1995,0,0
1680593998693,2020,Get tournament result,200,,Knock_out_Thread Group 1-461,text,true,,5441,338,171,171,https://pabsa.impressicocrm.com/api/tournament/119922/matches,2019,0,0
1680593999302,1423,Get playerA_Vs_playerB,200,,Knock_out_Thread Group 1-444,text,true,,1239,341,171,171,https://pabsa.impressicocrm.com/api/tournament/matchScore/147598,1423,0,0
1680593998227,2504,Get tournamnent list ,200,,Knock_out_Thread Group 1-563,text,true,,58880,389,170,170,https://pabsa.impressicocrm.com/api/tournament?limit=12&pageNumber=1&sportType=&tournamentName=&tournamentStyle=,1867,0,0
1680593998237,2494,Get Home page country ,200,,Knock_out_Thread Group 1-589,text,true,,17270,320,170,170,https://pabsa.impressicocrm.com/api/country,2494,0,0
1680593998564,2176,Get tournament result,200,,Knock_out_Thread Group 1-462,text,true,,5435,338,170,170,https://pabsa.impressicocrm.com/api/tournament/119922/matches,2176,0,0
1680594000153,593,Home page ,200,OK,Knock_out_Thread Group 1-612,text,true,,3033,309,170,170,https://pabsa.impressicocrm.com/,593,0,522
1680593999091,1675,Get Home page currency,200,,Knock_out_Thread Group 1-570,text,true,,9160,321,171,171,https://pabsa.impressicocrm.com/api/currency,1675,0,0
1680594000452,347,Home page ,200,OK,Knock_out_Thread Group 1-615,text,true,,3033,309,171,171,https://pabsa.impressicocrm.com/,346,0,248
1680593999444,1364,Get single knockout Player details,200,,Knock_out_Thread Group 1-482,text,true,,1210,326,171,171,https://pabsa.impressicocrm.com/api/player/110368,1364,0,0
1680593999308,1500,Get Home page currency,200,,Knock_out_Thread Group 1-522,text,true,,9160,321,171,171,https://pabsa.impressicocrm.com/api/currency,1500,0,0
1680593999457,1351,Get single knockout Player details,200,,Knock_out_Thread Group 1-483,text,true,,1210,326,171,171,https://pabsa.impressicocrm.com/api/player/110368,1351,0,0
1680593999343,1465,Get Players list ,200,,Knock_out_Thread Group 1-541,text,true,,3218,338,171,171,https://pabsa.impressicocrm.com/api/tournament/119922/players,1465,0,0
1680593999208,1606,Get tournament result,200,,Knock_out_Thread Group 1-477,text,true,,5441,338,171,171,https://pabsa.impressicocrm.com/api/tournament/119922/matches,1606,0,0
1680593998303,2531,Get tournamnent list ,200,,Knock_out_Thread Group 1-551,text,true,,58888,389,171,171,https://pabsa.impressicocrm.com/api/tournament?limit=12&pageNumber=1&sportType=&tournamentName=&tournamentStyle=,1908,0,0
1680593999482,1371,Get single knockout Player details,200,,Knock_out_Thread Group 1-495,text,true,,1210,326,172,172,https://pabsa.impressicocrm.com/api/player/110368,1371,0,0
1680593999270,1591,Get tournament result,200,,Knock_out_Thread Group 1-452,text,true,,5441,338,172,172,https://pabsa.impressicocrm.com/api/tournament/119922/matches,1591,0,0
1680593999494,1373,Get single knockout Player details,200,,Knock_out_Thread Group 1-470,text,true,,1210,326,172,172,https://pabsa.impressicocrm.com/api/player/110368,1373,0,0
1680594000555,314,Home page ,200,OK,Knock_out_Thread Group 1-616,text,true,,3033,309,172,172,https://pabsa.impressicocrm.com/,314,0,243
1680593999474,1399,Get playerA_Vs_playerB,200,,Knock_out_Thread Group 1-459,text,true,,1239,341,172,172,https://pabsa.impressicocrm.com/api/tournament/matchScore/147598,1399,0,0
1680593999450,1439,Get Players list ,200,,Knock_out_Thread Group 1-517,text,true,,3218,338,171,171,https://pabsa.impressicocrm.com/api/tournament/119922/players,1439,0,0
1680593999432,1462,Get Players list ,200,,Knock_out_Thread Group 1-523,text,true,,3218,338,171,171,https://pabsa.impressicocrm.com/api/tournament/119922/players,1462,0,0
1680593998965,1939,Get Home page currency,200,,Knock_out_Thread Group 1-543,text,true,,9160,321,171,171,https://pabsa.impressicocrm.com/api/currency,1939,0,0
1680593998988,1926,Get Home page currency,200,,Knock_out_Thread Group 1-531,text,true,,9160,321,171,171,https://pabsa.impressicocrm.com/api/currency,1926,0,0
1680593997739,3175,Get tournamnent list ,200,,Knock_out_Thread Group 1-558,text,true,,58880,389,171,171,https://pabsa.impressicocrm.com/api/tournament?limit=12&pageNumber=1&sportType=&tournamentName=&tournamentStyle=,2487,0,0
1680593999633,1286,Get single knockout Player details,200,,Knock_out_Thread Group 1-476,text,true,,1210,326,171,171,https://pabsa.impressicocrm.com/api/player/110368,1286,0,0
1680593999204,1716,Get tournament result,200,,Knock_out_Thread Group 1-468,text,true,,5435,338,171,171,https://pabsa.impressicocrm.com/api/tournament/119922/matches,1716,0,0
1680593999464,1462,Get Home page currency,200,,Knock_out_Thread Group 1-552,text,true,,9160,321,171,171,https://pabsa.impressicocrm.com/api/currency,1462,0,0
1680593998861,2072,Get Players schedule,200,,Knock_out_Thread Group 1-502,text,true,,5441,338,171,171,https://pabsa.impressicocrm.com/api/tournament/119922/matches,2072,0,0
1680593999251,1689,Get Players schedule,200,,Knock_out_Thread Group 1-494,text,true,,5441,338,171,171,https://pabsa.impressicocrm.com/api/tournament/119922/matches,1689,0,0
1680594000653,287,Home page ,200,OK,Knock_out_Thread Group 1-617,text,true,,3033,309,171,171,https://pabsa.impressicocrm.com/,287,0,220
1680593999563,1382,Get Home page currency,200,,Knock_out_Thread Group 1-537,text,true,,9160,321,171,171,https://pabsa.impressicocrm.com/api/currency,1382,0,0
1680593998020,2925,Get knockout players list ,200,,Knock_out_Thread Group 1-475,text,true,,4598,340,171,171,https://pabsa.impressicocrm.com/api/tournament/118871/knockouts,2925,0,0
1680593999193,1761,Get Home page country ,200,,Knock_out_Thread Group 1-597,text,true,,17270,320,172,172,https://pabsa.impressicocrm.com/api/country,1760,0,0
1680593999974,979,Get tournamnent list ,200,,Knock_out_Thread Group 1-593,text,true,,58865,389,172,172,https://pabsa.impressicocrm.com/api/tournament?limit=12&pageNumber=1&sportType=&tournamentName=&tournamentStyle=,392,0,0
1680593999534,1424,Get playerA_Vs_playerB,200,,Knock_out_Thread Group 1-439,text,true,,1239,341,172,172,https://pabsa.impressicocrm.com/api/tournament/matchScore/147598,1424,0,0
1680593999453,1517,Get Home page country ,200,,Knock_out_Thread Group 1-602,text,true,,17255,320,171,171,https://pabsa.impressicocrm.com/api/country,1517,0,0
1680593998472,2529,Get Home page country ,200,,Knock_out_Thread Group 1-592,text,true,,17270,320,171,171,https://pabsa.impressicocrm.com/api/country,2527,0,0
1680593999583,1418,Get knockout players list ,200,,Knock_out_Thread Group 1-491,text,true,,4598,340,171,171,https://pabsa.impressicocrm.com/api/tournament/118871/knockouts,1418,0,0
1680593999589,1424,Get playerA_Vs_playerB,200,,Knock_out_Thread Group 1-463,text,true,,1239,341,171,171,https://pabsa.impressicocrm.com/api/tournament/matchScore/147598,1424,0,0
1680593999572,1453,Get Home page currency,200,,Knock_out_Thread Group 1-571,text,true,,9160,321,170,170,https://pabsa.impressicocrm.com/api/currency,1453,0,0
1680593999627,1411,Get Players list ,200,,Knock_out_Thread Group 1-529,text,true,,3218,338,170,170,https://pabsa.impressicocrm.com/api/tournament/119922/players,1411,0,0
1680594000251,790,Home page ,200,OK,Knock_out_Thread Group 1-613,text,true,,3033,309,170,170,https://pabsa.impressicocrm.com/,790,0,705
1680593997755,3290,Get tournamnent list ,200,,Knock_out_Thread Group 1-557,text,true,,58880,389,170,170,https://pabsa.impressicocrm.com/api/tournament?limit=12&pageNumber=1&sportType=&tournamentName=&tournamentStyle=,1759,0,0
1680593999566,1485,Get Home page country ,200,,Knock_out_Thread Group 1-601,text,true,,17270,320,170,170,https://pabsa.impressicocrm.com/api/country,1485,0,0
1680593999450,1606,Get Players list ,200,,Knock_out_Thread Group 1-516,text,true,,3218,338,171,171,https://pabsa.impressicocrm.com/api/tournament/119922/players,1606,0,0
1680593998730,2328,Get Home page currency,200,,Knock_out_Thread Group 1-542,text,true,,9160,321,171,171,https://pabsa.impressicocrm.com/api/currency,2328,0,0
1680594000751,331,Home page ,200,OK,Knock_out_Thread Group 1-618,text,true,,3033,309,171,171,https://pabsa.impressicocrm.com/,331,0,242
1680593998540,2555,Get Home page country ,200,,Knock_out_Thread Group 1-583,text,true,,17270,320,171,171,https://pabsa.impressicocrm.com/api/country,2555,0,0
1680593996573,4531,Get tournamnent list ,200,,Knock_out_Thread Group 1-545,text,true,,58880,389,171,171,https://pabsa.impressicocrm.com/api/tournament?limit=12&pageNumber=1&sportType=&tournamentName=&tournamentStyle=,1615,0,0
1680593999753,1352,Home page ,200,OK,Knock_out_Thread Group 1-608,text,true,,3033,309,171,171,https://pabsa.impressicocrm.com/,1351,0,1283
1680593999651,1465,Get single knockout Player details,200,,Knock_out_Thread Group 1-493,text,true,,1210,326,171,171,https://pabsa.impressicocrm.com/api/player/110368,1465,0,0
1680593998813,2310,Get tournamnent list ,200,,Knock_out_Thread Group 1-573,text,true,,58888,389,171,171,https://pabsa.impressicocrm.com/api/tournament?limit=12&pageNumber=1&sportType=&tournamentName=&tournamentStyle=,1867,0,0
1680594000799,327,Get Home page country ,200,,Knock_out_Thread Group 1-615,text,true,,17270,320,171,171,https://pabsa.impressicocrm.com/api/country,326,0,0
1680593999386,1745,Get tournament result,200,,Knock_out_Thread Group 1-481,text,true,,5441,338,171,171,https://pabsa.impressicocrm.com/api/tournament/119922/matches,1745,0,0
1680593999661,1480,Get playerA_Vs_playerB,200,,Knock_out_Thread Group 1-420,text,true,,1239,341,171,171,https://pabsa.impressicocrm.com/api/tournament/matchScore/147598,1480,0,0
1680593998701,2445,Get tournamnent list ,200,,Knock_out_Thread Group 1-582,text,true,,58880,389,170,170,https://pabsa.impressicocrm.com/api/tournament?limit=12&pageNumber=1&sportType=&tournamentName=&tournamentStyle=,1903,0,0
1680593999165,1984,Get Players schedule,200,,Knock_out_Thread Group 1-485,text,true,,5441,338,170,170,https://pabsa.impressicocrm.com/api/tournament/119922/matches,1984,0,0
1680593999708,1450,Get knockout players list ,200,,Knock_out_Thread Group 1-510,text,true,,4598,340,171,171,https://pabsa.impressicocrm.com/api/tournament/118871/knockouts,1450,0,0
1680593997634,3560,Get tournamnent list ,200,,Knock_out_Thread Group 1-561,text,true,,58888,389,171,171,https://pabsa.impressicocrm.com/api/tournament?limit=12&pageNumber=1&sportType=&tournamentName=&tournamentStyle=,1701,0,0
1680593999025,2170,Get Home page currency,200,,Knock_out_Thread Group 1-520,text,true,,9160,321,171,171,https://pabsa.impressicocrm.com/api/currency,2170,0,0
1680594000852,380,Home page ,200,OK,Knock_out_Thread Group 1-619,text,true,,3033,309,171,171,https://pabsa.impressicocrm.com/,380,0,313
1680593999491,1783,Get tournament result,200,,Knock_out_Thread Group 1-460,text,true,,5441,338,172,172,https://pabsa.impressicocrm.com/api/tournament/119922/matches,1782,0,0
1680593999870,1416,Get single knockout Player details,200,,Knock_out_Thread Group 1-478,text,true,,1210,326,172,172,https://pabsa.impressicocrm.com/api/player/110368,1416,0,0
1680593999569,1721,Get playerA_Vs_playerB,200,,Knock_out_Thread Group 1-455,text,true,,1239,341,172,172,https://pabsa.impressicocrm.com/api/tournament/matchScore/147598,1721,0,0
1680593999752,1538,Get Home page country ,200,,Knock_out_Thread Group 1-604,text,true,,17270,320,172,172,https://pabsa.impressicocrm.com/api/country,1538,0,0
1680593998704,2608,Get playerA_Vs_playerB,200,,Knock_out_Thread Group 1-458,text,true,,1239,341,171,171,https://pabsa.impressicocrm.com/api/tournament/matchScore/147598,2608,0,0
1680593999957,1361,Get single knockout Player details,200,,Knock_out_Thread Group 1-484,text,true,,1210,326,170,170,https://pabsa.impressicocrm.com/api/player/110368,1361,0,0
1680593999343,1979,Get tournamnent list ,200,,Knock_out_Thread Group 1-587,text,true,,58880,389,170,170,https://pabsa.impressicocrm.com/api/tournament?limit=12&pageNumber=1&sportType=&tournamentName=&tournamentStyle=,1801,0,0
1680593999883,1443,Get single knockout Player details,200,,Knock_out_Thread Group 1-487,text,true,,1210,326,170,170,https://pabsa.impressicocrm.com/api/player/110368,1443,0,0
1680593999633,1699,Get knockout players list ,200,,Knock_out_Thread Group 1-474,text,true,,4598,340,170,170,https://pabsa.impressicocrm.com/api/tournament/118871/knockouts,1699,0,0
1680593999637,1698,Get Players schedule,200,,Knock_out_Thread Group 1-508,text,true,,5435,338,170,170,https://pabsa.impressicocrm.com/api/tournament/119922/matches,1698,0,0
1680593999855,1504,Get Players list ,200,,Knock_out_Thread Group 1-521,text,true,,3218,338,171,171,https://pabsa.impressicocrm.com/api/tournament/119922/players,1504,0,0
1680593998416,2978,Get Home page country ,200,,Knock_out_Thread Group 1-591,text,true,,17270,320,171,171,https://pabsa.impressicocrm.com/api/country,2978,0,0
1680593997502,3892,Get playerA_Vs_playerB,200,,Knock_out_Thread Group 1-429,text,true,,1239,341,171,171,https://pabsa.impressicocrm.com/api/tournament/matchScore/147598,3892,0,0
1680594000014,1390,Get single knockout Player details,200,,Knock_out_Thread Group 1-492,text,true,,1210,326,170,170,https://pabsa.impressicocrm.com/api/player/110368,1390,0,0
1680593999953,1470,Get knockout players list ,200,,Knock_out_Thread Group 1-501,text,true,,4598,340,170,170,https://pabsa.impressicocrm.com/api/tournament/118871/knockouts,1470,0,0
1680593999995,1441,Get Players list ,200,,Knock_out_Thread Group 1-579,text,true,,3218,338,170,170,https://pabsa.impressicocrm.com/api/tournament/119922/players,1441,0,0
1680593999290,2176,Get Players list ,200,,Knock_out_Thread Group 1-519,text,true,,3218,338,171,171,https://pabsa.impressicocrm.com/api/tournament/119922/players,2176,0,0
1680593999114,2358,Get tournamnent list ,200,,Knock_out_Thread Group 1-584,text,true,,58880,389,171,171,https://pabsa.impressicocrm.com/api/tournament?limit=12&pageNumber=1&sportType=&tournamentName=&tournamentStyle=,1986,0,0
1680593999910,1579,Get Home page country ,200,,Knock_out_Thread Group 1-606,text,true,,17270,320,171,171,https://pabsa.impressicocrm.com/api/country,1579,0,0
1680594000257,1258,Get single knockout Player details,200,,Knock_out_Thread Group 1-490,text,true,,1210,326,171,171,https://pabsa.impressicocrm.com/api/player/110368,1258,0,0
1680593997643,3876,Get tournamnent list ,200,,Knock_out_Thread Group 1-547,text,true,,58880,389,171,171,https://pabsa.impressicocrm.com/api/tournament?limit=12&pageNumber=1&sportType=&tournamentName=&tournamentStyle=,1650,0,0
1680594001360,204,Get Break list ,200,,Knock_out_Thread Group 1-521,text,true,,3218,338,172,172,https://pabsa.impressicocrm.com/api/tournament/119922/players,204,0,0
1680593999730,1834,Get Players schedule,200,,Knock_out_Thread Group 1-505,text,true,,5441,338,172,172,https://pabsa.impressicocrm.com/api/tournament/119922/matches,1834,0,0
1680594000153,1416,Get Break list ,200,,Knock_out_Thread Group 1-525,text,true,,3218,338,172,172,https://pabsa.impressicocrm.com/api/tournament/119922/players,1416,0,0
1680593999458,2111,Get tournament result,200,,Knock_out_Thread Group 1-457,text,true,,5441,338,172,172,https://pabsa.impressicocrm.com/api/tournament/119922/matches,2111,0,0
1680593999730,1844,Get tournament result,200,,Knock_out_Thread Group 1-472,text,true,,5435,338,172,172,https://pabsa.impressicocrm.com/api/tournament/119922/matches,1844,0,0
1680594000192,1382,Get Players list ,200,,Knock_out_Thread Group 1-554,text,true,,3218,338,172,172,https://pabsa.impressicocrm.com/api/tournament/119922/players,1382,0,0
1680594000373,1212,Get single knockout Player details,200,,Knock_out_Thread Group 1-496,text,true,,1210,326,172,172,https://pabsa.impressicocrm.com/api/player/110368,1212,0,0
1680593999702,1906,Get Players list ,200,,Knock_out_Thread Group 1-535,text,true,,3218,338,172,172,https://pabsa.impressicocrm.com/api/tournament/119922/players,1906,0,0
1680594000360,1250,Get Players list ,200,,Knock_out_Thread Group 1-556,text,true,,3218,338,172,172,https://pabsa.impressicocrm.com/api/tournament/119922/players,1250,0,0
1680593998738,2878,Get Home page country ,200,,Knock_out_Thread Group 1-581,text,true,,17270,320,172,172,https://pabsa.impressicocrm.com/api/country,2789,0,0
1680594000227,1405,Get Home page country ,200,,Knock_out_Thread Group 1-610,text,true,,17270,320,172,172,https://pabsa.impressicocrm.com/api/country,1405,0,0
1680593999641,1995,Get tournamnent list ,200,,Knock_out_Thread Group 1-590,text,true,,58880,389,172,172,https://pabsa.impressicocrm.com/api/tournament?limit=12&pageNumber=1&sportType=&tournamentName=&tournamentStyle=,1711,0,0
1680594000195,1441,Get Players list ,200,,Knock_out_Thread Group 1-550,text,true,,3218,338,172,172,https://pabsa.impressicocrm.com/api/tournament/119922/players,1441,0,0
1680594000152,1490,Get Players list ,200,,Knock_out_Thread Group 1-526,text,true,,3218,338,172,172,https://pabsa.impressicocrm.com/api/tournament/119922/players,1490,0,0
1680593998215,3428,Get Home page currency,200,,Knock_out_Thread Group 1-536,text,true,,9160,321,172,172,https://pabsa.impressicocrm.com/api/currency,3428,0,0
1680594000407,1294,Get knockout players list ,200,,Knock_out_Thread Group 1-506,text,true,,4598,340,173,173,https://pabsa.impressicocrm.com/api/tournament/118871/knockouts,1294,0,0
1680594000430,1277,Get playerA_Vs_playerB,200,,Knock_out_Thread Group 1-447,text,true,,1239,341,173,173,https://pabsa.impressicocrm.com/api/tournament/matchScore/147598,1277,0,0
1680594000411,1315,Get Players list ,200,,Knock_out_Thread Group 1-548,text,true,,3218,338,172,172,https://pabsa.impressicocrm.com/api/tournament/119922/players,1315,0,0
1680594000044,1685,Get tournament result,200,,Knock_out_Thread Group 1-473,text,true,,5441,338,172,172,https://pabsa.impressicocrm.com/api/tournament/119922/matches,1685,0,0
1680594001322,411,Get Home page currency,200,,Knock_out_Thread Group 1-587,text,true,,9160,321,172,172,https://pabsa.impressicocrm.com/api/currency,411,0,0
1680593999551,2214,Get Players schedule,200,,Knock_out_Thread Group 1-507,text,true,,5441,338,173,173,https://pabsa.impressicocrm.com/api/tournament/119922/matches,2214,0,0
1680594000140,1634,Get knockout players list ,200,,Knock_out_Thread Group 1-499,text,true,,4598,340,173,173,https://pabsa.impressicocrm.com/api/tournament/118871/knockouts,1634,0,0
1680594000255,1543,Get knockout players list ,200,,Knock_out_Thread Group 1-500,text,true,,4598,340,173,173,https://pabsa.impressicocrm.com/api/tournament/118871/knockouts,1543,0,0
1680593999916,1887,Get tournament result,200,,Knock_out_Thread Group 1-441,text,true,,5435,338,173,173,https://pabsa.impressicocrm.com/api/tournament/119922/matches,1887,0,0
1680594000487,1316,Get Players list ,200,,Knock_out_Thread Group 1-530,text,true,,3218,338,173,173,https://pabsa.impressicocrm.com/api/tournament/119922/players,1316,0,0
1680594000483,1328,Get single knockout Player details,200,,Knock_out_Thread Group 1-466,text,true,,1210,326,173,173,https://pabsa.impressicocrm.com/api/player/110368,1328,0,0
1680593999828,1993,Get Break list ,200,,Knock_out_Thread Group 1-515,text,true,,3218,338,173,173,https://pabsa.impressicocrm.com/api/tournament/119922/players,1993,0,0
1680594000189,1664,Get knockout players list ,200,,Knock_out_Thread Group 1-479,text,true,,4591,340,174,174,https://pabsa.impressicocrm.com/api/tournament/118871/knockouts,1664,0,0
1680594001105,812,Get Home page currency,200,,Knock_out_Thread Group 1-545,text,true,,9160,321,174,174,https://pabsa.impressicocrm.com/api/currency,811,0,0
1680594000583,1345,Get knockout players list ,200,,Knock_out_Thread Group 1-527,text,true,,4598,340,174,174,https://pabsa.impressicocrm.com/api/tournament/118871/knockouts,1345,0,0
1680594000555,1423,Get Home page currency,200,,Knock_out_Thread Group 1-577,text,true,,9160,321,175,175,https://pabsa.impressicocrm.com/api/currency,1423,0,0
1680594000565,1413,Get Break list ,200,,Knock_out_Thread Group 1-533,text,true,,3218,338,175,175,https://pabsa.impressicocrm.com/api/tournament/119922/players,1413,0,0
1680594000206,1783,Get Players list ,200,,Knock_out_Thread Group 1-549,text,true,,3218,338,175,175,https://pabsa.impressicocrm.com/api/tournament/119922/players,1783,0,0
1680594000624,1400,Get Players list ,200,,Knock_out_Thread Group 1-540,text,true,,3218,338,175,175,https://pabsa.impressicocrm.com/api/tournament/119922/players,1400,0,0
1680593999297,2745,Get tournament result,200,,Knock_out_Thread Group 1-467,text,true,,5441,338,175,175,https://pabsa.impressicocrm.com/api/tournament/119922/matches,2745,0,0
1680594000407,1637,Get Break list ,200,,Knock_out_Thread Group 1-480,text,true,,3218,338,175,175,https://pabsa.impressicocrm.com/api/tournament/119922/players,1637,0,0
1680594000519,1540,Get tournament result,200,,Knock_out_Thread Group 1-498,text,true,,5441,338,176,176,https://pabsa.impressicocrm.com/api/tournament/119922/matches,1540,0,0
1680594000099,1980,Get playerA_Vs_playerB,200,,Knock_out_Thread Group 1-471,text,true,,1239,341,176,176,https://pabsa.impressicocrm.com/api/tournament/matchScore/147598,1980,0,0
1680594000261,1824,Get tournament result,200,,Knock_out_Thread Group 1-445,text,true,,5441,338,175,175,https://pabsa.impressicocrm.com/api/tournament/119922/matches,1824,0,0
1680593999784,2316,Get tournamnent list ,200,,Knock_out_Thread Group 1-580,text,true,,58865,389,175,175,https://pabsa.impressicocrm.com/api/tournament?limit=12&pageNumber=1&sportType=&tournamentName=&tournamentStyle=,1780,0,0
1680594000607,1503,Get Home page currency,200,,Knock_out_Thread Group 1-559,text,true,,9160,321,175,175,https://pabsa.impressicocrm.com/api/currency,1503,0,0
1680594000483,1661,Get Home page currency,200,,Knock_out_Thread Group 1-553,text,true,,9160,321,175,175,https://pabsa.impressicocrm.com/api/currency,1661,0,0
1680594000674,1470,Get Players list ,200,,Knock_out_Thread Group 1-538,text,true,,3218,338,175,175,https://pabsa.impressicocrm.com/api/tournament/119922/players,1470,0,0
1680594000469,1710,Get Players schedule,200,,Knock_out_Thread Group 1-514,text,true,,5441,338,176,176,https://pabsa.impressicocrm.com/api/tournament/119922/matches,1710,0,0
1680594000420,1759,Get Players schedule,200,,Knock_out_Thread Group 1-504,text,true,,5435,338,176,176,https://pabsa.impressicocrm.com/api/tournament/119922/matches,1759,0,0
1680594000740,1439,Get playerA_Vs_playerB,200,,Knock_out_Thread Group 1-462,text,true,,1239,341,176,176,https://pabsa.impressicocrm.com/api/tournament/matchScore/147598,1439,0,0
1680593999784,2395,Get Home page country ,200,,Knock_out_Thread Group 1-605,text,true,,17270,320,176,176,https://pabsa.impressicocrm.com/api/country,2395,0,0
1680594000667,1512,Get Players list ,200,,Knock_out_Thread Group 1-532,text,true,,3218,338,176,176,https://pabsa.impressicocrm.com/api/tournament/119922/players,1512,0,0
1680594000211,1969,Get Home page country ,200,,Knock_out_Thread Group 1-609,text,true,,17270,320,176,176,https://pabsa.impressicocrm.com/api/country,1968,0,0
1680594000607,1578,Get Home page currency,200,,Knock_out_Thread Group 1-574,text,true,,9160,321,175,175,https://pabsa.impressicocrm.com/api/currency,1578,0,0
1680594000056,2132,Get Home page currency,200,,Knock_out_Thread Group 1-546,text,true,,9160,321,175,175,https://pabsa.impressicocrm.com/api/currency,2132,0,0
1680594000465,1731,Get tournament result,200,,Knock_out_Thread Group 1-464,text,true,,5441,338,175,175,https://pabsa.impressicocrm.com/api/tournament/119922/matches,1731,0,0
1680594000766,1439,Get Players list ,200,,Knock_out_Thread Group 1-570,text,true,,3218,338,175,175,https://pabsa.impressicocrm.com/api/tournament/119922/players,1439,0,0
1680594000305,1904,Get tournament result,200,,Knock_out_Thread Group 1-486,text,true,,5441,338,175,175,https://pabsa.impressicocrm.com/api/tournament/119922/matches,1904,0,0
1680594000861,1395,Get playerA_Vs_playerB,200,,Knock_out_Thread Group 1-452,text,true,,1239,341,176,176,https://pabsa.impressicocrm.com/api/tournament/matchScore/147598,1395,0,0
1680594000153,2115,Get Home page currency,200,,Knock_out_Thread Group 1-569,text,true,,9160,321,175,175,https://pabsa.impressicocrm.com/api/currency,2115,0,0
1680594000373,1895,Get tournament result,200,,Knock_out_Thread Group 1-469,text,true,,5441,338,175,175,https://pabsa.impressicocrm.com/api/tournament/119922/matches,1895,0,0
1680594000731,1566,Get Home page currency,200,,Knock_out_Thread Group 1-563,text,true,,9160,321,175,175,https://pabsa.impressicocrm.com/api/currency,1566,0,0
1680594000589,1708,Get knockout players list ,200,,Knock_out_Thread Group 1-512,text,true,,4598,340,175,175,https://pabsa.impressicocrm.com/api/tournament/118871/knockouts,1708,0,0
1680594000808,1491,Get Players list ,200,,Knock_out_Thread Group 1-522,text,true,,3218,338,175,175,https://pabsa.impressicocrm.com/api/tournament/119922/players,1491,0,0
1680594000331,1970,Get tournamnent list ,200,,Knock_out_Thread Group 1-594,text,true,,58880,389,175,175,https://pabsa.impressicocrm.com/api/tournament?limit=12&pageNumber=1&sportType=&tournamentName=&tournamentStyle=,1563,0,0
1680594000576,1731,Get tournament result,200,,Knock_out_Thread Group 1-489,text,true,,5441,338,175,175,https://pabsa.impressicocrm.com/api/tournament/119922/matches,1731,0,0
1680594000808,1528,Get Break list ,200,,Knock_out_Thread Group 1-541,text,true,,3218,338,175,175,https://pabsa.impressicocrm.com/api/tournament/119922/players,1528,0,0
1680594000713,1623,Get playerA_Vs_playerB,200,,Knock_out_Thread Group 1-461,text,true,,1239,341,175,175,https://pabsa.impressicocrm.com/api/tournament/matchScore/147598,1623,0,0
1680594000533,1803,Get Home page country ,200,,Knock_out_Thread Group 1-611,text,true,,17270,320,175,175,https://pabsa.impressicocrm.com/api/country,1803,0,0
1680594000940,1460,Get knockout players list ,200,,Knock_out_Thread Group 1-494,text,true,,4598,340,175,175,https://pabsa.impressicocrm.com/api/tournament/118871/knockouts,1460,0,0
1680594000895,1516,Get Break list ,200,,Knock_out_Thread Group 1-523,text,true,,3218,338,175,175,https://pabsa.impressicocrm.com/api/tournament/119922/players,1516,0,0
1680594000945,1468,Get single knockout Player details,200,,Knock_out_Thread Group 1-475,text,true,,1210,326,175,175,https://pabsa.impressicocrm.com/api/player/110368,1468,0,0
1680594000456,1969,Get Players schedule,200,,Knock_out_Thread Group 1-513,text,true,,5441,338,175,175,https://pabsa.impressicocrm.com/api/tournament/119922/matches,1969,0,0
1680593999642,2791,Get knockout players list ,200,,Knock_out_Thread Group 1-497,text,true,,4598,340,175,175,https://pabsa.impressicocrm.com/api/tournament/118871/knockouts,2791,0,0
1680594000407,2032,Get Players schedule,200,,Knock_out_Thread Group 1-511,text,true,,5441,338,175,175,https://pabsa.impressicocrm.com/api/tournament/119922/matches,2032,0,0
1680594000746,1699,Get Home page country ,200,,Knock_out_Thread Group 1-612,text,true,,17270,320,175,175,https://pabsa.impressicocrm.com/api/country,1699,0,0
1680594000808,1638,Get tournament result,200,,Knock_out_Thread Group 1-482,text,true,,5441,338,175,175,https://pabsa.impressicocrm.com/api/tournament/119922/matches,1638,0,0
1680594001001,1449,Get single knockout Player details,200,,Knock_out_Thread Group 1-491,text,true,,1210,326,175,175,https://pabsa.impressicocrm.com/api/player/110368,1449,0,0
1680594000926,1555,Get Players list ,200,,Knock_out_Thread Group 1-552,text,true,,3218,338,176,176,https://pabsa.impressicocrm.com/api/tournament/119922/players,1555,0,0
1680594000920,1563,Get playerA_Vs_playerB,200,,Knock_out_Thread Group 1-468,text,true,,1239,341,176,176,https://pabsa.impressicocrm.com/api/tournament/matchScore/147598,1563,0,0
1680594000814,1686,Get playerA_Vs_playerB,200,,Knock_out_Thread Group 1-477,text,true,,1239,341,175,175,https://pabsa.impressicocrm.com/api/tournament/matchScore/147598,1686,0,0
1680594000713,1791,Get Players list ,200,,Knock_out_Thread Group 1-544,text,true,,3218,338,174,174,https://pabsa.impressicocrm.com/api/tournament/119922/players,1791,0,0
1680594000940,1570,Get Home page country ,200,,Knock_out_Thread Group 1-617,text,true,,17270,320,174,174,https://pabsa.impressicocrm.com/api/country,1569,0,0
1680593998259,4255,Get tournamnent list ,200,,Knock_out_Thread Group 1-567,text,true,,58880,389,174,174,https://pabsa.impressicocrm.com/api/tournament?limit=12&pageNumber=1&sportType=&tournamentName=&tournamentStyle=,2422,0,0
1680594000889,1630,Get Break list ,200,,Knock_out_Thread Group 1-517,text,true,,3218,338,174,174,https://pabsa.impressicocrm.com/api/tournament/119922/players,1630,0,0
1680593999713,2810,Get Home page country ,200,,Knock_out_Thread Group 1-603,text,true,,17270,320,174,174,https://pabsa.impressicocrm.com/api/country,2808,0,0
1680594000945,1613,Get Players list ,200,,Knock_out_Thread Group 1-537,text,true,,3218,338,175,175,https://pabsa.impressicocrm.com/api/tournament/119922/players,1613,0,0
1680594000076,2510,Get tournament result,200,,Knock_out_Thread Group 1-465,text,true,,5441,338,175,175,https://pabsa.impressicocrm.com/api/tournament/119922/matches,2510,0,0
1680594000442,2154,Get tournamnent list ,200,,Knock_out_Thread Group 1-595,text,true,,58880,389,175,175,https://pabsa.impressicocrm.com/api/tournament?limit=12&pageNumber=1&sportType=&tournamentName=&tournamentStyle=,1743,0,0
1680594001056,1546,Get Break list ,200,,Knock_out_Thread Group 1-516,text,true,,3218,338,175,175,https://pabsa.impressicocrm.com/api/tournament/119922/players,1546,0,0
1680594000914,1691,Get Home page currency,200,,Knock_out_Thread Group 1-558,text,true,,9160,321,175,175,https://pabsa.impressicocrm.com/api/currency,1691,0,0
1680594001025,1580,Get Players list ,200,,Knock_out_Thread Group 1-571,text,true,,3218,338,175,175,https://pabsa.impressicocrm.com/api/tournament/119922/players,1580,0,0
1680594001045,1567,Get Home page currency,200,,Knock_out_Thread Group 1-557,text,true,,9160,321,175,175,https://pabsa.impressicocrm.com/api/currency,1567,0,0
1680593998497,4115,Get tournamnent list ,200,,Knock_out_Thread Group 1-576,text,true,,58880,389,175,175,https://pabsa.impressicocrm.com/api/tournament?limit=12&pageNumber=1&sportType=&tournamentName=&tournamentStyle=,2243,0,0
1680594001083,1530,Get Home page country ,200,,Knock_out_Thread Group 1-618,text,true,,17270,320,175,175,https://pabsa.impressicocrm.com/api/country,1527,0,0
1680594000904,1717,Get Players list ,200,,Knock_out_Thread Group 1-543,text,true,,3218,338,175,175,https://pabsa.impressicocrm.com/api/tournament/119922/players,1717,0,0
1680594000933,1692,Get knockout players list ,200,,Knock_out_Thread Group 1-502,text,true,,4598,340,175,175,https://pabsa.impressicocrm.com/api/tournament/118871/knockouts,1692,0,0
1680594001159,1481,Get single knockout Player details,200,,Knock_out_Thread Group 1-510,text,true,,1210,326,175,175,https://pabsa.impressicocrm.com/api/player/110368,1481,0,0
1680593998529,4111,Get tournamnent list ,200,,Knock_out_Thread Group 1-562,text,true,,58880,389,175,175,https://pabsa.impressicocrm.com/api/tournament?limit=12&pageNumber=1&sportType=&tournamentName=&tournamentStyle=,2047,0,0
1680594001058,1583,Get Players list ,200,,Knock_out_Thread Group 1-542,text,true,,3218,338,175,175,https://pabsa.impressicocrm.com/api/tournament/119922/players,1583,0,0
1680594000700,1944,Get Home page country ,200,,Knock_out_Thread Group 1-614,text,true,,17270,320,175,175,https://pabsa.impressicocrm.com/api/country,1944,0,0
1680594000835,1833,Get Home page currency,200,,Knock_out_Thread Group 1-551,text,true,,9160,321,176,176,https://pabsa.impressicocrm.com/api/currency,1833,0,0
1680594000373,2313,Get Home page currency,200,,Knock_out_Thread Group 1-555,text,true,,9160,321,176,176,https://pabsa.impressicocrm.com/api/currency,2313,0,0
1680594000501,2191,Get tournamnent list ,200,,Knock_out_Thread Group 1-599,text,true,,58880,389,176,176,https://pabsa.impressicocrm.com/api/tournament?limit=12&pageNumber=1&sportType=&tournamentName=&tournamentStyle=,1752,0,0
1680594002625,111,Get single knockout Player details,200,,Knock_out_Thread Group 1-502,text,true,,1210,326,176,176,https://pabsa.impressicocrm.com/api/player/110368,111,0,0
1680594001274,1462,Get playerA_Vs_playerB,200,,Knock_out_Thread Group 1-460,text,true,,1239,341,176,176,https://pabsa.impressicocrm.com/api/tournament/matchScore/147598,1462,0,0
1680594000867,1869,Get tournament result,200,,Knock_out_Thread Group 1-470,text,true,,5435,338,176,176,https://pabsa.impressicocrm.com/api/tournament/119922/matches,1869,0,0
1680593999800,2936,Get Players list ,200,,Knock_out_Thread Group 1-518,text,true,,3218,338,176,176,https://pabsa.impressicocrm.com/api/tournament/119922/players,2936,0,0
1680594001233,1503,Get Home page country ,200,,Knock_out_Thread Group 1-619,text,true,,17270,320,176,176,https://pabsa.impressicocrm.com/api/country,1503,0,0
1680594000854,1889,Get tournament result,200,,Knock_out_Thread Group 1-495,text,true,,5441,338,175,175,https://pabsa.impressicocrm.com/api/tournament/119922/matches,1889,0,0
1680594000808,1935,Get tournament result,200,,Knock_out_Thread Group 1-483,text,true,,5441,338,175,175,https://pabsa.impressicocrm.com/api/tournament/119922/matches,1935,0,0
1680594001335,1408,Get knockout players list ,200,,Knock_out_Thread Group 1-508,text,true,,4598,340,175,175,https://pabsa.impressicocrm.com/api/tournament/118871/knockouts,1408,0,0
1680594000469,2274,Get tournamnent list ,200,,Knock_out_Thread Group 1-588,text,true,,58880,389,175,175,https://pabsa.impressicocrm.com/api/tournament?limit=12&pageNumber=1&sportType=&tournamentName=&tournamentStyle=,1803,0,0
1680594001038,1714,Get Break list ,200,,Knock_out_Thread Group 1-529,text,true,,3218,338,175,175,https://pabsa.impressicocrm.com/api/tournament/119922/players,1714,0,0
1680594001333,1433,Get single knockout Player details,200,,Knock_out_Thread Group 1-474,text,true,,1210,326,176,176,https://pabsa.impressicocrm.com/api/player/110368,1433,0,0
1680594000870,1915,Get Home page country ,200,,Knock_out_Thread Group 1-616,text,true,,17270,320,176,176,https://pabsa.impressicocrm.com/api/country,1915,0,0
1680594000919,1878,Get tournament result,200,,Knock_out_Thread Group 1-476,text,true,,5435,338,176,176,https://pabsa.impressicocrm.com/api/tournament/119922/matches,1878,0,0
1680594001117,1697,Get tournament result,200,,Knock_out_Thread Group 1-493,text,true,,5441,338,176,176,https://pabsa.impressicocrm.com/api/tournament/119922/matches,1697,0,0
1680594001423,1409,Get single knockout Player details,200,,Knock_out_Thread Group 1-501,text,true,,1210,326,176,176,https://pabsa.impressicocrm.com/api/player/110368,1409,0,0
1680594000643,2207,Get Players schedule,200,,Knock_out_Thread Group 1-503,text,true,,5441,338,176,176,https://pabsa.impressicocrm.com/api/tournament/119922/matches,2207,0,0
1680594000914,1947,Get Players list ,200,,Knock_out_Thread Group 1-531,text,true,,3218,338,177,177,https://pabsa.impressicocrm.com/api/tournament/119922/players,1947,0,0
1680593999586,3286,Get tournamnent list ,200,,Knock_out_Thread Group 1-586,text,true,,58880,389,177,177,https://pabsa.impressicocrm.com/api/tournament?limit=12&pageNumber=1&sportType=&tournamentName=&tournamentStyle=,1811,0,0
1680594000076,2814,Get knockout players list ,200,,Knock_out_Thread Group 1-509,text,true,,4591,340,177,177,https://pabsa.impressicocrm.com/api/tournament/118871/knockouts,2814,0,0
1680594001472,1432,Get Home page currency,200,,Knock_out_Thread Group 1-584,text,true,,9160,321,177,177,https://pabsa.impressicocrm.com/api/currency,1432,0,0
1680594001319,1603,Get tournament result,200,,Knock_out_Thread Group 1-484,text,true,,5435,338,177,177,https://pabsa.impressicocrm.com/api/tournament/119922/matches,1603,0,0
1680594001132,1811,Get playerA_Vs_playerB,200,,Knock_out_Thread Group 1-481,text,true,,1239,341,177,177,https://pabsa.impressicocrm.com/api/tournament/matchScore/147598,1811,0,0
1680594001569,1374,Get playerA_Vs_playerB,200,,Knock_out_Thread Group 1-457,text,true,,1239,341,177,177,https://pabsa.impressicocrm.com/api/tournament/matchScore/147598,1374,0,0
1680594001564,1389,Get knockout players list ,200,,Knock_out_Thread Group 1-505,text,true,,4598,340,176,176,https://pabsa.impressicocrm.com/api/tournament/118871/knockouts,1389,0,0
1680594001124,1834,Get Home page currency,200,,Knock_out_Thread Group 1-573,text,true,,9160,321,176,176,https://pabsa.impressicocrm.com/api/currency,1834,0,0
1680594001467,1511,Get Break list ,200,,Knock_out_Thread Group 1-519,text,true,,3218,338,176,176,https://pabsa.impressicocrm.com/api/tournament/119922/players,1511,0,0
1680594001041,1940,Get Home page country ,200,,Knock_out_Thread Group 1-613,text,true,,17270,320,176,176,https://pabsa.impressicocrm.com/api/country,1532,0,0
1680594000659,2326,Get tournamnent list ,200,,Knock_out_Thread Group 1-600,text,true,,58888,389,176,176,https://pabsa.impressicocrm.com/api/tournament?limit=12&pageNumber=1&sportType=&tournamentName=&tournamentStyle=,1697,0,0
1680594001287,1731,Get tournament result,200,,Knock_out_Thread Group 1-478,text,true,,5441,338,176,176,https://pabsa.impressicocrm.com/api/tournament/119922/matches,1731,0,0
1680594001611,1417,Get Break list ,200,,Knock_out_Thread Group 1-556,text,true,,3218,338,176,176,https://pabsa.impressicocrm.com/api/tournament/119922/players,1416,0,0
1680594001405,1658,Get tournament result,200,,Knock_out_Thread Group 1-492,text,true,,5435,338,177,177,https://pabsa.impressicocrm.com/api/tournament/119922/matches,1658,0,0
1680594000547,2552,Get Break list ,200,,Knock_out_Thread Group 1-534,text,true,,3218,338,177,177,https://pabsa.impressicocrm.com/api/tournament/119922/players,2552,0,0
1680594001195,1915,Get Home page currency,200,,Knock_out_Thread Group 1-561,text,true,,9160,321,177,177,https://pabsa.impressicocrm.com/api/currency,1915,0,0
1680594001105,2027,Get Home page country ,200,,Knock_out_Thread Group 1-608,text,true,,17255,320,177,177,https://pabsa.impressicocrm.com/api/country,1973,0,0
1680594001569,1563,Get Players schedule,200,,Knock_out_Thread Group 1-525,text,true,,5441,338,177,177,https://pabsa.impressicocrm.com/api/tournament/119922/matches,1563,0,0
1680594000954,2178,Get tournamnent list ,200,,Knock_out_Thread Group 1-597,text,true,,58880,389,177,177,https://pabsa.impressicocrm.com/api/tournament?limit=12&pageNumber=1&sportType=&tournamentName=&tournamentStyle=,1724,0,0
1680594001637,1531,Get Break list ,200,,Knock_out_Thread Group 1-550,text,true,,3218,338,178,178,https://pabsa.impressicocrm.com/api/tournament/119922/players,1531,0,0
1680594001798,1370,Get single knockout Player details,200,,Knock_out_Thread Group 1-500,text,true,,1210,326,178,178,https://pabsa.impressicocrm.com/api/player/110368,1370,0,0
1680594001774,1394,Get single knockout Player details,200,,Knock_out_Thread Group 1-499,text,true,,1210,326,178,178,https://pabsa.impressicocrm.com/api/player/110368,1394,0,0
1680594001637,1531,Get Home page currency,200,,Knock_out_Thread Group 1-590,text,true,,9160,321,178,178,https://pabsa.impressicocrm.com/api/currency,1531,0,0
1680594001729,1451,Get playerA_Vs_playerB,200,,Knock_out_Thread Group 1-473,text,true,,1239,341,178,178,https://pabsa.impressicocrm.com/api/tournament/matchScore/147598,1451,0,0
1680594001585,1607,Get tournament result,200,,Knock_out_Thread Group 1-496,text,true,,5441,338,177,177,https://pabsa.impressicocrm.com/api/tournament/119922/matches,1607,0,0
1680594001854,1342,Get single knockout Player details,200,,Knock_out_Thread Group 1-479,text,true,,1210,326,177,177,https://pabsa.impressicocrm.com/api/player/110368,1342,0,0
1680594001928,1271,Get single knockout Player details,200,,Knock_out_Thread Group 1-527,text,true,,1210,326,177,177,https://pabsa.impressicocrm.com/api/player/110368,1271,0,0
1680594000617,2583,Get Home page country ,200,,Knock_out_Thread Group 1-539,text,true,,17270,320,177,177,https://pabsa.impressicocrm.com/api/country,2582,0,0
1680594001734,1469,Get Players list ,200,,Knock_out_Thread Group 1-587,text,true,,3218,338,177,177,https://pabsa.impressicocrm.com/api/tournament/119922/players,1469,0,0
1680594001196,2013,Get Players list ,200,,Knock_out_Thread Group 1-520,text,true,,3218,338,177,177,https://pabsa.impressicocrm.com/api/tournament/119922/players,2012,0,0
1680594001726,1487,Get Break list ,200,,Knock_out_Thread Group 1-548,text,true,,3218,338,177,177,https://pabsa.impressicocrm.com/api/tournament/119922/players,1487,0,0
1680594001574,1656,Get playerA_Vs_playerB,200,,Knock_out_Thread Group 1-472,text,true,,1239,341,177,177,https://pabsa.impressicocrm.com/api/tournament/matchScore/147598,1656,0,0
1680594001564,1666,Get Players schedule,200,,Knock_out_Thread Group 1-521,text,true,,5435,338,177,177,https://pabsa.impressicocrm.com/api/tournament/119922/matches,1666,0,0
1680594001150,2090,Get knockout players list ,200,,Knock_out_Thread Group 1-485,text,true,,4598,340,176,176,https://pabsa.impressicocrm.com/api/tournament/118871/knockouts,2090,0,0
1680594001765,1475,Get knockout players list ,200,,Knock_out_Thread Group 1-507,text,true,,4598,340,176,176,https://pabsa.impressicocrm.com/api/tournament/118871/knockouts,1475,0,0
1680593998640,4606,Get tournamnent list ,200,,Knock_out_Thread Group 1-564,text,true,,58880,389,176,176,https://pabsa.impressicocrm.com/api/tournament?limit=12&pageNumber=1&sportType=&tournamentName=&tournamentStyle=,2261,0,0
1680594001643,1612,Get Players list ,200,,Knock_out_Thread Group 1-536,text,true,,3218,338,177,177,https://pabsa.impressicocrm.com/api/tournament/119922/players,1612,0,0
1680593999656,3599,Get tournamnent list ,200,,Knock_out_Thread Group 1-598,text,true,,58880,389,177,177,https://pabsa.impressicocrm.com/api/tournament?limit=12&pageNumber=1&sportType=&tournamentName=&tournamentStyle=,2744,0,0
1680594001803,1462,Get playerA_Vs_playerB,200,,Knock_out_Thread Group 1-441,text,true,,1239,341,177,177,https://pabsa.impressicocrm.com/api/tournament/matchScore/147598,1462,0,0
1680594002024,1263,Get Break list ,200,,Knock_out_Thread Group 1-540,text,true,,3218,338,176,176,https://pabsa.impressicocrm.com/api/tournament/119922/players,1263,0,0
1680594001990,1311,Get Break list ,200,,Knock_out_Thread Group 1-549,text,true,,3218,338,176,176,https://pabsa.impressicocrm.com/api/tournament/119922/players,1311,0,0
1680594001146,2158,Get Home page currency,200,,Knock_out_Thread Group 1-582,text,true,,9153,321,176,176,https://pabsa.impressicocrm.com/api/currency,2158,0,0
1680594001978,1330,Get Players list ,200,,Knock_out_Thread Group 1-577,text,true,,3218,338,176,176,https://pabsa.impressicocrm.com/api/tournament/119922/players,1330,0,0
1680593997507,5803,Get tournamnent list ,200,,Knock_out_Thread Group 1-566,text,true,,58880,389,176,176,https://pabsa.impressicocrm.com/api/tournament?limit=12&pageNumber=1&sportType=&tournamentName=&tournamentStyle=,3575,0,0
1680594002042,1286,Get playerA_Vs_playerB,200,,Knock_out_Thread Group 1-467,text,true,,1239,341,176,176,https://pabsa.impressicocrm.com/api/tournament/matchScore/147598,1286,0,0
1680593998672,4656,Get tournamnent list ,200,,Knock_out_Thread Group 1-572,text,true,,58880,389,176,176,https://pabsa.impressicocrm.com/api/tournament?limit=12&pageNumber=1&sportType=&tournamentName=&tournamentStyle=,2927,0,0
1680594002059,1273,Get playerA_Vs_playerB,200,,Knock_out_Thread Group 1-498,text,true,,1239,341,175,175,https://pabsa.impressicocrm.com/api/tournament/matchScore/147598,1273,0,0
1680594001917,1415,Get Players list ,200,,Knock_out_Thread Group 1-545,text,true,,3218,338,175,175,https://pabsa.impressicocrm.com/api/tournament/119922/players,1415,0,0
1680594001803,1540,Get Break list ,200,,Knock_out_Thread Group 1-530,text,true,,3218,338,174,174,https://pabsa.impressicocrm.com/api/tournament/119922/players,1540,0,0
1680593998474,4880,Get tournamnent list ,200,,Knock_out_Thread Group 1-565,text,true,,58888,389,175,175,https://pabsa.impressicocrm.com/api/tournament?limit=12&pageNumber=1&sportType=&tournamentName=&tournamentStyle=,3296,0,0
1680593999914,3447,Get Home page country ,200,,Knock_out_Thread Group 1-607,text,true,,17270,320,175,175,https://pabsa.impressicocrm.com/api/country,3447,0,0
1680594002086,1278,Get playerA_Vs_playerB,200,,Knock_out_Thread Group 1-445,text,true,,1239,341,175,175,https://pabsa.impressicocrm.com/api/tournament/matchScore/147598,1278,0,0
1680594002180,1187,Get knockout players list ,200,,Knock_out_Thread Group 1-504,text,true,,4598,340,174,174,https://pabsa.impressicocrm.com/api/tournament/118871/knockouts,1187,0,0
1680594001574,1808,Get Break list ,200,,Knock_out_Thread Group 1-554,text,true,,3218,338,174,174,https://pabsa.impressicocrm.com/api/tournament/119922/players,1808,0,0
1680594001327,2055,Get tournament result,200,,Knock_out_Thread Group 1-487,text,true,,5441,338,174,174,https://pabsa.impressicocrm.com/api/tournament/119922/matches,2055,0,0
1680594002180,1202,Get knockout players list ,200,,Knock_out_Thread Group 1-514,text,true,,4598,340,174,174,https://pabsa.impressicocrm.com/api/tournament/118871/knockouts,1202,0,0
1680594001702,1723,Get single knockout Player details,200,,Knock_out_Thread Group 1-506,text,true,,1210,326,174,174,https://pabsa.impressicocrm.com/api/player/110368,1723,0,0
1680594000708,2717,Get Players schedule,200,,Knock_out_Thread Group 1-488,text,true,,5441,338,174,174,https://pabsa.impressicocrm.com/api/tournament/119922/matches,2717,0,0
1680594001608,1820,Get Break list ,200,,Knock_out_Thread Group 1-535,text,true,,3218,338,174,174,https://pabsa.impressicocrm.com/api/tournament/119922/players,1820,0,0
1680594002111,1355,Get Players list ,200,,Knock_out_Thread Group 1-559,text,true,,3218,338,175,175,https://pabsa.impressicocrm.com/api/tournament/119922/players,1354,0,0
1680594002188,1301,Get Players list ,200,,Knock_out_Thread Group 1-546,text,true,,3218,338,175,175,https://pabsa.impressicocrm.com/api/tournament/119922/players,1301,0,0
1680594002197,1313,Get playerA_Vs_playerB,200,,Knock_out_Thread Group 1-464,text,true,,1239,341,175,175,https://pabsa.impressicocrm.com/api/tournament/matchScore/147598,1313,0,0
1680594001632,1914,Get tournamnent list ,200,,Knock_out_Thread Group 1-610,text,true,,58880,389,174,174,https://pabsa.impressicocrm.com/api/tournament?limit=12&pageNumber=1&sportType=&tournamentName=&tournamentStyle=,1649,0,0
1680594002298,1297,Get single knockout Player details,200,,Knock_out_Thread Group 1-512,text,true,,1210,326,175,175,https://pabsa.impressicocrm.com/api/player/110368,1297,0,0
1680594001978,1617,Get Players schedule,200,,Knock_out_Thread Group 1-533,text,true,,5435,338,175,175,https://pabsa.impressicocrm.com/api/tournament/119922/matches,1617,0,0
1680594002308,1296,Get playerA_Vs_playerB,200,,Knock_out_Thread Group 1-489,text,true,,1239,341,175,175,https://pabsa.impressicocrm.com/api/tournament/matchScore/147598,1296,0,0
1680594002433,1181,Get single knockout Player details,200,,Knock_out_Thread Group 1-497,text,true,,1210,326,174,174,https://pabsa.impressicocrm.com/api/player/110368,1181,0,0
1680594003352,265,Home page ,200,OK,Knock_out_Thread Group 1-644,text,true,,3033,309,174,174,https://pabsa.impressicocrm.com/,265,0,205
1680594001812,1814,Get tournament result,200,,Knock_out_Thread Group 1-466,text,true,,5435,338,174,174,https://pabsa.impressicocrm.com/api/tournament/119922/matches,1814,0,0
1680594001821,1828,Get Players schedule,200,,Knock_out_Thread Group 1-515,text,true,,5435,338,174,174,https://pabsa.impressicocrm.com/api/tournament/119922/matches,1828,0,0
1680594001520,2129,Get Home page currency,200,,Knock_out_Thread Group 1-547,text,true,,9153,321,174,174,https://pabsa.impressicocrm.com/api/currency,2129,0,0
1680594002453,1207,Home page ,200,OK,Knock_out_Thread Group 1-635,text,true,,3033,309,175,175,https://pabsa.impressicocrm.com/,1207,0,1145
1680594001053,2607,Home page ,200,OK,Knock_out_Thread Group 1-621,text,true,,3033,309,175,175,https://pabsa.impressicocrm.com/,2607,0,2539
1680594001354,2309,Home page ,200,OK,Knock_out_Thread Group 1-624,text,true,,3033,309,175,175,https://pabsa.impressicocrm.com/,2309,0,2216
1680594001152,2513,Home page ,200,OK,Knock_out_Thread Group 1-622,text,true,,3033,309,175,175,https://pabsa.impressicocrm.com/,2513,0,2432
1680594002180,1489,Get Break list ,200,,Knock_out_Thread Group 1-532,text,true,,3218,338,175,175,https://pabsa.impressicocrm.com/api/tournament/119922/players,1489,0,0
1680594002447,1226,Get playerA_Vs_playerB,200,,Knock_out_Thread Group 1-482,text,true,,1239,341,175,175,https://pabsa.impressicocrm.com/api/tournament/matchScore/147598,1226,0,0
1680594002255,1420,Home page ,200,OK,Knock_out_Thread Group 1-633,text,true,,3033,309,174,174,https://pabsa.impressicocrm.com/,1420,0,1357
1680594002297,1382,Get Players list ,200,,Knock_out_Thread Group 1-563,text,true,,3218,338,174,174,https://pabsa.impressicocrm.com/api/tournament/119922/players,1382,0,0
1680594001652,2030,Home page ,200,OK,Knock_out_Thread Group 1-627,text,true,,3033,309,174,174,https://pabsa.impressicocrm.com/,2030,0,1955
1680594002269,1415,Get Players list ,200,,Knock_out_Thread Group 1-569,text,true,,3218,338,174,174,https://pabsa.impressicocrm.com/api/tournament/119922/players,1415,0,0
1680594003052,633,Home page ,200,OK,Knock_out_Thread Group 1-641,text,true,,3033,309,174,174,https://pabsa.impressicocrm.com/,632,0,560
1680594002754,935,Home page ,200,OK,Knock_out_Thread Group 1-638,text,true,,3033,309,174,174,https://pabsa.impressicocrm.com/,935,0,835
1680594002153,1541,Home page ,200,OK,Knock_out_Thread Group 1-632,text,true,,3033,309,174,174,https://pabsa.impressicocrm.com/,1541,0,1461
1680594002357,1340,Home page ,200,OK,Knock_out_Thread Group 1-634,text,true,,3033,309,174,174,https://pabsa.impressicocrm.com/,1340,0,1264
1680594002145,1568,Get Players list ,200,,Knock_out_Thread Group 1-553,text,true,,3218,338,174,174,https://pabsa.impressicocrm.com/api/tournament/119922/players,1568,0,0
1680594001854,1861,Home page ,200,OK,Knock_out_Thread Group 1-629,text,true,,3033,309,174,174,https://pabsa.impressicocrm.com/,1861,0,1795
1680593998013,5715,Get tournamnent list ,200,,Knock_out_Thread Group 1-560,text,true,,58880,389,174,174,https://pabsa.impressicocrm.com/api/tournament?limit=12&pageNumber=1&sportType=&tournamentName=&tournamentStyle=,3418,0,0
1680594001953,1778,Home page ,200,OK,Knock_out_Thread Group 1-630,text,true,,3033,309,174,174,https://pabsa.impressicocrm.com/,1778,0,1692
1680594001454,2281,Home page ,200,OK,Knock_out_Thread Group 1-625,text,true,,3033,309,174,174,https://pabsa.impressicocrm.com/,2281,0,2206
1680594000953,2796,Home page ,200,OK,Knock_out_Thread Group 1-620,text,true,,3033,309,174,174,https://pabsa.impressicocrm.com/,2796,0,2692
1680594002302,1450,Get Home page currency,200,,Knock_out_Thread Group 1-594,text,true,,9153,321,175,175,https://pabsa.impressicocrm.com/api/currency,1450,0,0
1680594003154,612,Home page ,200,OK,Knock_out_Thread Group 1-642,text,true,,3033,309,175,175,https://pabsa.impressicocrm.com/,612,0,398
1680594002186,1584,Get Players list ,200,,Knock_out_Thread Group 1-574,text,true,,3218,338,175,175,https://pabsa.impressicocrm.com/api/tournament/119922/players,1584,0,0
1680594000954,2825,Get Home page currency,200,,Knock_out_Thread Group 1-593,text,true,,9160,321,175,175,https://pabsa.impressicocrm.com/api/currency,2825,0,0
1680594001642,2137,Get Break list ,200,,Knock_out_Thread Group 1-526,text,true,,3218,338,175,175,https://pabsa.impressicocrm.com/api/tournament/119922/players,2137,0,0
1680594000970,2809,Get tournamnent list ,200,,Knock_out_Thread Group 1-602,text,true,,58888,389,175,175,https://pabsa.impressicocrm.com/api/tournament?limit=12&pageNumber=1&sportType=&tournamentName=&tournamentStyle=,1844,0,0
1680593999633,4179,Get Players schedule,200,,Knock_out_Thread Group 1-528,text,true,,5441,338,175,175,https://pabsa.impressicocrm.com/api/tournament/119922/matches,4179,0,0
1680594002654,1164,Home page ,200,OK,Knock_out_Thread Group 1-637,text,true,,3033,309,175,175,https://pabsa.impressicocrm.com/,1164,0,1064
1680594003213,609,Get Players schedule,200,,Knock_out_Thread Group 1-548,text,true,,5441,338,175,175,https://pabsa.impressicocrm.com/api/tournament/119922/matches,609,0,0
1680594002559,1275,Get Break list ,200,,Knock_out_Thread Group 1-537,text,true,,3218,338,175,175,https://pabsa.impressicocrm.com/api/tournament/119922/players,1275,0,0
1680593999822,4012,Get tournamnent list ,200,,Knock_out_Thread Group 1-578,text,true,,58880,389,175,175,https://pabsa.impressicocrm.com/api/tournament?limit=12&pageNumber=1&sportType=&tournamentName=&tournamentStyle=,2545,0,0
1680594002515,1329,Get Home page currency,200,,Knock_out_Thread Group 1-567,text,true,,9160,321,175,175,https://pabsa.impressicocrm.com/api/currency,1329,0,0
1680594003554,290,Home page ,200,OK,Knock_out_Thread Group 1-646,text,true,,3033,309,175,175,https://pabsa.impressicocrm.com/,290,0,222
1680594002586,1259,Get playerA_Vs_playerB,200,,Knock_out_Thread Group 1-465,text,true,,1239,341,175,175,https://pabsa.impressicocrm.com/api/tournament/matchScore/147598,1259,0,0
1680594003254,591,Home page ,200,OK,Knock_out_Thread Group 1-643,text,true,,3033,309,175,175,https://pabsa.impressicocrm.com/,591,0,529
1680594001254,2591,Home page ,200,OK,Knock_out_Thread Group 1-623,text,true,,3033,309,175,175,https://pabsa.impressicocrm.com/,2591,0,2522
1680594001516,2352,Get tournament result,200,,Knock_out_Thread Group 1-490,text,true,,5441,338,175,175,https://pabsa.impressicocrm.com/api/tournament/119922/matches,2352,0,0
1680594002400,1470,Get single knockout Player details,200,,Knock_out_Thread Group 1-494,text,true,,1210,326,175,175,https://pabsa.impressicocrm.com/api/player/110368,1470,0,0
1680594002482,1394,Get Break list ,200,,Knock_out_Thread Group 1-552,text,true,,3218,338,175,175,https://pabsa.impressicocrm.com/api/tournament/119922/players,1394,0,0
1680594001552,2344,Home page ,200,OK,Knock_out_Thread Group 1-626,text,true,,3033,309,175,175,https://pabsa.impressicocrm.com/,2343,0,2260
1680594002853,1056,Home page ,200,OK,Knock_out_Thread Group 1-639,text,true,,3033,309,175,175,https://pabsa.impressicocrm.com/,1055,0,807
1680594002145,1767,Get Break list ,200,,Knock_out_Thread Group 1-538,text,true,,3218,338,175,175,https://pabsa.impressicocrm.com/api/tournament/119922/players,1767,0,0
1680594002209,1708,Get playerA_Vs_playerB,200,,Knock_out_Thread Group 1-486,text,true,,1239,341,175,175,https://pabsa.impressicocrm.com/api/tournament/matchScore/147598,1708,0,0
1680594003654,275,Home page ,200,OK,Knock_out_Thread Group 1-647,text,true,,3033,309,174,174,https://pabsa.impressicocrm.com/,275,0,191
1680594002206,1731,Get Break list ,200,,Knock_out_Thread Group 1-570,text,true,,3218,338,174,174,https://pabsa.impressicocrm.com/api/tournament/119922/players,1731,0,0
1680594001126,2811,Get tournamnent list ,200,,Knock_out_Thread Group 1-615,text,true,,58880,389,174,174,https://pabsa.impressicocrm.com/api/tournament?limit=12&pageNumber=1&sportType=&tournamentName=&tournamentStyle=,1956,0,0
1680594001752,2185,Home page ,200,OK,Knock_out_Thread Group 1-628,text,true,,3033,309,174,174,https://pabsa.impressicocrm.com/,2185,0,2116
1680594002606,1333,Get Break list ,200,,Knock_out_Thread Group 1-571,text,true,,3218,338,174,174,https://pabsa.impressicocrm.com/api/tournament/119922/players,1333,0,0
1680594002411,1532,Get Players schedule,200,,Knock_out_Thread Group 1-523,text,true,,5441,338,174,174,https://pabsa.impressicocrm.com/api/tournament/119922/matches,1532,0,0
1680594002053,1902,Home page ,200,OK,Knock_out_Thread Group 1-631,text,true,,3033,309,175,175,https://pabsa.impressicocrm.com/,1902,0,1824
1680594002612,1379,Get Players list ,200,,Knock_out_Thread Group 1-557,text,true,,3218,338,175,175,https://pabsa.impressicocrm.com/api/tournament/119922/players,1379,0,0
1680594002451,1541,Get tournament result,200,,Knock_out_Thread Group 1-491,text,true,,5441,338,175,175,https://pabsa.impressicocrm.com/api/tournament/119922/matches,1541,0,0
1680594002606,1386,Get Players list ,200,,Knock_out_Thread Group 1-558,text,true,,3218,338,175,175,https://pabsa.impressicocrm.com/api/tournament/119922/players,1386,0,0
1680594002300,1701,Get Break list ,200,,Knock_out_Thread Group 1-522,text,true,,3218,338,175,175,https://pabsa.impressicocrm.com/api/tournament/119922/players,1700,0,0
1680594002414,1587,Get tournament result,200,,Knock_out_Thread Group 1-475,text,true,,5441,338,175,175,https://pabsa.impressicocrm.com/api/tournament/119922/matches,1586,0,0
1680594001394,2607,Get tournamnent list ,200,,Knock_out_Thread Group 1-591,text,true,,58888,389,175,175,https://pabsa.impressicocrm.com/api/tournament?limit=12&pageNumber=1&sportType=&tournamentName=&tournamentStyle=,1847,0,0
1680594000049,3954,Get playerA_Vs_playerB,200,,Knock_out_Thread Group 1-449,text,true,,1239,341,175,175,https://pabsa.impressicocrm.com/api/tournament/matchScore/147598,3954,0,0
1680594002669,1356,Get Players list ,200,,Knock_out_Thread Group 1-551,text,true,,3218,338,174,174,https://pabsa.impressicocrm.com/api/tournament/119922/players,1356,0,0
1680594001616,2428,Get tournamnent list ,200,,Knock_out_Thread Group 1-581,text,true,,58880,389,174,174,https://pabsa.impressicocrm.com/api/tournament?limit=12&pageNumber=1&sportType=&tournamentName=&tournamentStyle=,1878,0,0
1680594002641,1422,Get Home page currency,200,,Knock_out_Thread Group 1-562,text,true,,9160,321,175,175,https://pabsa.impressicocrm.com/api/currency,1422,0,0
1680594003752,319,Home page ,200,OK,Knock_out_Thread Group 1-648,text,true,,3033,309,175,175,https://pabsa.impressicocrm.com/,318,0,240
1680594002736,1373,Get playerA_Vs_playerB,200,,Knock_out_Thread Group 1-470,text,true,,1239,341,175,175,https://pabsa.impressicocrm.com/api/tournament/matchScore/147598,1373,0,0
1680594002505,1604,Get Break list ,200,,Knock_out_Thread Group 1-544,text,true,,3218,338,175,175,https://pabsa.impressicocrm.com/api/tournament/119922/players,1604,0,0
1680594002743,1366,Get single knockout Player details,200,,Knock_out_Thread Group 1-508,text,true,,1210,326,175,175,https://pabsa.impressicocrm.com/api/player/110368,1366,0,0
1680594002642,1467,Get Break list ,200,,Knock_out_Thread Group 1-542,text,true,,3218,338,175,175,https://pabsa.impressicocrm.com/api/tournament/119922/players,1467,0,0
1680594002621,1509,Get Break list ,200,,Knock_out_Thread Group 1-543,text,true,,3218,338,174,174,https://pabsa.impressicocrm.com/api/tournament/119922/players,1509,0,0
1680594002337,1793,Get Players schedule,200,,Knock_out_Thread Group 1-541,text,true,,5441,338,174,174,https://pabsa.impressicocrm.com/api/tournament/119922/matches,1793,0,0
1680593999558,4574,Get tournamnent list ,200,,Knock_out_Thread Group 1-585,text,true,,58880,389,174,174,https://pabsa.impressicocrm.com/api/tournament?limit=12&pageNumber=1&sportType=&tournamentName=&tournamentStyle=,2990,0,0
1680593999643,4496,Get tournamnent list ,200,,Knock_out_Thread Group 1-575,text,true,,58880,389,174,174,https://pabsa.impressicocrm.com/api/tournament?limit=12&pageNumber=1&sportType=&tournamentName=&tournamentStyle=,3243,0,0
1680594002602,1577,Get Players schedule,200,,Knock_out_Thread Group 1-516,text,true,,5441,338,175,175,https://pabsa.impressicocrm.com/api/tournament/119922/matches,1577,0,0
1680594002597,1582,Get Home page currency,200,,Knock_out_Thread Group 1-595,text,true,,9153,321,175,175,https://pabsa.impressicocrm.com/api/currency,1582,0,0
1680594002693,1486,Get Home page currency,200,,Knock_out_Thread Group 1-599,text,true,,9160,321,175,175,https://pabsa.impressicocrm.com/api/currency,1486,0,0
1680594002743,1442,Get playerA_Vs_playerB,200,,Knock_out_Thread Group 1-483,text,true,,1239,341,175,175,https://pabsa.impressicocrm.com/api/tournament/matchScore/147598,1442,0,0
1680594002736,1449,Get Break list ,200,,Knock_out_Thread Group 1-518,text,true,,3218,338,175,175,https://pabsa.impressicocrm.com/api/tournament/119922/players,1449,0,0
1680594002686,1499,Get Players list ,200,,Knock_out_Thread Group 1-555,text,true,,3218,338,175,175,https://pabsa.impressicocrm.com/api/tournament/119922/players,1499,0,0
1680594003853,336,Home page ,200,OK,Knock_out_Thread Group 1-649,text,true,,3033,309,174,174,https://pabsa.impressicocrm.com/,336,0,260
1680593999210,4988,Get tournamnent list ,200,,Knock_out_Thread Group 1-568,text,true,,58888,389,174,174,https://pabsa.impressicocrm.com/api/tournament?limit=12&pageNumber=1&sportType=&tournamentName=&tournamentStyle=,3889,0,0
1680594002640,1565,Get tournament result,200,,Knock_out_Thread Group 1-510,text,true,,5441,338,174,174,https://pabsa.impressicocrm.com/api/tournament/119922/matches,1565,0,0
1680594001436,2776,Get Break list ,200,,Knock_out_Thread Group 1-579,text,true,,3218,338,174,174,https://pabsa.impressicocrm.com/api/tournament/119922/players,2776,0,0
1680594002891,1344,Get single knockout Player details,200,,Knock_out_Thread Group 1-509,text,true,,1210,326,174,174,https://pabsa.impressicocrm.com/api/player/110368,1344,0,0
1680594002045,2197,Get Players schedule,200,,Knock_out_Thread Group 1-480,text,true,,5441,338,174,174,https://pabsa.impressicocrm.com/api/tournament/119922/matches,2197,0,0
1680594002952,1299,Home page ,200,OK,Knock_out_Thread Group 1-640,text,true,,3033,309,174,174,https://pabsa.impressicocrm.com/,1298,0,1233
1680594002815,1440,Get playerA_Vs_playerB,200,,Knock_out_Thread Group 1-493,text,true,,1239,341,175,175,https://pabsa.impressicocrm.com/api/tournament/matchScore/147598,1440,0,0
1680594002954,1316,Get single knockout Player details,200,,Knock_out_Thread Group 1-505,text,true,,1210,326,174,174,https://pabsa.impressicocrm.com/api/player/110368,1316,0,0
1680594003954,324,Home page ,200,OK,Knock_out_Thread Group 1-650,text,true,,3033,309,174,174,https://pabsa.impressicocrm.com/,323,0,242
1680594002425,1858,Get knockout players list ,200,,Knock_out_Thread Group 1-513,text,true,,4598,340,174,174,https://pabsa.impressicocrm.com/api/tournament/118871/knockouts,1858,0,0
1680594002873,1423,Get Home page currency,200,,Knock_out_Thread Group 1-586,text,true,,9160,321,174,174,https://pabsa.impressicocrm.com/api/currency,1422,0,0
1680594002923,1392,Get playerA_Vs_playerB,200,,Knock_out_Thread Group 1-484,text,true,,1239,341,174,174,https://pabsa.impressicocrm.com/api/tournament/matchScore/147598,1392,0,0
1680594002904,1422,Get Players list ,200,,Knock_out_Thread Group 1-584,text,true,,3218,338,173,173,https://pabsa.impressicocrm.com/api/tournament/119922/players,1422,0,0
1680594001001,3346,Get tournamnent list ,200,,Knock_out_Thread Group 1-592,text,true,,58880,389,173,173,https://pabsa.impressicocrm.com/api/tournament?limit=12&pageNumber=1&sportType=&tournamentName=&tournamentStyle=,1921,0,0
1680594002958,1398,Get Players list ,200,,Knock_out_Thread Group 1-573,text,true,,3218,338,174,174,https://pabsa.impressicocrm.com/api/tournament/119922/players,1398,0,0
1680594001051,3305,Get tournamnent list ,200,,Knock_out_Thread Group 1-601,text,true,,58888,389,174,174,https://pabsa.impressicocrm.com/api/tournament?limit=12&pageNumber=1&sportType=&tournamentName=&tournamentStyle=,1907,0,0
1680594002986,1379,Get Home page currency,200,,Knock_out_Thread Group 1-600,text,true,,9160,321,174,174,https://pabsa.impressicocrm.com/api/currency,1379,0,0
1680594002862,1518,Get Break list ,200,,Knock_out_Thread Group 1-531,text,true,,3218,338,174,174,https://pabsa.impressicocrm.com/api/tournament/119922/players,1518,0,0
1680594002850,1530,Get knockout players list ,200,,Knock_out_Thread Group 1-503,text,true,,4598,340,174,174,https://pabsa.impressicocrm.com/api/tournament/118871/knockouts,1530,0,0
1680594002743,1647,Get playerA_Vs_playerB,200,,Knock_out_Thread Group 1-495,text,true,,1239,341,174,174,https://pabsa.impressicocrm.com/api/tournament/matchScore/147598,1647,0,0
1680594004052,347,Home page ,200,OK,Knock_out_Thread Group 1-651,text,true,,3033,309,173,173,https://pabsa.impressicocrm.com/,347,0,263
1680594000494,3916,Get tournamnent list ,200,,Knock_out_Thread Group 1-596,text,true,,58880,389,173,173,https://pabsa.impressicocrm.com/api/tournament?limit=12&pageNumber=1&sportType=&tournamentName=&tournamentStyle=,2418,0,0
1680594003110,1332,Get Players list ,200,,Knock_out_Thread Group 1-561,text,true,,3218,338,173,173,https://pabsa.impressicocrm.com/api/tournament/119922/players,1332,0,0
1680594002743,1708,Get Home page currency,200,,Knock_out_Thread Group 1-588,text,true,,9153,321,173,173,https://pabsa.impressicocrm.com/api/currency,1708,0,0
1680594002269,2182,Get playerA_Vs_playerB,200,,Knock_out_Thread Group 1-469,text,true,,1239,341,173,173,https://pabsa.impressicocrm.com/api/tournament/matchScore/147598,2182,0,0
1680594002612,1865,Get Home page currency,200,,Knock_out_Thread Group 1-576,text,true,,9160,321,173,173,https://pabsa.impressicocrm.com/api/currency,1865,0,0
1680594002767,1727,Get tournament result,200,,Knock_out_Thread Group 1-474,text,true,,5441,338,173,173,https://pabsa.impressicocrm.com/api/tournament/119922/matches,1727,0,0
1680594002519,1992,Get Players schedule,200,,Knock_out_Thread Group 1-517,text,true,,5435,338,173,173,https://pabsa.impressicocrm.com/api/tournament/119922/matches,1992,0,0
1680594002553,1967,Home page ,200,OK,Knock_out_Thread Group 1-636,text,true,,3033,309,173,173,https://pabsa.impressicocrm.com/,1967,0,1556
1680594003133,1405,Get Home page currency,200,,Knock_out_Thread Group 1-597,text,true,,9160,321,173,173,https://pabsa.impressicocrm.com/api/currency,1405,0,0
1680594003192,1374,Get playerA_Vs_playerB,200,,Knock_out_Thread Group 1-496,text,true,,1239,341,174,174,https://pabsa.impressicocrm.com/api/tournament/matchScore/147598,1374,0,0
1680594001489,3077,Get tournamnent list ,200,,Knock_out_Thread Group 1-606,text,true,,58880,389,174,174,https://pabsa.impressicocrm.com/api/tournament?limit=12&pageNumber=1&sportType=&tournamentName=&tournamentStyle=,2184,0,0
1680594001291,3275,Get tournamnent list ,200,,Knock_out_Thread Group 1-604,text,true,,58888,389,174,174,https://pabsa.impressicocrm.com/api/tournament?limit=12&pageNumber=1&sportType=&tournamentName=&tournamentStyle=,1737,0,0
1680594000731,3846,Get tournamnent list ,200,,Knock_out_Thread Group 1-589,text,true,,58888,389,173,173,https://pabsa.impressicocrm.com/api/tournament?limit=12&pageNumber=1&sportType=&tournamentName=&tournamentStyle=,2603,0,0
1680594003168,1411,Get Players list ,200,,Knock_out_Thread Group 1-590,text,true,,3218,338,173,173,https://pabsa.impressicocrm.com/api/tournament/119922/players,1411,0,0
1680594003099,1514,Get Players schedule,200,,Knock_out_Thread Group 1-534,text,true,,5441,338,173,173,https://pabsa.impressicocrm.com/api/tournament/119922/matches,1514,0,0
1680594004252,361,Home page ,200,OK,Knock_out_Thread Group 1-653,text,true,,3033,309,173,173,https://pabsa.impressicocrm.com/,361,0,270
1680594002753,1869,Get Players schedule,200,,Knock_out_Thread Group 1-529,text,true,,5441,338,173,173,https://pabsa.impressicocrm.com/api/tournament/119922/matches,1869,0,0
1680594003241,1386,Get single knockout Player details,200,,Knock_out_Thread Group 1-507,text,true,,1210,326,173,173,https://pabsa.impressicocrm.com/api/player/110368,1386,0,0
1680594003018,1619,Get playerA_Vs_playerB,200,,Knock_out_Thread Group 1-478,text,true,,1239,341,173,173,https://pabsa.impressicocrm.com/api/tournament/matchScore/147598,1619,0,0
1680594002736,1901,Get tournamnent list ,200,,Knock_out_Thread Group 1-619,text,true,,58880,389,173,173,https://pabsa.impressicocrm.com/api/tournament?limit=12&pageNumber=1&sportType=&tournamentName=&tournamentStyle=,1525,0,0
1680594003209,1431,Get Break list ,200,,Knock_out_Thread Group 1-520,text,true,,3218,338,172,172,https://pabsa.impressicocrm.com/api/tournament/119922/players,1431,0,0
1680594003028,1613,Get Players schedule,200,,Knock_out_Thread Group 1-556,text,true,,5441,338,172,172,https://pabsa.impressicocrm.com/api/tournament/119922/matches,1613,0,0
1680594003241,1446,Get single knockout Player details,200,,Knock_out_Thread Group 1-485,text,true,,1210,326,172,172,https://pabsa.impressicocrm.com/api/player/110368,1446,0,0
1680594004352,289,Home page ,200,OK,Knock_out_Thread Group 1-654,text,true,,3033,309,172,172,https://pabsa.impressicocrm.com/,289,0,218
1680594002510,2203,Get tournamnent list ,200,,Knock_out_Thread Group 1-617,text,true,,58880,389,173,173,https://pabsa.impressicocrm.com/api/tournament?limit=12&pageNumber=1&sportType=&tournamentName=&tournamentStyle=,1536,0,0
1680594002101,2626,Get Home page currency,200,,Knock_out_Thread Group 1-580,text,true,,9160,321,173,173,https://pabsa.impressicocrm.com/api/currency,2626,0,0
1680594003063,1704,Get playerA_Vs_playerB,200,,Knock_out_Thread Group 1-492,text,true,,1239,341,174,174,https://pabsa.impressicocrm.com/api/tournament/matchScore/147598,1704,0,0
1680594003309,1470,Get Break list ,200,,Knock_out_Thread Group 1-577,text,true,,3218,338,173,173,https://pabsa.impressicocrm.com/api/tournament/119922/players,1470,0,0
1680594002978,1801,Get Players schedule,200,,Knock_out_Thread Group 1-519,text,true,,5441,338,173,173,https://pabsa.impressicocrm.com/api/tournament/119922/matches,1801,0,0
1680594003304,1475,Get Players list ,200,,Knock_out_Thread Group 1-582,text,true,,3218,338,173,173,https://pabsa.impressicocrm.com/api/tournament/119922/players,1475,0,0
1680594003367,1436,Get single knockout Player details,200,,Knock_out_Thread Group 1-504,text,true,,1210,326,173,173,https://pabsa.impressicocrm.com/api/player/110368,1436,0,0
1680594003246,1559,Get Home page currency,200,,Knock_out_Thread Group 1-564,text,true,,9160,321,173,173,https://pabsa.impressicocrm.com/api/currency,1559,0,0
1680594003332,1535,Get Break list ,200,,Knock_out_Thread Group 1-545,text,true,,3218,338,174,174,https://pabsa.impressicocrm.com/api/tournament/119922/players,1535,0,0
1680594003255,1618,Get Break list ,200,,Knock_out_Thread Group 1-536,text,true,,3218,338,174,174,https://pabsa.impressicocrm.com/api/tournament/119922/players,1618,0,0
1680594003168,1705,Get tournament result,200,,Knock_out_Thread Group 1-499,text,true,,5441,338,174,174,https://pabsa.impressicocrm.com/api/tournament/119922/matches,1705,0,0
1680594002440,2433,Get knockout players list ,200,,Knock_out_Thread Group 1-511,text,true,,4598,340,174,174,https://pabsa.impressicocrm.com/api/tournament/118871/knockouts,2433,0,0
1680594003329,1549,Get Home page currency,200,,Knock_out_Thread Group 1-572,text,true,,9160,321,174,174,https://pabsa.impressicocrm.com/api/currency,1549,0,0
1680594002736,2142,Get tournament result,200,,Knock_out_Thread Group 1-502,text,true,,5441,338,174,174,https://pabsa.impressicocrm.com/api/tournament/119922/matches,2142,0,0
1680594003425,1453,Get knockout players list ,200,,Knock_out_Thread Group 1-488,text,true,,4598,340,174,174,https://pabsa.impressicocrm.com/api/tournament/118871/knockouts,1453,0,0
1680594003197,1681,Get tournament result,200,,Knock_out_Thread Group 1-479,text,true,,5441,338,174,174,https://pabsa.impressicocrm.com/api/tournament/119922/matches,1681,0,0
1680594002524,2354,Get tournamnent list ,200,,Knock_out_Thread Group 1-603,text,true,,58888,389,174,174,https://pabsa.impressicocrm.com/api/tournament?limit=12&pageNumber=1&sportType=&tournamentName=&tournamentStyle=,1743,0,0
1680594004110,768,Get Players schedule,200,,Knock_out_Thread Group 1-542,text,true,,5441,338,174,174,https://pabsa.impressicocrm.com/api/tournament/119922/matches,768,0,0
1680594003168,1761,Get tournament result,200,,Knock_out_Thread Group 1-500,text,true,,5441,338,174,174,https://pabsa.impressicocrm.com/api/tournament/119922/matches,1761,0,0
1680594003466,1467,Get Break list ,200,,Knock_out_Thread Group 1-559,text,true,,3218,338,174,174,https://pabsa.impressicocrm.com/api/tournament/119922/players,1467,0,0
1680594003310,1636,Get Home page currency,200,,Knock_out_Thread Group 1-566,text,true,,9160,321,174,174,https://pabsa.impressicocrm.com/api/currency,1636,0,0
1680594004553,393,Home page ,200,OK,Knock_out_Thread Group 1-656,text,true,,3033,309,174,174,https://pabsa.impressicocrm.com/,393,0,320
1680594003354,1599,Get Home page currency,200,,Knock_out_Thread Group 1-565,text,true,,9160,321,175,175,https://pabsa.impressicocrm.com/api/currency,1599,0,0
1680594003301,1657,Get Players schedule,200,,Knock_out_Thread Group 1-549,text,true,,5441,338,175,175,https://pabsa.impressicocrm.com/api/tournament/119922/matches,1657,0,0
1680594002832,2172,Get tournament result,200,,Knock_out_Thread Group 1-501,text,true,,5441,338,175,175,https://pabsa.impressicocrm.com/api/tournament/119922/matches,2172,0,0
1680594003595,1412,Get knockout players list ,200,,Knock_out_Thread Group 1-533,text,true,,4598,340,175,175,https://pabsa.impressicocrm.com/api/tournament/118871/knockouts,1412,0,0
1680594003133,1879,Get knockout players list ,200,,Knock_out_Thread Group 1-525,text,true,,4598,340,175,175,https://pabsa.impressicocrm.com/api/tournament/118871/knockouts,1879,0,0
1680594003649,1372,Get knockout players list ,200,,Knock_out_Thread Group 1-515,text,true,,4598,340,175,175,https://pabsa.impressicocrm.com/api/tournament/118871/knockouts,1372,0,0
1680594003626,1400,Get playerA_Vs_playerB,200,,Knock_out_Thread Group 1-466,text,true,,1239,341,175,175,https://pabsa.impressicocrm.com/api/tournament/matchScore/147598,1400,0,0
1680594003287,1739,Get Players schedule,200,,Knock_out_Thread Group 1-540,text,true,,5441,338,175,175,https://pabsa.impressicocrm.com/api/tournament/119922/matches,1739,0,0
1680594003490,1600,Get Break list ,200,,Knock_out_Thread Group 1-546,text,true,,3218,338,175,175,https://pabsa.impressicocrm.com/api/tournament/119922/players,1600,0,0
1680594003661,1453,Get Home page country ,200,,Knock_out_Thread Group 1-621,text,true,,17270,320,175,175,https://pabsa.impressicocrm.com/api/country,1452,0,0
1680594003685,1434,Get Break list ,200,,Knock_out_Thread Group 1-569,text,true,,3218,338,175,175,https://pabsa.impressicocrm.com/api/tournament/119922/players,1434,0,0
1680594003204,1915,Get Break list ,200,,Knock_out_Thread Group 1-587,text,true,,3218,338,175,175,https://pabsa.impressicocrm.com/api/tournament/119922/players,1915,0,0
1680594003680,1455,Get Break list ,200,,Knock_out_Thread Group 1-563,text,true,,3218,338,175,175,https://pabsa.impressicocrm.com/api/tournament/119922/players,1455,0,0
1680594003663,1472,Get Home page country ,200,,Knock_out_Thread Group 1-624,text,true,,17270,320,175,175,https://pabsa.impressicocrm.com/api/country,1472,0,0
1680594003425,1710,Get tournament result,200,,Knock_out_Thread Group 1-506,text,true,,5441,338,175,175,https://pabsa.impressicocrm.com/api/tournament/119922/matches,1710,0,0
1680594003615,1520,Get tournament result,200,,Knock_out_Thread Group 1-497,text,true,,5441,338,175,175,https://pabsa.impressicocrm.com/api/tournament/119922/matches,1520,0,0
1680594003694,1445,Get Home page country ,200,,Knock_out_Thread Group 1-632,text,true,,17270,320,175,175,https://pabsa.impressicocrm.com/api/country,1445,0,0
1680594003650,1509,Get Players list ,200,,Knock_out_Thread Group 1-547,text,true,,3218,338,176,176,https://pabsa.impressicocrm.com/api/tournament/119922/players,1509,0,0
1680594003698,1487,Get Home page country ,200,,Knock_out_Thread Group 1-634,text,true,,17255,320,176,176,https://pabsa.impressicocrm.com/api/country,1487,0,0
1680594003689,1504,Get Home page country ,200,,Knock_out_Thread Group 1-638,text,true,,17270,320,176,176,https://pabsa.impressicocrm.com/api/country,1504,0,0
1680594003382,1830,Get playerA_Vs_playerB,200,,Knock_out_Thread Group 1-487,text,true,,1239,341,176,176,https://pabsa.impressicocrm.com/api/tournament/matchScore/147598,1830,0,0
1680594003714,1531,Get Break list ,200,,Knock_out_Thread Group 1-553,text,true,,3218,338,175,175,https://pabsa.impressicocrm.com/api/tournament/119922/players,1531,0,0
1680594003428,1817,Get Players schedule,200,,Knock_out_Thread Group 1-535,text,true,,5441,338,175,175,https://pabsa.impressicocrm.com/api/tournament/119922/matches,1817,0,0
1680594003716,1529,Get Home page country ,200,,Knock_out_Thread Group 1-629,text,true,,17270,320,175,175,https://pabsa.impressicocrm.com/api/country,1529,0,0
1680594003452,1793,Home page ,200,OK,Knock_out_Thread Group 1-645,text,true,,3033,309,175,175,https://pabsa.impressicocrm.com/,1793,0,1707
1680594003382,1871,Get Players schedule,200,,Knock_out_Thread Group 1-554,text,true,,5441,338,176,176,https://pabsa.impressicocrm.com/api/tournament/119922/matches,1871,0,0
1680594003168,2085,Get Players schedule,200,,Knock_out_Thread Group 1-550,text,true,,5441,338,176,176,https://pabsa.impressicocrm.com/api/tournament/119922/matches,2085,0,0
1680594003869,1384,Get playerA_Vs_playerB,200,,Knock_out_Thread Group 1-490,text,true,,1239,341,176,176,https://pabsa.impressicocrm.com/api/tournament/matchScore/147598,1384,0,0
1680594002614,2639,Get tournamnent list ,200,,Knock_out_Thread Group 1-618,text,true,,58880,389,176,176,https://pabsa.impressicocrm.com/api/tournament?limit=12&pageNumber=1&sportType=&tournamentName=&tournamentStyle=,1660,0,0
1680594003750,1508,Get Home page country ,200,,Knock_out_Thread Group 1-620,text,true,,17270,320,175,175,https://pabsa.impressicocrm.com/api/country,1503,0,0
1680594003685,1573,Get Home page country ,200,,Knock_out_Thread Group 1-641,text,true,,17270,320,175,175,https://pabsa.impressicocrm.com/api/country,1573,0,0
1680594003729,1537,Get Home page currency,200,,Knock_out_Thread Group 1-560,text,true,,9160,321,175,175,https://pabsa.impressicocrm.com/api/currency,1537,0,0
1680594003835,1431,Get Home page currency,200,,Knock_out_Thread Group 1-578,text,true,,9160,321,175,175,https://pabsa.impressicocrm.com/api/currency,1431,0,0
1680594003844,1422,Get Players list ,200,,Knock_out_Thread Group 1-567,text,true,,3218,338,175,175,https://pabsa.impressicocrm.com/api/tournament/119922/players,1422,0,0
1680594003752,1514,Get Players list ,200,,Knock_out_Thread Group 1-594,text,true,,3218,338,175,175,https://pabsa.impressicocrm.com/api/tournament/119922/players,1514,0,0
1680594003669,1631,Get Players schedule,200,,Knock_out_Thread Group 1-532,text,true,,5441,338,175,175,https://pabsa.impressicocrm.com/api/tournament/119922/matches,1631,0,0
1680594003812,1512,Get knockout players list ,200,,Knock_out_Thread Group 1-528,text,true,,4598,340,175,175,https://pabsa.impressicocrm.com/api/tournament/118871/knockouts,1512,0,0
1680594003845,1481,Get Home page country ,200,,Knock_out_Thread Group 1-646,text,true,,17270,320,175,175,https://pabsa.impressicocrm.com/api/country,1481,0,0
1680594003780,1551,Get Players list ,200,,Knock_out_Thread Group 1-593,text,true,,3218,338,175,175,https://pabsa.impressicocrm.com/api/tournament/119922/players,1551,0,0
1680594003618,1726,Get Home page country ,200,,Knock_out_Thread Group 1-644,text,true,,17270,320,175,175,https://pabsa.impressicocrm.com/api/country,1726,0,0
1680594003992,1375,Get playerA_Vs_playerB,200,,Knock_out_Thread Group 1-491,text,true,,1239,341,176,176,https://pabsa.impressicocrm.com/api/tournament/matchScore/147598,1375,0,0
1680594003846,1521,Get Home page country ,200,,Knock_out_Thread Group 1-643,text,true,,17270,320,176,176,https://pabsa.impressicocrm.com/api/country,1521,0,0
1680594003382,1988,Get single knockout Player details,200,,Knock_out_Thread Group 1-514,text,true,,1210,326,175,175,https://pabsa.impressicocrm.com/api/player/110368,1988,0,0
1680594003870,1500,Get tournament result,200,,Knock_out_Thread Group 1-494,text,true,,5441,338,175,175,https://pabsa.impressicocrm.com/api/tournament/119922/matches,1500,0,0
1680594004153,1217,Home page ,200,OK,Knock_out_Thread Group 1-652,text,true,,3033,309,175,175,https://pabsa.impressicocrm.com/,1217,0,1092
1680594003835,1538,Get Players schedule,200,,Knock_out_Thread Group 1-537,text,true,,5441,338,175,175,https://pabsa.impressicocrm.com/api/tournament/119922/matches,1538,0,0
1680594003956,1423,Get Home page country ,200,,Knock_out_Thread Group 1-631,text,true,,17270,320,175,175,https://pabsa.impressicocrm.com/api/country,1421,0,0
1680594003929,1456,Get Home page country ,200,,Knock_out_Thread Group 1-647,text,true,,17270,320,175,175,https://pabsa.impressicocrm.com/api/country,1455,0,0
1680594003823,1614,Get knockout players list ,200,,Knock_out_Thread Group 1-548,text,true,,4598,340,175,175,https://pabsa.impressicocrm.com/api/tournament/118871/knockouts,1614,0,0
1680594004001,1442,Get playerA_Vs_playerB,200,,Knock_out_Thread Group 1-475,text,true,,1239,341,175,175,https://pabsa.impressicocrm.com/api/tournament/matchScore/147598,1442,0,0
1680594003992,1452,Get Break list ,200,,Knock_out_Thread Group 1-558,text,true,,3218,338,174,174,https://pabsa.impressicocrm.com/api/tournament/119922/players,1452,0,0
1680594003938,1515,Get Home page country ,200,,Knock_out_Thread Group 1-628,text,true,,17255,320,175,175,https://pabsa.impressicocrm.com/api/country,1515,0,0
1680594003818,1665,Get Home page country ,200,,Knock_out_Thread Group 1-637,text,true,,17270,320,175,175,https://pabsa.impressicocrm.com/api/country,1665,0,0
1680594002180,3307,Get tournamnent list ,200,,Knock_out_Thread Group 1-605,text,true,,58865,389,175,175,https://pabsa.impressicocrm.com/api/tournament?limit=12&pageNumber=1&sportType=&tournamentName=&tournamentStyle=,1757,0,0
1680594003937,1557,Get Players schedule,200,,Knock_out_Thread Group 1-570,text,true,,5441,338,175,175,https://pabsa.impressicocrm.com/api/tournament/119922/matches,1557,0,0
1680594004026,1468,Get Break list ,200,,Knock_out_Thread Group 1-551,text,true,,3218,338,175,175,https://pabsa.impressicocrm.com/api/tournament/119922/players,1468,0,0
1680594003547,1947,Get Home page currency,200,,Knock_out_Thread Group 1-610,text,true,,9153,321,175,175,https://pabsa.impressicocrm.com/api/currency,1947,0,0
1680594003661,1833,Get Home page country ,200,,Knock_out_Thread Group 1-635,text,true,,17270,320,175,175,https://pabsa.impressicocrm.com/api/country,1833,0,0
1680594003200,2294,Get tournament result,200,,Knock_out_Thread Group 1-527,text,true,,5441,338,175,175,https://pabsa.impressicocrm.com/api/tournament/119922/matches,2294,0,0
1680594004853,641,Home page ,200,OK,Knock_out_Thread Group 1-659,text,true,,3033,309,175,175,https://pabsa.impressicocrm.com/,641,0,509
1680594004063,1484,Get Players list ,200,,Knock_out_Thread Group 1-562,text,true,,3218,338,175,175,https://pabsa.impressicocrm.com/api/tournament/119922/players,1484,0,0
1680594005052,504,Home page ,200,OK,Knock_out_Thread Group 1-661,text,true,,3033,309,176,176,https://pabsa.impressicocrm.com/,504,0,436
1680594004071,1487,Get Home page country ,200,,Knock_out_Thread Group 1-648,text,true,,17270,320,176,176,https://pabsa.impressicocrm.com/api/country,1487,0,0
1680594003909,1662,Get Home page country ,200,,Knock_out_Thread Group 1-639,text,true,,17270,320,176,176,https://pabsa.impressicocrm.com/api/country,1649,0,0
1680594004131,1440,Get knockout players list ,200,,Knock_out_Thread Group 1-541,text,true,,4598,340,176,176,https://pabsa.impressicocrm.com/api/tournament/118871/knockouts,1440,0,0
1680594004001,1579,Get Home page currency,200,,Knock_out_Thread Group 1-591,text,true,,9160,321,176,176,https://pabsa.impressicocrm.com/api/currency,1579,0,0
1680594005252,328,Home page ,200,OK,Knock_out_Thread Group 1-663,text,true,,3033,309,176,176,https://pabsa.impressicocrm.com/,328,0,247
1680594003766,1818,Get Home page country ,200,,Knock_out_Thread Group 1-642,text,true,,17270,320,176,176,https://pabsa.impressicocrm.com/api/country,1818,0,0
1680594003683,1906,Get Home page country ,200,,Knock_out_Thread Group 1-627,text,true,,17270,320,176,176,https://pabsa.impressicocrm.com/api/country,1833,0,0
1680594003913,1676,Get Players schedule,200,,Knock_out_Thread Group 1-538,text,true,,5441,338,176,176,https://pabsa.impressicocrm.com/api/tournament/119922/matches,1676,0,0
1680594004205,1384,Get playerA_Vs_playerB,200,,Knock_out_Thread Group 1-510,text,true,,1239,341,176,176,https://pabsa.impressicocrm.com/api/tournament/matchScore/147598,1384,0,0
1680594003939,1663,Get Players schedule,200,,Knock_out_Thread Group 1-571,text,true,,5441,338,175,175,https://pabsa.impressicocrm.com/api/tournament/119922/matches,1663,0,0
1680594003877,1743,Get Players schedule,200,,Knock_out_Thread Group 1-552,text,true,,5441,338,175,175,https://pabsa.impressicocrm.com/api/tournament/119922/matches,1743,0,0
1680594003731,1905,Get Home page country ,200,,Knock_out_Thread Group 1-630,text,true,,17270,320,175,175,https://pabsa.impressicocrm.com/api/country,1905,0,0
1680594004001,1664,Get Players schedule,200,,Knock_out_Thread Group 1-522,text,true,,5441,338,176,176,https://pabsa.impressicocrm.com/api/tournament/119922/matches,1664,0,0
1680594003780,1885,Get Players schedule,200,,Knock_out_Thread Group 1-526,text,true,,5441,338,176,176,https://pabsa.impressicocrm.com/api/tournament/119922/matches,1885,0,0
1680594004179,1490,Get Players list ,200,,Knock_out_Thread Group 1-599,text,true,,3218,338,176,176,https://pabsa.impressicocrm.com/api/tournament/119922/players,1490,0,0
1680594004045,1633,Get Home page currency,200,,Knock_out_Thread Group 1-581,text,true,,9160,321,176,176,https://pabsa.impressicocrm.com/api/currency,1633,0,0
1680594004140,1538,Get Home page currency,200,,Knock_out_Thread Group 1-575,text,true,,9160,321,176,176,https://pabsa.impressicocrm.com/api/currency,1538,0,0
1680594004242,1436,Get knockout players list ,200,,Knock_out_Thread Group 1-480,text,true,,4598,340,176,176,https://pabsa.impressicocrm.com/api/tournament/118871/knockouts,1436,0,0
1680594003846,1837,Get Home page country ,200,,Knock_out_Thread Group 1-623,text,true,,17270,320,176,176,https://pabsa.impressicocrm.com/api/country,1837,0,0
1680594003675,2022,Get Home page country ,200,,Knock_out_Thread Group 1-633,text,true,,17270,320,176,176,https://pabsa.impressicocrm.com/api/country,2022,0,0
1680594003595,2102,Get tournament result,200,,Knock_out_Thread Group 1-512,text,true,,5441,338,176,176,https://pabsa.impressicocrm.com/api/tournament/119922/matches,2102,0,0
1680594004752,950,Home page ,200,OK,Knock_out_Thread Group 1-658,text,true,,3033,309,176,176,https://pabsa.impressicocrm.com/,950,0,355
1680594004296,1421,Get Players list ,200,,Knock_out_Thread Group 1-586,text,true,,3218,338,176,176,https://pabsa.impressicocrm.com/api/tournament/119922/players,1421,0,0
1680594004185,1559,Get Break list ,200,,Knock_out_Thread Group 1-555,text,true,,3218,338,176,176,https://pabsa.impressicocrm.com/api/tournament/119922/players,1559,0,0
1680594003665,2082,Get Home page country ,200,,Knock_out_Thread Group 1-622,text,true,,17255,320,176,176,https://pabsa.impressicocrm.com/api/country,2004,0,0
1680594005371,384,Get tournament result,200,,Knock_out_Thread Group 1-514,text,true,,5435,338,177,177,https://pabsa.impressicocrm.com/api/tournament/119922/matches,384,0,0
1680594004381,1376,Get single knockout Player details,200,,Knock_out_Thread Group 1-503,text,true,,1210,326,177,177,https://pabsa.impressicocrm.com/api/player/110368,1376,0,0
1680594003944,1816,Get knockout players list ,200,,Knock_out_Thread Group 1-523,text,true,,4598,340,177,177,https://pabsa.impressicocrm.com/api/tournament/118871/knockouts,1816,0,0
1680594004688,1083,Home page ,200,OK,Knock_out_Thread Group 1-657,text,true,,3033,309,177,177,https://pabsa.impressicocrm.com/,1082,0,625
1680594003133,2651,Get tournamnent list ,200,,Knock_out_Thread Group 1-608,text,true,,58880,389,177,177,https://pabsa.impressicocrm.com/api/tournament?limit=12&pageNumber=1&sportType=&tournamentName=&tournamentStyle=,1915,0,0
1680594004213,1583,Get Players schedule,200,,Knock_out_Thread Group 1-579,text,true,,5441,338,177,177,https://pabsa.impressicocrm.com/api/tournament/119922/matches,1583,0,0
1680594004357,1439,Get Home page currency,200,,Knock_out_Thread Group 1-601,text,true,,9160,321,177,177,https://pabsa.impressicocrm.com/api/currency,1439,0,0
1680594003992,1815,Get Break list ,200,,Knock_out_Thread Group 1-557,text,true,,3218,338,177,177,https://pabsa.impressicocrm.com/api/tournament/119922/players,1815,0,0
1680594003938,1880,Get Home page currency,200,,Knock_out_Thread Group 1-615,text,true,,9160,321,177,177,https://pabsa.impressicocrm.com/api/currency,1879,0,0
1680594003361,2460,Get tournamnent list ,200,,Knock_out_Thread Group 1-607,text,true,,58880,389,177,177,https://pabsa.impressicocrm.com/api/tournament?limit=12&pageNumber=1&sportType=&tournamentName=&tournamentStyle=,1944,0,0
1680594004251,1571,Get Home page country ,200,,Knock_out_Thread Group 1-640,text,true,,17270,320,177,177,https://pabsa.impressicocrm.com/api/country,1571,0,0
1680594002180,3643,Get tournamnent list ,200,,Knock_out_Thread Group 1-609,text,true,,58888,389,177,177,https://pabsa.impressicocrm.com/api/tournament?limit=12&pageNumber=1&sportType=&tournamentName=&tournamentStyle=,1763,0,0
1680594003231,2600,Get knockout players list ,200,,Knock_out_Thread Group 1-521,text,true,,4591,340,177,177,https://pabsa.impressicocrm.com/api/tournament/118871/knockouts,2600,0,0
1680594004477,1363,Get Players list ,200,,Knock_out_Thread Group 1-576,text,true,,3218,338,177,177,https://pabsa.impressicocrm.com/api/tournament/119922/players,1363,0,0
1680594004410,1432,Get Home page currency,200,,Knock_out_Thread Group 1-596,text,true,,9160,321,177,177,https://pabsa.impressicocrm.com/api/currency,1432,0,0
1680594004109,1748,Get Players schedule,200,,Knock_out_Thread Group 1-544,text,true,,5441,338,178,178,https://pabsa.impressicocrm.com/api/tournament/119922/matches,1748,0,0
1680594003735,2135,Get Home page country ,200,,Knock_out_Thread Group 1-625,text,true,,17270,320,178,178,https://pabsa.impressicocrm.com/api/country,2063,0,0
1680594004131,1754,Get Players schedule,200,,Knock_out_Thread Group 1-543,text,true,,5441,338,178,178,https://pabsa.impressicocrm.com/api/tournament/119922/matches,1754,0,0
1680594004622,1263,Get knockout players list ,200,,Knock_out_Thread Group 1-529,text,true,,4598,340,178,178,https://pabsa.impressicocrm.com/api/tournament/118871/knockouts,1263,0,0
1680594004567,1320,Get Home page currency,200,,Knock_out_Thread Group 1-606,text,true,,9160,321,178,178,https://pabsa.impressicocrm.com/api/currency,1320,0,0
1680594004494,1397,Get playerA_Vs_playerB,200,,Knock_out_Thread Group 1-474,text,true,,1239,341,178,178,https://pabsa.impressicocrm.com/api/tournament/matchScore/147598,1397,0,0
1680594004179,1715,Get Players list ,200,,Knock_out_Thread Group 1-595,text,true,,3218,338,177,177,https://pabsa.impressicocrm.com/api/tournament/119922/players,1715,0,0
1680594004538,1368,Get Players list ,200,,Knock_out_Thread Group 1-597,text,true,,3218,338,177,177,https://pabsa.impressicocrm.com/api/tournament/119922/players,1368,0,0
1680594004442,1510,Get Break list ,200,,Knock_out_Thread Group 1-561,text,true,,3218,338,178,178,https://pabsa.impressicocrm.com/api/tournament/119922/players,1510,0,0
1680594004185,1767,Get Players schedule,200,,Knock_out_Thread Group 1-518,text,true,,5441,338,178,178,https://pabsa.impressicocrm.com/api/tournament/119922/matches,1767,0,0
1680594004578,1378,Get Home page currency,200,,Knock_out_Thread Group 1-589,text,true,,9160,321,178,178,https://pabsa.impressicocrm.com/api/currency,1378,0,0
1680594004348,1608,Get Home page currency,200,,Knock_out_Thread Group 1-592,text,true,,9160,321,178,178,https://pabsa.impressicocrm.com/api/currency,1608,0,0
1680594004780,1176,Get Break list ,200,,Knock_out_Thread Group 1-582,text,true,,3218,338,178,178,https://pabsa.impressicocrm.com/api/tournament/119922/players,1176,0,0
1680594004235,1721,Get tournament result,200,,Knock_out_Thread Group 1-509,text,true,,5441,338,178,178,https://pabsa.impressicocrm.com/api/tournament/119922/matches,1721,0,0
1680594004727,1229,Get Players list ,200,,Knock_out_Thread Group 1-580,text,true,,3218,338,178,178,https://pabsa.impressicocrm.com/api/tournament/119922/players,1229,0,0
1680594005652,305,Home page ,200,OK,Knock_out_Thread Group 1-667,text,true,,3033,309,178,178,https://pabsa.impressicocrm.com/,304,0,218
1680594004189,1773,Get Home page country ,200,,Knock_out_Thread Group 1-649,text,true,,17270,320,178,178,https://pabsa.impressicocrm.com/api/country,1405,0,0
1680594002785,3177,Get tournamnent list ,200,,Knock_out_Thread Group 1-616,text,true,,58880,389,178,178,https://pabsa.impressicocrm.com/api/tournament?limit=12&pageNumber=1&sportType=&tournamentName=&tournamentStyle=,2053,0,0
1680594004953,1010,Home page ,200,OK,Knock_out_Thread Group 1-660,text,true,,3033,309,178,178,https://pabsa.impressicocrm.com/,1010,0,831
1680594005152,843,Home page ,200,OK,Knock_out_Thread Group 1-662,text,true,,3033,309,178,178,https://pabsa.impressicocrm.com/,843,0,301
1680594004805,1197,Get Players list ,200,,Knock_out_Thread Group 1-564,text,true,,3218,338,178,178,https://pabsa.impressicocrm.com/api/tournament/119922/players,1197,0,0
1680594004878,1131,Get single knockout Player details,200,,Knock_out_Thread Group 1-488,text,true,,1210,326,178,178,https://pabsa.impressicocrm.com/api/player/110368,1131,0,0
1680594004132,1883,Get Home page currency,200,,Knock_out_Thread Group 1-585,text,true,,9160,321,178,178,https://pabsa.impressicocrm.com/api/currency,1883,0,0
1680594004109,1914,Get tournament result,200,,Knock_out_Thread Group 1-508,text,true,,5441,338,178,178,https://pabsa.impressicocrm.com/api/tournament/119922/matches,1914,0,0
1680594004270,1753,Get tournament result,200,,Knock_out_Thread Group 1-505,text,true,,5441,338,178,178,https://pabsa.impressicocrm.com/api/tournament/119922/matches,1753,0,0
1680594004199,1826,Get Home page currency,200,,Knock_out_Thread Group 1-568,text,true,,9160,321,178,178,https://pabsa.impressicocrm.com/api/currency,1826,0,0
1680594004878,1147,Get Players list ,200,,Knock_out_Thread Group 1-572,text,true,,3218,338,178,178,https://pabsa.impressicocrm.com/api/tournament/119922/players,1147,0,0
1680594004878,1154,Get playerA_Vs_playerB,200,,Knock_out_Thread Group 1-502,text,true,,1239,341,178,178,https://pabsa.impressicocrm.com/api/tournament/matchScore/147598,1154,0,0
1680594004580,1452,Get Break list ,200,,Knock_out_Thread Group 1-590,text,true,,3218,338,178,178,https://pabsa.impressicocrm.com/api/tournament/119922/players,1452,0,0
1680594004179,1856,Get knockout players list ,200,,Knock_out_Thread Group 1-516,text,true,,4598,340,177,177,https://pabsa.impressicocrm.com/api/tournament/118871/knockouts,1856,0,0
1680594005552,483,Home page ,200,OK,Knock_out_Thread Group 1-666,text,true,,3033,309,177,177,https://pabsa.impressicocrm.com/,483,0,294
1680594004878,1168,Get playerA_Vs_playerB,200,,Knock_out_Thread Group 1-479,text,true,,1239,341,177,177,https://pabsa.impressicocrm.com/api/tournament/matchScore/147598,1168,0,0
1680594003780,2272,Get Home page currency,200,,Knock_out_Thread Group 1-602,text,true,,9160,321,177,177,https://pabsa.impressicocrm.com/api/currency,2272,0,0
1680594004873,1182,Get single knockout Player details,200,,Knock_out_Thread Group 1-511,text,true,,1210,326,177,177,https://pabsa.impressicocrm.com/api/player/110368,1182,0,0
1680594004713,1363,Get Home page currency,200,,Knock_out_Thread Group 1-617,text,true,,9153,321,177,177,https://pabsa.impressicocrm.com/api/currency,1363,0,0
1680594004873,1213,Get playerA_Vs_playerB,200,,Knock_out_Thread Group 1-499,text,true,,1239,341,177,177,https://pabsa.impressicocrm.com/api/tournament/matchScore/147598,1212,0,0
1680594004613,1474,Get knockout players list ,200,,Knock_out_Thread Group 1-534,text,true,,4591,340,176,176,https://pabsa.impressicocrm.com/api/tournament/118871/knockouts,1474,0,0
1680594004878,1215,Get Home page currency,200,,Knock_out_Thread Group 1-603,text,true,,9153,321,176,176,https://pabsa.impressicocrm.com/api/currency,1215,0,0
1680594004366,1745,Get Players list ,200,,Knock_out_Thread Group 1-600,text,true,,3218,338,176,176,https://pabsa.impressicocrm.com/api/tournament/119922/players,1745,0,0
1680594004327,1787,Get Break list ,200,,Knock_out_Thread Group 1-584,text,true,,3218,338,176,176,https://pabsa.impressicocrm.com/api/tournament/119922/players,1787,0,0
1680593993750,12366,Get tournamnent list ,200,,Knock_out_Thread Group 1-524,text,true,,58880,389,176,176,https://pabsa.impressicocrm.com/api/tournament?limit=12&pageNumber=1&sportType=&tournamentName=&tournamentStyle=,11207,0,0
1680594004930,1189,Get playerA_Vs_playerB,200,,Knock_out_Thread Group 1-500,text,true,,1239,341,176,176,https://pabsa.impressicocrm.com/api/tournament/matchScore/147598,1189,0,0
1680594005022,1097,Get single knockout Player details,200,,Knock_out_Thread Group 1-515,text,true,,1210,326,176,176,https://pabsa.impressicocrm.com/api/player/110368,1097,0,0
1680594005008,1111,Get single knockout Player details,200,,Knock_out_Thread Group 1-533,text,true,,1210,326,176,176,https://pabsa.impressicocrm.com/api/player/110368,1111,0,0
1680594002445,3674,Get tournamnent list ,200,,Knock_out_Thread Group 1-612,text,true,,58880,389,176,176,https://pabsa.impressicocrm.com/api/tournament?limit=12&pageNumber=1&sportType=&tournamentName=&tournamentStyle=,1718,0,0
1680594002981,3141,Get tournamnent list ,200,,Knock_out_Thread Group 1-613,text,true,,58880,389,175,175,https://pabsa.impressicocrm.com/api/tournament?limit=12&pageNumber=1&sportType=&tournamentName=&tournamentStyle=,1648,0,0
1680594004628,1505,Get tournament result,200,,Knock_out_Thread Group 1-507,text,true,,5441,338,175,175,https://pabsa.impressicocrm.com/api/tournament/119922/matches,1505,0,0
1680594005012,1123,Get single knockout Player details,200,,Knock_out_Thread Group 1-525,text,true,,1210,326,175,175,https://pabsa.impressicocrm.com/api/player/110368,1123,0,0
1680594004878,1257,Get knockout players list ,200,,Knock_out_Thread Group 1-542,text,true,,4591,340,175,175,https://pabsa.impressicocrm.com/api/tournament/118871/knockouts,1257,0,0
1680594005005,1132,Get playerA_Vs_playerB,200,,Knock_out_Thread Group 1-501,text,true,,1239,341,175,175,https://pabsa.impressicocrm.com/api/tournament/matchScore/147598,1132,0,0
1680594003896,2245,Get Home page country ,200,,Knock_out_Thread Group 1-626,text,true,,17270,320,174,174,https://pabsa.impressicocrm.com/api/country,1868,0,0
1680594004381,1764,Get Players schedule,200,,Knock_out_Thread Group 1-531,text,true,,5441,338,174,174,https://pabsa.impressicocrm.com/api/tournament/119922/matches,1763,0,0
1680594004946,1203,Get Home page country ,200,,Knock_out_Thread Group 1-656,text,true,,17270,320,174,174,https://pabsa.impressicocrm.com/api/country,1203,0,0
1680594004946,1211,Get Players list ,200,,Knock_out_Thread Group 1-566,text,true,,3218,338,175,175,https://pabsa.impressicocrm.com/api/tournament/119922/players,1211,0,0
1680594004953,1218,Get Players list ,200,,Knock_out_Thread Group 1-565,text,true,,3218,338,175,175,https://pabsa.impressicocrm.com/api/tournament/119922/players,1218,0,0
1680594004452,1719,Get Players list ,200,,Knock_out_Thread Group 1-588,text,true,,3218,338,175,175,https://pabsa.impressicocrm.com/api/tournament/119922/players,1719,0,0
1680594004958,1223,Get knockout players list ,200,,Knock_out_Thread Group 1-549,text,true,,4598,340,175,175,https://pabsa.impressicocrm.com/api/tournament/118871/knockouts,1223,0,0
1680594004779,1426,Get Players schedule,200,,Knock_out_Thread Group 1-577,text,true,,5441,338,175,175,https://pabsa.impressicocrm.com/api/tournament/119922/matches,1426,0,0
1680594004357,1848,Get Break list ,200,,Knock_out_Thread Group 1-573,text,true,,3218,338,175,175,https://pabsa.impressicocrm.com/api/tournament/119922/players,1848,0,0
1680594003344,2872,Get Players schedule,200,,Knock_out_Thread Group 1-530,text,true,,5441,338,175,175,https://pabsa.impressicocrm.com/api/tournament/119922/matches,2872,0,0
1680594002644,3572,Get tournamnent list ,200,,Knock_out_Thread Group 1-614,text,true,,58880,389,175,175,https://pabsa.impressicocrm.com/api/tournament?limit=12&pageNumber=1&sportType=&tournamentName=&tournamentStyle=,1867,0,0
1680594005751,466,Home page ,200,OK,Knock_out_Thread Group 1-668,text,true,,3033,309,175,175,https://pabsa.impressicocrm.com/,465,0,374
1680594005026,1199,Get knockout players list ,200,,Knock_out_Thread Group 1-540,text,true,,4598,340,175,175,https://pabsa.impressicocrm.com/api/tournament/118871/knockouts,1199,0,0
1680594004803,1430,Get tournament result,200,,Knock_out_Thread Group 1-504,text,true,,5441,338,175,175,https://pabsa.impressicocrm.com/api/tournament/119922/matches,1430,0,0
1680594004638,1599,Get Home page currency,200,,Knock_out_Thread Group 1-619,text,true,,9160,321,175,175,https://pabsa.impressicocrm.com/api/currency,1599,0,0
1680594004687,1552,Get tournament result,200,,Knock_out_Thread Group 1-485,text,true,,5441,338,175,175,https://pabsa.impressicocrm.com/api/tournament/119922/matches,1552,0,0
1680594004511,1728,Get knockout players list ,200,,Knock_out_Thread Group 1-517,text,true,,4598,340,175,175,https://pabsa.impressicocrm.com/api/tournament/118871/knockouts,1728,0,0
1680594004284,1963,Get single knockout Player details,200,,Knock_out_Thread Group 1-513,text,true,,1210,326,175,175,https://pabsa.impressicocrm.com/api/player/110368,1963,0,0
1680594004278,1978,Get Home page country ,200,,Knock_out_Thread Group 1-650,text,true,,17270,320,176,176,https://pabsa.impressicocrm.com/api/country,1866,0,0
1680594004873,1386,Get Players schedule,200,,Knock_out_Thread Group 1-536,text,true,,5441,338,176,176,https://pabsa.impressicocrm.com/api/tournament/119922/matches,1386,0,0
1680594004688,1581,Get Home page country ,200,,Knock_out_Thread Group 1-654,text,true,,17270,320,176,176,https://pabsa.impressicocrm.com/api/country,1581,0,0
1680594005135,1141,Get playerA_Vs_playerB,200,,Knock_out_Thread Group 1-506,text,true,,1239,341,176,176,https://pabsa.impressicocrm.com/api/tournament/matchScore/147598,1141,0,0
1680594005136,1155,Get playerA_Vs_playerB,200,,Knock_out_Thread Group 1-497,text,true,,1239,341,175,175,https://pabsa.impressicocrm.com/api/tournament/matchScore/147598,1155,0,0
1680594004400,1897,Get Home page country ,200,,Knock_out_Thread Group 1-651,text,true,,17270,320,174,174,https://pabsa.impressicocrm.com/api/country,1897,0,0
1680594003770,2535,Get Break list ,200,,Knock_out_Thread Group 1-574,text,true,,3218,338,174,174,https://pabsa.impressicocrm.com/api/tournament/119922/players,2535,0,0
1680594004640,1673,Get Players schedule,200,,Knock_out_Thread Group 1-520,text,true,,5441,338,174,174,https://pabsa.impressicocrm.com/api/tournament/119922/matches,1673,0,0
1680594004521,1832,Get Home page country ,200,,Knock_out_Thread Group 1-636,text,true,,17270,320,175,175,https://pabsa.impressicocrm.com/api/country,1832,0,0
1680594004868,1490,Get Players schedule,200,,Knock_out_Thread Group 1-545,text,true,,5441,338,175,175,https://pabsa.impressicocrm.com/api/tournament/119922/matches,1490,0,0
1680594005091,1270,Get Players schedule,200,,Knock_out_Thread Group 1-546,text,true,,5441,338,175,175,https://pabsa.impressicocrm.com/api/tournament/119922/matches,1270,0,0
1680594004780,1592,Get knockout players list ,200,,Knock_out_Thread Group 1-519,text,true,,4598,340,175,175,https://pabsa.impressicocrm.com/api/tournament/118871/knockouts,1592,0,0
1680594004614,1780,Get Home page country ,200,,Knock_out_Thread Group 1-653,text,true,,17270,320,175,175,https://pabsa.impressicocrm.com/api/country,1780,0,0
1680594005119,1282,Get Players schedule,200,,Knock_out_Thread Group 1-587,text,true,,5441,338,175,175,https://pabsa.impressicocrm.com/api/tournament/119922/matches,1282,0,0
1680594006052,366,Home page ,200,OK,Knock_out_Thread Group 1-671,text,true,,3033,309,175,175,https://pabsa.impressicocrm.com/,366,0,280
1680594001096,5333,Get tournamnent list ,200,,Knock_out_Thread Group 1-583,text,true,,58880,389,175,175,https://pabsa.impressicocrm.com/api/tournament?limit=12&pageNumber=1&sportType=&tournamentName=&tournamentStyle=,2292,0,0
1680594005159,1304,Get Break list ,200,,Knock_out_Thread Group 1-547,text,true,,3218,338,176,176,https://pabsa.impressicocrm.com/api/tournament/119922/players,1304,0,0
1680594005245,1229,Get knockout players list ,200,,Knock_out_Thread Group 1-535,text,true,,4598,340,176,176,https://pabsa.impressicocrm.com/api/tournament/118871/knockouts,1229,0,0
1680594005246,1236,Get Home page country ,200,,Knock_out_Thread Group 1-645,text,true,,17270,320,176,176,https://pabsa.impressicocrm.com/api/country,1228,0,0
1680594005253,1231,Get knockout players list ,200,,Knock_out_Thread Group 1-550,text,true,,4591,340,176,176,https://pabsa.impressicocrm.com/api/tournament/118871/knockouts,1231,0,0
1680594006152,357,Home page ,200,OK,Knock_out_Thread Group 1-672,text,true,,3033,309,176,176,https://pabsa.impressicocrm.com/,357,0,272
1680594005267,1281,Get Break list ,200,,Knock_out_Thread Group 1-567,text,true,,3218,338,176,176,https://pabsa.impressicocrm.com/api/tournament/119922/players,1281,0,0
1680594005267,1287,Get Break list ,200,,Knock_out_Thread Group 1-594,text,true,,3218,338,177,177,https://pabsa.impressicocrm.com/api/tournament/119922/players,1287,0,0
1680594004933,1621,Get Players schedule,200,,Knock_out_Thread Group 1-559,text,true,,5441,338,177,177,https://pabsa.impressicocrm.com/api/tournament/119922/matches,1621,0,0
1680594005300,1261,Get knockout players list ,200,,Knock_out_Thread Group 1-532,text,true,,4591,340,177,177,https://pabsa.impressicocrm.com/api/tournament/118871/knockouts,1261,0,0
1680594005253,1308,Get knockout players list ,200,,Knock_out_Thread Group 1-554,text,true,,4598,340,177,177,https://pabsa.impressicocrm.com/api/tournament/118871/knockouts,1308,0,0
1680594005325,1240,Get single knockout Player details,200,,Knock_out_Thread Group 1-528,text,true,,1210,326,177,177,https://pabsa.impressicocrm.com/api/player/110368,1240,0,0
1680594002337,4239,Get tournamnent list ,200,,Knock_out_Thread Group 1-611,text,true,,58888,389,177,177,https://pabsa.impressicocrm.com/api/tournament?limit=12&pageNumber=1&sportType=&tournamentName=&tournamentStyle=,2541,0,0
1680594005119,1469,Get Players schedule,200,,Knock_out_Thread Group 1-569,text,true,,5441,338,177,177,https://pabsa.impressicocrm.com/api/tournament/119922/matches,1469,0,0
1680594004452,2170,Home page ,200,OK,Knock_out_Thread Group 1-655,text,true,,3033,309,177,177,https://pabsa.impressicocrm.com/,2170,0,2018
1680594005373,1265,Get knockout players list ,200,,Knock_out_Thread Group 1-537,text,true,,4598,340,177,177,https://pabsa.impressicocrm.com/api/tournament/118871/knockouts,1265,0,0
1680594005135,1505,Get Players schedule,200,,Knock_out_Thread Group 1-563,text,true,,5441,338,177,177,https://pabsa.impressicocrm.com/api/tournament/119922/matches,1505,0,0
1680594005437,1257,Get single knockout Player details,200,,Knock_out_Thread Group 1-548,text,true,,1210,326,178,178,https://pabsa.impressicocrm.com/api/player/110368,1257,0,0
1680594005332,1369,Get Break list ,200,,Knock_out_Thread Group 1-593,text,true,,3218,338,178,178,https://pabsa.impressicocrm.com/api/tournament/119922/players,1369,0,0
1680594005266,1435,Get Players list ,200,,Knock_out_Thread Group 1-578,text,true,,3218,338,178,178,https://pabsa.impressicocrm.com/api/tournament/119922/players,1435,0,0
1680594005371,1335,Get playerA_Vs_playerB,200,,Knock_out_Thread Group 1-494,text,true,,1239,341,178,178,https://pabsa.impressicocrm.com/api/tournament/matchScore/147598,1335,0,0
1680594005266,1440,Get Players list ,200,,Knock_out_Thread Group 1-560,text,true,,3218,338,178,178,https://pabsa.impressicocrm.com/api/tournament/119922/players,1440,0,0
1680594004641,2075,Get knockout players list ,200,,Knock_out_Thread Group 1-556,text,true,,4598,340,177,177,https://pabsa.impressicocrm.com/api/tournament/118871/knockouts,2075,0,0
1680594006354,363,Home page ,200,OK,Knock_out_Thread Group 1-674,text,true,,3033,309,177,177,https://pabsa.impressicocrm.com/,362,0,273
1680594005356,1372,Home page ,200,OK,Knock_out_Thread Group 1-664,text,true,,3033,309,177,177,https://pabsa.impressicocrm.com/,1372,0,1289
1680594005245,1511,Get Players schedule,200,,Knock_out_Thread Group 1-553,text,true,,5441,338,178,178,https://pabsa.impressicocrm.com/api/tournament/119922/matches,1511,0,0
1680594005253,1527,Get Home page currency,200,,Knock_out_Thread Group 1-618,text,true,,9160,321,178,178,https://pabsa.impressicocrm.com/api/currency,1527,0,0
1680594006455,334,Home page ,200,OK,Knock_out_Thread Group 1-675,text,true,,3033,309,178,178,https://pabsa.impressicocrm.com/,334,0,262
1680594005494,1340,Get Players list ,200,,Knock_out_Thread Group 1-610,text,true,,3218,338,178,178,https://pabsa.impressicocrm.com/api/tournament/119922/players,1340,0,0
1680594005494,1350,Get playerA_Vs_playerB,200,,Knock_out_Thread Group 1-527,text,true,,1239,341,178,178,https://pabsa.impressicocrm.com/api/tournament/matchScore/147598,1350,0,0
1680594005494,1364,Get knockout players list ,200,,Knock_out_Thread Group 1-570,text,true,,4598,340,178,178,https://pabsa.impressicocrm.com/api/tournament/118871/knockouts,1364,0,0
1680594005572,1289,Get single knockout Player details,200,,Knock_out_Thread Group 1-541,text,true,,1210,326,178,178,https://pabsa.impressicocrm.com/api/player/110368,1289,0,0
1680594005185,1686,Get tournamnent list ,200,,Knock_out_Thread Group 1-634,text,true,,58880,389,178,178,https://pabsa.impressicocrm.com/api/tournament?limit=12&pageNumber=1&sportType=&tournamentName=&tournamentStyle=,1399,0,0
1680594005114,1780,Get tournamnent list ,200,,Knock_out_Thread Group 1-621,text,true,,58880,389,178,178,https://pabsa.impressicocrm.com/api/tournament?limit=12&pageNumber=1&sportType=&tournamentName=&tournamentStyle=,1370,0,0
1680594005371,1538,Get Home page country ,200,,Knock_out_Thread Group 1-652,text,true,,17270,320,178,178,https://pabsa.impressicocrm.com/api/country,1538,0,0
1680594005451,1476,Home page ,200,OK,Knock_out_Thread Group 1-665,text,true,,3033,309,178,178,https://pabsa.impressicocrm.com/,1476,0,1300
1680594005548,1418,Get Break list ,200,,Knock_out_Thread Group 1-562,text,true,,3218,338,179,179,https://pabsa.impressicocrm.com/api/tournament/119922/players,1418,0,0
1680594002797,4185,Get playerA_Vs_playerB,200,,Knock_out_Thread Group 1-476,text,true,,1239,341,179,179,https://pabsa.impressicocrm.com/api/tournament/matchScore/147598,4185,0,0
1680594005557,1514,Get Home page country ,200,,Knock_out_Thread Group 1-661,text,true,,17255,320,179,179,https://pabsa.impressicocrm.com/api/country,1513,0,0
1680594005620,1457,Get knockout players list ,200,,Knock_out_Thread Group 1-552,text,true,,4598,340,179,179,https://pabsa.impressicocrm.com/api/tournament/118871/knockouts,1457,0,0
1680594005665,1414,Get knockout players list ,200,,Knock_out_Thread Group 1-522,text,true,,4598,340,179,179,https://pabsa.impressicocrm.com/api/tournament/118871/knockouts,1414,0,0
1680594005665,1419,Get knockout players list ,200,,Knock_out_Thread Group 1-526,text,true,,4598,340,179,179,https://pabsa.impressicocrm.com/api/tournament/118871/knockouts,1419,0,0
1680594005679,1405,Get single knockout Player details,200,,Knock_out_Thread Group 1-480,text,true,,1210,326,179,179,https://pabsa.impressicocrm.com/api/player/110368,1405,0,0
1680594005679,1438,Get Players list ,200,,Knock_out_Thread Group 1-581,text,true,,3218,338,179,179,https://pabsa.impressicocrm.com/api/tournament/119922/players,1438,0,0
1680594005698,1497,Get playerA_Vs_playerB,200,,Knock_out_Thread Group 1-512,text,true,,1239,341,180,180,https://pabsa.impressicocrm.com/api/tournament/matchScore/147598,1497,0,0
1680594005494,1703,Get Home page country ,200,,Knock_out_Thread Group 1-659,text,true,,17270,320,179,179,https://pabsa.impressicocrm.com/api/country,1688,0,0
1680594005760,1446,Get single knockout Player details,200,,Knock_out_Thread Group 1-523,text,true,,1210,326,179,179,https://pabsa.impressicocrm.com/api/player/110368,1446,0,0
1680594006953,266,Home page ,200,OK,Knock_out_Thread Group 1-680,text,true,,3033,309,179,179,https://pabsa.impressicocrm.com/,265,0,196
1680594005488,1743,Get Home page currency,200,,Knock_out_Thread Group 1-605,text,true,,9160,321,179,179,https://pabsa.impressicocrm.com/api/currency,1743,0,0
1680594003256,3980,Get Home page currency,200,,Knock_out_Thread Group 1-598,text,true,,9160,321,179,179,https://pabsa.impressicocrm.com/api/currency,3980,0,0
1680594005494,1778,Get Players schedule,200,,Knock_out_Thread Group 1-551,text,true,,5441,338,180,180,https://pabsa.impressicocrm.com/api/tournament/119922/matches,1778,0,0
1680594005590,1708,Get knockout players list ,200,,Knock_out_Thread Group 1-538,text,true,,4591,340,180,180,https://pabsa.impressicocrm.com/api/tournament/118871/knockouts,1708,0,0
1680594005444,1870,Get Players schedule,200,,Knock_out_Thread Group 1-558,text,true,,5435,338,180,180,https://pabsa.impressicocrm.com/api/tournament/119922/matches,1870,0,0
1680594005857,1478,Get knockout players list ,200,,Knock_out_Thread Group 1-544,text,true,,4591,340,180,180,https://pabsa.impressicocrm.com/api/tournament/118871/knockouts,1478,0,0
1680594005797,1541,Get Players list ,200,,Knock_out_Thread Group 1-601,text,true,,3218,338,180,180,https://pabsa.impressicocrm.com/api/tournament/119922/players,1541,0,0
1680594005885,1466,Get single knockout Player details,200,,Knock_out_Thread Group 1-529,text,true,,1210,326,180,180,https://pabsa.impressicocrm.com/api/player/110368,1466,0,0
1680594005885,1483,Get knockout players list ,200,,Knock_out_Thread Group 1-543,text,true,,4598,340,181,181,https://pabsa.impressicocrm.com/api/tournament/118871/knockouts,1483,0,0
1680594005258,2123,Get tournamnent list ,200,,Knock_out_Thread Group 1-620,text,true,,58880,389,181,181,https://pabsa.impressicocrm.com/api/tournament?limit=12&pageNumber=1&sportType=&tournamentName=&tournamentStyle=,1443,0,0
1680594004567,2823,Get Home page currency,200,,Knock_out_Thread Group 1-604,text,true,,9160,321,181,181,https://pabsa.impressicocrm.com/api/currency,2823,0,0
1680594005670,1736,Get Break list ,200,,Knock_out_Thread Group 1-599,text,true,,3218,338,181,181,https://pabsa.impressicocrm.com/api/tournament/119922/players,1736,0,0
1680594005784,1626,Get Home page currency,200,,Knock_out_Thread Group 1-608,text,true,,9160,321,181,181,https://pabsa.impressicocrm.com/api/currency,1626,0,0
1680594005135,2284,Get tournamnent list ,200,,Knock_out_Thread Group 1-624,text,true,,58880,389,181,181,https://pabsa.impressicocrm.com/api/tournament?limit=12&pageNumber=1&sportType=&tournamentName=&tournamentStyle=,1501,0,0
1680594006252,1167,Home page ,200,OK,Knock_out_Thread Group 1-673,text,true,,3033,309,181,181,https://pabsa.impressicocrm.com/,1167,0,320
1680594006751,693,Home page ,200,OK,Knock_out_Thread Group 1-678,text,true,,3033,309,181,181,https://pabsa.impressicocrm.com/,693,0,617
1680594005906,1549,Get Break list ,200,,Knock_out_Thread Group 1-597,text,true,,3218,338,182,182,https://pabsa.impressicocrm.com/api/tournament/119922/players,1549,0,0
1680594005957,1516,Get Home page country ,200,,Knock_out_Thread Group 1-667,text,true,,17270,320,182,182,https://pabsa.impressicocrm.com/api/country,1516,0,0
1680594005843,1645,Get Players list ,200,,Knock_out_Thread Group 1-596,text,true,,3218,338,182,182,https://pabsa.impressicocrm.com/api/tournament/119922/players,1645,0,0
1680594005771,1725,Get Home page country ,200,,Knock_out_Thread Group 1-657,text,true,,17270,320,182,182,https://pabsa.impressicocrm.com/api/country,1725,0,0
1680594005755,1763,Get playerA_Vs_playerB,200,,Knock_out_Thread Group 1-514,text,true,,1239,341,182,182,https://pabsa.impressicocrm.com/api/tournament/matchScore/147598,1763,0,0
1680594005757,1761,Get tournament result,200,,Knock_out_Thread Group 1-503,text,true,,5441,338,182,182,https://pabsa.impressicocrm.com/api/tournament/119922/matches,1761,0,0
1680594005953,1565,Get knockout players list ,200,,Knock_out_Thread Group 1-518,text,true,,4598,340,182,182,https://pabsa.impressicocrm.com/api/tournament/118871/knockouts,1565,0,0
1680594005702,1819,Get Home page country ,200,,Knock_out_Thread Group 1-658,text,true,,17270,320,181,181,https://pabsa.impressicocrm.com/api/country,1781,0,0
1680594005957,1573,Get playerA_Vs_playerB,200,,Knock_out_Thread Group 1-509,text,true,,1239,341,181,181,https://pabsa.impressicocrm.com/api/tournament/matchScore/147598,1573,0,0
1680594007155,375,Home page ,200,OK,Knock_out_Thread Group 1-682,text,true,,3033,309,181,181,https://pabsa.impressicocrm.com/,375,0,307
1680594005717,1818,Get Break list ,200,,Knock_out_Thread Group 1-586,text,true,,3218,338,180,180,https://pabsa.impressicocrm.com/api/tournament/119922/players,1818,0,0
1680594005895,1655,Get Break list ,200,,Knock_out_Thread Group 1-595,text,true,,3218,338,180,180,https://pabsa.impressicocrm.com/api/tournament/119922/players,1655,0,0
1680594006003,1559,Get Break list ,200,,Knock_out_Thread Group 1-564,text,true,,3218,338,181,181,https://pabsa.impressicocrm.com/api/tournament/119922/players,1559,0,0
1680594006024,1545,Get playerA_Vs_playerB,200,,Knock_out_Thread Group 1-505,text,true,,1239,341,181,181,https://pabsa.impressicocrm.com/api/tournament/matchScore/147598,1545,0,0
1680594006035,1557,Get single knockout Player details,200,,Knock_out_Thread Group 1-516,text,true,,1210,326,180,180,https://pabsa.impressicocrm.com/api/player/110368,1557,0,0
1680594005581,2027,Get Players list ,200,,Knock_out_Thread Group 1-591,text,true,,3218,338,180,180,https://pabsa.impressicocrm.com/api/tournament/119922/players,2027,0,0
1680594005831,1780,Get single knockout Player details,200,,Knock_out_Thread Group 1-521,text,true,,1210,326,180,180,https://pabsa.impressicocrm.com/api/player/110368,1780,0,0
1680594005797,1817,Get knockout players list ,200,,Knock_out_Thread Group 1-579,text,true,,4598,340,180,180,https://pabsa.impressicocrm.com/api/tournament/118871/knockouts,1817,0,0
1680594005963,1652,Get Home page country ,200,,Knock_out_Thread Group 1-660,text,true,,17270,320,180,180,https://pabsa.impressicocrm.com/api/country,1652,0,0
1680594007252,363,Home page ,200,OK,Knock_out_Thread Group 1-683,text,true,,3033,309,180,180,https://pabsa.impressicocrm.com/,362,0,297
1680594005957,1671,Get Break list ,200,,Knock_out_Thread Group 1-580,text,true,,3218,338,180,180,https://pabsa.impressicocrm.com/api/tournament/119922/players,1671,0,0
1680594005808,1826,Get Players schedule,200,,Knock_out_Thread Group 1-557,text,true,,5441,338,180,180,https://pabsa.impressicocrm.com/api/tournament/119922/matches,1826,0,0
1680594006088,1550,Get single knockout Player details,200,,Knock_out_Thread Group 1-534,text,true,,1210,326,180,180,https://pabsa.impressicocrm.com/api/player/110368,1550,0,0
1680594005139,2499,Get tournamnent list ,200,,Knock_out_Thread Group 1-632,text,true,,58880,389,180,180,https://pabsa.impressicocrm.com/api/tournament?limit=12&pageNumber=1&sportType=&tournamentName=&tournamentStyle=,1433,0,0
1680594006026,1618,Get Break list ,200,,Knock_out_Thread Group 1-572,text,true,,3218,338,180,180,https://pabsa.impressicocrm.com/api/tournament/119922/players,1618,0,0
1680594005602,2042,Get knockout players list ,200,,Knock_out_Thread Group 1-571,text,true,,4598,340,180,180,https://pabsa.impressicocrm.com/api/tournament/118871/knockouts,2042,0,0
1680594006024,1620,Get playerA_Vs_playerB,200,,Knock_out_Thread Group 1-508,text,true,,1239,341,180,180,https://pabsa.impressicocrm.com/api/tournament/matchScore/147598,1620,0,0
1680594005245,2399,Get tournamnent list ,200,,Knock_out_Thread Group 1-629,text,true,,58880,389,180,180,https://pabsa.impressicocrm.com/api/tournament?limit=12&pageNumber=1&sportType=&tournamentName=&tournamentStyle=,1449,0,0
1680594007352,292,Home page ,200,OK,Knock_out_Thread Group 1-684,text,true,,3033,309,180,180,https://pabsa.impressicocrm.com/,292,0,218
1680594005821,1824,Get Home page currency,200,,Knock_out_Thread Group 1-607,text,true,,9160,321,180,180,https://pabsa.impressicocrm.com/api/currency,1824,0,0
1680594007052,603,Home page ,200,OK,Knock_out_Thread Group 1-681,text,true,,3033,309,180,180,https://pabsa.impressicocrm.com/,603,0,529
1680594003200,4456,Get tournamnent list ,200,,Knock_out_Thread Group 1-539,text,true,,58880,389,180,180,https://pabsa.impressicocrm.com/api/tournament?limit=12&pageNumber=1&sportType=&tournamentName=&tournamentStyle=,2947,0,0
1680594006652,1053,Home page ,200,OK,Knock_out_Thread Group 1-677,text,true,,3033,309,180,180,https://pabsa.impressicocrm.com/,1053,0,438
1680594006016,1695,Get Players list ,200,,Knock_out_Thread Group 1-585,text,true,,3218,338,180,180,https://pabsa.impressicocrm.com/api/tournament/119922/players,1695,0,0
1680594006112,1604,Get Break list ,200,,Knock_out_Thread Group 1-600,text,true,,3218,338,180,180,https://pabsa.impressicocrm.com/api/tournament/119922/players,1604,0,0
1680594006076,1640,Get Players list ,200,,Knock_out_Thread Group 1-617,text,true,,3218,338,180,180,https://pabsa.impressicocrm.com/api/tournament/119922/players,1640,0,0
1680594006093,1623,Get Players list ,200,,Knock_out_Thread Group 1-603,text,true,,3218,338,180,180,https://pabsa.impressicocrm.com/api/tournament/119922/players,1623,0,0
1680594006135,1588,Get single knockout Player details,200,,Knock_out_Thread Group 1-542,text,true,,1210,326,180,180,https://pabsa.impressicocrm.com/api/player/110368,1588,0,0
1680594006052,1685,Get Players list ,200,,Knock_out_Thread Group 1-602,text,true,,3218,338,180,180,https://pabsa.impressicocrm.com/api/tournament/119922/players,1685,0,0
1680594007315,424,Get knockout players list ,200,,Knock_out_Thread Group 1-558,text,true,,4598,340,180,180,https://pabsa.impressicocrm.com/api/tournament/118871/knockouts,424,0,0
1680594005367,2376,Get tournamnent list ,200,,Knock_out_Thread Group 1-643,text,true,,58888,389,180,180,https://pabsa.impressicocrm.com/api/tournament?limit=12&pageNumber=1&sportType=&tournamentName=&tournamentStyle=,1726,0,0
1680594006145,1600,Get knockout players list ,200,,Knock_out_Thread Group 1-531,text,true,,4598,340,180,180,https://pabsa.impressicocrm.com/api/tournament/118871/knockouts,1600,0,0
1680594006133,1616,Get playerA_Vs_playerB,200,,Knock_out_Thread Group 1-507,text,true,,1239,341,180,180,https://pabsa.impressicocrm.com/api/tournament/matchScore/147598,1616,0,0
1680594006009,1752,Get tournament result,200,,Knock_out_Thread Group 1-488,text,true,,5441,338,180,180,https://pabsa.impressicocrm.com/api/tournament/119922/matches,1752,0,0
1680594005818,1966,Get Players list ,200,,Knock_out_Thread Group 1-615,text,true,,3218,338,180,180,https://pabsa.impressicocrm.com/api/tournament/119922/players,1966,0,0
1680594005953,1835,Home page ,200,OK,Knock_out_Thread Group 1-670,text,true,,3033,309,180,180,https://pabsa.impressicocrm.com/,1835,0,1373
1680594007452,348,Home page ,200,OK,Knock_out_Thread Group 1-685,text,true,,3033,309,180,180,https://pabsa.impressicocrm.com/,348,0,271
1680594006033,1779,Get Players schedule,200,,Knock_out_Thread Group 1-590,text,true,,5441,338,180,180,https://pabsa.impressicocrm.com/api/tournament/119922/matches,1779,0,0
1680594005957,1855,Get Players list ,200,,Knock_out_Thread Group 1-589,text,true,,3218,338,180,180,https://pabsa.impressicocrm.com/api/tournament/119922/players,1855,0,0
1680594005887,1938,Get Players list ,200,,Knock_out_Thread Group 1-606,text,true,,3218,338,180,180,https://pabsa.impressicocrm.com/api/tournament/119922/players,1938,0,0
1680594005953,1880,Get Players schedule,200,,Knock_out_Thread Group 1-561,text,true,,5435,338,180,180,https://pabsa.impressicocrm.com/api/tournament/119922/matches,1880,0,0
1680594006158,1691,Get Break list ,200,,Knock_out_Thread Group 1-566,text,true,,3218,338,180,180,https://pabsa.impressicocrm.com/api/tournament/119922/players,1691,0,0
1680594006181,1697,Get single knockout Player details,200,,Knock_out_Thread Group 1-549,text,true,,1210,326,181,181,https://pabsa.impressicocrm.com/api/player/110368,1697,0,0
1680594006117,1761,Get Home page currency,200,,Knock_out_Thread Group 1-524,text,true,,9160,321,181,181,https://pabsa.impressicocrm.com/api/currency,1761,0,0
1680594006172,1711,Get Break list ,200,,Knock_out_Thread Group 1-565,text,true,,3218,338,181,181,https://pabsa.impressicocrm.com/api/tournament/119922/players,1711,0,0
1680594006225,1663,Get single knockout Player details,200,,Knock_out_Thread Group 1-540,text,true,,1210,326,181,181,https://pabsa.impressicocrm.com/api/player/110368,1663,0,0
1680594006119,1769,Get Home page currency,200,,Knock_out_Thread Group 1-612,text,true,,9160,321,181,181,https://pabsa.impressicocrm.com/api/currency,1769,0,0
1680594005744,2144,Get Players schedule,200,,Knock_out_Thread Group 1-555,text,true,,5441,338,181,181,https://pabsa.impressicocrm.com/api/tournament/119922/matches,2144,0,0
1680594006122,1772,Get Home page currency,200,,Knock_out_Thread Group 1-613,text,true,,9160,321,181,181,https://pabsa.impressicocrm.com/api/currency,1772,0,0
1680594006114,1792,Get Players schedule,200,,Knock_out_Thread Group 1-584,text,true,,5441,338,181,181,https://pabsa.impressicocrm.com/api/tournament/119922/matches,1792,0,0
1680594005957,1949,Get Players list ,200,,Knock_out_Thread Group 1-592,text,true,,3218,338,181,181,https://pabsa.impressicocrm.com/api/tournament/119922/players,1949,0,0
1680594006237,1692,Get Players list ,200,,Knock_out_Thread Group 1-619,text,true,,3218,338,181,181,https://pabsa.impressicocrm.com/api/tournament/119922/players,1692,0,0
1680594006239,1700,Get playerA_Vs_playerB,200,,Knock_out_Thread Group 1-485,text,true,,1239,341,181,181,https://pabsa.impressicocrm.com/api/tournament/matchScore/147598,1700,0,0
1680594006205,1734,Get knockout players list ,200,,Knock_out_Thread Group 1-577,text,true,,4598,340,180,180,https://pabsa.impressicocrm.com/api/tournament/118871/knockouts,1734,0,0
1680594006172,1775,Get Break list ,200,,Knock_out_Thread Group 1-588,text,true,,3218,338,180,180,https://pabsa.impressicocrm.com/api/tournament/119922/players,1775,0,0
1680594006259,1693,Get knockout players list ,200,,Knock_out_Thread Group 1-536,text,true,,4598,340,181,181,https://pabsa.impressicocrm.com/api/tournament/118871/knockouts,1693,0,0
1680594006239,1722,Get single knockout Player details,200,,Knock_out_Thread Group 1-517,text,true,,1210,326,181,181,https://pabsa.impressicocrm.com/api/player/110368,1722,0,0
1680594006234,1733,Get playerA_Vs_playerB,200,,Knock_out_Thread Group 1-504,text,true,,1239,341,181,181,https://pabsa.impressicocrm.com/api/tournament/matchScore/147598,1733,0,0
1680594006853,1114,Home page ,200,OK,Knock_out_Thread Group 1-679,text,true,,3033,309,181,181,https://pabsa.impressicocrm.com/,1114,0,709
1680594005995,1981,Get Home page country ,200,,Knock_out_Thread Group 1-662,text,true,,17270,320,180,180,https://pabsa.impressicocrm.com/api/country,1981,0,0
1680594005559,2417,Get tournamnent list ,200,,Knock_out_Thread Group 1-648,text,true,,58880,389,180,180,https://pabsa.impressicocrm.com/api/tournament?limit=12&pageNumber=1&sportType=&tournamentName=&tournamentStyle=,1656,0,0
1680594006119,1873,Get tournament result,200,,Knock_out_Thread Group 1-533,text,true,,5441,338,180,180,https://pabsa.impressicocrm.com/api/tournament/119922/matches,1873,0,0
1680594006373,1634,Get single knockout Player details,200,,Knock_out_Thread Group 1-519,text,true,,1210,326,180,180,https://pabsa.impressicocrm.com/api/player/110368,1634,0,0
1680594006055,1954,Get tournament result,200,,Knock_out_Thread Group 1-511,text,true,,5441,338,180,180,https://pabsa.impressicocrm.com/api/tournament/119922/matches,1954,0,0
1680594005345,2670,Get tournamnent list ,200,,Knock_out_Thread Group 1-644,text,true,,58888,389,180,180,https://pabsa.impressicocrm.com/api/tournament?limit=12&pageNumber=1&sportType=&tournamentName=&tournamentStyle=,1850,0,0
1680594006361,1654,Get knockout players list ,200,,Knock_out_Thread Group 1-546,text,true,,4598,340,180,180,https://pabsa.impressicocrm.com/api/tournament/118871/knockouts,1654,0,0
1680594006401,1629,Get knockout players list ,200,,Knock_out_Thread Group 1-587,text,true,,4598,340,180,180,https://pabsa.impressicocrm.com/api/tournament/118871/knockouts,1629,0,0
1680594007653,377,Home page ,200,OK,Knock_out_Thread Group 1-687,text,true,,3033,309,180,180,https://pabsa.impressicocrm.com/,377,0,286
1680594006474,1568,Get single knockout Player details,200,,Knock_out_Thread Group 1-535,text,true,,1210,326,180,180,https://pabsa.impressicocrm.com/api/player/110368,1568,0,0
1680594006025,2017,Get Players list ,200,,Knock_out_Thread Group 1-568,text,true,,3218,338,180,180,https://pabsa.impressicocrm.com/api/tournament/119922/players,2017,0,0
1680594006119,1937,Get tournament result,200,,Knock_out_Thread Group 1-515,text,true,,5441,338,181,181,https://pabsa.impressicocrm.com/api/tournament/119922/matches,1937,0,0
1680594007752,308,Home page ,200,OK,Knock_out_Thread Group 1-688,text,true,,3033,309,181,181,https://pabsa.impressicocrm.com/,308,0,230
1680594005581,2481,Get Home page country ,200,,Knock_out_Thread Group 1-663,text,true,,17270,320,181,181,https://pabsa.impressicocrm.com/api/country,2481,0,0
1680594006313,1753,Get knockout players list ,200,,Knock_out_Thread Group 1-520,text,true,,4591,340,181,181,https://pabsa.impressicocrm.com/api/tournament/118871/knockouts,1753,0,0
1680594006358,1715,Get knockout players list ,200,,Knock_out_Thread Group 1-545,text,true,,4598,340,181,181,https://pabsa.impressicocrm.com/api/tournament/118871/knockouts,1715,0,0
1680594005824,2257,Get Home page currency,200,,Knock_out_Thread Group 1-609,text,true,,9160,321,181,181,https://pabsa.impressicocrm.com/api/currency,2257,0,0
1680594006484,1643,Get single knockout Player details,200,,Knock_out_Thread Group 1-550,text,true,,1210,326,181,181,https://pabsa.impressicocrm.com/api/player/110368,1643,0,0
1680594006217,1934,Get Home page currency,200,,Knock_out_Thread Group 1-614,text,true,,9160,321,181,181,https://pabsa.impressicocrm.com/api/currency,1934,0,0
1680594006205,1987,Get Players schedule,200,,Knock_out_Thread Group 1-573,text,true,,5441,338,182,182,https://pabsa.impressicocrm.com/api/tournament/119922/matches,1987,0,0
1680594005386,2808,Get tournamnent list ,200,,Knock_out_Thread Group 1-647,text,true,,58888,389,182,182,https://pabsa.impressicocrm.com/api/tournament?limit=12&pageNumber=1&sportType=&tournamentName=&tournamentStyle=,1768,0,0
1680594006561,1637,Get single knockout Player details,200,,Knock_out_Thread Group 1-554,text,true,,1210,326,182,182,https://pabsa.impressicocrm.com/api/player/110368,1637,0,0
1680594006561,1637,Get single knockout Player details,200,,Knock_out_Thread Group 1-532,text,true,,1210,326,182,182,https://pabsa.impressicocrm.com/api/player/110368,1637,0,0
1680594005963,2238,Get Home page currency,200,,Knock_out_Thread Group 1-616,text,true,,9160,321,182,182,https://pabsa.impressicocrm.com/api/currency,2238,0,0
1680594006135,2066,Get tournament result,200,,Knock_out_Thread Group 1-525,text,true,,5441,338,182,182,https://pabsa.impressicocrm.com/api/tournament/119922/matches,2066,0,0
1680594005483,2730,Get tournamnent list ,200,,Knock_out_Thread Group 1-637,text,true,,58888,389,182,182,https://pabsa.impressicocrm.com/api/tournament?limit=12&pageNumber=1&sportType=&tournamentName=&tournamentStyle=,2140,0,0
1680594006588,1625,Get knockout players list ,200,,Knock_out_Thread Group 1-569,text,true,,4598,340,182,182,https://pabsa.impressicocrm.com/api/tournament/118871/knockouts,1625,0,0
1680594006217,2012,Get knockout players list ,200,,Knock_out_Thread Group 1-530,text,true,,4598,340,182,182,https://pabsa.impressicocrm.com/api/tournament/118871/knockouts,2012,0,0
1680594006638,1637,Get single knockout Player details,200,,Knock_out_Thread Group 1-537,text,true,,1210,326,183,183,https://pabsa.impressicocrm.com/api/player/110368,1637,0,0
1680594006510,1765,Get Home page country ,200,,Knock_out_Thread Group 1-672,text,true,,17270,320,183,183,https://pabsa.impressicocrm.com/api/country,1765,0,0
1680594005379,2896,Get tournamnent list ,200,,Knock_out_Thread Group 1-631,text,true,,58888,389,183,183,https://pabsa.impressicocrm.com/api/tournament?limit=12&pageNumber=1&sportType=&tournamentName=&tournamentStyle=,1785,0,0
1680594006419,1859,Get Home page country ,200,,Knock_out_Thread Group 1-671,text,true,,17270,320,183,183,https://pabsa.impressicocrm.com/api/country,1859,0,0
1680594006430,1855,Get Home page currency,200,,Knock_out_Thread Group 1-583,text,true,,9160,321,183,183,https://pabsa.impressicocrm.com/api/currency,1855,0,0
1680594006464,1850,Get Players schedule,200,,Knock_out_Thread Group 1-547,text,true,,5441,338,183,183,https://pabsa.impressicocrm.com/api/tournament/119922/matches,1850,0,0
1680594006858,1466,Get single knockout Player details,200,,Knock_out_Thread Group 1-570,text,true,,1210,326,183,183,https://pabsa.impressicocrm.com/api/player/110368,1466,0,0
1680594006305,2040,Get Players schedule,200,,Knock_out_Thread Group 1-574,text,true,,5441,338,183,183,https://pabsa.impressicocrm.com/api/tournament/119922/matches,2040,0,0
1680594007952,396,Home page ,200,OK,Knock_out_Thread Group 1-690,text,true,,3033,309,183,183,https://pabsa.impressicocrm.com/,396,0,323
1680594006576,1791,Get Home page currency,200,,Knock_out_Thread Group 1-611,text,true,,9153,321,184,184,https://pabsa.impressicocrm.com/api/currency,1791,0,0
1680594005494,2876,Get tournamnent list ,200,,Knock_out_Thread Group 1-635,text,true,,58888,389,184,184,https://pabsa.impressicocrm.com/api/tournament?limit=12&pageNumber=1&sportType=&tournamentName=&tournamentStyle=,2066,0,0
1680594006706,1678,Get Break list ,200,,Knock_out_Thread Group 1-560,text,true,,3218,338,184,184,https://pabsa.impressicocrm.com/api/tournament/119922/players,1678,0,0
1680594006729,1660,Get Home page country ,200,,Knock_out_Thread Group 1-664,text,true,,17270,320,184,184,https://pabsa.impressicocrm.com/api/country,1660,0,0
1680594008194,210,Get Home page currency,200,,Knock_out_Thread Group 1-647,text,true,,9160,321,184,184,https://pabsa.impressicocrm.com/api/currency,210,0,0
1680594007084,1325,Get single knockout Player details,200,,Knock_out_Thread Group 1-526,text,true,,1210,326,184,184,https://pabsa.impressicocrm.com/api/player/110368,1325,0,0
1680594007079,1335,Get single knockout Player details,200,,Knock_out_Thread Group 1-522,text,true,,1210,326,184,184,https://pabsa.impressicocrm.com/api/player/110368,1335,0,0
1680594005698,2716,Get tournamnent list ,200,,Knock_out_Thread Group 1-633,text,true,,58880,389,184,184,https://pabsa.impressicocrm.com/api/tournament?limit=12&pageNumber=1&sportType=&tournamentName=&tournamentStyle=,1806,0,0
1680594005841,2576,Get Break list ,200,,Knock_out_Thread Group 1-576,text,true,,3218,338,184,184,https://pabsa.impressicocrm.com/api/tournament/119922/players,2576,0,0
1680594005853,2564,Home page ,200,OK,Knock_out_Thread Group 1-669,text,true,,3033,309,184,184,https://pabsa.impressicocrm.com/,2564,0,2049
1680594007789,639,Get Home page country ,200,,Knock_out_Thread Group 1-670,text,true,,17270,320,184,184,https://pabsa.impressicocrm.com/api/country,639,0,0
1680594006549,1885,Get Players schedule,200,,Knock_out_Thread Group 1-567,text,true,,5435,338,184,184,https://pabsa.impressicocrm.com/api/tournament/119922/matches,1885,0,0
1680594006554,1886,Get knockout players list ,200,,Knock_out_Thread Group 1-559,text,true,,4598,340,184,184,https://pabsa.impressicocrm.com/api/tournament/118871/knockouts,1886,0,0
1680594006789,1673,Get Home page country ,200,,Knock_out_Thread Group 1-675,text,true,,17270,320,185,185,https://pabsa.impressicocrm.com/api/country,1672,0,0
1680594005871,2611,Get tournamnent list ,200,,Knock_out_Thread Group 1-625,text,true,,58888,389,185,185,https://pabsa.impressicocrm.com/api/tournament?limit=12&pageNumber=1&sportType=&tournamentName=&tournamentStyle=,1934,0,0
1680594005679,2803,Get Players list ,200,,Knock_out_Thread Group 1-575,text,true,,3218,338,185,185,https://pabsa.impressicocrm.com/api/tournament/119922/players,2803,0,0
1680594006701,1785,Get Break list ,200,,Knock_out_Thread Group 1-578,text,true,,3218,338,185,185,https://pabsa.impressicocrm.com/api/tournament/119922/players,1785,0,0
1680594006872,1622,Get Home page currency,200,,Knock_out_Thread Group 1-634,text,true,,9160,321,185,185,https://pabsa.impressicocrm.com/api/currency,1622,0,0
1680594008152,342,Home page ,200,OK,Knock_out_Thread Group 1-692,text,true,,3033,309,185,185,https://pabsa.impressicocrm.com/,342,0,257
1680594006835,1676,Get Break list ,200,,Knock_out_Thread Group 1-610,text,true,,3218,338,185,185,https://pabsa.impressicocrm.com/api/tournament/119922/players,1676,0,0
1680594007117,1414,Get Break list ,200,,Knock_out_Thread Group 1-581,text,true,,3218,338,185,185,https://pabsa.impressicocrm.com/api/tournament/119922/players,1414,0,0
1680594007298,1244,Get single knockout Player details,200,,Knock_out_Thread Group 1-538,text,true,,1210,326,185,185,https://pabsa.impressicocrm.com/api/player/110368,1244,0,0
1680594006781,1773,Get Players list ,200,,Knock_out_Thread Group 1-618,text,true,,3218,338,186,186,https://pabsa.impressicocrm.com/api/tournament/119922/players,1773,0,0
1680594006717,1855,Get single knockout Player details,200,,Knock_out_Thread Group 1-556,text,true,,1210,326,186,186,https://pabsa.impressicocrm.com/api/player/110368,1855,0,0
1680594007219,1360,Get Home page country ,200,,Knock_out_Thread Group 1-680,text,true,,17270,320,186,186,https://pabsa.impressicocrm.com/api/country,1360,0,0
1680594007336,1254,Get single knockout Player details,200,,Knock_out_Thread Group 1-544,text,true,,1210,326,186,186,https://pabsa.impressicocrm.com/api/player/110368,1254,0,0
1680594007338,1261,Get Break list ,200,,Knock_out_Thread Group 1-601,text,true,,3218,338,186,186,https://pabsa.impressicocrm.com/api/tournament/119922/players,1261,0,0
1680594007272,1341,Get knockout players list ,200,,Knock_out_Thread Group 1-551,text,true,,4598,340,186,186,https://pabsa.impressicocrm.com/api/tournament/118871/knockouts,1341,0,0
1680594007368,1259,Get single knockout Player details,200,,Knock_out_Thread Group 1-543,text,true,,1210,326,186,186,https://pabsa.impressicocrm.com/api/player/110368,1259,0,0
1680594007085,1566,Get tournament result,200,,Knock_out_Thread Group 1-480,text,true,,5441,338,186,186,https://pabsa.impressicocrm.com/api/tournament/119922/matches,1566,0,0
1680594006967,1697,Get Players schedule,200,,Knock_out_Thread Group 1-562,text,true,,5441,338,187,187,https://pabsa.impressicocrm.com/api/tournament/119922/matches,1697,0,0
1680594006861,1803,Get tournament result,200,,Knock_out_Thread Group 1-541,text,true,,5441,338,187,187,https://pabsa.impressicocrm.com/api/tournament/119922/matches,1803,0,0
1680594005590,3074,Get tournamnent list ,200,,Knock_out_Thread Group 1-627,text,true,,58880,389,187,187,https://pabsa.impressicocrm.com/api/tournament?limit=12&pageNumber=1&sportType=&tournamentName=&tournamentStyle=,1869,0,0
1680594005572,3095,Get tournamnent list ,200,,Knock_out_Thread Group 1-639,text,true,,58888,389,187,187,https://pabsa.impressicocrm.com/api/tournament?limit=12&pageNumber=1&sportType=&tournamentName=&tournamentStyle=,1846,0,0
1680594006247,2424,Get tournament result,200,,Knock_out_Thread Group 1-513,text,true,,5435,338,187,187,https://pabsa.impressicocrm.com/api/tournament/119922/matches,2424,0,0
1680594007236,1464,Get Players list ,200,,Knock_out_Thread Group 1-598,text,true,,3218,338,187,187,https://pabsa.impressicocrm.com/api/tournament/119922/players,1464,0,0
1680594006756,1954,Get knockout players list ,200,,Knock_out_Thread Group 1-553,text,true,,4598,340,187,187,https://pabsa.impressicocrm.com/api/tournament/118871/knockouts,1954,0,0
1680594007518,1208,Get single knockout Player details,200,,Knock_out_Thread Group 1-518,text,true,,1210,326,187,187,https://pabsa.impressicocrm.com/api/player/110368,1208,0,0
1680594006036,2726,Get Home page country ,200,,Knock_out_Thread Group 1-666,text,true,,17270,320,188,188,https://pabsa.impressicocrm.com/api/country,2707,0,0
1680594007077,1685,Get single knockout Player details,200,,Knock_out_Thread Group 1-552,text,true,,1210,326,188,188,https://pabsa.impressicocrm.com/api/player/110368,1685,0,0
1680594008456,320,Home page ,200,OK,Knock_out_Thread Group 1-695,text,true,,3033,309,188,188,https://pabsa.impressicocrm.com/,320,0,238
1680594006894,1899,Get Home page currency,200,,Knock_out_Thread Group 1-621,text,true,,9160,321,188,188,https://pabsa.impressicocrm.com/api/currency,1899,0,0
1680594007489,1334,Get Break list ,200,,Knock_out_Thread Group 1-596,text,true,,3218,338,188,188,https://pabsa.impressicocrm.com/api/tournament/119922/players,1334,0,0
1680594007390,1433,Get Players list ,200,,Knock_out_Thread Group 1-604,text,true,,3218,338,188,188,https://pabsa.impressicocrm.com/api/tournament/119922/players,1433,0,0
1680594005957,2868,Get Players schedule,200,,Knock_out_Thread Group 1-582,text,true,,5441,338,188,188,https://pabsa.impressicocrm.com/api/tournament/119922/matches,2868,0,0
1680594007531,1300,Get Home page country ,200,,Knock_out_Thread Group 1-682,text,true,,17270,320,188,188,https://pabsa.impressicocrm.com/api/country,1300,0,0
1680594006695,2136,Get tournament result,200,,Knock_out_Thread Group 1-548,text,true,,5441,338,188,188,https://pabsa.impressicocrm.com/api/tournament/119922/matches,2136,0,0
1680594007518,1318,Get playerA_Vs_playerB,200,,Knock_out_Thread Group 1-503,text,true,,1239,341,188,188,https://pabsa.impressicocrm.com/api/tournament/matchScore/147598,1318,0,0
1680594006256,2580,Get tournamnent list ,200,,Knock_out_Thread Group 1-650,text,true,,58865,389,188,188,https://pabsa.impressicocrm.com/api/tournament?limit=12&pageNumber=1&sportType=&tournamentName=&tournamentStyle=,2281,0,0
1680594008554,286,Get Break list ,200,,Knock_out_Thread Group 1-618,text,true,,3218,338,187,187,https://pabsa.impressicocrm.com/api/tournament/119922/players,286,0,0
1680594008354,486,Home page ,200,OK,Knock_out_Thread Group 1-694,text,true,,3033,309,187,187,https://pabsa.impressicocrm.com/,486,0,414
1680594007351,1494,Get tournament result,200,,Knock_out_Thread Group 1-529,text,true,,5435,338,187,187,https://pabsa.impressicocrm.com/api/tournament/119922/matches,1494,0,0
1680594005683,3192,Get tournamnent list ,200,,Knock_out_Thread Group 1-623,text,true,,58880,389,188,188,https://pabsa.impressicocrm.com/api/tournament?limit=12&pageNumber=1&sportType=&tournamentName=&tournamentStyle=,1909,0,0
1680594007207,1675,Get tournament result,200,,Knock_out_Thread Group 1-523,text,true,,5435,338,188,188,https://pabsa.impressicocrm.com/api/tournament/119922/matches,1675,0,0
1680594005326,3569,Get tournamnent list ,200,,Knock_out_Thread Group 1-646,text,true,,58880,389,188,188,https://pabsa.impressicocrm.com/api/tournament?limit=12&pageNumber=1&sportType=&tournamentName=&tournamentStyle=,1535,0,0
1680594007231,1668,Get Players list ,200,,Knock_out_Thread Group 1-605,text,true,,3218,338,188,188,https://pabsa.impressicocrm.com/api/tournament/119922/players,1668,0,0
1680594006554,2368,Get Players schedule,200,,Knock_out_Thread Group 1-594,text,true,,5441,338,188,188,https://pabsa.impressicocrm.com/api/tournament/119922/matches,2368,0,0
1680594006623,2311,Get Home page country ,200,,Knock_out_Thread Group 1-655,text,true,,17270,320,188,188,https://pabsa.impressicocrm.com/api/country,2311,0,0
1680594006565,2390,Get tournament result,200,,Knock_out_Thread Group 1-528,text,true,,5441,338,189,189,https://pabsa.impressicocrm.com/api/tournament/119922/matches,2390,0,0
1680594006641,2314,Get knockout players list ,200,,Knock_out_Thread Group 1-563,text,true,,4598,340,189,189,https://pabsa.impressicocrm.com/api/tournament/118871/knockouts,2314,0,0
1680594007609,1387,Get Break list ,200,,Knock_out_Thread Group 1-591,text,true,,3218,338,189,189,https://pabsa.impressicocrm.com/api/tournament/119922/players,1387,0,0
1680594008552,445,Home page ,200,OK,Knock_out_Thread Group 1-696,text,true,,3033,309,189,189,https://pabsa.impressicocrm.com/,444,0,256
1680594007535,1491,Get Players schedule,200,,Knock_out_Thread Group 1-586,text,true,,5441,338,189,189,https://pabsa.impressicocrm.com/api/tournament/119922/matches,1491,0,0
1680594007645,1395,Get single knockout Player details,200,,Knock_out_Thread Group 1-571,text,true,,1210,326,189,189,https://pabsa.impressicocrm.com/api/player/110368,1395,0,0
1680594007410,1634,Get Players list ,200,,Knock_out_Thread Group 1-608,text,true,,3218,338,189,189,https://pabsa.impressicocrm.com/api/tournament/119922/players,1634,0,0
1680594007645,1452,Get Players list ,200,,Knock_out_Thread Group 1-607,text,true,,3218,338,190,190,https://pabsa.impressicocrm.com/api/tournament/119922/players,1452,0,0
1680594007740,1379,Get single knockout Player details,200,,Knock_out_Thread Group 1-558,text,true,,1210,326,190,190,https://pabsa.impressicocrm.com/api/player/110368,1379,0,0
1680594007745,1378,Get single knockout Player details,200,,Knock_out_Thread Group 1-531,text,true,,1210,326,190,190,https://pabsa.impressicocrm.com/api/player/110368,1378,0,0
1680594007611,1516,Get tournament result,200,,Knock_out_Thread Group 1-521,text,true,,5441,338,190,190,https://pabsa.impressicocrm.com/api/tournament/119922/matches,1516,0,0
1680594007550,1580,Get Players schedule,200,,Knock_out_Thread Group 1-595,text,true,,5435,338,190,190,https://pabsa.impressicocrm.com/api/tournament/119922/matches,1580,0,0
1680594007712,1435,Get Break list ,200,,Knock_out_Thread Group 1-585,text,true,,3218,338,190,190,https://pabsa.impressicocrm.com/api/tournament/119922/players,1435,0,0
1680594006483,2664,Get tournamnent list ,200,,Knock_out_Thread Group 1-645,text,true,,58880,389,190,190,https://pabsa.impressicocrm.com/api/tournament?limit=12&pageNumber=1&sportType=&tournamentName=&tournamentStyle=,1975,0,0
1680594007629,1540,Get Players schedule,200,,Knock_out_Thread Group 1-580,text,true,,5441,338,191,191,https://pabsa.impressicocrm.com/api/tournament/119922/matches,1540,0,0
1680594007761,1419,Get playerA_Vs_playerB,200,,Knock_out_Thread Group 1-488,text,true,,1239,341,191,191,https://pabsa.impressicocrm.com/api/tournament/matchScore/147598,1419,0,0
1680594007645,1535,Get Home page country ,200,,Knock_out_Thread Group 1-684,text,true,,17270,320,191,191,https://pabsa.impressicocrm.com/api/country,1535,0,0
1680594007855,1355,Home page ,200,OK,Knock_out_Thread Group 1-689,text,true,,3033,309,190,190,https://pabsa.impressicocrm.com/,1355,0,195
1680594007407,1808,Get Players schedule,200,,Knock_out_Thread Group 1-599,text,true,,5441,338,190,190,https://pabsa.impressicocrm.com/api/tournament/119922/matches,1808,0,0
1680594005748,3469,Get tournamnent list ,200,,Knock_out_Thread Group 1-622,text,true,,58880,389,190,190,https://pabsa.impressicocrm.com/api/tournament?limit=12&pageNumber=1&sportType=&tournamentName=&tournamentStyle=,2453,0,0
1680594007615,1605,Get single knockout Player details,200,,Knock_out_Thread Group 1-579,text,true,,1210,326,190,190,https://pabsa.impressicocrm.com/api/player/110368,1605,0,0
1680594007737,1486,Get Break list ,200,,Knock_out_Thread Group 1-602,text,true,,3218,338,190,190,https://pabsa.impressicocrm.com/api/tournament/119922/players,1486,0,0
1680594007812,1417,Get knockout players list ,200,,Knock_out_Thread Group 1-590,text,true,,4598,340,190,190,https://pabsa.impressicocrm.com/api/tournament/118871/knockouts,1417,0,0
1680594006217,3022,Get Home page country ,200,,Knock_out_Thread Group 1-668,text,true,,17270,320,190,190,https://pabsa.impressicocrm.com/api/country,3017,0,0
1680594007645,1594,Get Home page currency,200,,Knock_out_Thread Group 1-629,text,true,,9160,321,190,190,https://pabsa.impressicocrm.com/api/currency,1594,0,0
1680594007473,1774,Get tournamnent list ,200,,Knock_out_Thread Group 1-667,text,true,,58880,389,190,190,https://pabsa.impressicocrm.com/api/tournament?limit=12&pageNumber=1&sportType=&tournamentName=&tournamentStyle=,1402,0,0
1680594006269,2981,Get tournamnent list ,200,,Knock_out_Thread Group 1-654,text,true,,58880,389,190,190,https://pabsa.impressicocrm.com/api/tournament?limit=12&pageNumber=1&sportType=&tournamentName=&tournamentStyle=,2115,0,0
1680594007655,1609,Get Home page country ,200,,Knock_out_Thread Group 1-681,text,true,,17270,320,191,191,https://pabsa.impressicocrm.com/api/country,1609,0,0
1680594007592,1672,Get tournament result,200,,Knock_out_Thread Group 1-516,text,true,,5441,338,191,191,https://pabsa.impressicocrm.com/api/tournament/119922/matches,1672,0,0
1680594007833,1431,Get knockout players list ,200,,Knock_out_Thread Group 1-561,text,true,,4598,340,191,191,https://pabsa.impressicocrm.com/api/tournament/118871/knockouts,1431,0,0
1680594007645,1624,Get Players schedule,200,,Knock_out_Thread Group 1-572,text,true,,5435,338,191,191,https://pabsa.impressicocrm.com/api/tournament/119922/matches,1624,0,0
1680594007813,1456,Get Break list ,200,,Knock_out_Thread Group 1-589,text,true,,3218,338,191,191,https://pabsa.impressicocrm.com/api/tournament/119922/players,1456,0,0
1680594007656,1617,Get Home page currency,200,,Knock_out_Thread Group 1-539,text,true,,9160,321,191,191,https://pabsa.impressicocrm.com/api/currency,1617,0,0
1680594007634,1651,Get knockout players list ,200,,Knock_out_Thread Group 1-557,text,true,,4598,340,191,191,https://pabsa.impressicocrm.com/api/tournament/118871/knockouts,1651,0,0
1680594005258,4046,Get tournamnent list ,200,,Knock_out_Thread Group 1-641,text,true,,58880,389,191,191,https://pabsa.impressicocrm.com/api/tournament?limit=12&pageNumber=1&sportType=&tournamentName=&tournamentStyle=,1751,0,0
1680594007888,1416,Get Players list ,200,,Knock_out_Thread Group 1-612,text,true,,3218,338,191,191,https://pabsa.impressicocrm.com/api/tournament/119922/players,1416,0,0
1680594007940,1381,Get single knockout Player details,200,,Knock_out_Thread Group 1-577,text,true,,1210,326,191,191,https://pabsa.impressicocrm.com/api/player/110368,1381,0,0
1680594007894,1433,Get Players list ,200,,Knock_out_Thread Group 1-613,text,true,,3218,338,191,191,https://pabsa.impressicocrm.com/api/tournament/119922/players,1433,0,0
1680594007553,1785,Home page ,200,OK,Knock_out_Thread Group 1-686,text,true,,3033,309,191,191,https://pabsa.impressicocrm.com/,1785,0,454
1680594007825,1527,Get Break list ,200,,Knock_out_Thread Group 1-606,text,true,,3218,338,192,192,https://pabsa.impressicocrm.com/api/tournament/119922/players,1527,0,0
1680594007419,1947,Get Home page currency,200,,Knock_out_Thread Group 1-624,text,true,,9160,321,192,192,https://pabsa.impressicocrm.com/api/currency,1947,0,0
1680594007723,1643,Get tournament result,200,,Knock_out_Thread Group 1-542,text,true,,5441,338,192,192,https://pabsa.impressicocrm.com/api/tournament/119922/matches,1643,0,0
1680594009052,314,Home page ,200,OK,Knock_out_Thread Group 1-701,text,true,,3033,309,192,192,https://pabsa.impressicocrm.com/,314,0,237
1680594007929,1452,Get Break list ,200,,Knock_out_Thread Group 1-619,text,true,,3218,338,192,192,https://pabsa.impressicocrm.com/api/tournament/119922/players,1452,0,0
1680594007878,1507,Get Players list ,200,,Knock_out_Thread Group 1-524,text,true,,3218,338,192,192,https://pabsa.impressicocrm.com/api/tournament/119922/players,1507,0,0
1680594008015,1381,Get single knockout Player details,200,,Knock_out_Thread Group 1-546,text,true,,1210,326,192,192,https://pabsa.impressicocrm.com/api/player/110368,1381,0,0
1680594007716,1704,Get Players schedule,200,,Knock_out_Thread Group 1-600,text,true,,5441,338,192,192,https://pabsa.impressicocrm.com/api/tournament/119922/matches,1704,0,0
1680594007907,1513,Get Break list ,200,,Knock_out_Thread Group 1-592,text,true,,3218,338,192,192,https://pabsa.impressicocrm.com/api/tournament/119922/players,1513,0,0
1680594008009,1417,Get playerA_Vs_playerB,200,,Knock_out_Thread Group 1-511,text,true,,1239,341,192,192,https://pabsa.impressicocrm.com/api/tournament/matchScore/147598,1417,0,0
1680594005823,3614,Get tournamnent list ,200,,Knock_out_Thread Group 1-640,text,true,,58888,389,191,191,https://pabsa.impressicocrm.com/api/tournament?limit=12&pageNumber=1&sportType=&tournamentName=&tournamentStyle=,2898,0,0
1680594007638,1805,Get tournament result,200,,Knock_out_Thread Group 1-534,text,true,,5441,338,191,191,https://pabsa.impressicocrm.com/api/tournament/119922/matches,1805,0,0
1680594007976,1467,Get Home page currency,200,,Knock_out_Thread Group 1-648,text,true,,9160,321,191,191,https://pabsa.impressicocrm.com/api/currency,1467,0,0
1680594007717,1733,Get Break list ,200,,Knock_out_Thread Group 1-617,text,true,,3218,338,191,191,https://pabsa.impressicocrm.com/api/tournament/119922/players,1733,0,0
1680594007638,1815,Get Home page currency,200,,Knock_out_Thread Group 1-632,text,true,,9160,321,192,192,https://pabsa.impressicocrm.com/api/currency,1815,0,0
1680594007993,1465,Get playerA_Vs_playerB,200,,Knock_out_Thread Group 1-533,text,true,,1239,341,192,192,https://pabsa.impressicocrm.com/api/tournament/matchScore/147598,1465,0,0
1680594007562,1914,Get Players schedule,200,,Knock_out_Thread Group 1-564,text,true,,5441,338,191,191,https://pabsa.impressicocrm.com/api/tournament/119922/matches,1914,0,0
1680594007850,1640,Get Players schedule,200,,Knock_out_Thread Group 1-566,text,true,,5441,338,191,191,https://pabsa.impressicocrm.com/api/tournament/119922/matches,1640,0,0
1680594005194,4299,Get tournamnent list ,200,,Knock_out_Thread Group 1-638,text,true,,58888,389,191,191,https://pabsa.impressicocrm.com/api/tournament?limit=12&pageNumber=1&sportType=&tournamentName=&tournamentStyle=,2420,0,0
1680594008066,1435,Get single knockout Player details,200,,Knock_out_Thread Group 1-520,text,true,,1210,326,191,191,https://pabsa.impressicocrm.com/api/player/110368,1435,0,0
1680594008073,1428,Get single knockout Player details,200,,Knock_out_Thread Group 1-545,text,true,,1210,326,191,191,https://pabsa.impressicocrm.com/api/player/110368,1428,0,0
1680594008015,1514,Get Home page currency,200,,Knock_out_Thread Group 1-644,text,true,,9160,321,191,191,https://pabsa.impressicocrm.com/api/currency,1514,0,0
1680594008056,1475,Get playerA_Vs_playerB,200,,Knock_out_Thread Group 1-515,text,true,,1239,341,191,191,https://pabsa.impressicocrm.com/api/tournament/matchScore/147598,1475,0,0
1680594007456,2083,Get Players schedule,200,,Knock_out_Thread Group 1-597,text,true,,5441,338,190,190,https://pabsa.impressicocrm.com/api/tournament/119922/matches,2083,0,0
1680594007784,1757,Get Break list ,200,,Knock_out_Thread Group 1-615,text,true,,3218,338,190,190,https://pabsa.impressicocrm.com/api/tournament/119922/players,1757,0,0
1680594007883,1666,Get Players schedule,200,,Knock_out_Thread Group 1-565,text,true,,5441,338,190,190,https://pabsa.impressicocrm.com/api/tournament/119922/matches,1666,0,0
1680594007717,1842,Get Break list ,200,,Knock_out_Thread Group 1-603,text,true,,3218,338,191,191,https://pabsa.impressicocrm.com/api/tournament/119922/players,1842,0,0
1680594006928,2638,Get Home page country ,200,,Knock_out_Thread Group 1-665,text,true,,17270,320,191,191,https://pabsa.impressicocrm.com/api/country,2638,0,0
1680594007615,1951,Get Home page country ,200,,Knock_out_Thread Group 1-683,text,true,,17270,320,191,191,https://pabsa.impressicocrm.com/api/country,1951,0,0
1680594006717,2880,Get Home page country ,200,,Knock_out_Thread Group 1-674,text,true,,17270,320,191,191,https://pabsa.impressicocrm.com/api/country,2880,0,0
1680594006141,3458,Get tournamnent list ,200,,Knock_out_Thread Group 1-626,text,true,,58880,389,191,191,https://pabsa.impressicocrm.com/api/tournament?limit=12&pageNumber=1&sportType=&tournamentName=&tournamentStyle=,2627,0,0
1680594008060,1547,Get Home page country ,200,,Knock_out_Thread Group 1-688,text,true,,17270,320,191,191,https://pabsa.impressicocrm.com/api/country,1547,0,0
1680594008213,1418,Get single knockout Player details,200,,Knock_out_Thread Group 1-569,text,true,,1210,326,191,191,https://pabsa.impressicocrm.com/api/player/110368,1418,0,0
1680594007952,1692,Get single knockout Player details,200,,Knock_out_Thread Group 1-536,text,true,,1210,326,191,191,https://pabsa.impressicocrm.com/api/player/110368,1692,0,0
1680594008230,1423,Get single knockout Player details,200,,Knock_out_Thread Group 1-530,text,true,,1210,326,192,192,https://pabsa.impressicocrm.com/api/player/110368,1423,0,0
1680594008030,1631,Get single knockout Player details,200,,Knock_out_Thread Group 1-587,text,true,,1210,326,192,192,https://pabsa.impressicocrm.com/api/player/110368,1631,0,0
1680594008007,1672,Get tournament result,200,,Knock_out_Thread Group 1-519,text,true,,5441,338,192,192,https://pabsa.impressicocrm.com/api/tournament/119922/matches,1672,0,0
1680594007907,1786,Get knockout players list ,200,,Knock_out_Thread Group 1-584,text,true,,4598,340,192,192,https://pabsa.impressicocrm.com/api/tournament/118871/knockouts,1786,0,0
1680594007878,1824,Get tournament result,200,,Knock_out_Thread Group 1-549,text,true,,5441,338,192,192,https://pabsa.impressicocrm.com/api/tournament/119922/matches,1824,0,0
1680594007888,1815,Get tournament result,200,,Knock_out_Thread Group 1-540,text,true,,5441,338,192,192,https://pabsa.impressicocrm.com/api/tournament/119922/matches,1815,0,0
1680594008151,1561,Get Players list ,200,,Knock_out_Thread Group 1-614,text,true,,3218,338,192,192,https://pabsa.impressicocrm.com/api/tournament/119922/players,1561,0,0
1680594007961,1767,Get tournament result,200,,Knock_out_Thread Group 1-517,text,true,,5441,338,192,192,https://pabsa.impressicocrm.com/api/tournament/119922/matches,1767,0,0
1680594008652,1089,Home page ,200,OK,Knock_out_Thread Group 1-697,text,true,,3033,309,192,192,https://pabsa.impressicocrm.com/,1089,0,652
1680594008213,1529,Get Home page currency,200,,Knock_out_Thread Group 1-637,text,true,,9160,321,192,192,https://pabsa.impressicocrm.com/api/currency,1529,0,0
1680594008201,1553,Get playerA_Vs_playerB,200,,Knock_out_Thread Group 1-525,text,true,,1239,341,193,193,https://pabsa.impressicocrm.com/api/tournament/matchScore/147598,1553,0,0
1680594007800,1954,Get Home page country ,200,,Knock_out_Thread Group 1-685,text,true,,17270,320,193,193,https://pabsa.impressicocrm.com/api/country,1954,0,0
1680594008201,1558,Get Players list ,200,,Knock_out_Thread Group 1-616,text,true,,3218,338,192,192,https://pabsa.impressicocrm.com/api/tournament/119922/players,1558,0,0
1680594008314,1480,Get knockout players list ,200,,Knock_out_Thread Group 1-547,text,true,,4598,340,192,192,https://pabsa.impressicocrm.com/api/tournament/118871/knockouts,1480,0,0
1680594006150,3671,Get tournamnent list ,200,,Knock_out_Thread Group 1-656,text,true,,58888,389,192,192,https://pabsa.impressicocrm.com/api/tournament?limit=12&pageNumber=1&sportType=&tournamentName=&tournamentStyle=,2132,0,0
1680594005636,4223,Get tournamnent list ,200,,Knock_out_Thread Group 1-630,text,true,,58888,389,193,193,https://pabsa.impressicocrm.com/api/tournament?limit=12&pageNumber=1&sportType=&tournamentName=&tournamentStyle=,2346,0,0
1680594008198,1667,Get tournament result,200,,Knock_out_Thread Group 1-532,text,true,,5441,338,193,193,https://pabsa.impressicocrm.com/api/tournament/119922/matches,1667,0,0
1680594008276,1598,Get tournament result,200,,Knock_out_Thread Group 1-537,text,true,,5441,338,193,193,https://pabsa.impressicocrm.com/api/tournament/119922/matches,1598,0,0
1680594006701,3175,Get Players schedule,200,,Knock_out_Thread Group 1-593,text,true,,5441,338,193,193,https://pabsa.impressicocrm.com/api/tournament/119922/matches,3175,0,0
1680594009794,82,Get single knockout Player details,200,,Knock_out_Thread Group 1-547,text,true,,1210,326,193,193,https://pabsa.impressicocrm.com/api/player/110368,82,0,0
1680594007888,1993,Get knockout players list ,200,,Knock_out_Thread Group 1-555,text,true,,4598,340,193,193,https://pabsa.impressicocrm.com/api/tournament/118871/knockouts,1993,0,0
1680594009251,643,Home page ,200,OK,Knock_out_Thread Group 1-703,text,true,,3033,309,193,193,https://pabsa.impressicocrm.com/,643,0,253
1680594008198,1708,Get tournament result,200,,Knock_out_Thread Group 1-554,text,true,,5441,338,193,193,https://pabsa.impressicocrm.com/api/tournament/119922/matches,1708,0,0
1680594008435,1487,Get knockout players list ,200,,Knock_out_Thread Group 1-567,text,true,,4598,340,193,193,https://pabsa.impressicocrm.com/api/tournament/118871/knockouts,1487,0,0
1680594007967,1961,Get Home page country ,200,,Knock_out_Thread Group 1-679,text,true,,17270,320,193,193,https://pabsa.impressicocrm.com/api/country,1923,0,0
1680594008042,1888,Get Break list ,200,,Knock_out_Thread Group 1-568,text,true,,3218,338,193,193,https://pabsa.impressicocrm.com/api/tournament/119922/players,1888,0,0
1680594008367,1563,Get Players list ,200,,Knock_out_Thread Group 1-611,text,true,,3218,338,193,193,https://pabsa.impressicocrm.com/api/tournament/119922/players,1563,0,0
1680594008751,1180,Home page ,200,OK,Knock_out_Thread Group 1-698,text,true,,3033,309,193,193,https://pabsa.impressicocrm.com/,1179,0,702
1680594008414,1524,Get Home page currency,200,,Knock_out_Thread Group 1-633,text,true,,9160,321,193,193,https://pabsa.impressicocrm.com/api/currency,1524,0,0
1680594009152,795,Home page ,200,OK,Knock_out_Thread Group 1-702,text,true,,3033,309,193,193,https://pabsa.impressicocrm.com/,795,0,730
1680594008441,1517,Get single knockout Player details,200,,Knock_out_Thread Group 1-559,text,true,,1210,326,194,194,https://pabsa.impressicocrm.com/api/player/110368,1517,0,0
1680594007071,2894,Get tournamnent list ,200,,Knock_out_Thread Group 1-661,text,true,,58880,389,194,194,https://pabsa.impressicocrm.com/api/tournament?limit=12&pageNumber=1&sportType=&tournamentName=&tournamentStyle=,2264,0,0
1680594008349,1626,Get Home page country ,200,,Knock_out_Thread Group 1-690,text,true,,17270,320,194,194,https://pabsa.impressicocrm.com/api/country,1625,0,0
1680594008953,1033,Home page ,200,OK,Knock_out_Thread Group 1-700,text,true,,3033,309,194,194,https://pabsa.impressicocrm.com/,1033,0,482
1680594009552,458,Home page ,200,OK,Knock_out_Thread Group 1-706,text,true,,3033,309,194,194,https://pabsa.impressicocrm.com/,458,0,370
1680594008081,1933,Get Players list ,200,,Knock_out_Thread Group 1-609,text,true,,3218,338,194,194,https://pabsa.impressicocrm.com/api/tournament/119922/players,1933,0,0
1680594008324,1692,Get tournament result,200,,Knock_out_Thread Group 1-570,text,true,,5441,338,194,194,https://pabsa.impressicocrm.com/api/tournament/119922/matches,1692,0,0
1680594008494,1551,Get Home page country ,200,,Knock_out_Thread Group 1-692,text,true,,17270,320,194,194,https://pabsa.impressicocrm.com/api/country,1551,0,0
1680594009752,293,Home page ,200,OK,Knock_out_Thread Group 1-708,text,true,,3033,309,194,194,https://pabsa.impressicocrm.com/,293,0,213
1680594008385,1683,Get Players schedule,200,,Knock_out_Thread Group 1-560,text,true,,5441,338,195,195,https://pabsa.impressicocrm.com/api/tournament/119922/matches,1683,0,0
1680594005453,4615,Get tournamnent list ,200,,Knock_out_Thread Group 1-628,text,true,,58888,389,195,195,https://pabsa.impressicocrm.com/api/tournament?limit=12&pageNumber=1&sportType=&tournamentName=&tournamentStyle=,2915,0,0
1680594009351,717,Home page ,200,OK,Knock_out_Thread Group 1-704,text,true,,3033,309,195,195,https://pabsa.impressicocrm.com/,717,0,534
1680594007420,2659,Get Home page country ,200,,Knock_out_Thread Group 1-673,text,true,,17270,320,195,195,https://pabsa.impressicocrm.com/api/country,2659,0,0
1680594008494,1585,Get Players list ,200,,Knock_out_Thread Group 1-634,text,true,,3218,338,195,195,https://pabsa.impressicocrm.com/api/tournament/119922/players,1585,0,0
1680594008482,1609,Get Home page currency,200,,Knock_out_Thread Group 1-625,text,true,,9160,321,195,195,https://pabsa.impressicocrm.com/api/currency,1609,0,0
1680594005963,4157,Get tournamnent list ,200,,Knock_out_Thread Group 1-649,text,true,,58865,389,195,195,https://pabsa.impressicocrm.com/api/tournament?limit=12&pageNumber=1&sportType=&tournamentName=&tournamentStyle=,1931,0,0
1680594008414,1720,Get tournament result,200,,Knock_out_Thread Group 1-522,text,true,,5441,338,195,195,https://pabsa.impressicocrm.com/api/tournament/119922/matches,1720,0,0
1680594008482,1657,Get Break list ,200,,Knock_out_Thread Group 1-575,text,true,,3218,338,195,195,https://pabsa.impressicocrm.com/api/tournament/119922/players,1657,0,0
1680594009852,305,Home page ,200,OK,Knock_out_Thread Group 1-709,text,true,,3033,309,195,195,https://pabsa.impressicocrm.com/,287,0,216
1680594008286,1871,Get Players list ,200,,Knock_out_Thread Group 1-583,text,true,,3218,338,195,195,https://pabsa.impressicocrm.com/api/tournament/119922/players,1871,0,0
1680594008276,1885,Get Home page currency,200,,Knock_out_Thread Group 1-631,text,true,,9160,321,196,196,https://pabsa.impressicocrm.com/api/currency,1885,0,0
1680594008252,1924,Home page ,200,OK,Knock_out_Thread Group 1-693,text,true,,3033,309,196,196,https://pabsa.impressicocrm.com/,1924,0,1307
1680594008614,1581,Get single knockout Player details,200,,Knock_out_Thread Group 1-551,text,true,,1210,326,196,196,https://pabsa.impressicocrm.com/api/player/110368,1581,0,0
1680594008409,1794,Get tournament result,200,,Knock_out_Thread Group 1-526,text,true,,5441,338,196,196,https://pabsa.impressicocrm.com/api/tournament/119922/matches,1794,0,0
1680594008127,2107,Get tournament result,200,,Knock_out_Thread Group 1-550,text,true,,5441,338,196,196,https://pabsa.impressicocrm.com/api/tournament/119922/matches,2107,0,0
1680594008651,1601,Get playerA_Vs_playerB,200,,Knock_out_Thread Group 1-480,text,true,,1239,341,197,197,https://pabsa.impressicocrm.com/api/tournament/matchScore/147598,1601,0,0
1680594008371,1889,Get Home page currency,200,,Knock_out_Thread Group 1-635,text,true,,9160,321,196,196,https://pabsa.impressicocrm.com/api/currency,1889,0,0
1680594008042,2269,Get tournament result,200,,Knock_out_Thread Group 1-535,text,true,,5441,338,196,196,https://pabsa.impressicocrm.com/api/tournament/119922/matches,2269,0,0
1680594008710,1611,Get single knockout Player details,200,,Knock_out_Thread Group 1-553,text,true,,1210,326,196,196,https://pabsa.impressicocrm.com/api/player/110368,1611,0,0
1680594008665,1680,Get playerA_Vs_playerB,200,,Knock_out_Thread Group 1-541,text,true,,1239,341,196,196,https://pabsa.impressicocrm.com/api/tournament/matchScore/147598,1680,0,0
1680594009952,409,Home page ,200,OK,Knock_out_Thread Group 1-710,text,true,,3033,309,196,196,https://pabsa.impressicocrm.com/,409,0,327
1680594008672,1700,Get playerA_Vs_playerB,200,,Knock_out_Thread Group 1-513,text,true,,1239,341,196,196,https://pabsa.impressicocrm.com/api/tournament/matchScore/147598,1700,0,0
1680594008486,1926,Get Players schedule,200,,Knock_out_Thread Group 1-578,text,true,,5441,338,195,195,https://pabsa.impressicocrm.com/api/tournament/119922/matches,1926,0,0
1680594010053,359,Home page ,200,OK,Knock_out_Thread Group 1-711,text,true,,3033,309,195,195,https://pabsa.impressicocrm.com/,359,0,293
1680594008628,1814,Get tournament result,200,,Knock_out_Thread Group 1-543,text,true,,5441,338,195,195,https://pabsa.impressicocrm.com/api/tournament/119922/matches,1814,0,0
1680594008542,1900,Get tournament result,200,,Knock_out_Thread Group 1-538,text,true,,5441,338,195,195,https://pabsa.impressicocrm.com/api/tournament/119922/matches,1900,0,0
1680594009651,791,Home page ,200,OK,Knock_out_Thread Group 1-707,text,true,,3033,309,195,195,https://pabsa.impressicocrm.com/,791,0,346
1680594008511,1937,Get Players schedule,200,,Knock_out_Thread Group 1-610,text,true,,5441,338,195,195,https://pabsa.impressicocrm.com/api/tournament/119922/matches,1937,0,0
1680594008831,1635,Get playerA_Vs_playerB,200,,Knock_out_Thread Group 1-548,text,true,,1239,341,196,196,https://pabsa.impressicocrm.com/api/tournament/matchScore/147598,1635,0,0
1680594008845,1628,Get playerA_Vs_playerB,200,,Knock_out_Thread Group 1-529,text,true,,1239,341,195,195,https://pabsa.impressicocrm.com/api/tournament/matchScore/147598,1628,0,0
1680594008030,2447,Get Home page country ,200,,Knock_out_Thread Group 1-687,text,true,,17270,320,194,194,https://pabsa.impressicocrm.com/api/country,2065,0,0
1680594007445,3035,Get Home page country ,200,,Knock_out_Thread Group 1-678,text,true,,17270,320,194,194,https://pabsa.impressicocrm.com/api/country,3035,0,0
1680594008956,1525,Get single knockout Player details,200,,Knock_out_Thread Group 1-563,text,true,,1210,326,194,194,https://pabsa.impressicocrm.com/api/player/110368,1525,0,0
1680594008876,1649,Get Home page currency,200,,Knock_out_Thread Group 1-623,text,true,,9160,321,194,194,https://pabsa.impressicocrm.com/api/currency,1649,0,0
1680594006553,3973,Home page ,200,OK,Knock_out_Thread Group 1-676,text,true,,3033,309,194,194,https://pabsa.impressicocrm.com/,3972,0,3429
1680594008793,1739,Get Players list ,200,,Knock_out_Thread Group 1-621,text,true,,3218,338,194,194,https://pabsa.impressicocrm.com/api/tournament/119922/players,1739,0,0
1680594009027,1511,Get knockout players list ,200,,Knock_out_Thread Group 1-586,text,true,,4598,340,194,194,https://pabsa.impressicocrm.com/api/tournament/118871/knockouts,1511,0,0
1680594008883,1658,Get playerA_Vs_playerB,200,,Knock_out_Thread Group 1-523,text,true,,1239,341,194,194,https://pabsa.impressicocrm.com/api/tournament/matchScore/147598,1658,0,0
1680594008531,2010,Get Players schedule,200,,Knock_out_Thread Group 1-581,text,true,,5441,338,194,194,https://pabsa.impressicocrm.com/api/tournament/119922/matches,2010,0,0
1680594008956,1592,Get playerA_Vs_playerB,200,,Knock_out_Thread Group 1-528,text,true,,1239,341,193,193,https://pabsa.impressicocrm.com/api/tournament/matchScore/147598,1592,0,0
1680594008052,2497,Home page ,200,OK,Knock_out_Thread Group 1-691,text,true,,3033,309,192,192,https://pabsa.impressicocrm.com/,2497,0,2327
1680594008824,1739,Get Break list ,200,,Knock_out_Thread Group 1-604,text,true,,3218,338,193,193,https://pabsa.impressicocrm.com/api/tournament/119922/players,1739,0,0
1680594008777,1796,Get Home page country ,200,,Knock_out_Thread Group 1-695,text,true,,17270,320,193,193,https://pabsa.impressicocrm.com/api/country,1796,0,0
1680594008837,1760,Get Home page currency,200,,Knock_out_Thread Group 1-650,text,true,,9160,321,193,193,https://pabsa.impressicocrm.com/api/currency,1760,0,0
1680594008922,1675,Get knockout players list ,200,,Knock_out_Thread Group 1-594,text,true,,4598,340,193,193,https://pabsa.impressicocrm.com/api/tournament/118871/knockouts,1675,0,0
1680594008762,1853,Get tournament result,200,,Knock_out_Thread Group 1-552,text,true,,5441,338,193,193,https://pabsa.impressicocrm.com/api/tournament/119922/matches,1853,0,0
1680594007705,2923,Get Home page country ,200,,Knock_out_Thread Group 1-677,text,true,,17270,320,193,193,https://pabsa.impressicocrm.com/api/country,2923,0,0
1680594008900,1733,Get Break list ,200,,Knock_out_Thread Group 1-605,text,true,,3218,338,193,193,https://pabsa.impressicocrm.com/api/tournament/119922/players,1733,0,0
1680594007497,3138,Get tournamnent list ,200,,Knock_out_Thread Group 1-657,text,true,,58880,389,193,193,https://pabsa.impressicocrm.com/api/tournament?limit=12&pageNumber=1&sportType=&tournamentName=&tournamentStyle=,2044,0,0
1680594008665,2008,Get Home page currency,200,,Knock_out_Thread Group 1-627,text,true,,9160,321,194,194,https://pabsa.impressicocrm.com/api/currency,2008,0,0
1680594008826,1847,Get knockout players list ,200,,Knock_out_Thread Group 1-582,text,true,,4598,340,194,194,https://pabsa.impressicocrm.com/api/tournament/118871/knockouts,1847,0,0
1680594008667,2012,Get Home page currency,200,,Knock_out_Thread Group 1-639,text,true,,9160,321,194,194,https://pabsa.impressicocrm.com/api/currency,2012,0,0
1680594007381,3302,Get Home page currency,200,,Knock_out_Thread Group 1-620,text,true,,9160,321,194,194,https://pabsa.impressicocrm.com/api/currency,3302,0,0
1680594008726,1978,Get tournament result,200,,Knock_out_Thread Group 1-518,text,true,,5441,338,194,194,https://pabsa.impressicocrm.com/api/tournament/119922/matches,1978,0,0
1680594008824,1885,Get Players schedule,200,,Knock_out_Thread Group 1-596,text,true,,5441,338,194,194,https://pabsa.impressicocrm.com/api/tournament/119922/matches,1885,0,0
1680594010353,367,Home page ,200,OK,Knock_out_Thread Group 1-714,text,true,,3033,309,194,194,https://pabsa.impressicocrm.com/,367,0,269
1680594009230,1495,Get single knockout Player details,200,,Knock_out_Thread Group 1-590,text,true,,1210,326,194,194,https://pabsa.impressicocrm.com/api/player/110368,1495,0,0
1680594008701,2024,Get Break list ,200,,Knock_out_Thread Group 1-598,text,true,,3218,338,194,194,https://pabsa.impressicocrm.com/api/tournament/119922/players,2024,0,0
1680594008853,1872,Home page ,200,OK,Knock_out_Thread Group 1-699,text,true,,3033,309,194,194,https://pabsa.impressicocrm.com/,1872,0,1766
1680594009128,1610,Get playerA_Vs_playerB,200,,Knock_out_Thread Group 1-521,text,true,,1239,341,194,194,https://pabsa.impressicocrm.com/api/tournament/matchScore/147598,1610,0,0
1680594008417,2331,Get Players schedule,200,,Knock_out_Thread Group 1-576,text,true,,5441,338,193,193,https://pabsa.impressicocrm.com/api/tournament/119922/matches,2331,0,0
1680594008841,1911,Get Home page country ,200,,Knock_out_Thread Group 1-694,text,true,,17270,320,194,194,https://pabsa.impressicocrm.com/api/country,1838,0,0
1680594009097,1664,Get Break list ,200,,Knock_out_Thread Group 1-607,text,true,,3218,338,194,194,https://pabsa.impressicocrm.com/api/tournament/119922/players,1664,0,0
1680594007522,3239,Get tournamnent list ,200,,Knock_out_Thread Group 1-658,text,true,,58888,389,194,194,https://pabsa.impressicocrm.com/api/tournament?limit=12&pageNumber=1&sportType=&tournamentName=&tournamentStyle=,1742,0,0
1680594009170,1617,Get knockout players list ,200,,Knock_out_Thread Group 1-580,text,true,,4591,340,194,194,https://pabsa.impressicocrm.com/api/tournament/118871/knockouts,1617,0,0
1680594008599,2197,Get Players schedule,200,,Knock_out_Thread Group 1-601,text,true,,5441,338,194,194,https://pabsa.impressicocrm.com/api/tournament/119922/matches,2197,0,0
1680594008997,1799,Get Home page country ,200,,Knock_out_Thread Group 1-696,text,true,,17255,320,194,194,https://pabsa.impressicocrm.com/api/country,1799,0,0
1680594008840,1961,Get Players schedule,200,,Knock_out_Thread Group 1-618,text,true,,5435,338,194,194,https://pabsa.impressicocrm.com/api/tournament/119922/matches,1961,0,0
1680594008417,2386,Get Home page country ,200,,Knock_out_Thread Group 1-669,text,true,,17255,320,194,194,https://pabsa.impressicocrm.com/api/country,2294,0,0
1680594009215,1596,Get knockout players list ,200,,Knock_out_Thread Group 1-599,text,true,,4598,340,194,194,https://pabsa.impressicocrm.com/api/tournament/118871/knockouts,1596,0,0
1680594008573,2241,Get tournament result,200,,Knock_out_Thread Group 1-556,text,true,,5441,338,194,194,https://pabsa.impressicocrm.com/api/tournament/119922/matches,2241,0,0
1680594008590,2224,Get tournament result,200,,Knock_out_Thread Group 1-544,text,true,,5441,338,194,194,https://pabsa.impressicocrm.com/api/tournament/119922/matches,2224,0,0
1680594009148,1672,Get Home page currency,200,,Knock_out_Thread Group 1-645,text,true,,9160,321,194,194,https://pabsa.impressicocrm.com/api/currency,1672,0,0
1680594009452,1379,Home page ,200,OK,Knock_out_Thread Group 1-705,text,true,,3033,309,194,194,https://pabsa.impressicocrm.com/,1379,0,1306
1680594008665,2174,Get knockout players list ,200,,Knock_out_Thread Group 1-562,text,true,,4598,340,194,194,https://pabsa.impressicocrm.com/api/tournament/118871/knockouts,2174,0,0
1680594006298,4554,Get tournamnent list ,200,,Knock_out_Thread Group 1-651,text,true,,58888,389,195,195,https://pabsa.impressicocrm.com/api/tournament?limit=12&pageNumber=1&sportType=&tournamentName=&tournamentStyle=,2247,0,0
1680594009045,1837,Get Break list ,200,,Knock_out_Thread Group 1-608,text,true,,3218,338,195,195,https://pabsa.impressicocrm.com/api/tournament/119922/players,1837,0,0
1680594009239,1643,Get Players list ,200,,Knock_out_Thread Group 1-629,text,true,,3218,338,195,195,https://pabsa.impressicocrm.com/api/tournament/119922/players,1643,0,0
1680594009247,1641,Get Home page currency,200,,Knock_out_Thread Group 1-667,text,true,,9160,321,195,195,https://pabsa.impressicocrm.com/api/currency,1641,0,0
1680594008997,1893,Get Players schedule,200,,Knock_out_Thread Group 1-591,text,true,,5441,338,195,195,https://pabsa.impressicocrm.com/api/tournament/119922/matches,1893,0,0
1680594009041,1862,Get tournament result,200,,Knock_out_Thread Group 1-571,text,true,,5441,338,195,195,https://pabsa.impressicocrm.com/api/tournament/119922/matches,1862,0,0
1680594006909,3997,Get tournamnent list ,200,,Knock_out_Thread Group 1-652,text,true,,58880,389,195,195,https://pabsa.impressicocrm.com/api/tournament?limit=12&pageNumber=1&sportType=&tournamentName=&tournamentStyle=,2072,0,0
1680594009285,1643,Get single knockout Player details,200,,Knock_out_Thread Group 1-557,text,true,,1210,326,195,195,https://pabsa.impressicocrm.com/api/player/110368,1643,0,0
1680594009265,1663,Get playerA_Vs_playerB,200,,Knock_out_Thread Group 1-516,text,true,,1239,341,195,195,https://pabsa.impressicocrm.com/api/tournament/matchScore/147598,1663,0,0
1680594010653,286,Home page ,200,OK,Knock_out_Thread Group 1-717,text,true,,3033,309,194,194,https://pabsa.impressicocrm.com/,286,0,216
1680594009250,1701,Get Home page currency,200,,Knock_out_Thread Group 1-654,text,true,,9160,321,194,194,https://pabsa.impressicocrm.com/api/currency,1701,0,0
1680594010815,211,Get playerA_Vs_playerB,200,,Knock_out_Thread Group 1-544,text,true,,1239,341,195,195,https://pabsa.impressicocrm.com/api/tournament/matchScore/147598,211,0,0
1680594009269,1757,Get knockout players list ,200,,Knock_out_Thread Group 1-572,text,true,,4598,340,195,195,https://pabsa.impressicocrm.com/api/tournament/118871/knockouts,1757,0,0
1680594009304,1731,Get Home page currency,200,,Knock_out_Thread Group 1-641,text,true,,9160,321,194,194,https://pabsa.impressicocrm.com/api/currency,1731,0,0
1680594008276,2771,Get tournamnent list ,200,,Knock_out_Thread Group 1-672,text,true,,58880,389,194,194,https://pabsa.impressicocrm.com/api/tournament?limit=12&pageNumber=1&sportType=&tournamentName=&tournamentStyle=,1803,0,0
1680594009367,1683,Get playerA_Vs_playerB,200,,Knock_out_Thread Group 1-542,text,true,,1239,341,194,194,https://pabsa.impressicocrm.com/api/tournament/matchScore/147598,1683,0,0
1680594009304,1747,Get Break list ,200,,Knock_out_Thread Group 1-612,text,true,,3218,338,193,193,https://pabsa.impressicocrm.com/api/tournament/119922/players,1747,0,0
1680594009420,1634,Get knockout players list ,200,,Knock_out_Thread Group 1-600,text,true,,4598,340,194,194,https://pabsa.impressicocrm.com/api/tournament/118871/knockouts,1634,0,0
1680594009148,1910,Get Players schedule,200,,Knock_out_Thread Group 1-585,text,true,,5441,338,194,194,https://pabsa.impressicocrm.com/api/tournament/119922/matches,1910,0,0
1680594009327,1761,Get Break list ,200,,Knock_out_Thread Group 1-613,text,true,,3218,338,194,194,https://pabsa.impressicocrm.com/api/tournament/119922/players,1761,0,0
1680594008896,2192,Get Home page currency,200,,Knock_out_Thread Group 1-646,text,true,,9160,321,194,194,https://pabsa.impressicocrm.com/api/currency,2192,0,0
1680594010939,176,Get Home page country ,200,,Knock_out_Thread Group 1-717,text,true,,17270,320,194,194,https://pabsa.impressicocrm.com/api/country,176,0,0
1680594009476,1639,Get knockout players list ,200,,Knock_out_Thread Group 1-564,text,true,,4598,340,194,194,https://pabsa.impressicocrm.com/api/tournament/118871/knockouts,1639,0,0
1680594009130,1985,Get knockout players list ,200,,Knock_out_Thread Group 1-595,text,true,,4598,340,194,194,https://pabsa.impressicocrm.com/api/tournament/118871/knockouts,1985,0,0
1680594009443,1676,Get playerA_Vs_playerB,200,,Knock_out_Thread Group 1-534,text,true,,1239,341,194,194,https://pabsa.impressicocrm.com/api/tournament/matchScore/147598,1676,0,0
1680594009123,1996,Get tournament result,200,,Knock_out_Thread Group 1-531,text,true,,5441,338,194,194,https://pabsa.impressicocrm.com/api/tournament/119922/matches,1996,0,0
1680594009490,1629,Get knockout players list ,200,,Knock_out_Thread Group 1-566,text,true,,4598,340,194,194,https://pabsa.impressicocrm.com/api/tournament/118871/knockouts,1629,0,0
1680594008193,2937,Get knockout players list ,200,,Knock_out_Thread Group 1-573,text,true,,4598,340,193,193,https://pabsa.impressicocrm.com/api/tournament/118871/knockouts,2937,0,0
1680594009443,1700,Get Players list ,200,,Knock_out_Thread Group 1-648,text,true,,3218,338,193,193,https://pabsa.impressicocrm.com/api/tournament/119922/players,1700,0,0
1680594008762,2397,Get tournamnent list ,200,,Knock_out_Thread Group 1-666,text,true,,58888,389,194,194,https://pabsa.impressicocrm.com/api/tournament?limit=12&pageNumber=1&sportType=&tournamentName=&tournamentStyle=,1958,0,0
1680594009220,1949,Get tournament result,200,,Knock_out_Thread Group 1-579,text,true,,5441,338,194,194,https://pabsa.impressicocrm.com/api/tournament/119922/matches,1949,0,0
1680594009119,2075,Get tournament result,200,,Knock_out_Thread Group 1-558,text,true,,5435,338,194,194,https://pabsa.impressicocrm.com/api/tournament/119922/matches,2075,0,0
1680594009438,1773,Get Home page currency,200,,Knock_out_Thread Group 1-640,text,true,,9160,321,194,194,https://pabsa.impressicocrm.com/api/currency,1773,0,0
1680594009367,1852,Get Players list ,200,,Knock_out_Thread Group 1-624,text,true,,3218,338,194,194,https://pabsa.impressicocrm.com/api/tournament/119922/players,1852,0,0
1680594009529,1694,Get Players list ,200,,Knock_out_Thread Group 1-644,text,true,,3218,338,194,194,https://pabsa.impressicocrm.com/api/tournament/119922/players,1694,0,0
1680594009386,1848,Get Break list ,200,,Knock_out_Thread Group 1-524,text,true,,3218,338,194,194,https://pabsa.impressicocrm.com/api/tournament/119922/players,1848,0,0
1680594009539,1695,Get knockout players list ,200,,Knock_out_Thread Group 1-597,text,true,,4598,340,194,194,https://pabsa.impressicocrm.com/api/tournament/118871/knockouts,1695,0,0
1680594009453,1792,Get Players list ,200,,Knock_out_Thread Group 1-632,text,true,,3218,338,194,194,https://pabsa.impressicocrm.com/api/tournament/119922/players,1792,0,0
1680594008462,2811,Get tournamnent list ,200,,Knock_out_Thread Group 1-675,text,true,,58880,389,195,195,https://pabsa.impressicocrm.com/api/tournament?limit=12&pageNumber=1&sportType=&tournamentName=&tournamentStyle=,1892,0,0
1680594010853,428,Home page ,200,OK,Knock_out_Thread Group 1-719,text,true,,3033,309,195,195,https://pabsa.impressicocrm.com/,428,0,252
1680594009549,1739,Get knockout players list ,200,,Knock_out_Thread Group 1-565,text,true,,4598,340,195,195,https://pabsa.impressicocrm.com/api/tournament/118871/knockouts,1739,0,0
1680594009210,2082,Get Home page country ,200,,Knock_out_Thread Group 1-689,text,true,,17270,320,195,195,https://pabsa.impressicocrm.com/api/country,2082,0,0
1680594009217,2083,Get Home page currency,200,,Knock_out_Thread Group 1-622,text,true,,9160,321,195,195,https://pabsa.impressicocrm.com/api/currency,2083,0,0
1680594009420,1915,Get Players schedule,200,,Knock_out_Thread Group 1-592,text,true,,5441,338,195,195,https://pabsa.impressicocrm.com/api/tournament/119922/matches,1915,0,0
1680594009450,1885,Get Players schedule,200,,Knock_out_Thread Group 1-617,text,true,,5441,338,195,195,https://pabsa.impressicocrm.com/api/tournament/119922/matches,1885,0,0
1680594009321,2014,Get tournament result,200,,Knock_out_Thread Group 1-577,text,true,,5441,338,195,195,https://pabsa.impressicocrm.com/api/tournament/119922/matches,2014,0,0
1680594007947,3395,Get Players schedule,200,,Knock_out_Thread Group 1-588,text,true,,5441,338,195,195,https://pabsa.impressicocrm.com/api/tournament/119922/matches,3395,0,0
1680594009599,1746,Get Home page currency,200,,Knock_out_Thread Group 1-626,text,true,,9160,321,195,195,https://pabsa.impressicocrm.com/api/currency,1746,0,0
1680594009367,1982,Get Home page country ,200,,Knock_out_Thread Group 1-701,text,true,,17255,320,195,195,https://pabsa.impressicocrm.com/api/country,1982,0,0
1680594008428,2926,Get tournamnent list ,200,,Knock_out_Thread Group 1-670,text,true,,58888,389,196,196,https://pabsa.impressicocrm.com/api/tournament?limit=12&pageNumber=1&sportType=&tournamentName=&tournamentStyle=,2245,0,0
1680594008579,2780,Get tournamnent list ,200,,Knock_out_Thread Group 1-680,text,true,,58880,389,196,196,https://pabsa.impressicocrm.com/api/tournament?limit=12&pageNumber=1&sportType=&tournamentName=&tournamentStyle=,1943,0,0
1680594009352,2018,Get Players schedule,200,,Knock_out_Thread Group 1-606,text,true,,5441,338,196,196,https://pabsa.impressicocrm.com/api/tournament/119922/matches,2018,0,0
1680594010952,418,Home page ,200,OK,Knock_out_Thread Group 1-720,text,true,,3033,309,196,196,https://pabsa.impressicocrm.com/,418,0,343
1680594009265,2129,Get single knockout Player details,200,,Knock_out_Thread Group 1-561,text,true,,1210,326,196,196,https://pabsa.impressicocrm.com/api/player/110368,2129,0,0
1680594008063,3360,Get tournamnent list ,200,,Knock_out_Thread Group 1-663,text,true,,58880,389,196,196,https://pabsa.impressicocrm.com/api/tournament?limit=12&pageNumber=1&sportType=&tournamentName=&tournamentStyle=,1907,0,0
1680594009493,1949,Get Home page currency,200,,Knock_out_Thread Group 1-638,text,true,,9160,321,196,196,https://pabsa.impressicocrm.com/api/currency,1949,0,0
1680594009381,2068,Get Players schedule,200,,Knock_out_Thread Group 1-619,text,true,,5441,338,196,196,https://pabsa.impressicocrm.com/api/tournament/119922/matches,2068,0,0
1680594009501,1948,Get tournament result,200,,Knock_out_Thread Group 1-545,text,true,,5435,338,196,196,https://pabsa.impressicocrm.com/api/tournament/119922/matches,1948,0,0
1680594005584,5865,Get tournamnent list ,200,,Knock_out_Thread Group 1-642,text,true,,58888,389,196,196,https://pabsa.impressicocrm.com/api/tournament?limit=12&pageNumber=1&sportType=&tournamentName=&tournamentStyle=,1922,0,0
1680594008831,2623,Get tournamnent list ,200,,Knock_out_Thread Group 1-682,text,true,,58888,389,197,197,https://pabsa.impressicocrm.com/api/tournament?limit=12&pageNumber=1&sportType=&tournamentName=&tournamentStyle=,1870,0,0
1680594009223,2237,Get Players schedule,200,,Knock_out_Thread Group 1-602,text,true,,5441,338,197,197,https://pabsa.impressicocrm.com/api/tournament/119922/matches,2237,0,0
1680594009693,1771,Get single knockout Player details,200,,Knock_out_Thread Group 1-584,text,true,,1210,326,197,197,https://pabsa.impressicocrm.com/api/player/110368,1771,0,0
1680594009679,1785,Get playerA_Vs_playerB,200,,Knock_out_Thread Group 1-519,text,true,,1239,341,197,197,https://pabsa.impressicocrm.com/api/tournament/matchScore/147598,1785,0,0
1680594010252,1226,Home page ,200,OK,Knock_out_Thread Group 1-713,text,true,,3033,309,196,196,https://pabsa.impressicocrm.com/,1225,0,1107
1680594009702,1804,Get playerA_Vs_playerB,200,,Knock_out_Thread Group 1-549,text,true,,1239,341,196,196,https://pabsa.impressicocrm.com/api/tournament/matchScore/147598,1804,0,0
1680594009703,1807,Get playerA_Vs_playerB,200,,Knock_out_Thread Group 1-540,text,true,,1239,341,195,195,https://pabsa.impressicocrm.com/api/tournament/matchScore/147598,1807,0,0
1680594006353,5157,Get tournamnent list ,200,,Knock_out_Thread Group 1-636,text,true,,58880,389,195,195,https://pabsa.impressicocrm.com/api/tournament?limit=12&pageNumber=1&sportType=&tournamentName=&tournamentStyle=,3583,0,0
1680594006395,5115,Get tournamnent list ,200,,Knock_out_Thread Group 1-653,text,true,,58888,389,195,195,https://pabsa.impressicocrm.com/api/tournament?limit=12&pageNumber=1&sportType=&tournamentName=&tournamentStyle=,2150,0,0
1680594009274,2245,Get Players list ,200,,Knock_out_Thread Group 1-539,text,true,,3218,338,194,194,https://pabsa.impressicocrm.com/api/tournament/119922/players,2245,0,0
1680594009501,2022,Get tournament result,200,,Knock_out_Thread Group 1-520,text,true,,5441,338,194,194,https://pabsa.impressicocrm.com/api/tournament/119922/matches,2022,0,0
1680594010158,1365,Home page ,200,OK,Knock_out_Thread Group 1-712,text,true,,3033,309,194,194,https://pabsa.impressicocrm.com/,1365,0,1284
1680594011153,387,Home page ,200,OK,Knock_out_Thread Group 1-722,text,true,,3033,309,194,194,https://pabsa.impressicocrm.com/,387,0,294
1680594009644,1901,Get tournament result,200,,Knock_out_Thread Group 1-536,text,true,,5435,338,194,194,https://pabsa.impressicocrm.com/api/tournament/119922/matches,1901,0,0
1680594011254,313,Home page ,200,OK,Knock_out_Thread Group 1-723,text,true,,3033,309,195,195,https://pabsa.impressicocrm.com/,313,0,237
1680594009712,1865,Get Break list ,200,,Knock_out_Thread Group 1-614,text,true,,3218,338,195,195,https://pabsa.impressicocrm.com/api/tournament/119922/players,1865,0,0
1680594009559,2018,Get Players schedule,200,,Knock_out_Thread Group 1-603,text,true,,5441,338,195,195,https://pabsa.impressicocrm.com/api/tournament/119922/matches,2018,0,0
1680594009821,1782,Get Home page currency,200,,Knock_out_Thread Group 1-656,text,true,,9160,321,195,195,https://pabsa.impressicocrm.com/api/currency,1782,0,0
1680594009877,1728,Get knockout players list ,200,,Knock_out_Thread Group 1-593,text,true,,4598,340,195,195,https://pabsa.impressicocrm.com/api/tournament/118871/knockouts,1728,0,0
1680594009882,1738,Get single knockout Player details,200,,Knock_out_Thread Group 1-555,text,true,,1210,326,195,195,https://pabsa.impressicocrm.com/api/player/110368,1738,0,0
1680594009743,1877,Get Players list ,200,,Knock_out_Thread Group 1-637,text,true,,3218,338,195,195,https://pabsa.impressicocrm.com/api/tournament/119922/players,1877,0,0
1680594009923,1705,Get single knockout Player details,200,,Knock_out_Thread Group 1-567,text,true,,1210,326,195,195,https://pabsa.impressicocrm.com/api/player/110368,1705,0,0
1680594009874,1757,Get playerA_Vs_playerB,200,,Knock_out_Thread Group 1-537,text,true,,1239,341,195,195,https://pabsa.impressicocrm.com/api/tournament/matchScore/147598,1757,0,0
1680594009661,1991,Get tournament result,200,,Knock_out_Thread Group 1-587,text,true,,5441,338,195,195,https://pabsa.impressicocrm.com/api/tournament/119922/matches,1991,0,0
1680594010752,901,Home page ,200,OK,Knock_out_Thread Group 1-718,text,true,,3033,309,195,195,https://pabsa.impressicocrm.com/,900,0,277
1680594009866,1787,Get playerA_Vs_playerB,200,,Knock_out_Thread Group 1-532,text,true,,1239,341,195,195,https://pabsa.impressicocrm.com/api/tournament/matchScore/147598,1787,0,0
1680594007198,4478,Get tournamnent list ,200,,Knock_out_Thread Group 1-659,text,true,,58880,389,194,194,https://pabsa.impressicocrm.com/api/tournament?limit=12&pageNumber=1&sportType=&tournamentName=&tournamentStyle=,2398,0,0
1680594009895,1798,Get Home page country ,200,,Knock_out_Thread Group 1-703,text,true,,17270,320,194,194,https://pabsa.impressicocrm.com/api/country,1791,0,0
1680594007976,3717,Get tournamnent list ,200,,Knock_out_Thread Group 1-662,text,true,,58880,389,194,194,https://pabsa.impressicocrm.com/api/tournament?limit=12&pageNumber=1&sportType=&tournamentName=&tournamentStyle=,1957,0,0
1680594009338,2358,Get Home page country ,200,,Knock_out_Thread Group 1-686,text,true,,17270,320,194,194,https://pabsa.impressicocrm.com/api/country,2343,0,0
1680594009965,1779,Get Home page currency,200,,Knock_out_Thread Group 1-661,text,true,,9160,321,194,194,https://pabsa.impressicocrm.com/api/currency,1779,0,0
1680594009931,1813,Get Break list ,200,,Knock_out_Thread Group 1-611,text,true,,3218,338,194,194,https://pabsa.impressicocrm.com/api/tournament/119922/players,1813,0,0
1680594010017,1750,Get playerA_Vs_playerB,200,,Knock_out_Thread Group 1-570,text,true,,1239,341,195,195,https://pabsa.impressicocrm.com/api/tournament/matchScore/147598,1750,0,0
1680594009741,2031,Get Home page country ,200,,Knock_out_Thread Group 1-697,text,true,,17270,320,194,194,https://pabsa.impressicocrm.com/api/country,1956,0,0
1680594010068,1717,Get knockout players list ,200,,Knock_out_Thread Group 1-560,text,true,,4598,340,194,194,https://pabsa.impressicocrm.com/api/tournament/118871/knockouts,1717,0,0
1680594010453,1344,Home page ,200,OK,Knock_out_Thread Group 1-715,text,true,,3033,309,194,194,https://pabsa.impressicocrm.com/,1344,0,1280
1680594009877,1948,Get tournament result,200,,Knock_out_Thread Group 1-547,text,true,,5441,338,194,194,https://pabsa.impressicocrm.com/api/tournament/119922/matches,1948,0,0
1680594010079,1751,Get Break list ,200,,Knock_out_Thread Group 1-634,text,true,,3218,338,194,194,https://pabsa.impressicocrm.com/api/tournament/119922/players,1751,0,0
1680594008346,3491,Get knockout players list ,200,,Knock_out_Thread Group 1-574,text,true,,4598,340,194,194,https://pabsa.impressicocrm.com/api/tournament/118871/knockouts,3491,0,0
1680594008278,3568,Get tournamnent list ,200,,Knock_out_Thread Group 1-671,text,true,,58888,389,194,194,https://pabsa.impressicocrm.com/api/tournament?limit=12&pageNumber=1&sportType=&tournamentName=&tournamentStyle=,1748,0,0
1680594010134,1720,Get playerA_Vs_playerB,200,,Knock_out_Thread Group 1-522,text,true,,1239,341,195,195,https://pabsa.impressicocrm.com/api/tournament/matchScore/147598,1720,0,0
1680594011461,408,Get knockout players list ,200,,Knock_out_Thread Group 1-602,text,true,,4598,340,194,194,https://pabsa.impressicocrm.com/api/tournament/118871/knockouts,408,0,0
1680594009239,2670,Get tournamnent list ,200,,Knock_out_Thread Group 1-668,text,true,,58865,389,194,194,https://pabsa.impressicocrm.com/api/tournament?limit=12&pageNumber=1&sportType=&tournamentName=&tournamentStyle=,1880,0,0
1680594010158,1757,Get Break list ,200,,Knock_out_Thread Group 1-583,text,true,,3218,338,194,194,https://pabsa.impressicocrm.com/api/tournament/119922/players,1757,0,0
1680594011453,472,Home page ,200,OK,Knock_out_Thread Group 1-725,text,true,,3033,309,194,194,https://pabsa.impressicocrm.com/,472,0,280
1680594010069,1857,Get Home page country ,200,,Knock_out_Thread Group 1-704,text,true,,17270,320,194,194,https://pabsa.impressicocrm.com/api/country,1856,0,0
1680594009759,2180,Get Break list ,200,,Knock_out_Thread Group 1-616,text,true,,3218,338,194,194,https://pabsa.impressicocrm.com/api/tournament/119922/players,2180,0,0
1680594010235,1706,Get playerA_Vs_playerB,200,,Knock_out_Thread Group 1-550,text,true,,1239,341,194,194,https://pabsa.impressicocrm.com/api/tournament/matchScore/147598,1706,0,0
1680594009541,2439,Get Players schedule,200,,Knock_out_Thread Group 1-615,text,true,,5441,338,194,194,https://pabsa.impressicocrm.com/api/tournament/119922/matches,2439,0,0
1680594009931,2049,Get Home page country ,200,,Knock_out_Thread Group 1-698,text,true,,17270,320,194,194,https://pabsa.impressicocrm.com/api/country,2049,0,0
1680594010045,1944,Get Home page country ,200,,Knock_out_Thread Group 1-708,text,true,,17270,320,194,194,https://pabsa.impressicocrm.com/api/country,1872,0,0
1680594009860,2135,Get Home page currency,200,,Knock_out_Thread Group 1-630,text,true,,9153,321,194,194,https://pabsa.impressicocrm.com/api/currency,2135,0,0
1680594010161,1834,Get Players list ,200,,Knock_out_Thread Group 1-631,text,true,,3218,338,194,194,https://pabsa.impressicocrm.com/api/tournament/119922/players,1834,0,0
1680594009931,2067,Get Players schedule,200,,Knock_out_Thread Group 1-568,text,true,,5441,338,194,194,https://pabsa.impressicocrm.com/api/tournament/119922/matches,2067,0,0
1680594010448,1557,Get knockout players list ,200,,Knock_out_Thread Group 1-610,text,true,,4598,340,194,194,https://pabsa.impressicocrm.com/api/tournament/118871/knockouts,1557,0,0
1680594010311,1724,Get playerA_Vs_playerB,200,,Knock_out_Thread Group 1-535,text,true,,1239,341,194,194,https://pabsa.impressicocrm.com/api/tournament/matchScore/147598,1724,0,0
1680594010538,1502,Get single knockout Player details,200,,Knock_out_Thread Group 1-586,text,true,,1210,326,193,193,https://pabsa.impressicocrm.com/api/player/110368,1502,0,0
1680594010011,2030,Get Home page country ,200,,Knock_out_Thread Group 1-706,text,true,,17270,320,193,193,https://pabsa.impressicocrm.com/api/country,2029,0,0
1680594010443,1606,Get playerA_Vs_playerB,200,,Knock_out_Thread Group 1-538,text,true,,1239,341,193,193,https://pabsa.impressicocrm.com/api/tournament/matchScore/147598,1606,0,0
1680594009653,2396,Get tournament result,200,,Knock_out_Thread Group 1-530,text,true,,5435,338,193,193,https://pabsa.impressicocrm.com/api/tournament/119922/matches,2396,0,0
1680594009948,2101,Get Home page country ,200,,Knock_out_Thread Group 1-702,text,true,,17270,320,193,193,https://pabsa.impressicocrm.com/api/country,2024,0,0
1680594010157,1892,Get Home page country ,200,,Knock_out_Thread Group 1-709,text,true,,17270,320,193,193,https://pabsa.impressicocrm.com/api/country,1892,0,0
1680594010443,1638,Get playerA_Vs_playerB,200,,Knock_out_Thread Group 1-543,text,true,,1239,341,193,193,https://pabsa.impressicocrm.com/api/tournament/matchScore/147598,1638,0,0
1680594010526,1596,Get Players list ,200,,Knock_out_Thread Group 1-623,text,true,,3218,338,192,192,https://pabsa.impressicocrm.com/api/tournament/119922/players,1596,0,0
1680594010140,1987,Get Players schedule,200,,Knock_out_Thread Group 1-575,text,true,,5441,338,192,192,https://pabsa.impressicocrm.com/api/tournament/119922/matches,1986,0,0
1680594011653,474,Home page ,200,OK,Knock_out_Thread Group 1-727,text,true,,3033,309,192,192,https://pabsa.impressicocrm.com/,474,0,403
1680594009939,2198,Get Players list ,200,,Knock_out_Thread Group 1-633,text,true,,3218,338,192,192,https://pabsa.impressicocrm.com/api/tournament/119922/players,2198,0,0
1680594010673,1476,Get single knockout Player details,200,,Knock_out_Thread Group 1-582,text,true,,1210,326,192,192,https://pabsa.impressicocrm.com/api/player/110368,1476,0,0
1680594010412,1747,Get knockout players list ,200,,Knock_out_Thread Group 1-578,text,true,,4598,340,193,193,https://pabsa.impressicocrm.com/api/tournament/118871/knockouts,1747,0,0
1680594011352,840,Home page ,200,OK,Knock_out_Thread Group 1-724,text,true,,3033,309,193,193,https://pabsa.impressicocrm.com/,840,0,392
1680594010616,1580,Get playerA_Vs_playerB,200,,Knock_out_Thread Group 1-552,text,true,,1239,341,193,193,https://pabsa.impressicocrm.com/api/tournament/matchScore/147598,1580,0,0
1680594008389,3807,Get tournamnent list ,200,,Knock_out_Thread Group 1-664,text,true,,58888,389,193,193,https://pabsa.impressicocrm.com/api/tournament?limit=12&pageNumber=1&sportType=&tournamentName=&tournamentStyle=,1922,0,0
1680594010443,1771,Get Home page country ,200,,Knock_out_Thread Group 1-707,text,true,,17270,320,192,192,https://pabsa.impressicocrm.com/api/country,1725,0,0
1680594011926,289,Get Home page country ,200,,Knock_out_Thread Group 1-725,text,true,,17270,320,192,192,https://pabsa.impressicocrm.com/api/country,289,0,0
1680594009906,2318,Get playerA_Vs_playerB,200,,Knock_out_Thread Group 1-554,text,true,,1239,341,192,192,https://pabsa.impressicocrm.com/api/tournament/matchScore/147598,2318,0,0
1680594010635,1589,Get Home page currency,200,,Knock_out_Thread Group 1-657,text,true,,9160,321,192,192,https://pabsa.impressicocrm.com/api/currency,1589,0,0
1680594010204,2020,Get playerA_Vs_playerB,200,,Knock_out_Thread Group 1-526,text,true,,1239,341,192,192,https://pabsa.impressicocrm.com/api/tournament/matchScore/147598,2020,0,0
1680594009566,2662,Get tournamnent list ,200,,Knock_out_Thread Group 1-683,text,true,,58880,389,190,190,https://pabsa.impressicocrm.com/api/tournament?limit=12&pageNumber=1&sportType=&tournamentName=&tournamentStyle=,2019,0,0
1680594010362,1869,Get Home page country ,200,,Knock_out_Thread Group 1-710,text,true,,17270,320,190,190,https://pabsa.impressicocrm.com/api/country,1869,0,0
1680594010532,1704,Get Break list ,200,,Knock_out_Thread Group 1-621,text,true,,3218,338,190,190,https://pabsa.impressicocrm.com/api/tournament/119922/players,1704,0,0
1680594010481,1763,Get tournament result,200,,Knock_out_Thread Group 1-563,text,true,,5441,338,190,190,https://pabsa.impressicocrm.com/api/tournament/119922/matches,1763,0,0
1680594007743,4505,Get Home page currency,200,,Knock_out_Thread Group 1-643,text,true,,9160,321,190,190,https://pabsa.impressicocrm.com/api/currency,4505,0,0
1680594010542,1708,Get knockout players list ,200,,Knock_out_Thread Group 1-581,text,true,,4591,340,190,190,https://pabsa.impressicocrm.com/api/tournament/118871/knockouts,1708,0,0
1680594009631,2623,Get tournament result,200,,Knock_out_Thread Group 1-569,text,true,,5441,338,191,191,https://pabsa.impressicocrm.com/api/tournament/119922/matches,2623,0,0
1680594011553,701,Home page ,200,OK,Knock_out_Thread Group 1-726,text,true,,3033,309,191,191,https://pabsa.impressicocrm.com/,701,0,349
1680594010413,1842,Get Home page country ,200,,Knock_out_Thread Group 1-711,text,true,,17270,320,191,191,https://pabsa.impressicocrm.com/api/country,1841,0,0
1680594010597,1666,Get Players list ,200,,Knock_out_Thread Group 1-650,text,true,,3218,338,191,191,https://pabsa.impressicocrm.com/api/tournament/119922/players,1666,0,0
1680594010014,2270,Get Break list ,200,,Knock_out_Thread Group 1-609,text,true,,3218,338,191,191,https://pabsa.impressicocrm.com/api/tournament/119922/players,2270,0,0
1680594010552,1745,Home page ,200,OK,Knock_out_Thread Group 1-716,text,true,,3033,309,191,191,https://pabsa.impressicocrm.com/,1745,0,1233
1680594010705,1594,Get playerA_Vs_playerB,200,,Knock_out_Thread Group 1-518,text,true,,1239,341,191,191,https://pabsa.impressicocrm.com/api/tournament/matchScore/147598,1594,0,0
1680594010811,1505,Get single knockout Player details,200,,Knock_out_Thread Group 1-599,text,true,,1210,326,190,190,https://pabsa.impressicocrm.com/api/player/110368,1505,0,0
1680594009958,2372,Get tournament result,200,,Knock_out_Thread Group 1-559,text,true,,5435,338,190,190,https://pabsa.impressicocrm.com/api/tournament/119922/matches,2372,0,0
1680594010120,2227,Get Home page currency,200,,Knock_out_Thread Group 1-649,text,true,,9160,321,190,190,https://pabsa.impressicocrm.com/api/currency,2227,0,0
1680594010196,2156,Get tournament result,200,,Knock_out_Thread Group 1-551,text,true,,5435,338,191,191,https://pabsa.impressicocrm.com/api/tournament/119922/matches,2156,0,0
1680594010710,1654,Get knockout players list ,200,,Knock_out_Thread Group 1-596,text,true,,4598,340,191,191,https://pabsa.impressicocrm.com/api/tournament/118871/knockouts,1654,0,0
1680594010550,1829,Get Home page country ,200,,Knock_out_Thread Group 1-691,text,true,,17270,320,191,191,https://pabsa.impressicocrm.com/api/country,1829,0,0
1680594010260,2120,Get Players list ,200,,Knock_out_Thread Group 1-635,text,true,,3218,338,191,191,https://pabsa.impressicocrm.com/api/tournament/119922/players,2120,0,0
1680594010597,1791,Get single knockout Player details,200,,Knock_out_Thread Group 1-594,text,true,,1210,326,191,191,https://pabsa.impressicocrm.com/api/player/110368,1791,0,0
1680594010680,1732,Get Players list ,200,,Knock_out_Thread Group 1-639,text,true,,3218,338,191,191,https://pabsa.impressicocrm.com/api/tournament/119922/players,1732,0,0
1680594009180,3235,Get tournamnent list ,200,,Knock_out_Thread Group 1-684,text,true,,58880,389,191,191,https://pabsa.impressicocrm.com/api/tournament?limit=12&pageNumber=1&sportType=&tournamentName=&tournamentStyle=,1935,0,0
1680594010673,1745,Get Players list ,200,,Knock_out_Thread Group 1-627,text,true,,3218,338,191,191,https://pabsa.impressicocrm.com/api/tournament/119922/players,1745,0,0
1680594010748,1673,Get knockout players list ,200,,Knock_out_Thread Group 1-576,text,true,,4598,340,191,191,https://pabsa.impressicocrm.com/api/tournament/118871/knockouts,1673,0,0
1680594010821,1612,Get Players list ,200,,Knock_out_Thread Group 1-645,text,true,,3218,338,191,191,https://pabsa.impressicocrm.com/api/tournament/119922/players,1612,0,0
1680594010839,1602,Get single knockout Player details,200,,Knock_out_Thread Group 1-562,text,true,,1210,326,191,191,https://pabsa.impressicocrm.com/api/player/110368,1602,0,0
1680594010720,1727,Get Home page country ,200,,Knock_out_Thread Group 1-714,text,true,,17270,320,191,191,https://pabsa.impressicocrm.com/api/country,1727,0,0
1680594010802,1676,Get knockout players list ,200,,Knock_out_Thread Group 1-618,text,true,,4598,340,192,192,https://pabsa.impressicocrm.com/api/tournament/118871/knockouts,1676,0,0
1680594010321,2183,Get tournament result,200,,Knock_out_Thread Group 1-553,text,true,,5441,338,192,192,https://pabsa.impressicocrm.com/api/tournament/119922/matches,2182,0,0
1680594010890,1614,Get knockout players list ,200,,Knock_out_Thread Group 1-591,text,true,,4598,340,192,192,https://pabsa.impressicocrm.com/api/tournament/118871/knockouts,1614,0,0
1680594011954,559,Home page ,200,OK,Knock_out_Thread Group 1-730,text,true,,3033,309,192,192,https://pabsa.impressicocrm.com/,559,0,371
1680594011053,1460,Home page ,200,OK,Knock_out_Thread Group 1-721,text,true,,3033,309,192,192,https://pabsa.impressicocrm.com/,1460,0,1382
1680594010725,1790,Get Home page country ,200,,Knock_out_Thread Group 1-699,text,true,,17270,320,192,192,https://pabsa.impressicocrm.com/api/country,1790,0,0
1680594010888,1648,Get Players list ,200,,Knock_out_Thread Group 1-667,text,true,,3218,338,192,192,https://pabsa.impressicocrm.com/api/tournament/119922/players,1648,0,0
1680594010903,1636,Get playerA_Vs_playerB,200,,Knock_out_Thread Group 1-571,text,true,,1239,341,192,192,https://pabsa.impressicocrm.com/api/tournament/matchScore/147598,1636,0,0
1680594010761,1778,Get Home page currency,200,,Knock_out_Thread Group 1-658,text,true,,9160,321,192,192,https://pabsa.impressicocrm.com/api/currency,1778,0,0
1680594011752,788,Home page ,200,OK,Knock_out_Thread Group 1-728,text,true,,3033,309,192,192,https://pabsa.impressicocrm.com/,787,0,648
1680594010883,1660,Get Break list ,200,,Knock_out_Thread Group 1-629,text,true,,3218,338,191,191,https://pabsa.impressicocrm.com/api/tournament/119922/players,1660,0,0
1680594011026,1535,Get single knockout Player details,200,,Knock_out_Thread Group 1-572,text,true,,1210,326,192,192,https://pabsa.impressicocrm.com/api/player/110368,1535,0,0
1680594010091,2470,Get Players list ,200,,Knock_out_Thread Group 1-625,text,true,,3218,338,192,192,https://pabsa.impressicocrm.com/api/tournament/119922/players,2470,0,0
1680594010177,2386,Get Home page country ,200,,Knock_out_Thread Group 1-693,text,true,,17270,320,192,192,https://pabsa.impressicocrm.com/api/country,2386,0,0
1680594010633,1932,Get Players schedule,200,,Knock_out_Thread Group 1-605,text,true,,5441,338,192,192,https://pabsa.impressicocrm.com/api/tournament/119922/matches,1932,0,0
1680594010951,1630,Get Players list ,200,,Knock_out_Thread Group 1-654,text,true,,3218,338,192,192,https://pabsa.impressicocrm.com/api/tournament/119922/players,1630,0,0
1680594011054,1534,Get single knockout Player details,200,,Knock_out_Thread Group 1-600,text,true,,1210,326,192,192,https://pabsa.impressicocrm.com/api/player/110368,1533,0,0
1680594011036,1551,Get Players list ,200,,Knock_out_Thread Group 1-641,text,true,,3218,338,192,192,https://pabsa.impressicocrm.com/api/tournament/119922/players,1551,0,0
1680594010787,1824,Get single knockout Player details,200,,Knock_out_Thread Group 1-580,text,true,,1210,326,192,192,https://pabsa.impressicocrm.com/api/player/110368,1824,0,0
1680594007615,4998,Get tournamnent list ,200,,Knock_out_Thread Group 1-660,text,true,,58880,389,192,192,https://pabsa.impressicocrm.com/api/tournament?limit=12&pageNumber=1&sportType=&tournamentName=&tournamentStyle=,2404,0,0
1680594012152,462,Home page ,200,OK,Knock_out_Thread Group 1-732,text,true,,3033,309,192,192,https://pabsa.impressicocrm.com/,461,0,352
1680594011119,1503,Get single knockout Player details,200,,Knock_out_Thread Group 1-566,text,true,,1210,326,192,192,https://pabsa.impressicocrm.com/api/player/110368,1503,0,0
1680594011131,1512,Get single knockout Player details,200,,Knock_out_Thread Group 1-573,text,true,,1210,326,192,192,https://pabsa.impressicocrm.com/api/player/110368,1512,0,0
1680594011115,1532,Get single knockout Player details,200,,Knock_out_Thread Group 1-564,text,true,,1210,326,192,192,https://pabsa.impressicocrm.com/api/player/110368,1532,0,0
1680594010796,1851,Get knockout players list ,200,,Knock_out_Thread Group 1-601,text,true,,4598,340,192,192,https://pabsa.impressicocrm.com/api/tournament/118871/knockouts,1851,0,0
1680594010564,2098,Get Players schedule,200,,Knock_out_Thread Group 1-604,text,true,,5441,338,193,193,https://pabsa.impressicocrm.com/api/tournament/119922/matches,2098,0,0
1680594009566,3099,Get tournamnent list ,200,,Knock_out_Thread Group 1-665,text,true,,58880,389,193,193,https://pabsa.impressicocrm.com/api/tournament?limit=12&pageNumber=1&sportType=&tournamentName=&tournamentStyle=,2173,0,0
1680594010815,1852,Get playerA_Vs_playerB,200,,Knock_out_Thread Group 1-556,text,true,,1239,341,193,193,https://pabsa.impressicocrm.com/api/tournament/matchScore/147598,1852,0,0
1680594012053,614,Home page ,200,OK,Knock_out_Thread Group 1-731,text,true,,3033,309,193,193,https://pabsa.impressicocrm.com/,614,0,535
1680594010761,1917,Get Players schedule,200,,Knock_out_Thread Group 1-607,text,true,,5441,338,192,192,https://pabsa.impressicocrm.com/api/tournament/119922/matches,1917,0,0
1680594011058,1622,Get knockout players list ,200,,Knock_out_Thread Group 1-585,text,true,,4598,340,192,192,https://pabsa.impressicocrm.com/api/tournament/118871/knockouts,1622,0,0
1680594011119,1571,Get playerA_Vs_playerB,200,,Knock_out_Thread Group 1-531,text,true,,1239,341,192,192,https://pabsa.impressicocrm.com/api/tournament/matchScore/147598,1571,0,0
1680594008934,3774,Get tournamnent list ,200,,Knock_out_Thread Group 1-655,text,true,,58880,389,191,191,https://pabsa.impressicocrm.com/api/tournament?limit=12&pageNumber=1&sportType=&tournamentName=&tournamentStyle=,1985,0,0
1680594010683,2031,Get Players list ,200,,Knock_out_Thread Group 1-620,text,true,,3218,338,191,191,https://pabsa.impressicocrm.com/api/tournament/119922/players,2031,0,0
1680594011234,1510,Get single knockout Player details,200,,Knock_out_Thread Group 1-597,text,true,,1210,326,191,191,https://pabsa.impressicocrm.com/api/player/110368,1510,0,0
1680594011144,1600,Get Break list ,200,,Knock_out_Thread Group 1-648,text,true,,3218,338,191,191,https://pabsa.impressicocrm.com/api/tournament/119922/players,1600,0,0
1680594011170,1577,Get playerA_Vs_playerB,200,,Knock_out_Thread Group 1-579,text,true,,1239,341,191,191,https://pabsa.impressicocrm.com/api/tournament/matchScore/147598,1577,0,0
1680594009269,3492,Get Players schedule,200,,Knock_out_Thread Group 1-589,text,true,,5441,338,191,191,https://pabsa.impressicocrm.com/api/tournament/119922/matches,3491,0,0
1680594011195,1569,Get playerA_Vs_playerB,200,,Knock_out_Thread Group 1-558,text,true,,1239,341,191,191,https://pabsa.impressicocrm.com/api/tournament/matchScore/147598,1569,0,0
1680594011211,1566,Get Players list ,200,,Knock_out_Thread Group 1-640,text,true,,3218,338,190,190,https://pabsa.impressicocrm.com/api/tournament/119922/players,1566,0,0
1680594010045,2751,Get tournamnent list ,200,,Knock_out_Thread Group 1-692,text,true,,58880,389,190,190,https://pabsa.impressicocrm.com/api/tournament?limit=12&pageNumber=1&sportType=&tournamentName=&tournamentStyle=,2032,0,0
1680594011335,1478,Get knockout players list ,200,,Knock_out_Thread Group 1-592,text,true,,4598,340,190,190,https://pabsa.impressicocrm.com/api/tournament/118871/knockouts,1478,0,0
1680594010831,2037,Get Home page country ,200,,Knock_out_Thread Group 1-705,text,true,,17270,320,191,191,https://pabsa.impressicocrm.com/api/country,2037,0,0
1680594010853,2019,Get Home page currency,200,,Knock_out_Thread Group 1-651,text,true,,9160,321,191,191,https://pabsa.impressicocrm.com/api/currency,2019,0,0
1680594011246,1626,Get Break list ,200,,Knock_out_Thread Group 1-632,text,true,,3218,338,191,191,https://pabsa.impressicocrm.com/api/tournament/119922/players,1626,0,0
1680594011335,1554,Get playerA_Vs_playerB,200,,Knock_out_Thread Group 1-577,text,true,,1239,341,191,191,https://pabsa.impressicocrm.com/api/tournament/matchScore/147598,1554,0,0
1680594010883,2010,Get Players schedule,200,,Knock_out_Thread Group 1-608,text,true,,5441,338,190,190,https://pabsa.impressicocrm.com/api/tournament/119922/matches,2010,0,0
1680594011450,1461,Get knockout players list ,200,,Knock_out_Thread Group 1-619,text,true,,4598,340,190,190,https://pabsa.impressicocrm.com/api/tournament/118871/knockouts,1461,0,0
1680594011300,1628,Get Players list ,200,,Knock_out_Thread Group 1-622,text,true,,3218,338,190,190,https://pabsa.impressicocrm.com/api/tournament/119922/players,1628,0,0
1680594011281,1664,Get Home page country ,200,,Knock_out_Thread Group 1-719,text,true,,17270,320,190,190,https://pabsa.impressicocrm.com/api/country,1664,0,0
1680594011345,1600,Get Players list ,200,,Knock_out_Thread Group 1-626,text,true,,3218,338,190,190,https://pabsa.impressicocrm.com/api/tournament/119922/players,1600,0,0
1680594011220,1731,Get Break list ,200,,Knock_out_Thread Group 1-624,text,true,,3218,338,190,190,https://pabsa.impressicocrm.com/api/tournament/119922/players,1731,0,0
1680594010906,2052,Get Home page currency,200,,Knock_out_Thread Group 1-652,text,true,,9160,321,191,191,https://pabsa.impressicocrm.com/api/currency,2052,0,0
1680594010725,2233,Get tournament result,200,,Knock_out_Thread Group 1-590,text,true,,5441,338,191,191,https://pabsa.impressicocrm.com/api/tournament/119922/matches,2233,0,0
1680594011450,1516,Get playerA_Vs_playerB,200,,Knock_out_Thread Group 1-545,text,true,,1239,341,191,191,https://pabsa.impressicocrm.com/api/tournament/matchScore/147598,1516,0,0
1680594011370,1607,Get knockout players list ,200,,Knock_out_Thread Group 1-606,text,true,,4598,340,190,190,https://pabsa.impressicocrm.com/api/tournament/118871/knockouts,1607,0,0
1680594011523,1472,Get playerA_Vs_playerB,200,,Knock_out_Thread Group 1-520,text,true,,1239,341,190,190,https://pabsa.impressicocrm.com/api/tournament/matchScore/147598,1472,0,0
1680594011545,1522,Get playerA_Vs_playerB,200,,Knock_out_Thread Group 1-536,text,true,,1239,341,190,190,https://pabsa.impressicocrm.com/api/tournament/matchScore/147598,1522,0,0
1680594011289,1778,Get single knockout Player details,200,,Knock_out_Thread Group 1-565,text,true,,1210,326,190,190,https://pabsa.impressicocrm.com/api/player/110368,1778,0,0
1680594011603,1464,Get Players list ,200,,Knock_out_Thread Group 1-656,text,true,,3218,338,190,190,https://pabsa.impressicocrm.com/api/tournament/119922/players,1464,0,0
1680594010928,2151,Get tournament result,200,,Knock_out_Thread Group 1-557,text,true,,5441,338,189,189,https://pabsa.impressicocrm.com/api/tournament/119922/matches,2151,0,0
1680594011423,1661,Get Home page currency,200,,Knock_out_Thread Group 1-663,text,true,,9160,321,189,189,https://pabsa.impressicocrm.com/api/currency,1661,0,0
1680594011160,1927,Get Home page currency,200,,Knock_out_Thread Group 1-666,text,true,,9160,321,189,189,https://pabsa.impressicocrm.com/api/currency,1927,0,0
1680594012454,633,Home page ,200,OK,Knock_out_Thread Group 1-735,text,true,,3033,309,189,189,https://pabsa.impressicocrm.com/,633,0,544
1680594008405,4688,Get Players list ,200,,Knock_out_Thread Group 1-647,text,true,,3218,338,189,189,https://pabsa.impressicocrm.com/api/tournament/119922/players,4688,0,0
1680594011047,2051,Get Home page currency,200,,Knock_out_Thread Group 1-672,text,true,,9160,321,189,189,https://pabsa.impressicocrm.com/api/currency,2051,0,0
1680594010526,2572,Get Home page country ,200,,Knock_out_Thread Group 1-676,text,true,,17270,320,189,189,https://pabsa.impressicocrm.com/api/country,2572,0,0
1680594011454,1647,Get Home page currency,200,,Knock_out_Thread Group 1-682,text,true,,9160,321,189,189,https://pabsa.impressicocrm.com/api/currency,1647,0,0
1680594012652,452,Home page ,200,OK,Knock_out_Thread Group 1-737,text,true,,3033,309,189,189,https://pabsa.impressicocrm.com/,452,0,306
1680594011540,1572,Get Home page country ,200,,Knock_out_Thread Group 1-722,text,true,,17270,320,189,189,https://pabsa.impressicocrm.com/api/country,1572,0,0
1680594011653,1476,Get playerA_Vs_playerB,200,,Knock_out_Thread Group 1-587,text,true,,1239,341,189,189,https://pabsa.impressicocrm.com/api/tournament/matchScore/147598,1476,0,0
1680594011785,1377,Get single knockout Player details,200,,Knock_out_Thread Group 1-560,text,true,,1210,326,189,189,https://pabsa.impressicocrm.com/api/player/110368,1377,0,0
1680594011370,1792,Get Home page country ,200,,Knock_out_Thread Group 1-720,text,true,,17270,320,189,189,https://pabsa.impressicocrm.com/api/country,1792,0,0
1680594009597,3572,Get tournamnent list ,200,,Knock_out_Thread Group 1-674,text,true,,58865,389,189,189,https://pabsa.impressicocrm.com/api/tournament?limit=12&pageNumber=1&sportType=&tournamentName=&tournamentStyle=,2297,0,0
1680594011520,1658,Get Break list ,200,,Knock_out_Thread Group 1-539,text,true,,3218,338,189,189,https://pabsa.impressicocrm.com/api/tournament/119922/players,1658,0,0
1680594011837,1341,Get single knockout Player details,200,,Knock_out_Thread Group 1-574,text,true,,1210,326,189,189,https://pabsa.impressicocrm.com/api/player/110368,1341,0,0
1680594009986,3195,Get Home page country ,200,,Knock_out_Thread Group 1-700,text,true,,17255,320,189,189,https://pabsa.impressicocrm.com/api/country,2745,0,0
1680594011511,1678,Get Home page currency,200,,Knock_out_Thread Group 1-636,text,true,,9160,321,189,189,https://pabsa.impressicocrm.com/api/currency,1678,0,0
1680594011524,1666,Get Home page country ,200,,Knock_out_Thread Group 1-712,text,true,,17270,320,189,189,https://pabsa.impressicocrm.com/api/country,1666,0,0
1680594011224,1988,Get Break list ,200,,Knock_out_Thread Group 1-644,text,true,,3218,338,189,189,https://pabsa.impressicocrm.com/api/tournament/119922/players,1988,0,0
1680594011442,1770,Get Players list ,200,,Knock_out_Thread Group 1-638,text,true,,3218,338,189,189,https://pabsa.impressicocrm.com/api/tournament/119922/players,1770,0,0
1680594011273,1945,Get Home page currency,200,,Knock_out_Thread Group 1-675,text,true,,9160,321,189,189,https://pabsa.impressicocrm.com/api/currency,1945,0,0
1680594011568,1700,Get Home page country ,200,,Knock_out_Thread Group 1-723,text,true,,17255,320,190,190,https://pabsa.impressicocrm.com/api/country,1700,0,0
1680594011089,2183,Get Players schedule,200,,Knock_out_Thread Group 1-613,text,true,,5441,338,190,190,https://pabsa.impressicocrm.com/api/tournament/119922/matches,2183,0,0
1680594011869,1403,Get single knockout Player details,200,,Knock_out_Thread Group 1-602,text,true,,1210,326,190,190,https://pabsa.impressicocrm.com/api/player/110368,1403,0,0
1680594011394,1878,Get tournament result,200,,Knock_out_Thread Group 1-561,text,true,,5441,338,190,190,https://pabsa.impressicocrm.com/api/tournament/119922/matches,1878,0,0
1680594011825,1456,Get playerA_Vs_playerB,200,,Knock_out_Thread Group 1-547,text,true,,1239,341,190,190,https://pabsa.impressicocrm.com/api/tournament/matchScore/147598,1455,0,0
1680594011606,1675,Get single knockout Player details,200,,Knock_out_Thread Group 1-593,text,true,,1210,326,190,190,https://pabsa.impressicocrm.com/api/player/110368,1675,0,0
1680594011693,1588,Get Home page currency,200,,Knock_out_Thread Group 1-662,text,true,,9160,321,190,190,https://pabsa.impressicocrm.com/api/currency,1588,0,0
1680594010725,2559,Get Players schedule,200,,Knock_out_Thread Group 1-598,text,true,,5441,338,189,189,https://pabsa.impressicocrm.com/api/tournament/119922/matches,2559,0,0
1680594011629,1670,Get tournament result,200,,Knock_out_Thread Group 1-567,text,true,,5435,338,189,189,https://pabsa.impressicocrm.com/api/tournament/119922/matches,1670,0,0
1680594009728,3585,Get playerA_Vs_playerB,200,,Knock_out_Thread Group 1-517,text,true,,1239,341,189,189,https://pabsa.impressicocrm.com/api/tournament/matchScore/147598,3585,0,0
1680594011478,1839,Get Home page country ,200,,Knock_out_Thread Group 1-713,text,true,,17270,320,188,188,https://pabsa.impressicocrm.com/api/country,1740,0,0
1680594009265,4076,Get tournamnent list ,200,,Knock_out_Thread Group 1-681,text,true,,58865,389,188,188,https://pabsa.impressicocrm.com/api/tournament?limit=12&pageNumber=1&sportType=&tournamentName=&tournamentStyle=,1963,0,0
1680594011577,1792,Get knockout players list ,200,,Knock_out_Thread Group 1-603,text,true,,4598,340,189,189,https://pabsa.impressicocrm.com/api/tournament/118871/knockouts,1792,0,0
1680594009396,3991,Get tournament result,200,,Knock_out_Thread Group 1-546,text,true,,5441,338,189,189,https://pabsa.impressicocrm.com/api/tournament/119922/matches,3991,0,0
1680594011051,2345,Get Players schedule,200,,Knock_out_Thread Group 1-612,text,true,,5441,338,189,189,https://pabsa.impressicocrm.com/api/tournament/119922/matches,2345,0,0
1680594011620,1776,Get tournament result,200,,Knock_out_Thread Group 1-555,text,true,,5435,338,189,189,https://pabsa.impressicocrm.com/api/tournament/119922/matches,1776,0,0
1680594011335,2061,Get knockout players list ,200,,Knock_out_Thread Group 1-617,text,true,,4591,340,189,189,https://pabsa.impressicocrm.com/api/tournament/118871/knockouts,2061,0,0
1680594011909,1487,Get Home page currency,200,,Knock_out_Thread Group 1-668,text,true,,9153,321,189,189,https://pabsa.impressicocrm.com/api/currency,1487,0,0
1680594012252,1144,Home page ,200,OK,Knock_out_Thread Group 1-733,text,true,,3033,309,189,189,https://pabsa.impressicocrm.com/,1144,0,607
1680594012005,1398,Get single knockout Player details,200,,Knock_out_Thread Group 1-610,text,true,,1210,326,189,189,https://pabsa.impressicocrm.com/api/player/110368,1398,0,0
1680594011797,1612,Get Home page country ,200,,Knock_out_Thread Group 1-715,text,true,,17255,320,189,189,https://pabsa.impressicocrm.com/api/country,1612,0,0
1680594013054,360,Home page ,200,OK,Knock_out_Thread Group 1-741,text,true,,3033,309,189,189,https://pabsa.impressicocrm.com/,360,0,295
1680594012953,472,Home page ,200,OK,Knock_out_Thread Group 1-740,text,true,,3033,309,189,189,https://pabsa.impressicocrm.com/,472,0,402
1680594011744,1705,Get Players list ,200,,Knock_out_Thread Group 1-661,text,true,,3218,338,189,189,https://pabsa.impressicocrm.com/api/tournament/119922/players,1705,0,0
1680594011450,2044,Get Home page currency,200,,Knock_out_Thread Group 1-642,text,true,,9160,321,190,190,https://pabsa.impressicocrm.com/api/currency,2044,0,0
1680594010628,2866,Get tournamnent list ,200,,Knock_out_Thread Group 1-677,text,true,,58865,389,190,190,https://pabsa.impressicocrm.com/api/tournament?limit=12&pageNumber=1&sportType=&tournamentName=&tournamentStyle=,2149,0,0
1680594012352,1150,Home page ,200,OK,Knock_out_Thread Group 1-734,text,true,,3033,309,190,190,https://pabsa.impressicocrm.com/,1150,0,547
1680594011998,1514,Get knockout players list ,200,,Knock_out_Thread Group 1-568,text,true,,4598,340,190,190,https://pabsa.impressicocrm.com/api/tournament/118871/knockouts,1514,0,0
1680594011359,2163,Get Home page currency,200,,Knock_out_Thread Group 1-680,text,true,,9160,321,190,190,https://pabsa.impressicocrm.com/api/currency,2163,0,0
1680594013213,311,Get Break list ,200,,Knock_out_Thread Group 1-638,text,true,,3218,338,190,190,https://pabsa.impressicocrm.com/api/tournament/119922/players,311,0,0
1680594010573,2959,Get tournamnent list ,200,,Knock_out_Thread Group 1-695,text,true,,58865,389,190,190,https://pabsa.impressicocrm.com/api/tournament?limit=12&pageNumber=1&sportType=&tournamentName=&tournamentStyle=,1970,0,0
1680594011343,2189,Get knockout players list ,200,,Knock_out_Thread Group 1-588,text,true,,4598,340,190,190,https://pabsa.impressicocrm.com/api/tournament/118871/knockouts,2189,0,0
1680594011940,1596,Get Players schedule,200,,Knock_out_Thread Group 1-616,text,true,,5441,338,190,190,https://pabsa.impressicocrm.com/api/tournament/119922/matches,1596,0,0
1680594011620,1921,Get Break list ,200,,Knock_out_Thread Group 1-637,text,true,,3218,338,190,190,https://pabsa.impressicocrm.com/api/tournament/119922/players,1921,0,0
1680594013253,297,Home page ,200,OK,Knock_out_Thread Group 1-743,text,true,,3033,309,190,190,https://pabsa.impressicocrm.com/,297,0,228
1680594012127,1433,Get knockout players list ,200,,Knock_out_Thread Group 1-575,text,true,,4598,340,191,191,https://pabsa.impressicocrm.com/api/tournament/118871/knockouts,1433,0,0
1680594012160,1407,Get single knockout Player details,200,,Knock_out_Thread Group 1-578,text,true,,1210,326,191,191,https://pabsa.impressicocrm.com/api/player/110368,1407,0,0
1680594011234,2340,Get Players schedule,200,,Knock_out_Thread Group 1-524,text,true,,5435,338,191,191,https://pabsa.impressicocrm.com/api/tournament/119922/matches,2340,0,0
1680594011115,2459,Get tournamnent list ,200,,Knock_out_Thread Group 1-717,text,true,,58888,389,191,191,https://pabsa.impressicocrm.com/api/tournament?limit=12&pageNumber=1&sportType=&tournamentName=&tournamentStyle=,1836,0,0
1680594010752,2822,Get tournamnent list ,200,,Knock_out_Thread Group 1-694,text,true,,58888,389,191,191,https://pabsa.impressicocrm.com/api/tournament?limit=12&pageNumber=1&sportType=&tournamentName=&tournamentStyle=,1946,0,0
1680594011995,1588,Get Players list ,200,,Knock_out_Thread Group 1-630,text,true,,3218,338,191,191,https://pabsa.impressicocrm.com/api/tournament/119922/players,1588,0,0
1680594012049,1542,Get playerA_Vs_playerB,200,,Knock_out_Thread Group 1-530,text,true,,1239,341,191,191,https://pabsa.impressicocrm.com/api/tournament/matchScore/147598,1541,0,0
1680594009607,4002,Get tournamnent list ,200,,Knock_out_Thread Group 1-688,text,true,,58888,389,190,190,https://pabsa.impressicocrm.com/api/tournament?limit=12&pageNumber=1&sportType=&tournamentName=&tournamentStyle=,1983,0,0
1680594011995,1628,Get Break list ,200,,Knock_out_Thread Group 1-631,text,true,,3218,338,190,190,https://pabsa.impressicocrm.com/api/tournament/119922/players,1628,0,0
1680594009754,3879,Get tournamnent list ,200,,Knock_out_Thread Group 1-685,text,true,,58880,389,190,190,https://pabsa.impressicocrm.com/api/tournament?limit=12&pageNumber=1&sportType=&tournamentName=&tournamentStyle=,2172,0,0
1680594012122,1523,Get Break list ,200,,Knock_out_Thread Group 1-623,text,true,,3218,338,190,190,https://pabsa.impressicocrm.com/api/tournament/119922/players,1523,0,0
1680594011693,1958,Get tournamnent list ,200,,Knock_out_Thread Group 1-703,text,true,,58880,389,190,190,https://pabsa.impressicocrm.com/api/tournament?limit=12&pageNumber=1&sportType=&tournamentName=&tournamentStyle=,1662,0,0
1680594012041,1612,Get tournament result,200,,Knock_out_Thread Group 1-586,text,true,,5441,338,191,191,https://pabsa.impressicocrm.com/api/tournament/119922/matches,1612,0,0
1680594011653,2021,Get Home page country ,200,,Knock_out_Thread Group 1-718,text,true,,17270,320,191,191,https://pabsa.impressicocrm.com/api/country,2019,0,0
1680594012229,1458,Get Home page currency,200,,Knock_out_Thread Group 1-683,text,true,,9160,321,191,191,https://pabsa.impressicocrm.com/api/currency,1457,0,0
1680594012251,1447,Get single knockout Player details,200,,Knock_out_Thread Group 1-581,text,true,,1210,326,191,191,https://pabsa.impressicocrm.com/api/player/110368,1447,0,0
1680594012127,1585,Get Home page country ,200,,Knock_out_Thread Group 1-727,text,true,,17270,320,191,191,https://pabsa.impressicocrm.com/api/country,1584,0,0
1680594012137,1584,Get Break list ,200,,Knock_out_Thread Group 1-633,text,true,,3218,338,191,191,https://pabsa.impressicocrm.com/api/tournament/119922/players,1584,0,0
1680594012514,1211,Get Home page country ,200,,Knock_out_Thread Group 1-721,text,true,,17270,320,191,191,https://pabsa.impressicocrm.com/api/country,1211,0,0
1680594011744,2015,Get Players schedule,200,,Knock_out_Thread Group 1-611,text,true,,5435,338,192,192,https://pabsa.impressicocrm.com/api/tournament/119922/matches,2015,0,0
1680594009975,3790,Get tournamnent list ,200,,Knock_out_Thread Group 1-690,text,true,,58888,389,192,192,https://pabsa.impressicocrm.com/api/tournament?limit=12&pageNumber=1&sportType=&tournamentName=&tournamentStyle=,2372,0,0
1680594011677,2095,Get Home page currency,200,,Knock_out_Thread Group 1-659,text,true,,9160,321,192,192,https://pabsa.impressicocrm.com/api/currency,2095,0,0
1680594011915,1857,Get Players schedule,200,,Knock_out_Thread Group 1-583,text,true,,5441,338,192,192,https://pabsa.impressicocrm.com/api/tournament/119922/matches,1857,0,0
1680594011511,2261,Get Home page currency,200,,Knock_out_Thread Group 1-653,text,true,,9160,321,192,192,https://pabsa.impressicocrm.com/api/currency,2261,0,0
1680594013353,419,Home page ,200,OK,Knock_out_Thread Group 1-744,text,true,,3033,309,192,192,https://pabsa.impressicocrm.com/,419,0,238
1680594012245,1531,Get playerA_Vs_playerB,200,,Knock_out_Thread Group 1-563,text,true,,1239,341,192,192,https://pabsa.impressicocrm.com/api/tournament/matchScore/147598,1531,0,0
1680594013152,628,Home page ,200,OK,Knock_out_Thread Group 1-742,text,true,,3033,309,191,191,https://pabsa.impressicocrm.com/,628,0,554
1680594012224,1562,Get Players list ,200,,Knock_out_Thread Group 1-657,text,true,,3218,338,191,191,https://pabsa.impressicocrm.com/api/tournament/119922/players,1562,0,0
1680594011830,1959,Get Players schedule,200,,Knock_out_Thread Group 1-634,text,true,,5441,338,191,191,https://pabsa.impressicocrm.com/api/tournament/119922/matches,1959,0,0
1680594011464,2339,Get tournament result,200,,Knock_out_Thread Group 1-584,text,true,,5441,338,191,191,https://pabsa.impressicocrm.com/api/tournament/119922/matches,2339,0,0
1680594011577,2243,Get Players schedule,200,,Knock_out_Thread Group 1-614,text,true,,5441,338,191,191,https://pabsa.impressicocrm.com/api/tournament/119922/matches,2243,0,0
1680594012365,1469,Get single knockout Player details,200,,Knock_out_Thread Group 1-596,text,true,,1210,326,191,191,https://pabsa.impressicocrm.com/api/player/110368,1469,0,0
1680594013554,307,Home page ,200,OK,Knock_out_Thread Group 1-746,text,true,,3033,309,192,192,https://pabsa.impressicocrm.com/,307,0,233
1680594011853,2008,Home page ,200,OK,Knock_out_Thread Group 1-729,text,true,,3033,309,192,192,https://pabsa.impressicocrm.com/,2008,0,1845
1680594012254,1633,Get playerA_Vs_playerB,200,,Knock_out_Thread Group 1-569,text,true,,1239,341,192,192,https://pabsa.impressicocrm.com/api/tournament/matchScore/147598,1633,0,0
1680594012149,1738,Get tournament result,200,,Knock_out_Thread Group 1-582,text,true,,5441,338,192,192,https://pabsa.impressicocrm.com/api/tournament/119922/matches,1738,0,0
1680594012249,1638,Get Players list ,200,,Knock_out_Thread Group 1-643,text,true,,3218,338,192,192,https://pabsa.impressicocrm.com/api/tournament/119922/players,1638,0,0
1680594012263,1628,Get Break list ,200,,Knock_out_Thread Group 1-650,text,true,,3218,338,191,191,https://pabsa.impressicocrm.com/api/tournament/119922/players,1628,0,0
1680594012352,1556,Get playerA_Vs_playerB,200,,Knock_out_Thread Group 1-551,text,true,,1239,341,191,191,https://pabsa.impressicocrm.com/api/tournament/matchScore/147598,1556,0,0
1680594012193,1728,Get Home page country ,200,,Knock_out_Thread Group 1-724,text,true,,17270,320,190,190,https://pabsa.impressicocrm.com/api/country,1663,0,0
1680594012331,1608,Get playerA_Vs_playerB,200,,Knock_out_Thread Group 1-559,text,true,,1239,341,190,190,https://pabsa.impressicocrm.com/api/tournament/matchScore/147598,1608,0,0
1680594012421,1519,Get single knockout Player details,200,,Knock_out_Thread Group 1-576,text,true,,1210,326,190,190,https://pabsa.impressicocrm.com/api/player/110368,1519,0,0
1680594011697,2261,Get tournamnent list ,200,,Knock_out_Thread Group 1-686,text,true,,58888,389,190,190,https://pabsa.impressicocrm.com/api/tournament?limit=12&pageNumber=1&sportType=&tournamentName=&tournamentStyle=,1764,0,0
1680594013453,517,Home page ,200,OK,Knock_out_Thread Group 1-745,text,true,,3033,309,190,190,https://pabsa.impressicocrm.com/,516,0,434
1680594012196,1777,Get Home page currency,200,,Knock_out_Thread Group 1-664,text,true,,9160,321,190,190,https://pabsa.impressicocrm.com/api/currency,1777,0,0
1680594012380,1607,Get Break list ,200,,Knock_out_Thread Group 1-635,text,true,,3218,338,190,190,https://pabsa.impressicocrm.com/api/tournament/119922/players,1607,0,0
1680594012479,1512,Get single knockout Player details,200,,Knock_out_Thread Group 1-618,text,true,,1210,326,190,190,https://pabsa.impressicocrm.com/api/player/110368,1512,0,0
1680594012347,1644,Get Players list ,200,,Knock_out_Thread Group 1-649,text,true,,3218,338,190,190,https://pabsa.impressicocrm.com/api/tournament/119922/players,1644,0,0
1680594012433,1567,Get Break list ,200,,Knock_out_Thread Group 1-645,text,true,,3218,338,190,190,https://pabsa.impressicocrm.com/api/tournament/119922/players,1567,0,0
1680594012504,1504,Get single knockout Player details,200,,Knock_out_Thread Group 1-591,text,true,,1210,326,190,190,https://pabsa.impressicocrm.com/api/player/110368,1504,0,0
1680594012254,1770,Get Home page country ,200,,Knock_out_Thread Group 1-726,text,true,,17270,320,190,190,https://pabsa.impressicocrm.com/api/country,1770,0,0
1680594011115,2918,Get single knockout Player details,200,,Knock_out_Thread Group 1-595,text,true,,1210,326,190,190,https://pabsa.impressicocrm.com/api/player/110368,2918,0,0
1680594011293,2740,Get tournamnent list ,200,,Knock_out_Thread Group 1-689,text,true,,58880,389,190,190,https://pabsa.impressicocrm.com/api/tournament?limit=12&pageNumber=1&sportType=&tournamentName=&tournamentStyle=,2098,0,0
1680594009928,4105,Get tournamnent list ,200,,Knock_out_Thread Group 1-679,text,true,,58880,389,190,190,https://pabsa.impressicocrm.com/api/tournament?limit=12&pageNumber=1&sportType=&tournamentName=&tournamentStyle=,2338,0,0
1680594010481,3554,Get tournamnent list ,200,,Knock_out_Thread Group 1-678,text,true,,58880,389,190,190,https://pabsa.impressicocrm.com/api/tournament?limit=12&pageNumber=1&sportType=&tournamentName=&tournamentStyle=,2182,0,0
1680594012553,1483,Home page ,200,OK,Knock_out_Thread Group 1-736,text,true,,3033,309,190,190,https://pabsa.impressicocrm.com/,1482,0,1334
1680594012416,1626,Get Home page currency,200,,Knock_out_Thread Group 1-684,text,true,,9153,321,190,190,https://pabsa.impressicocrm.com/api/currency,1626,0,0
1680594012504,1541,Get playerA_Vs_playerB,200,,Knock_out_Thread Group 1-553,text,true,,1239,341,190,190,https://pabsa.impressicocrm.com/api/tournament/matchScore/147598,1541,0,0
1680594012316,1746,Get tournament result,200,,Knock_out_Thread Group 1-599,text,true,,5441,338,190,190,https://pabsa.impressicocrm.com/api/tournament/119922/matches,1745,0,0
1680594012419,1645,Get Break list ,200,,Knock_out_Thread Group 1-627,text,true,,3218,338,190,190,https://pabsa.impressicocrm.com/api/tournament/119922/players,1645,0,0
1680594010068,4013,Get Home page currency,200,,Knock_out_Thread Group 1-628,text,true,,9160,321,190,190,https://pabsa.impressicocrm.com/api/currency,4013,0,0
1680594012413,1676,Get Break list ,200,,Knock_out_Thread Group 1-639,text,true,,3218,338,190,190,https://pabsa.impressicocrm.com/api/tournament/119922/players,1676,0,0
1680594012536,1574,Get Break list ,200,,Knock_out_Thread Group 1-667,text,true,,3218,338,190,190,https://pabsa.impressicocrm.com/api/tournament/119922/players,1574,0,0
1680594013970,168,Get Home page country ,200,,Knock_out_Thread Group 1-745,text,true,,17270,320,190,190,https://pabsa.impressicocrm.com/api/country,168,0,0
1680594012514,1639,Get Home page country ,200,,Knock_out_Thread Group 1-730,text,true,,17270,320,191,191,https://pabsa.impressicocrm.com/api/country,1636,0,0
1680594012751,1413,Home page ,200,OK,Knock_out_Thread Group 1-738,text,true,,3033,309,191,191,https://pabsa.impressicocrm.com/,1412,0,1284
1680594012852,1315,Home page ,200,OK,Knock_out_Thread Group 1-739,text,true,,3033,309,191,191,https://pabsa.impressicocrm.com/,1315,0,1257
1680594013752,417,Home page ,200,OK,Knock_out_Thread Group 1-748,text,true,,3033,309,191,191,https://pabsa.impressicocrm.com/,417,0,341
1680594012540,1669,Get Home page country ,200,,Knock_out_Thread Group 1-728,text,true,,17270,320,191,191,https://pabsa.impressicocrm.com/api/country,1669,0,0
1680594013852,363,Home page ,200,OK,Knock_out_Thread Group 1-749,text,true,,3033,309,191,191,https://pabsa.impressicocrm.com/,363,0,277
1680594013973,245,Get Players list ,200,,Knock_out_Thread Group 1-664,text,true,,3218,338,191,191,https://pabsa.impressicocrm.com/api/tournament/119922/players,245,0,0
1680594012582,1669,Get Break list ,200,,Knock_out_Thread Group 1-654,text,true,,3218,338,191,191,https://pabsa.impressicocrm.com/api/tournament/119922/players,1669,0,0
1680594012285,1970,Get Players schedule,200,,Knock_out_Thread Group 1-609,text,true,,5441,338,192,192,https://pabsa.impressicocrm.com/api/tournament/119922/matches,1970,0,0
1680594012561,1700,Get Break list ,200,,Knock_out_Thread Group 1-625,text,true,,3218,338,192,192,https://pabsa.impressicocrm.com/api/tournament/119922/players,1700,0,0
1680594012389,1872,Get tournament result,200,,Knock_out_Thread Group 1-594,text,true,,5441,338,192,192,https://pabsa.impressicocrm.com/api/tournament/119922/matches,1872,0,0
1680594012050,2211,Get tournamnent list ,200,,Knock_out_Thread Group 1-709,text,true,,58888,389,192,192,https://pabsa.impressicocrm.com/api/tournament?limit=12&pageNumber=1&sportType=&tournamentName=&tournamentStyle=,1958,0,0
1680594010803,3462,Get tournamnent list ,200,,Knock_out_Thread Group 1-669,text,true,,58888,389,192,192,https://pabsa.impressicocrm.com/api/tournament?limit=12&pageNumber=1&sportType=&tournamentName=&tournamentStyle=,2593,0,0
1680594012647,1624,Get single knockout Player details,200,,Knock_out_Thread Group 1-601,text,true,,1210,326,192,192,https://pabsa.impressicocrm.com/api/player/110368,1624,0,0
1680594013952,336,Home page ,200,OK,Knock_out_Thread Group 1-750,text,true,,3033,309,192,192,https://pabsa.impressicocrm.com/,336,0,255
1680594012614,1675,Get Home page currency,200,,Knock_out_Thread Group 1-660,text,true,,9160,321,192,192,https://pabsa.impressicocrm.com/api/currency,1675,0,0
1680594012681,1626,Get single knockout Player details,200,,Knock_out_Thread Group 1-585,text,true,,1210,326,192,192,https://pabsa.impressicocrm.com/api/player/110368,1626,0,0
1680594012543,1778,Get Players schedule,200,,Knock_out_Thread Group 1-629,text,true,,5435,338,192,192,https://pabsa.impressicocrm.com/api/tournament/119922/matches,1778,0,0
1680594012588,1733,Get Break list ,200,,Knock_out_Thread Group 1-641,text,true,,3218,338,192,192,https://pabsa.impressicocrm.com/api/tournament/119922/players,1733,0,0
1680594012761,1564,Get knockout players list ,200,,Knock_out_Thread Group 1-589,text,true,,4591,340,192,192,https://pabsa.impressicocrm.com/api/tournament/118871/knockouts,1564,0,0
1680594011349,2979,Get tournamnent list ,200,,Knock_out_Thread Group 1-701,text,true,,58888,389,192,192,https://pabsa.impressicocrm.com/api/tournament?limit=12&pageNumber=1&sportType=&tournamentName=&tournamentStyle=,1954,0,0
1680594013654,674,Home page ,200,OK,Knock_out_Thread Group 1-747,text,true,,3033,309,192,192,https://pabsa.impressicocrm.com/,674,0,553
1680594012237,2093,Get Players schedule,200,,Knock_out_Thread Group 1-621,text,true,,5441,338,192,192,https://pabsa.impressicocrm.com/api/tournament/119922/matches,2093,0,0
1680594012297,2037,Get Home page country ,200,,Knock_out_Thread Group 1-716,text,true,,17270,320,192,192,https://pabsa.impressicocrm.com/api/country,2037,0,0
1680594012588,1749,Get tournament result,200,,Knock_out_Thread Group 1-600,text,true,,5441,338,192,192,https://pabsa.impressicocrm.com/api/tournament/119922/matches,1749,0,0
1680594011989,2350,Get tournamnent list ,200,,Knock_out_Thread Group 1-708,text,true,,58880,389,192,192,https://pabsa.impressicocrm.com/api/tournament?limit=12&pageNumber=1&sportType=&tournamentName=&tournamentStyle=,1699,0,0
1680594010477,3868,Get tournamnent list ,200,,Knock_out_Thread Group 1-687,text,true,,58880,389,192,192,https://pabsa.impressicocrm.com/api/tournament?limit=12&pageNumber=1&sportType=&tournamentName=&tournamentStyle=,3068,0,0
1680594012814,1534,Get single knockout Player details,200,,Knock_out_Thread Group 1-592,text,true,,1210,326,192,192,https://pabsa.impressicocrm.com/api/player/110368,1534,0,0
1680594012441,1907,Get tournament result,200,,Knock_out_Thread Group 1-562,text,true,,5441,338,192,192,https://pabsa.impressicocrm.com/api/tournament/119922/matches,1907,0,0
1680594012215,2136,Get tournamnent list ,200,,Knock_out_Thread Group 1-725,text,true,,58880,389,192,192,https://pabsa.impressicocrm.com/api/tournament?limit=12&pageNumber=1&sportType=&tournamentName=&tournamentStyle=,1763,0,0
1680594014053,298,Home page ,200,OK,Knock_out_Thread Group 1-751,text,true,,3033,309,192,192,https://pabsa.impressicocrm.com/,298,0,228
1680594012668,1697,Get Home page country ,200,,Knock_out_Thread Group 1-731,text,true,,17270,320,193,193,https://pabsa.impressicocrm.com/api/country,1695,0,0
1680594010796,3575,Get tournamnent list ,200,,Knock_out_Thread Group 1-696,text,true,,58880,389,193,193,https://pabsa.impressicocrm.com/api/tournament?limit=12&pageNumber=1&sportType=&tournamentName=&tournamentStyle=,2054,0,0
1680594012678,1708,Get knockout players list ,200,,Knock_out_Thread Group 1-607,text,true,,4598,340,193,193,https://pabsa.impressicocrm.com/api/tournament/118871/knockouts,1708,0,0
1680594012708,1680,Get Home page currency,200,,Knock_out_Thread Group 1-655,text,true,,9160,321,193,193,https://pabsa.impressicocrm.com/api/currency,1680,0,0
1680594012614,1782,Get Home page country ,200,,Knock_out_Thread Group 1-732,text,true,,17270,320,193,193,https://pabsa.impressicocrm.com/api/country,1780,0,0
1680594012663,1734,Get knockout players list ,200,,Knock_out_Thread Group 1-604,text,true,,4598,340,193,193,https://pabsa.impressicocrm.com/api/tournament/118871/knockouts,1734,0,0
1680594012041,2375,Get tournamnent list ,200,,Knock_out_Thread Group 1-706,text,true,,58888,389,193,193,https://pabsa.impressicocrm.com/api/tournament?limit=12&pageNumber=1&sportType=&tournamentName=&tournamentStyle=,1850,0,0
1680594012777,1646,Get Break list ,200,,Knock_out_Thread Group 1-640,text,true,,3218,338,193,193,https://pabsa.impressicocrm.com/api/tournament/119922/players,1646,0,0
1680594012565,1895,Get knockout players list ,200,,Knock_out_Thread Group 1-605,text,true,,4591,340,194,194,https://pabsa.impressicocrm.com/api/tournament/118871/knockouts,1895,0,0
1680594011980,2482,Get tournamnent list ,200,,Knock_out_Thread Group 1-698,text,true,,58880,389,194,194,https://pabsa.impressicocrm.com/api/tournament?limit=12&pageNumber=1&sportType=&tournamentName=&tournamentStyle=,1829,0,0
1680594012665,1807,Get Home page currency,200,,Knock_out_Thread Group 1-665,text,true,,9160,321,194,194,https://pabsa.impressicocrm.com/api/currency,1807,0,0
1680594014153,319,Home page ,200,OK,Knock_out_Thread Group 1-752,text,true,,3033,309,194,194,https://pabsa.impressicocrm.com/,319,0,249
1680594011773,2704,Get tournamnent list ,200,,Knock_out_Thread Group 1-697,text,true,,58880,389,194,194,https://pabsa.impressicocrm.com/api/tournament?limit=12&pageNumber=1&sportType=&tournamentName=&tournamentStyle=,1853,0,0
1680594012873,1639,Get Players list ,200,,Knock_out_Thread Group 1-651,text,true,,3218,338,194,194,https://pabsa.impressicocrm.com/api/tournament/119922/players,1639,0,0
1680594012958,1555,Get playerA_Vs_playerB,200,,Knock_out_Thread Group 1-590,text,true,,1239,341,194,194,https://pabsa.impressicocrm.com/api/tournament/matchScore/147598,1555,0,0
1680594012622,1894,Get tournament result,200,,Knock_out_Thread Group 1-566,text,true,,5441,338,193,193,https://pabsa.impressicocrm.com/api/tournament/119922/matches,1894,0,0
1680594012911,1611,Get single knockout Player details,200,,Knock_out_Thread Group 1-619,text,true,,1210,326,193,193,https://pabsa.impressicocrm.com/api/player/110368,1611,0,0
1680594012978,1553,Get single knockout Player details,200,,Knock_out_Thread Group 1-606,text,true,,1210,326,193,193,https://pabsa.impressicocrm.com/api/player/110368,1553,0,0
1680594012647,1887,Get tournament result,200,,Knock_out_Thread Group 1-564,text,true,,5441,338,193,193,https://pabsa.impressicocrm.com/api/tournament/119922/matches,1887,0,0
1680594011926,2611,Get tournamnent list ,200,,Knock_out_Thread Group 1-704,text,true,,58888,389,193,193,https://pabsa.impressicocrm.com/api/tournament?limit=12&pageNumber=1&sportType=&tournamentName=&tournamentStyle=,1839,0,0
1680594012893,1644,Get knockout players list ,200,,Knock_out_Thread Group 1-608,text,true,,4598,340,193,193,https://pabsa.impressicocrm.com/api/tournament/118871/knockouts,1644,0,0
1680594012744,1796,Get Players schedule,200,,Knock_out_Thread Group 1-648,text,true,,5441,338,193,193,https://pabsa.impressicocrm.com/api/tournament/119922/matches,1796,0,0
1680594012611,1934,Get tournament result,200,,Knock_out_Thread Group 1-580,text,true,,5441,338,193,193,https://pabsa.impressicocrm.com/api/tournament/119922/matches,1934,0,0
1680594014253,301,Home page ,200,OK,Knock_out_Thread Group 1-753,text,true,,3033,309,194,194,https://pabsa.impressicocrm.com/,301,0,230
1680594012714,1856,Get Break list ,200,,Knock_out_Thread Group 1-620,text,true,,3218,338,194,194,https://pabsa.impressicocrm.com/api/tournament/119922/players,1856,0,0
1680594012049,2534,Get tournamnent list ,200,,Knock_out_Thread Group 1-702,text,true,,58880,389,194,194,https://pabsa.impressicocrm.com/api/tournament?limit=12&pageNumber=1&sportType=&tournamentName=&tournamentStyle=,2017,0,0
1680594012744,1848,Get tournament result,200,,Knock_out_Thread Group 1-597,text,true,,5441,338,194,194,https://pabsa.impressicocrm.com/api/tournament/119922/matches,1848,0,0
1680594012643,1953,Get tournament result,200,,Knock_out_Thread Group 1-573,text,true,,5435,338,194,194,https://pabsa.impressicocrm.com/api/tournament/119922/matches,1953,0,0
1680594012946,1662,Get Break list ,200,,Knock_out_Thread Group 1-626,text,true,,3218,338,194,194,https://pabsa.impressicocrm.com/api/tournament/119922/players,1662,0,0
1680594012958,1650,Get Players list ,200,,Knock_out_Thread Group 1-652,text,true,,3218,338,194,194,https://pabsa.impressicocrm.com/api/tournament/119922/players,1650,0,0
1680594013080,1530,Get playerA_Vs_playerB,200,,Knock_out_Thread Group 1-557,text,true,,1239,341,194,194,https://pabsa.impressicocrm.com/api/tournament/matchScore/147598,1530,0,0
1680594012255,2355,Get tournamnent list ,200,,Knock_out_Thread Group 1-711,text,true,,58880,389,194,194,https://pabsa.impressicocrm.com/api/tournament?limit=12&pageNumber=1&sportType=&tournamentName=&tournamentStyle=,2052,0,0
1680594013068,1564,Get Break list ,200,,Knock_out_Thread Group 1-656,text,true,,3218,338,193,193,https://pabsa.impressicocrm.com/api/tournament/119922/players,1564,0,0
1680594014353,341,Home page ,200,OK,Knock_out_Thread Group 1-754,text,true,,3033,309,194,194,https://pabsa.impressicocrm.com/,341,0,243
1680594012379,2319,Get tournamnent list ,200,,Knock_out_Thread Group 1-691,text,true,,58880,389,194,194,https://pabsa.impressicocrm.com/api/tournament?limit=12&pageNumber=1&sportType=&tournamentName=&tournamentStyle=,1946,0,0
1680594013085,1612,Get Players list ,200,,Knock_out_Thread Group 1-663,text,true,,3218,338,194,194,https://pabsa.impressicocrm.com/api/tournament/119922/players,1612,0,0
1680594013088,1613,Get Home page country ,200,,Knock_out_Thread Group 1-735,text,true,,17270,320,194,194,https://pabsa.impressicocrm.com/api/country,1613,0,0
1680594012447,2266,Get tournamnent list ,200,,Knock_out_Thread Group 1-714,text,true,,58880,389,194,194,https://pabsa.impressicocrm.com/api/tournament?limit=12&pageNumber=1&sportType=&tournamentName=&tournamentStyle=,1939,0,0
1680594013087,1626,Get Players list ,200,,Knock_out_Thread Group 1-666,text,true,,3218,338,194,194,https://pabsa.impressicocrm.com/api/tournament/119922/players,1626,0,0
1680594014454,278,Home page ,200,OK,Knock_out_Thread Group 1-755,text,true,,3033,309,194,194,https://pabsa.impressicocrm.com/,278,0,207
1680594013094,1667,Get Break list ,200,,Knock_out_Thread Group 1-647,text,true,,3218,338,195,195,https://pabsa.impressicocrm.com/api/tournament/119922/players,1667,0,0
1680594014610,155,Get Home page currency,200,,Knock_out_Thread Group 1-711,text,true,,9160,321,195,195,https://pabsa.impressicocrm.com/api/currency,155,0,0
1680594012873,1892,Get Players schedule,200,,Knock_out_Thread Group 1-632,text,true,,5441,338,195,195,https://pabsa.impressicocrm.com/api/tournament/119922/matches,1892,0,0
1680594013104,1677,Get Home page country ,200,,Knock_out_Thread Group 1-737,text,true,,17270,320,195,195,https://pabsa.impressicocrm.com/api/country,1677,0,0
1680594012796,1985,Get Home page currency,200,,Knock_out_Thread Group 1-692,text,true,,9160,321,195,195,https://pabsa.impressicocrm.com/api/currency,1985,0,0
1680594013101,1694,Get Players list ,200,,Knock_out_Thread Group 1-682,text,true,,3218,338,195,195,https://pabsa.impressicocrm.com/api/tournament/119922/players,1694,0,0
1680594013098,1697,Get Players list ,200,,Knock_out_Thread Group 1-672,text,true,,3218,338,195,195,https://pabsa.impressicocrm.com/api/tournament/119922/players,1697,0,0
1680594012231,2611,Get tournamnent list ,200,,Knock_out_Thread Group 1-710,text,true,,58888,389,195,195,https://pabsa.impressicocrm.com/api/tournament?limit=12&pageNumber=1&sportType=&tournamentName=&tournamentStyle=,1897,0,0
1680594013169,1683,Get Home page currency,200,,Knock_out_Thread Group 1-674,text,true,,9160,321,196,196,https://pabsa.impressicocrm.com/api/currency,1683,0,0
1680594011847,3012,Get Home page currency,200,,Knock_out_Thread Group 1-671,text,true,,9160,321,196,196,https://pabsa.impressicocrm.com/api/currency,3012,0,0
1680594012215,2644,Get tournamnent list ,200,,Knock_out_Thread Group 1-707,text,true,,58880,389,196,196,https://pabsa.impressicocrm.com/api/tournament?limit=12&pageNumber=1&sportType=&tournamentName=&tournamentStyle=,1938,0,0
1680594014553,318,Home page ,200,OK,Knock_out_Thread Group 1-756,text,true,,3033,309,196,196,https://pabsa.impressicocrm.com/,318,0,240
1680594011089,3784,Get Players list ,200,,Knock_out_Thread Group 1-646,text,true,,3218,338,196,196,https://pabsa.impressicocrm.com/api/tournament/119922/players,3784,0,0
1680594012951,1927,Get Players schedule,200,,Knock_out_Thread Group 1-624,text,true,,5441,338,196,196,https://pabsa.impressicocrm.com/api/tournament/119922/matches,1927,0,0
1680594013189,1703,Get Players list ,200,,Knock_out_Thread Group 1-636,text,true,,3218,338,196,196,https://pabsa.impressicocrm.com/api/tournament/119922/players,1703,0,0
1680594011980,2935,Get knockout players list ,200,,Knock_out_Thread Group 1-615,text,true,,4598,340,196,196,https://pabsa.impressicocrm.com/api/tournament/118871/knockouts,2935,0,0
1680594013273,1678,Get knockout players list ,200,,Knock_out_Thread Group 1-613,text,true,,4598,340,196,196,https://pabsa.impressicocrm.com/api/tournament/118871/knockouts,1678,0,0
1680594013273,1683,Get playerA_Vs_playerB,200,,Knock_out_Thread Group 1-561,text,true,,1239,341,197,197,https://pabsa.impressicocrm.com/api/tournament/matchScore/147598,1683,0,0
1680594013218,1738,Get Players list ,200,,Knock_out_Thread Group 1-675,text,true,,3218,338,197,197,https://pabsa.impressicocrm.com/api/tournament/119922/players,1738,0,0
1680594013369,1596,Get single knockout Player details,200,,Knock_out_Thread Group 1-603,text,true,,1210,326,196,196,https://pabsa.impressicocrm.com/api/player/110368,1596,0,0
1680594013179,1799,Get tournament result,200,,Knock_out_Thread Group 1-574,text,true,,5441,338,196,196,https://pabsa.impressicocrm.com/api/tournament/119922/matches,1799,0,0
1680594011355,3629,Get Home page currency,200,,Knock_out_Thread Group 1-670,text,true,,9160,321,196,196,https://pabsa.impressicocrm.com/api/currency,3629,0,0
1680594013068,1936,Get tournament result,200,,Knock_out_Thread Group 1-565,text,true,,5441,338,196,196,https://pabsa.impressicocrm.com/api/tournament/119922/matches,1936,0,0
1680594013299,1722,Get playerA_Vs_playerB,200,,Knock_out_Thread Group 1-567,text,true,,1239,341,196,196,https://pabsa.impressicocrm.com/api/tournament/matchScore/147598,1722,0,0
1680594013396,1648,Get single knockout Player details,200,,Knock_out_Thread Group 1-617,text,true,,1210,326,195,195,https://pabsa.impressicocrm.com/api/player/110368,1648,0,0
1680594013388,1671,Get playerA_Vs_playerB,200,,Knock_out_Thread Group 1-546,text,true,,1239,341,196,196,https://pabsa.impressicocrm.com/api/tournament/matchScore/147598,1671,0,0
1680594014752,316,Home page ,200,OK,Knock_out_Thread Group 1-758,text,true,,3033,309,195,195,https://pabsa.impressicocrm.com/,316,0,232
1680594013396,1689,Get Players list ,200,,Knock_out_Thread Group 1-668,text,true,,3218,338,195,195,https://pabsa.impressicocrm.com/api/tournament/119922/players,1689,0,0
1680594013281,1804,Get Players list ,200,,Knock_out_Thread Group 1-662,text,true,,3218,338,195,195,https://pabsa.impressicocrm.com/api/tournament/119922/players,1804,0,0
1680594013179,1910,Get Players schedule,200,,Knock_out_Thread Group 1-539,text,true,,5441,338,195,195,https://pabsa.impressicocrm.com/api/tournament/119922/matches,1910,0,0
1680594013341,1775,Get Home page currency,200,,Knock_out_Thread Group 1-681,text,true,,9160,321,195,195,https://pabsa.impressicocrm.com/api/currency,1775,0,0
1680594013396,1723,Get playerA_Vs_playerB,200,,Knock_out_Thread Group 1-555,text,true,,1239,341,195,195,https://pabsa.impressicocrm.com/api/tournament/matchScore/147598,1723,0,0
1680594013213,1915,Get Players schedule,200,,Knock_out_Thread Group 1-644,text,true,,5441,338,194,194,https://pabsa.impressicocrm.com/api/tournament/119922/matches,1915,0,0
1680594013396,1732,Get knockout players list ,200,,Knock_out_Thread Group 1-612,text,true,,4598,340,194,194,https://pabsa.impressicocrm.com/api/tournament/118871/knockouts,1732,0,0
1680594013512,1629,Get single knockout Player details,200,,Knock_out_Thread Group 1-568,text,true,,1210,326,194,194,https://pabsa.impressicocrm.com/api/player/110368,1629,0,0
1680594013426,1721,Get Home page country ,200,,Knock_out_Thread Group 1-740,text,true,,17270,320,194,194,https://pabsa.impressicocrm.com/api/country,1721,0,0
1680594012515,2645,Get tournamnent list ,200,,Knock_out_Thread Group 1-699,text,true,,58880,389,195,195,https://pabsa.impressicocrm.com/api/tournament?limit=12&pageNumber=1&sportType=&tournamentName=&tournamentStyle=,1982,0,0
1680594013281,1891,Get tournament result,200,,Knock_out_Thread Group 1-593,text,true,,5441,338,195,195,https://pabsa.impressicocrm.com/api/tournament/119922/matches,1891,0,0
1680594013533,1652,Get single knockout Player details,200,,Knock_out_Thread Group 1-588,text,true,,1210,326,195,195,https://pabsa.impressicocrm.com/api/player/110368,1652,0,0
1680594012869,2316,Get tournamnent list ,200,,Knock_out_Thread Group 1-705,text,true,,58888,389,195,195,https://pabsa.impressicocrm.com/api/tournament?limit=12&pageNumber=1&sportType=&tournamentName=&tournamentStyle=,1906,0,0
1680594013561,1639,Get single knockout Player details,200,,Knock_out_Thread Group 1-575,text,true,,1210,326,195,195,https://pabsa.impressicocrm.com/api/player/110368,1639,0,0
1680594013397,1815,Get Home page country ,200,,Knock_out_Thread Group 1-733,text,true,,17270,320,195,195,https://pabsa.impressicocrm.com/api/country,1731,0,0
1680594013574,1643,Get knockout players list ,200,,Knock_out_Thread Group 1-524,text,true,,4598,340,195,195,https://pabsa.impressicocrm.com/api/tournament/118871/knockouts,1643,0,0
1680594013284,1941,Get knockout players list ,200,,Knock_out_Thread Group 1-598,text,true,,4598,340,195,195,https://pabsa.impressicocrm.com/api/tournament/118871/knockouts,1941,0,0
1680594012563,2667,Get tournamnent list ,200,,Knock_out_Thread Group 1-693,text,true,,58888,389,195,195,https://pabsa.impressicocrm.com/api/tournament?limit=12&pageNumber=1&sportType=&tournamentName=&tournamentStyle=,1920,0,0
1680594013522,1714,Get Players list ,200,,Knock_out_Thread Group 1-680,text,true,,3218,338,195,195,https://pabsa.impressicocrm.com/api/tournament/119922/players,1714,0,0
1680594013536,1711,Get knockout players list ,200,,Knock_out_Thread Group 1-616,text,true,,4598,340,195,195,https://pabsa.impressicocrm.com/api/tournament/118871/knockouts,1711,0,0
1680594013654,1632,Get playerA_Vs_playerB,200,,Knock_out_Thread Group 1-586,text,true,,1239,341,196,196,https://pabsa.impressicocrm.com/api/tournament/matchScore/147598,1632,0,0
1680594013450,1836,Get Break list ,200,,Knock_out_Thread Group 1-661,text,true,,3218,338,196,196,https://pabsa.impressicocrm.com/api/tournament/119922/players,1836,0,0
1680594013574,1712,Get Home page currency,200,,Knock_out_Thread Group 1-717,text,true,,9160,321,196,196,https://pabsa.impressicocrm.com/api/currency,1712,0,0
1680594013494,1795,Get Home page currency,200,,Knock_out_Thread Group 1-677,text,true,,9160,321,195,195,https://pabsa.impressicocrm.com/api/currency,1795,0,0
1680594013503,1786,Get Home page country ,200,,Knock_out_Thread Group 1-734,text,true,,17270,320,195,195,https://pabsa.impressicocrm.com/api/country,1786,0,0
1680594013273,2016,Get tournament result,200,,Knock_out_Thread Group 1-602,text,true,,5441,338,195,195,https://pabsa.impressicocrm.com/api/tournament/119922/matches,2016,0,0
1680594013494,1795,Get Players list ,200,,Knock_out_Thread Group 1-642,text,true,,3218,338,195,195,https://pabsa.impressicocrm.com/api/tournament/119922/players,1795,0,0
1680594013403,1890,Get tournament result,200,,Knock_out_Thread Group 1-610,text,true,,5441,338,195,195,https://pabsa.impressicocrm.com/api/tournament/119922/matches,1890,0,0
1680594012946,2347,Get tournamnent list ,200,,Knock_out_Thread Group 1-719,text,true,,58888,389,195,195,https://pabsa.impressicocrm.com/api/tournament?limit=12&pageNumber=1&sportType=&tournamentName=&tournamentStyle=,1947,0,0
1680594012928,2375,Get Break list ,200,,Knock_out_Thread Group 1-622,text,true,,3218,338,195,195,https://pabsa.impressicocrm.com/api/tournament/119922/players,2375,0,0
1680594014952,353,Home page ,200,OK,Knock_out_Thread Group 1-760,text,true,,3033,309,195,195,https://pabsa.impressicocrm.com/,353,0,273
1680594013533,1776,Get Home page currency,200,,Knock_out_Thread Group 1-695,text,true,,9160,321,195,195,https://pabsa.impressicocrm.com/api/currency,1775,0,0
1680594013584,1814,Get Break list ,200,,Knock_out_Thread Group 1-630,text,true,,3218,338,196,196,https://pabsa.impressicocrm.com/api/tournament/119922/players,1814,0,0
1680594013633,1765,Get Home page currency,200,,Knock_out_Thread Group 1-685,text,true,,9160,321,196,196,https://pabsa.impressicocrm.com/api/currency,1765,0,0
1680594013610,1789,Get Home page currency,200,,Knock_out_Thread Group 1-688,text,true,,9160,321,196,196,https://pabsa.impressicocrm.com/api/currency,1789,0,0
1680594015052,363,Home page ,200,OK,Knock_out_Thread Group 1-761,text,true,,3033,309,196,196,https://pabsa.impressicocrm.com/,363,0,278
1680594013646,1773,Get Players schedule,200,,Knock_out_Thread Group 1-623,text,true,,5441,338,196,196,https://pabsa.impressicocrm.com/api/tournament/119922/matches,1773,0,0
1680594013772,1654,Get knockout players list ,200,,Knock_out_Thread Group 1-583,text,true,,4598,340,196,196,https://pabsa.impressicocrm.com/api/tournament/118871/knockouts,1654,0,0
1680594015152,302,Home page ,200,OK,Knock_out_Thread Group 1-762,text,true,,3033,309,197,197,https://pabsa.impressicocrm.com/,302,0,240
1680594013687,1787,Get Players list ,200,,Knock_out_Thread Group 1-683,text,true,,3218,338,197,197,https://pabsa.impressicocrm.com/api/tournament/119922/players,1787,0,0
1680594013789,1709,Get knockout players list ,200,,Knock_out_Thread Group 1-634,text,true,,4598,340,197,197,https://pabsa.impressicocrm.com/api/tournament/118871/knockouts,1709,0,0
1680594013780,1720,Get Home page country ,200,,Knock_out_Thread Group 1-742,text,true,,17270,320,197,197,https://pabsa.impressicocrm.com/api/country,1719,0,0
1680594013760,1745,Get knockout players list ,200,,Knock_out_Thread Group 1-611,text,true,,4598,340,197,197,https://pabsa.impressicocrm.com/api/tournament/118871/knockouts,1745,0,0
1680594013415,2101,Get Home page country ,200,,Knock_out_Thread Group 1-741,text,true,,17270,320,197,197,https://pabsa.impressicocrm.com/api/country,2101,0,0
1680594013787,1736,Get Break list ,200,,Knock_out_Thread Group 1-657,text,true,,3218,338,197,197,https://pabsa.impressicocrm.com/api/tournament/119922/players,1736,0,0
1680594013541,1991,Get Players schedule,200,,Knock_out_Thread Group 1-637,text,true,,5441,338,197,197,https://pabsa.impressicocrm.com/api/tournament/119922/matches,1991,0,0
1680594013567,1975,Get tournament result,200,,Knock_out_Thread Group 1-578,text,true,,5441,338,197,197,https://pabsa.impressicocrm.com/api/tournament/119922/matches,1975,0,0
1680594013804,1741,Get playerA_Vs_playerB,200,,Knock_out_Thread Group 1-584,text,true,,1239,341,197,197,https://pabsa.impressicocrm.com/api/tournament/matchScore/147598,1741,0,0
1680594013765,1780,Get Home page currency,200,,Knock_out_Thread Group 1-690,text,true,,9160,321,197,197,https://pabsa.impressicocrm.com/api/currency,1780,0,0
1680594015252,303,Home page ,200,OK,Knock_out_Thread Group 1-763,text,true,,3033,309,197,197,https://pabsa.impressicocrm.com/,303,0,235
1680594013888,1709,Get playerA_Vs_playerB,200,,Knock_out_Thread Group 1-582,text,true,,1239,341,197,197,https://pabsa.impressicocrm.com/api/tournament/matchScore/147598,1709,0,0
1680594013772,1836,Get Home page country ,200,,Knock_out_Thread Group 1-744,text,true,,17270,320,196,196,https://pabsa.impressicocrm.com/api/country,1836,0,0
1680594013269,2344,Get tournamnent list ,200,,Knock_out_Thread Group 1-723,text,true,,58888,389,196,196,https://pabsa.impressicocrm.com/api/tournament?limit=12&pageNumber=1&sportType=&tournamentName=&tournamentStyle=,1946,0,0
1680594012540,3083,Get Players list ,200,,Knock_out_Thread Group 1-658,text,true,,3218,338,196,196,https://pabsa.impressicocrm.com/api/tournament/119922/players,3083,0,0
1680594013721,1905,Get Players schedule,200,,Knock_out_Thread Group 1-633,text,true,,5441,338,196,196,https://pabsa.impressicocrm.com/api/tournament/119922/matches,1905,0,0
1680594013524,2103,Get Players schedule,200,,Knock_out_Thread Group 1-638,text,true,,5441,338,196,196,https://pabsa.impressicocrm.com/api/tournament/119922/matches,2103,0,0
1680594013820,1807,Get knockout players list ,200,,Knock_out_Thread Group 1-614,text,true,,4591,340,196,196,https://pabsa.impressicocrm.com/api/tournament/118871/knockouts,1807,0,0
1680594013862,1774,Get Home page country ,200,,Knock_out_Thread Group 1-746,text,true,,17270,320,196,196,https://pabsa.impressicocrm.com/api/country,1774,0,0
1680594013888,1757,Get Break list ,200,,Knock_out_Thread Group 1-643,text,true,,3218,338,196,196,https://pabsa.impressicocrm.com/api/tournament/119922/players,1757,0,0
1680594013113,2620,Get tournamnent list ,200,,Knock_out_Thread Group 1-722,text,true,,58880,389,197,197,https://pabsa.impressicocrm.com/api/tournament?limit=12&pageNumber=1&sportType=&tournamentName=&tournamentStyle=,1946,0,0
1680594013959,1798,Get Home page currency,200,,Knock_out_Thread Group 1-686,text,true,,9160,321,198,198,https://pabsa.impressicocrm.com/api/currency,1798,0,0
1680594015354,428,Home page ,200,OK,Knock_out_Thread Group 1-764,text,true,,3033,309,198,198,https://pabsa.impressicocrm.com/,428,0,342
1680594013623,2163,Get Players schedule,200,,Knock_out_Thread Group 1-631,text,true,,5441,338,198,198,https://pabsa.impressicocrm.com/api/tournament/119922/matches,2163,0,0
1680594013891,1923,Get Players schedule,200,,Knock_out_Thread Group 1-650,text,true,,5441,338,198,198,https://pabsa.impressicocrm.com/api/tournament/119922/matches,1923,0,0
1680594014853,968,Home page ,200,OK,Knock_out_Thread Group 1-759,text,true,,3033,309,198,198,https://pabsa.impressicocrm.com/,968,0,285
1680594013698,2147,Get tournament result,200,,Knock_out_Thread Group 1-581,text,true,,5441,338,198,198,https://pabsa.impressicocrm.com/api/tournament/119922/matches,2147,0,0
1680594014062,1791,Get playerA_Vs_playerB,200,,Knock_out_Thread Group 1-599,text,true,,1239,341,199,199,https://pabsa.impressicocrm.com/api/tournament/matchScore/147598,1791,0,0
1680594014034,1822,Get Home page currency,200,,Knock_out_Thread Group 1-689,text,true,,9153,321,198,198,https://pabsa.impressicocrm.com/api/currency,1822,0,0
1680594013651,2212,Get Home page currency,200,,Knock_out_Thread Group 1-703,text,true,,9160,321,198,198,https://pabsa.impressicocrm.com/api/currency,2212,0,0
1680594014034,1841,Get Home page currency,200,,Knock_out_Thread Group 1-679,text,true,,9160,321,198,198,https://pabsa.impressicocrm.com/api/currency,1841,0,0
1680594013574,2331,Get Home page currency,200,,Knock_out_Thread Group 1-694,text,true,,9160,321,198,198,https://pabsa.impressicocrm.com/api/currency,2331,0,0
1680594013191,2714,Get tournamnent list ,200,,Knock_out_Thread Group 1-712,text,true,,58888,389,198,198,https://pabsa.impressicocrm.com/api/tournament?limit=12&pageNumber=1&sportType=&tournamentName=&tournamentStyle=,2028,0,0
1680594013162,2743,Get tournamnent list ,200,,Knock_out_Thread Group 1-720,text,true,,58888,389,198,198,https://pabsa.impressicocrm.com/api/tournament?limit=12&pageNumber=1&sportType=&tournamentName=&tournamentStyle=,1871,0,0
1680594014042,1870,Get Players list ,200,,Knock_out_Thread Group 1-684,text,true,,3218,338,198,198,https://pabsa.impressicocrm.com/api/tournament/119922/players,1870,0,0
1680594014001,1933,Get Players schedule,200,,Knock_out_Thread Group 1-645,text,true,,5441,338,198,198,https://pabsa.impressicocrm.com/api/tournament/119922/matches,1933,0,0
1680594014036,1911,Get Home page currency,200,,Knock_out_Thread Group 1-678,text,true,,9160,321,198,198,https://pabsa.impressicocrm.com/api/currency,1911,0,0
1680594012561,3386,Get tournament result,200,,Knock_out_Thread Group 1-572,text,true,,5441,338,198,198,https://pabsa.impressicocrm.com/api/tournament/119922/matches,3386,0,0
1680594014652,1302,Home page ,200,OK,Knock_out_Thread Group 1-757,text,true,,3033,309,199,199,https://pabsa.impressicocrm.com/,1302,0,1231
1680594014008,1951,Get tournament result,200,,Knock_out_Thread Group 1-591,text,true,,5441,338,199,199,https://pabsa.impressicocrm.com/api/tournament/119922/matches,1951,0,0
1680594014081,1878,Get Players list ,200,,Knock_out_Thread Group 1-628,text,true,,3218,338,199,199,https://pabsa.impressicocrm.com/api/tournament/119922/players,1878,0,0
1680594010079,5919,Get tournamnent list ,200,,Knock_out_Thread Group 1-673,text,true,,58888,389,199,199,https://pabsa.impressicocrm.com/api/tournament?limit=12&pageNumber=1&sportType=&tournamentName=&tournamentStyle=,4714,0,0
1680594013988,2041,Get Players schedule,200,,Knock_out_Thread Group 1-635,text,true,,5441,338,199,199,https://pabsa.impressicocrm.com/api/tournament/119922/matches,2041,0,0
1680594013772,2257,Get Players list ,200,,Knock_out_Thread Group 1-659,text,true,,3218,338,199,199,https://pabsa.impressicocrm.com/api/tournament/119922/players,2257,0,0
1680594014255,1807,Get knockout players list ,200,,Knock_out_Thread Group 1-609,text,true,,4598,340,200,200,https://pabsa.impressicocrm.com/api/tournament/118871/knockouts,1807,0,0
1680594014265,1823,Get Home page currency,200,,Knock_out_Thread Group 1-669,text,true,,9153,321,200,200,https://pabsa.impressicocrm.com/api/currency,1823,0,0
1680594014169,1932,Get Home page country ,200,,Knock_out_Thread Group 1-748,text,true,,17270,320,200,200,https://pabsa.impressicocrm.com/api/country,1860,0,0
1680594014321,1789,Get knockout players list ,200,,Knock_out_Thread Group 1-629,text,true,,4598,340,200,200,https://pabsa.impressicocrm.com/api/tournament/118871/knockouts,1789,0,0
1680594014261,1867,Get playerA_Vs_playerB,200,,Knock_out_Thread Group 1-594,text,true,,1239,341,200,200,https://pabsa.impressicocrm.com/api/tournament/matchScore/147598,1867,0,0
1680594014325,1807,Get single knockout Player details,200,,Knock_out_Thread Group 1-589,text,true,,1210,326,199,199,https://pabsa.impressicocrm.com/api/player/110368,1807,0,0
1680594014036,2106,Get Home page country ,200,,Knock_out_Thread Group 1-736,text,true,,17270,320,199,199,https://pabsa.impressicocrm.com/api/country,2104,0,0
1680594013410,2739,Get tournamnent list ,200,,Knock_out_Thread Group 1-715,text,true,,58865,389,199,199,https://pabsa.impressicocrm.com/api/tournament?limit=12&pageNumber=1&sportType=&tournamentName=&tournamentStyle=,1985,0,0
1680594013772,2377,Get Players list ,200,,Knock_out_Thread Group 1-653,text,true,,3218,338,199,199,https://pabsa.impressicocrm.com/api/tournament/119922/players,2377,0,0
1680594014065,2090,Get Players schedule,200,,Knock_out_Thread Group 1-627,text,true,,5441,338,200,200,https://pabsa.impressicocrm.com/api/tournament/119922/matches,2090,0,0
1680594013992,2165,Get Break list ,200,,Knock_out_Thread Group 1-649,text,true,,3218,338,200,200,https://pabsa.impressicocrm.com/api/tournament/119922/players,2165,0,0
1680594014089,2070,Get Players schedule,200,,Knock_out_Thread Group 1-639,text,true,,5435,338,200,200,https://pabsa.impressicocrm.com/api/tournament/119922/matches,2070,0,0
1680594014218,1949,Get Break list ,200,,Knock_out_Thread Group 1-664,text,true,,3218,338,200,200,https://pabsa.impressicocrm.com/api/tournament/119922/players,1949,0,0
1680594014034,2156,Get tournament result,200,,Knock_out_Thread Group 1-595,text,true,,5441,338,200,200,https://pabsa.impressicocrm.com/api/tournament/119922/matches,2156,0,0
1680594014338,1867,Get playerA_Vs_playerB,200,,Knock_out_Thread Group 1-600,text,true,,1239,341,200,200,https://pabsa.impressicocrm.com/api/tournament/matchScore/147598,1867,0,0
1680594014168,2045,Get Home page country ,200,,Knock_out_Thread Group 1-739,text,true,,17255,320,199,199,https://pabsa.impressicocrm.com/api/country,2045,0,0
1680594014288,1925,Get Home page country ,200,,Knock_out_Thread Group 1-750,text,true,,17270,320,199,199,https://pabsa.impressicocrm.com/api/country,1925,0,0
1680594014386,1830,Get single knockout Player details,200,,Knock_out_Thread Group 1-607,text,true,,1210,326,199,199,https://pabsa.impressicocrm.com/api/player/110368,1830,0,0
1680594014110,2106,Get Players schedule,200,,Knock_out_Thread Group 1-667,text,true,,5441,338,199,199,https://pabsa.impressicocrm.com/api/tournament/119922/matches,2106,0,0
1680594014261,1955,Get Home page currency,200,,Knock_out_Thread Group 1-709,text,true,,9160,321,199,199,https://pabsa.impressicocrm.com/api/currency,1955,0,0
1680594013940,2276,Get tournament result,200,,Knock_out_Thread Group 1-576,text,true,,5435,338,199,199,https://pabsa.impressicocrm.com/api/tournament/119922/matches,2276,0,0
1680594014331,1885,Get knockout players list ,200,,Knock_out_Thread Group 1-621,text,true,,4598,340,199,199,https://pabsa.impressicocrm.com/api/tournament/118871/knockouts,1885,0,0
1680594014397,1854,Get single knockout Player details,200,,Knock_out_Thread Group 1-604,text,true,,1210,326,199,199,https://pabsa.impressicocrm.com/api/player/110368,1854,0,0
1680594013862,2392,Get Home page country ,200,,Knock_out_Thread Group 1-729,text,true,,17270,320,200,200,https://pabsa.impressicocrm.com/api/country,2318,0,0
1680594014349,1922,Get playerA_Vs_playerB,200,,Knock_out_Thread Group 1-562,text,true,,1239,341,200,200,https://pabsa.impressicocrm.com/api/tournament/matchScore/147598,1922,0,0
1680594016190,145,Get playerA_Vs_playerB,200,,Knock_out_Thread Group 1-595,text,true,,1239,341,199,199,https://pabsa.impressicocrm.com/api/tournament/matchScore/147598,145,0,0
1680594014352,1983,Get Home page country ,200,,Knock_out_Thread Group 1-751,text,true,,17270,320,199,199,https://pabsa.impressicocrm.com/api/country,1983,0,0
1680594013834,2515,Get tournament result,200,,Knock_out_Thread Group 1-596,text,true,,5441,338,198,198,https://pabsa.impressicocrm.com/api/tournament/119922/matches,2515,0,0
1680594014537,1822,Get single knockout Player details,200,,Knock_out_Thread Group 1-608,text,true,,1210,326,199,199,https://pabsa.impressicocrm.com/api/player/110368,1822,0,0
1680594014352,2028,Get Home page currency,200,,Knock_out_Thread Group 1-725,text,true,,9160,321,199,199,https://pabsa.impressicocrm.com/api/currency,2028,0,0
1680594014371,2011,Get Home page currency,200,,Knock_out_Thread Group 1-696,text,true,,9160,321,199,199,https://pabsa.impressicocrm.com/api/currency,2011,0,0
1680594014215,2173,Get Home page country ,200,,Knock_out_Thread Group 1-749,text,true,,17270,320,199,199,https://pabsa.impressicocrm.com/api/country,2173,0,0
1680594014473,1915,Get Home page country ,200,,Knock_out_Thread Group 1-752,text,true,,17270,320,199,199,https://pabsa.impressicocrm.com/api/country,1915,0,0
1680594014417,1999,Get Home page currency,200,,Knock_out_Thread Group 1-706,text,true,,9160,321,199,199,https://pabsa.impressicocrm.com/api/currency,1999,0,0
1680594014516,1924,Get playerA_Vs_playerB,200,,Knock_out_Thread Group 1-566,text,true,,1239,341,199,199,https://pabsa.impressicocrm.com/api/tournament/matchScore/147598,1924,0,0
1680594014271,2169,Get tournament result,200,,Knock_out_Thread Group 1-601,text,true,,5441,338,199,199,https://pabsa.impressicocrm.com/api/tournament/119922/matches,2169,0,0
1680594014261,2180,Get Players schedule,200,,Knock_out_Thread Group 1-625,text,true,,5435,338,199,199,https://pabsa.impressicocrm.com/api/tournament/119922/matches,2180,0,0
1680594015552,889,Home page ,200,OK,Knock_out_Thread Group 1-766,text,true,,3033,309,199,199,https://pabsa.impressicocrm.com/,889,0,807
1680594013317,3134,Get tournamnent list ,200,,Knock_out_Thread Group 1-713,text,true,,58880,389,198,198,https://pabsa.impressicocrm.com/api/tournament?limit=12&pageNumber=1&sportType=&tournamentName=&tournamentStyle=,2192,0,0
1680594015752,703,Home page ,200,OK,Knock_out_Thread Group 1-768,text,true,,3033,309,199,199,https://pabsa.impressicocrm.com/,703,0,623
1680594014545,1927,Get playerA_Vs_playerB,200,,Knock_out_Thread Group 1-580,text,true,,1239,341,199,199,https://pabsa.impressicocrm.com/api/tournament/matchScore/147598,1927,0,0
1680594014349,2130,Get tournament result,200,,Knock_out_Thread Group 1-592,text,true,,5441,338,198,198,https://pabsa.impressicocrm.com/api/tournament/119922/matches,2130,0,0
1680594014289,2202,Get Players list ,200,,Knock_out_Thread Group 1-660,text,true,,3218,338,198,198,https://pabsa.impressicocrm.com/api/tournament/119922/players,2202,0,0
1680594014307,2191,Get tournament result,200,,Knock_out_Thread Group 1-585,text,true,,5441,338,198,198,https://pabsa.impressicocrm.com/api/tournament/119922/matches,2191,0,0
1680594014596,1904,Get playerA_Vs_playerB,200,,Knock_out_Thread Group 1-573,text,true,,1239,341,198,198,https://pabsa.impressicocrm.com/api/tournament/matchScore/147598,1904,0,0
1680594016349,154,Get playerA_Vs_playerB,200,,Knock_out_Thread Group 1-596,text,true,,1239,341,197,197,https://pabsa.impressicocrm.com/api/tournament/matchScore/147598,154,0,0
1680594014593,1910,Get playerA_Vs_playerB,200,,Knock_out_Thread Group 1-597,text,true,,1239,341,197,197,https://pabsa.impressicocrm.com/api/tournament/matchScore/147598,1910,0,0
1680594014164,2345,Get Home page country ,200,,Knock_out_Thread Group 1-738,text,true,,17255,320,195,195,https://pabsa.impressicocrm.com/api/country,2344,0,0
1680594014251,2262,Get Players schedule,200,,Knock_out_Thread Group 1-654,text,true,,5441,338,195,195,https://pabsa.impressicocrm.com/api/tournament/119922/matches,2262,0,0
1680594014512,2018,Get Break list ,200,,Knock_out_Thread Group 1-651,text,true,,3218,338,195,195,https://pabsa.impressicocrm.com/api/tournament/119922/players,2018,0,0
1680594013922,2608,Get tournamnent list ,200,,Knock_out_Thread Group 1-724,text,true,,58880,389,195,195,https://pabsa.impressicocrm.com/api/tournament?limit=12&pageNumber=1&sportType=&tournamentName=&tournamentStyle=,1999,0,0
1680594014583,1985,Get Home page currency,200,,Knock_out_Thread Group 1-702,text,true,,9153,321,196,196,https://pabsa.impressicocrm.com/api/currency,1985,0,0
1680594014540,2028,Get knockout players list ,200,,Knock_out_Thread Group 1-648,text,true,,4598,340,196,196,https://pabsa.impressicocrm.com/api/tournament/118871/knockouts,2028,0,0
1680594016155,413,Get knockout players list ,200,,Knock_out_Thread Group 1-627,text,true,,4598,340,196,196,https://pabsa.impressicocrm.com/api/tournament/118871/knockouts,413,0,0
1680594015952,616,Home page ,200,OK,Knock_out_Thread Group 1-770,text,true,,3033,309,196,196,https://pabsa.impressicocrm.com/,616,0,528
1680594014423,2152,Get Players schedule,200,,Knock_out_Thread Group 1-640,text,true,,5441,338,196,196,https://pabsa.impressicocrm.com/api/tournament/119922/matches,2152,0,0
1680594014339,2280,Get Home page currency,200,,Knock_out_Thread Group 1-708,text,true,,9160,321,196,196,https://pabsa.impressicocrm.com/api/currency,2280,0,0
1680594014698,1921,Get Home page currency,200,,Knock_out_Thread Group 1-691,text,true,,9160,321,196,196,https://pabsa.impressicocrm.com/api/currency,1921,0,0
1680594016253,366,Home page ,200,OK,Knock_out_Thread Group 1-773,text,true,,3033,309,196,196,https://pabsa.impressicocrm.com/,366,0,248
1680594014477,2147,Get Home page currency,200,,Knock_out_Thread Group 1-697,text,true,,9160,321,196,196,https://pabsa.impressicocrm.com/api/currency,2147,0,0
1680594014698,1933,Get Break list ,200,,Knock_out_Thread Group 1-663,text,true,,3218,338,196,196,https://pabsa.impressicocrm.com/api/tournament/119922/players,1933,0,0
1680594014714,1920,Get Break list ,200,,Knock_out_Thread Group 1-666,text,true,,3218,338,196,196,https://pabsa.impressicocrm.com/api/tournament/119922/players,1920,0,0
1680594014608,2033,Get Break list ,200,,Knock_out_Thread Group 1-652,text,true,,3218,338,196,196,https://pabsa.impressicocrm.com/api/tournament/119922/players,2033,0,0
1680594014328,2316,Get Home page currency,200,,Knock_out_Thread Group 1-701,text,true,,9153,321,196,196,https://pabsa.impressicocrm.com/api/currency,2316,0,0
1680594014765,1879,Get Players list ,200,,Knock_out_Thread Group 1-711,text,true,,3218,338,196,196,https://pabsa.impressicocrm.com/api/tournament/119922/players,1879,0,0
1680594014537,2114,Get Home page currency,200,,Knock_out_Thread Group 1-704,text,true,,9160,321,196,196,https://pabsa.impressicocrm.com/api/currency,2114,0,0
1680594014732,1938,Get Home page country ,200,,Knock_out_Thread Group 1-755,text,true,,17270,320,197,197,https://pabsa.impressicocrm.com/api/country,1938,0,0
1680594014522,2152,Get tournament result,200,,Knock_out_Thread Group 1-619,text,true,,5441,338,197,197,https://pabsa.impressicocrm.com/api/tournament/119922/matches,2152,0,0
1680594014346,2360,Get Home page currency,200,,Knock_out_Thread Group 1-687,text,true,,9160,321,197,197,https://pabsa.impressicocrm.com/api/currency,2360,0,0
1680594014765,1953,Get knockout players list ,200,,Knock_out_Thread Group 1-632,text,true,,4598,340,197,197,https://pabsa.impressicocrm.com/api/tournament/118871/knockouts,1953,0,0
1680594014796,1958,Get Break list ,200,,Knock_out_Thread Group 1-682,text,true,,3218,338,198,198,https://pabsa.impressicocrm.com/api/tournament/119922/players,1958,0,0
1680594014532,2222,Get tournament result,200,,Knock_out_Thread Group 1-606,text,true,,5441,338,198,198,https://pabsa.impressicocrm.com/api/tournament/119922/matches,2222,0,0
1680594013181,3585,Get tournamnent list ,200,,Knock_out_Thread Group 1-700,text,true,,58880,389,198,198,https://pabsa.impressicocrm.com/api/tournament?limit=12&pageNumber=1&sportType=&tournamentName=&tournamentStyle=,2122,0,0
1680594014951,1820,Get single knockout Player details,200,,Knock_out_Thread Group 1-613,text,true,,1210,326,198,198,https://pabsa.impressicocrm.com/api/player/110368,1820,0,0
1680594014859,1912,Get Players list ,200,,Knock_out_Thread Group 1-671,text,true,,3218,338,198,198,https://pabsa.impressicocrm.com/api/tournament/119922/players,1912,0,0
1680594014915,1859,Get single knockout Player details,200,,Knock_out_Thread Group 1-615,text,true,,1210,326,198,198,https://pabsa.impressicocrm.com/api/player/110368,1859,0,0
1680594014534,2240,Get playerA_Vs_playerB,200,,Knock_out_Thread Group 1-564,text,true,,1239,341,198,198,https://pabsa.impressicocrm.com/api/tournament/matchScore/147598,2240,0,0
1680594014608,2174,Get Players schedule,200,,Knock_out_Thread Group 1-626,text,true,,5441,338,197,197,https://pabsa.impressicocrm.com/api/tournament/119922/matches,2174,0,0
1680594014842,1942,Get Home page currency,200,,Knock_out_Thread Group 1-710,text,true,,9160,321,197,197,https://pabsa.impressicocrm.com/api/currency,1942,0,0
1680594014853,1949,Get Players list ,200,,Knock_out_Thread Group 1-674,text,true,,3218,338,197,197,https://pabsa.impressicocrm.com/api/tournament/119922/players,1949,0,0
1680594016453,361,Home page ,200,OK,Knock_out_Thread Group 1-775,text,true,,3033,309,197,197,https://pabsa.impressicocrm.com/,360,0,282
1680594014978,1843,Get playerA_Vs_playerB,200,,Knock_out_Thread Group 1-574,text,true,,1239,341,197,197,https://pabsa.impressicocrm.com/api/tournament/matchScore/147598,1843,0,0
1680594014472,2356,Get Players list ,200,,Knock_out_Thread Group 1-665,text,true,,3218,338,196,196,https://pabsa.impressicocrm.com/api/tournament/119922/players,2356,0,0
1680594014460,2370,Get single knockout Player details,200,,Knock_out_Thread Group 1-605,text,true,,1210,326,196,196,https://pabsa.impressicocrm.com/api/player/110368,2370,0,0
1680594013098,3738,Get tournamnent list ,200,,Knock_out_Thread Group 1-676,text,true,,58880,389,196,196,https://pabsa.impressicocrm.com/api/tournament?limit=12&pageNumber=1&sportType=&tournamentName=&tournamentStyle=,2321,0,0
1680594015128,1723,Get single knockout Player details,200,,Knock_out_Thread Group 1-612,text,true,,1210,326,196,196,https://pabsa.impressicocrm.com/api/player/110368,1723,0,0
1680594014781,2072,Get Players list ,200,,Knock_out_Thread Group 1-692,text,true,,3218,338,197,197,https://pabsa.impressicocrm.com/api/tournament/119922/players,2072,0,0
1680594015090,1769,Get knockout players list ,200,,Knock_out_Thread Group 1-539,text,true,,4598,340,197,197,https://pabsa.impressicocrm.com/api/tournament/118871/knockouts,1769,0,0
1680594014328,2531,Get Home page country ,200,,Knock_out_Thread Group 1-747,text,true,,17270,320,197,197,https://pabsa.impressicocrm.com/api/country,2531,0,0
1680594014872,2025,Get Home page country ,200,,Knock_out_Thread Group 1-756,text,true,,17270,320,197,197,https://pabsa.impressicocrm.com/api/country,2024,0,0
1680594013162,3741,Get tournament result,200,,Knock_out_Thread Group 1-560,text,true,,5441,338,197,197,https://pabsa.impressicocrm.com/api/tournament/119922/matches,3741,0,0
1680594015128,1784,Get knockout players list ,200,,Knock_out_Thread Group 1-644,text,true,,4598,340,197,197,https://pabsa.impressicocrm.com/api/tournament/118871/knockouts,1784,0,0
1680594015217,1728,Get single knockout Player details,200,,Knock_out_Thread Group 1-524,text,true,,1210,326,197,197,https://pabsa.impressicocrm.com/api/player/110368,1728,0,0
1680594015173,1772,Get playerA_Vs_playerB,200,,Knock_out_Thread Group 1-593,text,true,,1239,341,197,197,https://pabsa.impressicocrm.com/api/tournament/matchScore/147598,1772,0,0
1680594015248,1699,Get single knockout Player details,200,,Knock_out_Thread Group 1-616,text,true,,1210,326,196,196,https://pabsa.impressicocrm.com/api/player/110368,1699,0,0
1680594015185,1774,Get Home page currency,200,,Knock_out_Thread Group 1-705,text,true,,9160,321,197,197,https://pabsa.impressicocrm.com/api/currency,1774,0,0
1680594014984,1975,Get Players list ,200,,Knock_out_Thread Group 1-670,text,true,,3218,338,197,197,https://pabsa.impressicocrm.com/api/tournament/119922/players,1975,0,0
1680594015116,1849,Get Players list ,200,,Knock_out_Thread Group 1-681,text,true,,3218,338,197,197,https://pabsa.impressicocrm.com/api/tournament/119922/players,1849,0,0
1680594013712,3263,Get tournamnent list ,200,,Knock_out_Thread Group 1-727,text,true,,58880,389,197,197,https://pabsa.impressicocrm.com/api/tournament?limit=12&pageNumber=1&sportType=&tournamentName=&tournamentStyle=,1986,0,0
1680594014796,2184,Get Break list ,200,,Knock_out_Thread Group 1-672,text,true,,3218,338,197,197,https://pabsa.impressicocrm.com/api/tournament/119922/players,2184,0,0
1680594014762,2224,Get Players schedule,200,,Knock_out_Thread Group 1-647,text,true,,5435,338,197,197,https://pabsa.impressicocrm.com/api/tournament/119922/matches,2224,0,0
1680594014879,2116,Get knockout players list ,200,,Knock_out_Thread Group 1-624,text,true,,4598,340,197,197,https://pabsa.impressicocrm.com/api/tournament/118871/knockouts,2116,0,0
1680594015069,1931,Get Home page country ,200,,Knock_out_Thread Group 1-758,text,true,,17255,320,197,197,https://pabsa.impressicocrm.com/api/country,1931,0,0
1680594015161,1849,Get Home page currency,200,,Knock_out_Thread Group 1-699,text,true,,9160,321,197,197,https://pabsa.impressicocrm.com/api/currency,1849,0,0
1680594014694,2319,Get Home page country ,200,,Knock_out_Thread Group 1-754,text,true,,17255,320,197,197,https://pabsa.impressicocrm.com/api/country,2319,0,0
1680594015237,1788,Get Break list ,200,,Knock_out_Thread Group 1-680,text,true,,3218,338,197,197,https://pabsa.impressicocrm.com/api/tournament/119922/players,1788,0,0
1680594014957,2076,Get Break list ,200,,Knock_out_Thread Group 1-675,text,true,,3218,338,197,197,https://pabsa.impressicocrm.com/api/tournament/119922/players,2076,0,0
1680594015086,1950,Get Break list ,200,,Knock_out_Thread Group 1-668,text,true,,3218,338,197,197,https://pabsa.impressicocrm.com/api/tournament/119922/players,1950,0,0
1680594016152,892,Home page ,200,OK,Knock_out_Thread Group 1-772,text,true,,3033,309,197,197,https://pabsa.impressicocrm.com/,892,0,719
1680594015289,1770,Get playerA_Vs_playerB,200,,Knock_out_Thread Group 1-602,text,true,,1239,341,198,198,https://pabsa.impressicocrm.com/api/tournament/matchScore/147598,1770,0,0
1680594015200,1876,Get tournament result,200,,Knock_out_Thread Group 1-575,text,true,,5441,338,197,197,https://pabsa.impressicocrm.com/api/tournament/119922/matches,1876,0,0
1680594014874,2212,Get Break list ,200,,Knock_out_Thread Group 1-646,text,true,,3218,338,197,197,https://pabsa.impressicocrm.com/api/tournament/119922/players,2212,0,0
1680594015652,1438,Home page ,200,OK,Knock_out_Thread Group 1-767,text,true,,3033,309,197,197,https://pabsa.impressicocrm.com/,1438,0,866
1680594014714,2378,Get Home page currency,200,,Knock_out_Thread Group 1-714,text,true,,9160,321,197,197,https://pabsa.impressicocrm.com/api/currency,2378,0,0
1680594014138,2954,Get tournamnent list ,200,,Knock_out_Thread Group 1-745,text,true,,58888,389,197,197,https://pabsa.impressicocrm.com/api/tournament?limit=12&pageNumber=1&sportType=&tournamentName=&tournamentStyle=,2162,0,0
1680594015293,1813,Get playerA_Vs_playerB,200,,Knock_out_Thread Group 1-610,text,true,,1239,341,197,197,https://pabsa.impressicocrm.com/api/tournament/matchScore/147598,1813,0,0
1680594015293,1821,Get Home page currency,200,,Knock_out_Thread Group 1-719,text,true,,9160,321,196,196,https://pabsa.impressicocrm.com/api/currency,1821,0,0
1680594015044,2072,Get tournament result,200,,Knock_out_Thread Group 1-617,text,true,,5441,338,196,196,https://pabsa.impressicocrm.com/api/tournament/119922/matches,2072,0,0
1680594013991,3129,Get tournament result,200,,Knock_out_Thread Group 1-618,text,true,,5441,338,196,196,https://pabsa.impressicocrm.com/api/tournament/119922/matches,3129,0,0
1680594014024,3096,Get tournamnent list ,200,,Knock_out_Thread Group 1-726,text,true,,58880,389,196,196,https://pabsa.impressicocrm.com/api/tournament?limit=12&pageNumber=1&sportType=&tournamentName=&tournamentStyle=,2041,0,0
1680594015141,1983,Get tournament result,200,,Knock_out_Thread Group 1-568,text,true,,5441,338,196,196,https://pabsa.impressicocrm.com/api/tournament/119922/matches,1983,0,0
1680594014860,2274,Get Home page currency,200,,Knock_out_Thread Group 1-707,text,true,,9160,321,196,196,https://pabsa.impressicocrm.com/api/currency,2274,0,0
1680594015286,1868,Get Players list ,200,,Knock_out_Thread Group 1-717,text,true,,3218,338,197,197,https://pabsa.impressicocrm.com/api/tournament/119922/players,1868,0,0
1680594015004,2190,Get playerA_Vs_playerB,200,,Knock_out_Thread Group 1-565,text,true,,1239,341,197,197,https://pabsa.impressicocrm.com/api/tournament/matchScore/147598,2190,0,0
1680594015426,1771,Get single knockout Player details,200,,Knock_out_Thread Group 1-583,text,true,,1210,326,196,196,https://pabsa.impressicocrm.com/api/player/110368,1771,0,0
1680594015289,1918,Get Break list ,200,,Knock_out_Thread Group 1-642,text,true,,3218,338,196,196,https://pabsa.impressicocrm.com/api/tournament/119922/players,1918,0,0
1680594015306,1901,Get Home page country ,200,,Knock_out_Thread Group 1-760,text,true,,17270,320,196,196,https://pabsa.impressicocrm.com/api/country,1901,0,0
1680594015498,1714,Get single knockout Player details,200,,Knock_out_Thread Group 1-634,text,true,,1210,326,196,196,https://pabsa.impressicocrm.com/api/player/110368,1714,0,0
1680594015309,1909,Get Players list ,200,,Knock_out_Thread Group 1-695,text,true,,3218,338,196,196,https://pabsa.impressicocrm.com/api/tournament/119922/players,1909,0,0
1680594015506,1722,Get single knockout Player details,200,,Knock_out_Thread Group 1-611,text,true,,1210,326,196,196,https://pabsa.impressicocrm.com/api/player/110368,1722,0,0
1680594014892,2339,Get Break list ,200,,Knock_out_Thread Group 1-636,text,true,,3218,338,196,196,https://pabsa.impressicocrm.com/api/tournament/119922/players,2339,0,0
1680594014570,2676,Get Players schedule,200,,Knock_out_Thread Group 1-620,text,true,,5441,338,196,196,https://pabsa.impressicocrm.com/api/tournament/119922/matches,2676,0,0
1680594016652,594,Home page ,200,OK,Knock_out_Thread Group 1-777,text,true,,3033,309,196,196,https://pabsa.impressicocrm.com/,594,0,384
1680594015226,2026,Get single knockout Player details,200,,Knock_out_Thread Group 1-598,text,true,,1210,326,197,197,https://pabsa.impressicocrm.com/api/player/110368,2026,0,0
1680594016353,908,Home page ,200,OK,Knock_out_Thread Group 1-774,text,true,,3033,309,197,197,https://pabsa.impressicocrm.com/,908,0,706
1680594013551,3728,Get Home page country ,200,,Knock_out_Thread Group 1-743,text,true,,17270,320,197,197,https://pabsa.impressicocrm.com/api/country,3728,0,0
1680594015399,1880,Get Players list ,200,,Knock_out_Thread Group 1-688,text,true,,3218,338,197,197,https://pabsa.impressicocrm.com/api/tournament/119922/players,1880,0,0
1680594013725,3562,Get tournamnent list ,200,,Knock_out_Thread Group 1-721,text,true,,58880,389,197,197,https://pabsa.impressicocrm.com/api/tournament?limit=12&pageNumber=1&sportType=&tournamentName=&tournamentStyle=,2620,0,0
1680594015286,2020,Get Players schedule,200,,Knock_out_Thread Group 1-661,text,true,,5441,338,197,197,https://pabsa.impressicocrm.com/api/tournament/119922/matches,2020,0,0
1680594014633,2673,Get Players schedule,200,,Knock_out_Thread Group 1-656,text,true,,5441,338,197,197,https://pabsa.impressicocrm.com/api/tournament/119922/matches,2673,0,0
1680594015475,1841,Get Break list ,200,,Knock_out_Thread Group 1-683,text,true,,3218,338,197,197,https://pabsa.impressicocrm.com/api/tournament/119922/players,1841,0,0
1680594015086,2232,Get Break list ,200,,Knock_out_Thread Group 1-662,text,true,,3218,338,197,197,https://pabsa.impressicocrm.com/api/tournament/119922/players,2232,0,0
1680594014966,2366,Get tournament result,200,,Knock_out_Thread Group 1-603,text,true,,5441,338,197,197,https://pabsa.impressicocrm.com/api/tournament/119922/matches,2366,0,0
1680594015454,1881,Get Home page country ,200,,Knock_out_Thread Group 1-762,text,true,,17255,320,197,197,https://pabsa.impressicocrm.com/api/country,1881,0,0
1680594015851,1487,Home page ,200,OK,Knock_out_Thread Group 1-769,text,true,,3033,309,197,197,https://pabsa.impressicocrm.com/,1487,0,1358
1680594015545,1797,Get Players list ,200,,Knock_out_Thread Group 1-690,text,true,,3218,338,197,197,https://pabsa.impressicocrm.com/api/tournament/119922/players,1797,0,0
1680594015555,1801,Get Home page country ,200,,Knock_out_Thread Group 1-763,text,true,,17270,320,198,198,https://pabsa.impressicocrm.com/api/country,1798,0,0
1680594015185,2177,Get tournament result,200,,Knock_out_Thread Group 1-588,text,true,,5435,338,198,198,https://pabsa.impressicocrm.com/api/tournament/119922/matches,2177,0,0
1680594016953,409,Home page ,200,OK,Knock_out_Thread Group 1-780,text,true,,3033,309,198,198,https://pabsa.impressicocrm.com/,409,0,308
1680594015628,1735,Get single knockout Player details,200,,Knock_out_Thread Group 1-614,text,true,,1210,326,198,198,https://pabsa.impressicocrm.com/api/player/110368,1734,0,0
1680594015542,1847,Get playerA_Vs_playerB,200,,Knock_out_Thread Group 1-578,text,true,,1239,341,198,198,https://pabsa.impressicocrm.com/api/tournament/matchScore/147598,1847,0,0
1680594015532,1858,Get knockout players list ,200,,Knock_out_Thread Group 1-637,text,true,,4598,340,197,197,https://pabsa.impressicocrm.com/api/tournament/118871/knockouts,1858,0,0
1680594015415,2014,Get Home page country ,200,,Knock_out_Thread Group 1-761,text,true,,17255,320,197,197,https://pabsa.impressicocrm.com/api/country,1970,0,0
1680594016052,1377,Home page ,200,OK,Knock_out_Thread Group 1-771,text,true,,3033,309,197,197,https://pabsa.impressicocrm.com/,1377,0,1304
1680594015289,2149,Get Players list ,200,,Knock_out_Thread Group 1-677,text,true,,3218,338,197,197,https://pabsa.impressicocrm.com/api/tournament/119922/players,2149,0,0
1680594015303,2142,Get Players schedule,200,,Knock_out_Thread Group 1-622,text,true,,5441,338,197,197,https://pabsa.impressicocrm.com/api/tournament/119922/matches,2142,0,0
1680594015230,2227,Get Home page currency,200,,Knock_out_Thread Group 1-693,text,true,,9160,321,198,198,https://pabsa.impressicocrm.com/api/currency,2227,0,0
1680594015786,1691,Get knockout players list ,200,,Knock_out_Thread Group 1-631,text,true,,4598,340,198,198,https://pabsa.impressicocrm.com/api/tournament/118871/knockouts,1691,0,0
1680594014321,3193,Get Players schedule,200,,Knock_out_Thread Group 1-641,text,true,,5441,338,198,198,https://pabsa.impressicocrm.com/api/tournament/119922/matches,3193,0,0
1680594015623,1891,Get Break list ,200,,Knock_out_Thread Group 1-658,text,true,,3218,338,198,198,https://pabsa.impressicocrm.com/api/tournament/119922/players,1891,0,0
1680594015626,1888,Get knockout players list ,200,,Knock_out_Thread Group 1-633,text,true,,4591,340,198,198,https://pabsa.impressicocrm.com/api/tournament/118871/knockouts,1888,0,0
1680594015845,1678,Get playerA_Vs_playerB,200,,Knock_out_Thread Group 1-581,text,true,,1239,341,198,198,https://pabsa.impressicocrm.com/api/tournament/matchScore/147598,1678,0,0
1680594014153,3370,Get tournamnent list ,200,,Knock_out_Thread Group 1-730,text,true,,58888,389,198,198,https://pabsa.impressicocrm.com/api/tournament?limit=12&pageNumber=1&sportType=&tournamentName=&tournamentStyle=,2288,0,0
1680594015814,1709,Get knockout players list ,200,,Knock_out_Thread Group 1-650,text,true,,4591,340,198,198,https://pabsa.impressicocrm.com/api/tournament/118871/knockouts,1709,0,0
1680594015863,1676,Get Players list ,200,,Knock_out_Thread Group 1-703,text,true,,3218,338,197,197,https://pabsa.impressicocrm.com/api/tournament/119922/players,1676,0,0
1680594015912,1635,Get Break list ,200,,Knock_out_Thread Group 1-684,text,true,,3218,338,197,197,https://pabsa.impressicocrm.com/api/tournament/119922/players,1635,0,0
1680594014210,3338,Get tournamnent list ,200,,Knock_out_Thread Group 1-728,text,true,,58880,389,197,197,https://pabsa.impressicocrm.com/api/tournament?limit=12&pageNumber=1&sportType=&tournamentName=&tournamentStyle=,2036,0,0
1680594016062,1500,Get single knockout Player details,200,,Knock_out_Thread Group 1-609,text,true,,1210,326,198,198,https://pabsa.impressicocrm.com/api/player/110368,1500,0,0
1680594016110,1459,Get single knockout Player details,200,,Knock_out_Thread Group 1-629,text,true,,1210,326,198,198,https://pabsa.impressicocrm.com/api/player/110368,1459,0,0
1680594015419,2154,Get knockout players list ,200,,Knock_out_Thread Group 1-623,text,true,,4591,340,198,198,https://pabsa.impressicocrm.com/api/tournament/118871/knockouts,2154,0,0
1680594015645,1929,Get Players schedule,200,,Knock_out_Thread Group 1-643,text,true,,5441,338,198,198,https://pabsa.impressicocrm.com/api/tournament/119922/matches,1929,0,0
1680594015960,1625,Get playerA_Vs_playerB,200,,Knock_out_Thread Group 1-591,text,true,,1239,341,198,198,https://pabsa.impressicocrm.com/api/tournament/matchScore/147598,1625,0,0
1680594015876,1715,Get Players list ,200,,Knock_out_Thread Group 1-679,text,true,,3218,338,197,197,https://pabsa.impressicocrm.com/api/tournament/119922/players,1715,0,0
1680594015399,2204,Get Players list ,200,,Knock_out_Thread Group 1-685,text,true,,3218,338,197,197,https://pabsa.impressicocrm.com/api/tournament/119922/players,2204,0,0
1680594016551,1055,Home page ,200,OK,Knock_out_Thread Group 1-776,text,true,,3033,309,197,197,https://pabsa.impressicocrm.com/,1055,0,621
1680594015782,1827,Get Home page country ,200,,Knock_out_Thread Group 1-764,text,true,,17270,320,197,197,https://pabsa.impressicocrm.com/api/country,1766,0,0
1680594015906,1703,Get Home page currency,200,,Knock_out_Thread Group 1-720,text,true,,9160,321,197,197,https://pabsa.impressicocrm.com/api/currency,1703,0,0
1680594015628,1986,Get knockout players list ,200,,Knock_out_Thread Group 1-638,text,true,,4598,340,197,197,https://pabsa.impressicocrm.com/api/tournament/118871/knockouts,1986,0,0
1680594015947,1667,Get Players list ,200,,Knock_out_Thread Group 1-678,text,true,,3218,338,197,197,https://pabsa.impressicocrm.com/api/tournament/119922/players,1667,0,0
1680594016160,1454,Get knockout players list ,200,,Knock_out_Thread Group 1-639,text,true,,4591,340,197,197,https://pabsa.impressicocrm.com/api/tournament/118871/knockouts,1454,0,0
1680594014702,2921,Get tournamnent list ,200,,Knock_out_Thread Group 1-735,text,true,,58880,389,197,197,https://pabsa.impressicocrm.com/api/tournament?limit=12&pageNumber=1&sportType=&tournamentName=&tournamentStyle=,2117,0,0
1680594014781,2842,Get tournamnent list ,200,,Knock_out_Thread Group 1-737,text,true,,58880,389,197,197,https://pabsa.impressicocrm.com/api/tournament?limit=12&pageNumber=1&sportType=&tournamentName=&tournamentStyle=,2223,0,0
1680594016029,1595,Get knockout players list ,200,,Knock_out_Thread Group 1-635,text,true,,4598,340,197,197,https://pabsa.impressicocrm.com/api/tournament/118871/knockouts,1595,0,0
1680594017253,371,Home page ,200,OK,Knock_out_Thread Group 1-783,text,true,,3033,309,197,197,https://pabsa.impressicocrm.com/,370,0,270
1680594015733,1894,Get Home page currency,200,,Knock_out_Thread Group 1-722,text,true,,9160,321,197,197,https://pabsa.impressicocrm.com/api/currency,1894,0,0
1680594015757,1870,Get Players list ,200,,Knock_out_Thread Group 1-686,text,true,,3218,338,197,197,https://pabsa.impressicocrm.com/api/tournament/119922/players,1870,0,0
1680594015399,2231,Get Players schedule,200,,Knock_out_Thread Group 1-630,text,true,,5441,338,197,197,https://pabsa.impressicocrm.com/api/tournament/119922/matches,2231,0,0
1680594016143,1494,Get tournamnent list ,200,,Knock_out_Thread Group 1-736,text,true,,58880,389,197,197,https://pabsa.impressicocrm.com/api/tournament?limit=12&pageNumber=1&sportType=&tournamentName=&tournamentStyle=,678,0,0
1680594015906,1741,Get Players list ,200,,Knock_out_Thread Group 1-694,text,true,,3218,338,197,197,https://pabsa.impressicocrm.com/api/tournament/119922/players,1741,0,0
1680594017429,250,Get Home page country ,200,,Knock_out_Thread Group 1-771,text,true,,17270,320,198,198,https://pabsa.impressicocrm.com/api/country,244,0,0
1680594016088,1594,Get Players list ,200,,Knock_out_Thread Group 1-669,text,true,,3218,338,198,198,https://pabsa.impressicocrm.com/api/tournament/119922/players,1594,0,0
1680594015960,1728,Get Break list ,200,,Knock_out_Thread Group 1-628,text,true,,3218,338,198,198,https://pabsa.impressicocrm.com/api/tournament/119922/players,1728,0,0
1680594017354,335,Home page ,200,OK,Knock_out_Thread Group 1-784,text,true,,3033,309,198,198,https://pabsa.impressicocrm.com/,334,0,261
1680594015906,1789,Get Home page currency,200,,Knock_out_Thread Group 1-712,text,true,,9160,321,198,198,https://pabsa.impressicocrm.com/api/currency,1789,0,0
1680594016751,944,Home page ,200,OK,Knock_out_Thread Group 1-778,text,true,,3033,309,198,198,https://pabsa.impressicocrm.com/,944,0,576
1680594014388,3328,Get Players list ,200,,Knock_out_Thread Group 1-655,text,true,,3218,338,198,198,https://pabsa.impressicocrm.com/api/tournament/119922/players,3328,0,0
1680594015954,1789,Get Home page country ,200,,Knock_out_Thread Group 1-757,text,true,,17270,320,198,198,https://pabsa.impressicocrm.com/api/country,1789,0,0
1680594015998,1745,Get Home page currency,200,,Knock_out_Thread Group 1-673,text,true,,9160,321,198,198,https://pabsa.impressicocrm.com/api/currency,1745,0,0
1680594016217,1526,Get single knockout Player details,200,,Knock_out_Thread Group 1-621,text,true,,1210,326,198,198,https://pabsa.impressicocrm.com/api/player/110368,1526,0,0
1680594016217,1526,Get knockout players list ,200,,Knock_out_Thread Group 1-667,text,true,,4598,340,198,198,https://pabsa.impressicocrm.com/api/tournament/118871/knockouts,1526,0,0
1680594015821,1951,Get Home page country ,200,,Knock_out_Thread Group 1-759,text,true,,17270,320,199,199,https://pabsa.impressicocrm.com/api/country,1896,0,0
1680594016217,1559,Get playerA_Vs_playerB,200,,Knock_out_Thread Group 1-576,text,true,,1239,341,199,199,https://pabsa.impressicocrm.com/api/tournament/matchScore/147598,1559,0,0
1680594016029,1753,Get Break list ,200,,Knock_out_Thread Group 1-659,text,true,,3218,338,198,198,https://pabsa.impressicocrm.com/api/tournament/119922/players,1753,0,0
1680594016150,1632,Get Break list ,200,,Knock_out_Thread Group 1-653,text,true,,3218,338,198,198,https://pabsa.impressicocrm.com/api/tournament/119922/players,1632,0,0
1680594016217,1572,Get Players list ,200,,Knock_out_Thread Group 1-709,text,true,,3218,338,198,198,https://pabsa.impressicocrm.com/api/tournament/119922/players,1572,0,0
1680594015934,1904,Get knockout players list ,200,,Knock_out_Thread Group 1-645,text,true,,4598,340,198,198,https://pabsa.impressicocrm.com/api/tournament/118871/knockouts,1904,0,0
1680594015856,1985,Get Players list ,200,,Knock_out_Thread Group 1-689,text,true,,3218,338,198,198,https://pabsa.impressicocrm.com/api/tournament/119922/players,1985,0,0
1680594017553,298,Home page ,200,OK,Knock_out_Thread Group 1-786,text,true,,3033,309,198,198,https://pabsa.impressicocrm.com/,298,0,229
1680594014366,3495,Get tournamnent list ,200,,Knock_out_Thread Group 1-731,text,true,,58865,389,199,199,https://pabsa.impressicocrm.com/api/tournament?limit=12&pageNumber=1&sportType=&tournamentName=&tournamentStyle=,2284,0,0
1680594017458,403,Home page ,200,OK,Knock_out_Thread Group 1-785,text,true,,3033,309,199,199,https://pabsa.impressicocrm.com/,403,0,221
1680594015523,2354,Get Players schedule,200,,Knock_out_Thread Group 1-657,text,true,,5441,338,199,199,https://pabsa.impressicocrm.com/api/tournament/119922/matches,2354,0,0
1680594016133,1751,Get tournament result,200,,Knock_out_Thread Group 1-589,text,true,,5441,338,199,199,https://pabsa.impressicocrm.com/api/tournament/119922/matches,1751,0,0
1680594016157,1728,Get Players schedule,200,,Knock_out_Thread Group 1-649,text,true,,5441,338,199,199,https://pabsa.impressicocrm.com/api/tournament/119922/matches,1728,0,0
1680594017153,777,Home page ,200,OK,Knock_out_Thread Group 1-782,text,true,,3033,309,199,199,https://pabsa.impressicocrm.com/,776,0,629
1680594014555,3400,Get Home page country ,200,,Knock_out_Thread Group 1-753,text,true,,17270,320,200,200,https://pabsa.impressicocrm.com/api/country,3399,0,0
1680594017053,936,Home page ,200,OK,Knock_out_Thread Group 1-781,text,true,,3033,309,200,200,https://pabsa.impressicocrm.com/,936,0,865
1680594017652,342,Home page ,200,OK,Knock_out_Thread Group 1-787,text,true,,3033,309,200,200,https://pabsa.impressicocrm.com/,341,0,266
1680594015636,2364,Get tournamnent list ,200,,Knock_out_Thread Group 1-746,text,true,,58888,389,200,200,https://pabsa.impressicocrm.com/api/tournament?limit=12&pageNumber=1&sportType=&tournamentName=&tournamentStyle=,1994,0,0
1680594016416,1585,Get Players list ,200,,Knock_out_Thread Group 1-706,text,true,,3218,338,200,200,https://pabsa.impressicocrm.com/api/tournament/119922/players,1585,0,0
1680594016498,1568,Get playerA_Vs_playerB,200,,Knock_out_Thread Group 1-585,text,true,,1239,341,201,201,https://pabsa.impressicocrm.com/api/tournament/matchScore/147598,1568,0,0
1680594016568,1501,Get single knockout Player details,200,,Knock_out_Thread Group 1-648,text,true,,1210,326,200,200,https://pabsa.impressicocrm.com/api/player/110368,1501,0,0
1680594016480,1599,Get playerA_Vs_playerB,200,,Knock_out_Thread Group 1-592,text,true,,1239,341,200,200,https://pabsa.impressicocrm.com/api/tournament/matchScore/147598,1599,0,0
1680594016568,1511,Get single knockout Player details,200,,Knock_out_Thread Group 1-627,text,true,,1210,326,200,200,https://pabsa.impressicocrm.com/api/player/110368,1511,0,0
1680594016575,1504,Get knockout players list ,200,,Knock_out_Thread Group 1-640,text,true,,4598,340,200,200,https://pabsa.impressicocrm.com/api/tournament/118871/knockouts,1504,0,0
1680594016383,1697,Get Players list ,200,,Knock_out_Thread Group 1-696,text,true,,3218,338,200,200,https://pabsa.impressicocrm.com/api/tournament/119922/players,1697,0,0
1680594015147,3012,Get tournamnent list ,200,,Knock_out_Thread Group 1-740,text,true,,58888,389,200,200,https://pabsa.impressicocrm.com/api/tournament?limit=12&pageNumber=1&sportType=&tournamentName=&tournamentStyle=,2047,0,0
1680594015212,2950,Get tournamnent list ,200,,Knock_out_Thread Group 1-733,text,true,,58888,389,200,200,https://pabsa.impressicocrm.com/api/tournament?limit=12&pageNumber=1&sportType=&tournamentName=&tournamentStyle=,2245,0,0
1680594016513,1649,Get knockout players list ,200,,Knock_out_Thread Group 1-654,text,true,,4598,340,200,200,https://pabsa.impressicocrm.com/api/tournament/118871/knockouts,1649,0,0
1680594016217,1945,Get tournament result,200,,Knock_out_Thread Group 1-607,text,true,,5441,338,200,200,https://pabsa.impressicocrm.com/api/tournament/119922/matches,1945,0,0
1680594016251,1911,Get tournament result,200,,Knock_out_Thread Group 1-604,text,true,,5441,338,200,200,https://pabsa.impressicocrm.com/api/tournament/119922/matches,1911,0,0
1680594015613,2556,Get Home page currency,200,,Knock_out_Thread Group 1-723,text,true,,9153,321,200,200,https://pabsa.impressicocrm.com/api/currency,2556,0,0
1680594016568,1601,Get Players list ,200,,Knock_out_Thread Group 1-702,text,true,,3218,338,200,200,https://pabsa.impressicocrm.com/api/tournament/119922/players,1601,0,0
1680594018080,91,Get single knockout Player details,200,,Knock_out_Thread Group 1-640,text,true,,1210,326,200,200,https://pabsa.impressicocrm.com/api/player/110368,91,0,0
1680594016619,1552,Get Players list ,200,,Knock_out_Thread Group 1-691,text,true,,3218,338,200,200,https://pabsa.impressicocrm.com/api/tournament/119922/players,1552,0,0
1680594016150,2028,Get Home page currency,200,,Knock_out_Thread Group 1-715,text,true,,9160,321,200,200,https://pabsa.impressicocrm.com/api/currency,2028,0,0
1680594016568,1627,Get Home page country ,200,,Knock_out_Thread Group 1-770,text,true,,17270,320,200,200,https://pabsa.impressicocrm.com/api/country,1627,0,0
1680594016359,1836,Get tournament result,200,,Knock_out_Thread Group 1-608,text,true,,5441,338,200,200,https://pabsa.impressicocrm.com/api/tournament/119922/matches,1836,0,0
1680594016718,1487,Get single knockout Player details,200,,Knock_out_Thread Group 1-632,text,true,,1210,326,200,200,https://pabsa.impressicocrm.com/api/player/110368,1487,0,0
1680594016674,1549,Get playerA_Vs_playerB,200,,Knock_out_Thread Group 1-619,text,true,,1239,341,200,200,https://pabsa.impressicocrm.com/api/tournament/matchScore/147598,1549,0,0
1680594017751,472,Home page ,200,OK,Knock_out_Thread Group 1-788,text,true,,3033,309,200,200,https://pabsa.impressicocrm.com/,472,0,378
1680594016451,1776,Get Home page currency,200,,Knock_out_Thread Group 1-713,text,true,,9160,321,199,199,https://pabsa.impressicocrm.com/api/currency,1776,0,0
1680594015608,2639,Get tournamnent list ,200,,Knock_out_Thread Group 1-744,text,true,,58888,389,199,199,https://pabsa.impressicocrm.com/api/tournament?limit=12&pageNumber=1&sportType=&tournamentName=&tournamentStyle=,2093,0,0
1680594014463,3790,Get Home page currency,200,,Knock_out_Thread Group 1-698,text,true,,9160,321,200,200,https://pabsa.impressicocrm.com/api/currency,3790,0,0
1680594016651,1609,Get Players list ,200,,Knock_out_Thread Group 1-704,text,true,,3218,338,200,200,https://pabsa.impressicocrm.com/api/tournament/119922/players,1609,0,0
1680594016492,1791,Get Break list ,200,,Knock_out_Thread Group 1-660,text,true,,3218,338,200,200,https://pabsa.impressicocrm.com/api/tournament/119922/players,1791,0,0
1680594016441,1842,Get Home page country ,200,,Knock_out_Thread Group 1-766,text,true,,17270,320,200,200,https://pabsa.impressicocrm.com/api/country,1842,0,0
1680594016456,1830,Get Home page country ,200,,Knock_out_Thread Group 1-768,text,true,,17270,320,200,200,https://pabsa.impressicocrm.com/api/country,1830,0,0
1680594016619,1667,Get Home page country ,200,,Knock_out_Thread Group 1-773,text,true,,17270,320,200,200,https://pabsa.impressicocrm.com/api/country,1667,0,0
1680594016706,1580,Get Players list ,200,,Knock_out_Thread Group 1-687,text,true,,3218,338,200,200,https://pabsa.impressicocrm.com/api/tournament/119922/players,1580,0,0
1680594017953,341,Home page ,200,OK,Knock_out_Thread Group 1-790,text,true,,3033,309,200,200,https://pabsa.impressicocrm.com/,340,0,238
1680594015289,3008,Get tournamnent list ,200,,Knock_out_Thread Group 1-734,text,true,,58880,389,200,200,https://pabsa.impressicocrm.com/api/tournament?limit=12&pageNumber=1&sportType=&tournamentName=&tournamentStyle=,2239,0,0
1680594014334,4013,Get tournamnent list ,200,,Knock_out_Thread Group 1-716,text,true,,58880,389,200,200,https://pabsa.impressicocrm.com/api/tournament?limit=12&pageNumber=1&sportType=&tournamentName=&tournamentStyle=,3146,0,0
1680594017853,494,Home page ,200,OK,Knock_out_Thread Group 1-789,text,true,,3033,309,200,200,https://pabsa.impressicocrm.com/,494,0,345
1680594016644,1705,Get Break list ,200,,Knock_out_Thread Group 1-711,text,true,,3218,338,200,200,https://pabsa.impressicocrm.com/api/tournament/119922/players,1705,0,0
1680594016380,1970,Get Players list ,200,,Knock_out_Thread Group 1-725,text,true,,3218,338,200,200,https://pabsa.impressicocrm.com/api/tournament/119922/players,1970,0,0
1680594016441,1924,Get knockout players list ,200,,Knock_out_Thread Group 1-625,text,true,,4598,340,201,201,https://pabsa.impressicocrm.com/api/tournament/118871/knockouts,1924,0,0
1680594016755,1612,Get playerA_Vs_playerB,200,,Knock_out_Thread Group 1-606,text,true,,1239,341,201,201,https://pabsa.impressicocrm.com/api/tournament/matchScore/147598,1612,0,0
1680594016644,1723,Get Players list ,200,,Knock_out_Thread Group 1-701,text,true,,3218,338,201,201,https://pabsa.impressicocrm.com/api/tournament/119922/players,1723,0,0
1680594016802,1588,Get Break list ,200,,Knock_out_Thread Group 1-674,text,true,,3218,338,200,200,https://pabsa.impressicocrm.com/api/tournament/119922/players,1588,0,0
1680594016530,1860,Get Players schedule,200,,Knock_out_Thread Group 1-651,text,true,,5435,338,200,200,https://pabsa.impressicocrm.com/api/tournament/119922/matches,1860,0,0
1680594016784,1614,Get Players list ,200,,Knock_out_Thread Group 1-710,text,true,,3218,338,200,200,https://pabsa.impressicocrm.com/api/tournament/119922/players,1614,0,0
1680594016634,1774,Get Players schedule,200,,Knock_out_Thread Group 1-666,text,true,,5441,338,200,200,https://pabsa.impressicocrm.com/api/tournament/119922/matches,1774,0,0
1680594016771,1648,Get Break list ,200,,Knock_out_Thread Group 1-671,text,true,,3218,338,200,200,https://pabsa.impressicocrm.com/api/tournament/119922/players,1648,0,0
1680594016814,1606,Get Home page country ,200,,Knock_out_Thread Group 1-775,text,true,,17270,320,200,200,https://pabsa.impressicocrm.com/api/country,1606,0,0
1680594016766,1674,Get Home page currency,200,,Knock_out_Thread Group 1-700,text,true,,9160,321,200,200,https://pabsa.impressicocrm.com/api/currency,1674,0,0
1680594016860,1581,Get single knockout Player details,200,,Knock_out_Thread Group 1-539,text,true,,1210,326,200,200,https://pabsa.impressicocrm.com/api/player/110368,1581,0,0
1680594013674,4770,Get tournamnent list ,200,,Knock_out_Thread Group 1-718,text,true,,58880,389,200,200,https://pabsa.impressicocrm.com/api/tournament?limit=12&pageNumber=1&sportType=&tournamentName=&tournamentStyle=,3263,0,0
1680594016828,1629,Get Break list ,200,,Knock_out_Thread Group 1-665,text,true,,3218,338,201,201,https://pabsa.impressicocrm.com/api/tournament/119922/players,1629,0,0
1680594016913,1549,Get single knockout Player details,200,,Knock_out_Thread Group 1-644,text,true,,1210,326,201,201,https://pabsa.impressicocrm.com/api/player/110368,1549,0,0
1680594016619,1861,Get Players list ,200,,Knock_out_Thread Group 1-708,text,true,,3218,338,201,201,https://pabsa.impressicocrm.com/api/tournament/119922/players,1861,0,0
1680594016771,1728,Get tournament result,200,,Knock_out_Thread Group 1-613,text,true,,5441,338,201,201,https://pabsa.impressicocrm.com/api/tournament/119922/matches,1728,0,0
1680594016641,1876,Get Players schedule,200,,Knock_out_Thread Group 1-652,text,true,,5441,338,201,201,https://pabsa.impressicocrm.com/api/tournament/119922/matches,1876,0,0
1680594016624,1893,Get Players list ,200,,Knock_out_Thread Group 1-697,text,true,,3218,338,201,201,https://pabsa.impressicocrm.com/api/tournament/119922/players,1893,0,0
1680594016530,1995,Get Home page currency,200,,Knock_out_Thread Group 1-724,text,true,,9160,321,201,201,https://pabsa.impressicocrm.com/api/currency,1995,0,0
1680594016853,1689,Get Break list ,200,,Knock_out_Thread Group 1-692,text,true,,3218,338,201,201,https://pabsa.impressicocrm.com/api/tournament/119922/players,1689,0,0
1680594016167,2388,Get Players schedule,200,,Knock_out_Thread Group 1-664,text,true,,5441,338,202,202,https://pabsa.impressicocrm.com/api/tournament/119922/matches,2388,0,0
1680594015516,3039,Get tournamnent list ,200,,Knock_out_Thread Group 1-741,text,true,,58888,389,202,202,https://pabsa.impressicocrm.com/api/tournament?limit=12&pageNumber=1&sportType=&tournamentName=&tournamentStyle=,2107,0,0
1680594016335,2249,Get tournamnent list ,200,,Knock_out_Thread Group 1-751,text,true,,58880,389,202,202,https://pabsa.impressicocrm.com/api/tournament?limit=12&pageNumber=1&sportType=&tournamentName=&tournamentStyle=,1900,0,0
1680594016853,1736,Home page ,200,OK,Knock_out_Thread Group 1-779,text,true,,3033,309,202,202,https://pabsa.impressicocrm.com/,1735,0,1639
1680594016986,1611,Get knockout players list ,200,,Knock_out_Thread Group 1-647,text,true,,4598,340,202,202,https://pabsa.impressicocrm.com/api/tournament/118871/knockouts,1611,0,0
1680594018253,345,Home page ,200,OK,Knock_out_Thread Group 1-793,text,true,,3033,309,202,202,https://pabsa.impressicocrm.com/,344,0,265
1680594014397,4203,Get tournamnent list ,200,,Knock_out_Thread Group 1-732,text,true,,58880,389,202,202,https://pabsa.impressicocrm.com/api/tournament?limit=12&pageNumber=1&sportType=&tournamentName=&tournamentStyle=,3628,0,0
1680594016101,2513,Get tournamnent list ,200,,Knock_out_Thread Group 1-748,text,true,,58865,389,202,202,https://pabsa.impressicocrm.com/api/tournament?limit=12&pageNumber=1&sportType=&tournamentName=&tournamentStyle=,1895,0,0
1680594016214,2411,Get tournamnent list ,200,,Knock_out_Thread Group 1-750,text,true,,58888,389,202,202,https://pabsa.impressicocrm.com/api/tournament?limit=12&pageNumber=1&sportType=&tournamentName=&tournamentStyle=,1862,0,0
1680594018352,281,Home page ,200,OK,Knock_out_Thread Group 1-794,text,true,,3033,309,202,202,https://pabsa.impressicocrm.com/,280,0,207
1680594016441,2194,Get playerA_Vs_playerB,200,,Knock_out_Thread Group 1-601,text,true,,1239,341,202,202,https://pabsa.impressicocrm.com/api/tournament/matchScore/147598,2194,0,0
1680594016959,1682,Get Players list ,200,,Knock_out_Thread Group 1-705,text,true,,3218,338,201,201,https://pabsa.impressicocrm.com/api/tournament/119922/players,1682,0,0
1680594016966,1682,Get Break list ,200,,Knock_out_Thread Group 1-681,text,true,,3218,338,201,201,https://pabsa.impressicocrm.com/api/tournament/119922/players,1682,0,0
1680594016995,1656,Get single knockout Player details,200,,Knock_out_Thread Group 1-624,text,true,,1210,326,201,201,https://pabsa.impressicocrm.com/api/player/110368,1656,0,0
1680594016831,1831,Get tournament result,200,,Knock_out_Thread Group 1-605,text,true,,5441,338,202,202,https://pabsa.impressicocrm.com/api/tournament/119922/matches,1831,0,0
1680594016782,1899,Get knockout players list ,200,,Knock_out_Thread Group 1-626,text,true,,4598,340,202,202,https://pabsa.impressicocrm.com/api/tournament/118871/knockouts,1899,0,0
1680594016755,1928,Get Players schedule,200,,Knock_out_Thread Group 1-682,text,true,,5441,338,202,202,https://pabsa.impressicocrm.com/api/tournament/119922/matches,1928,0,0
1680594018349,343,Get Players schedule,200,,Knock_out_Thread Group 1-711,text,true,,5441,338,202,202,https://pabsa.impressicocrm.com/api/tournament/119922/matches,343,0,0
1680594018555,182,Get knockout players list ,200,,Knock_out_Thread Group 1-664,text,true,,4598,340,202,202,https://pabsa.impressicocrm.com/api/tournament/118871/knockouts,182,0,0
1680594017010,1738,Get Players list ,200,,Knock_out_Thread Group 1-699,text,true,,3218,338,202,202,https://pabsa.impressicocrm.com/api/tournament/119922/players,1738,0,0
1680594016836,1920,Get Home page currency,200,,Knock_out_Thread Group 1-676,text,true,,9160,321,203,203,https://pabsa.impressicocrm.com/api/currency,1920,0,0
1680594016959,1822,Get Break list ,200,,Knock_out_Thread Group 1-670,text,true,,3218,338,203,203,https://pabsa.impressicocrm.com/api/tournament/119922/players,1822,0,0
1680594018052,733,Home page ,200,OK,Knock_out_Thread Group 1-791,text,true,,3033,309,203,203,https://pabsa.impressicocrm.com/,733,0,641
1680594016947,1852,Get tournament result,200,,Knock_out_Thread Group 1-616,text,true,,5441,338,203,203,https://pabsa.impressicocrm.com/api/tournament/119922/matches,1852,0,0
1680594017116,1696,Get playerA_Vs_playerB,200,,Knock_out_Thread Group 1-617,text,true,,1239,341,203,203,https://pabsa.impressicocrm.com/api/tournament/matchScore/147598,1696,0,0
1680594017076,1746,Get playerA_Vs_playerB,200,,Knock_out_Thread Group 1-575,text,true,,1239,341,202,202,https://pabsa.impressicocrm.com/api/tournament/matchScore/147598,1746,0,0
1680594018155,668,Home page ,200,OK,Knock_out_Thread Group 1-792,text,true,,3033,309,202,202,https://pabsa.impressicocrm.com/,667,0,582
1680594016851,2014,Get tournament result,200,,Knock_out_Thread Group 1-612,text,true,,5441,338,202,202,https://pabsa.impressicocrm.com/api/tournament/119922/matches,2014,0,0
1680594017120,1749,Get playerA_Vs_playerB,200,,Knock_out_Thread Group 1-618,text,true,,1239,341,202,202,https://pabsa.impressicocrm.com/api/tournament/matchScore/147598,1749,0,0
1680594017093,1776,Get Players list ,200,,Knock_out_Thread Group 1-714,text,true,,3218,338,202,202,https://pabsa.impressicocrm.com/api/tournament/119922/players,1776,0,0
1680594017125,1755,Get playerA_Vs_playerB,200,,Knock_out_Thread Group 1-568,text,true,,1239,341,201,201,https://pabsa.impressicocrm.com/api/tournament/matchScore/147598,1755,0,0
1680594017114,1773,Get Players list ,200,,Knock_out_Thread Group 1-719,text,true,,3218,338,200,200,https://pabsa.impressicocrm.com/api/tournament/119922/players,1773,0,0
1680594017155,1735,Get Break list ,200,,Knock_out_Thread Group 1-717,text,true,,3218,338,200,200,https://pabsa.impressicocrm.com/api/tournament/119922/players,1735,0,0
1680594016945,1994,Get tournament result,200,,Knock_out_Thread Group 1-524,text,true,,5441,338,200,200,https://pabsa.impressicocrm.com/api/tournament/119922/matches,1994,0,0
1680594016670,2284,Get tournamnent list ,200,,Knock_out_Thread Group 1-755,text,true,,58880,389,201,201,https://pabsa.impressicocrm.com/api/tournament?limit=12&pageNumber=1&sportType=&tournamentName=&tournamentStyle=,1813,0,0
1680594017219,1744,Get Break list ,200,,Knock_out_Thread Group 1-695,text,true,,3218,338,201,201,https://pabsa.impressicocrm.com/api/tournament/119922/players,1744,0,0
1680594017134,1844,Get Players list ,200,,Knock_out_Thread Group 1-707,text,true,,3218,338,201,201,https://pabsa.impressicocrm.com/api/tournament/119922/players,1844,0,0
1680594015453,3529,Home page ,200,OK,Knock_out_Thread Group 1-765,text,true,,3033,309,201,201,https://pabsa.impressicocrm.com/,3529,0,3369
1680594016774,2224,Get tournament result,200,,Knock_out_Thread Group 1-615,text,true,,5441,338,201,201,https://pabsa.impressicocrm.com/api/tournament/119922/matches,2224,0,0
1680594017120,1888,Get Home page currency,200,,Knock_out_Thread Group 1-726,text,true,,9160,321,201,201,https://pabsa.impressicocrm.com/api/currency,1888,0,0
1680594017086,1922,Get Players schedule,200,,Knock_out_Thread Group 1-646,text,true,,5441,338,201,201,https://pabsa.impressicocrm.com/api/tournament/119922/matches,1922,0,0
1680594017044,1964,Get Home page country ,200,,Knock_out_Thread Group 1-772,text,true,,17270,320,201,201,https://pabsa.impressicocrm.com/api/country,1964,0,0
1680594017033,1982,Get Players schedule,200,,Knock_out_Thread Group 1-675,text,true,,5441,338,201,201,https://pabsa.impressicocrm.com/api/tournament/119922/matches,1982,0,0
1680594016980,2039,Get Players schedule,200,,Knock_out_Thread Group 1-672,text,true,,5441,338,201,201,https://pabsa.impressicocrm.com/api/tournament/119922/matches,2039,0,0
1680594016255,2764,Get tournamnent list ,200,,Knock_out_Thread Group 1-729,text,true,,58888,389,201,201,https://pabsa.impressicocrm.com/api/tournament?limit=12&pageNumber=1&sportType=&tournamentName=&tournamentStyle=,2262,0,0
1680594017036,1997,Get Players schedule,200,,Knock_out_Thread Group 1-668,text,true,,5441,338,201,201,https://pabsa.impressicocrm.com/api/tournament/119922/matches,1997,0,0
1680594017306,1731,Get knockout players list ,200,,Knock_out_Thread Group 1-661,text,true,,4598,340,201,201,https://pabsa.impressicocrm.com/api/tournament/118871/knockouts,1731,0,0
1680594016975,2065,Get Home page currency,200,,Knock_out_Thread Group 1-727,text,true,,9160,321,201,201,https://pabsa.impressicocrm.com/api/currency,2065,0,0
1680594017207,1851,Get Players schedule,200,,Knock_out_Thread Group 1-642,text,true,,5441,338,202,202,https://pabsa.impressicocrm.com/api/tournament/119922/matches,1851,0,0
1680594016388,2686,Get tournamnent list ,200,,Knock_out_Thread Group 1-752,text,true,,58880,389,202,202,https://pabsa.impressicocrm.com/api/tournament?limit=12&pageNumber=1&sportType=&tournamentName=&tournamentStyle=,2038,0,0
1680594017287,1791,Get Home page currency,200,,Knock_out_Thread Group 1-721,text,true,,9160,321,202,202,https://pabsa.impressicocrm.com/api/currency,1791,0,0
1680594017306,1772,Get knockout players list ,200,,Knock_out_Thread Group 1-656,text,true,,4598,340,202,202,https://pabsa.impressicocrm.com/api/tournament/118871/knockouts,1772,0,0
1680594017091,1989,Get Home page country ,200,,Knock_out_Thread Group 1-767,text,true,,17270,320,202,202,https://pabsa.impressicocrm.com/api/country,1987,0,0
1680594016897,2209,Get tournamnent list ,200,,Knock_out_Thread Group 1-756,text,true,,58880,389,202,202,https://pabsa.impressicocrm.com/api/tournament?limit=12&pageNumber=1&sportType=&tournamentName=&tournamentStyle=,1834,0,0
1680594016214,2930,Get tournamnent list ,200,,Knock_out_Thread Group 1-739,text,true,,58880,389,202,202,https://pabsa.impressicocrm.com/api/tournament?limit=12&pageNumber=1&sportType=&tournamentName=&tournamentStyle=,1841,0,0
1680594017093,2070,Get Home page currency,200,,Knock_out_Thread Group 1-745,text,true,,9160,321,203,203,https://pabsa.impressicocrm.com/api/currency,2070,0,0
1680594018856,320,Home page ,200,OK,Knock_out_Thread Group 1-799,text,true,,3033,309,203,203,https://pabsa.impressicocrm.com/,320,0,244
1680594017332,1863,Get playerA_Vs_playerB,200,,Knock_out_Thread Group 1-603,text,true,,1239,341,203,203,https://pabsa.impressicocrm.com/api/tournament/matchScore/147598,1863,0,0
1680594015500,3695,Get tournamnent list ,200,,Knock_out_Thread Group 1-742,text,true,,58880,389,203,203,https://pabsa.impressicocrm.com/api/tournament?limit=12&pageNumber=1&sportType=&tournamentName=&tournamentStyle=,2228,0,0
1680594018753,442,Home page ,200,OK,Knock_out_Thread Group 1-798,text,true,,3033,309,203,203,https://pabsa.impressicocrm.com/,442,0,262
1680594017279,1942,Get Break list ,200,,Knock_out_Thread Group 1-688,text,true,,3218,338,202,202,https://pabsa.impressicocrm.com/api/tournament/119922/players,1942,0,0
1680594018952,281,Home page ,200,OK,Knock_out_Thread Group 1-800,text,true,,3033,309,202,202,https://pabsa.impressicocrm.com/,281,0,211
1680594017343,1894,Get Break list ,200,,Knock_out_Thread Group 1-690,text,true,,3218,338,202,202,https://pabsa.impressicocrm.com/api/tournament/119922/players,1894,0,0
1680594018552,689,Home page ,200,OK,Knock_out_Thread Group 1-796,text,true,,3033,309,202,202,https://pabsa.impressicocrm.com/,689,0,592
1680594017247,1996,Get Home page country ,200,,Knock_out_Thread Group 1-777,text,true,,17270,320,202,202,https://pabsa.impressicocrm.com/api/country,1996,0,0
1680594017212,2041,Get tournament result,200,,Knock_out_Thread Group 1-634,text,true,,5441,338,203,203,https://pabsa.impressicocrm.com/api/tournament/119922/matches,2041,0,0
1680594017391,1870,Get single knockout Player details,200,,Knock_out_Thread Group 1-637,text,true,,1210,326,203,203,https://pabsa.impressicocrm.com/api/player/110368,1870,0,0
1680594017197,2072,Get tournament result,200,,Knock_out_Thread Group 1-583,text,true,,5441,338,203,203,https://pabsa.impressicocrm.com/api/tournament/119922/matches,2072,0,0
1680594017514,1779,Get single knockout Player details,200,,Knock_out_Thread Group 1-633,text,true,,1210,326,203,203,https://pabsa.impressicocrm.com/api/player/110368,1779,0,0
1680594017445,1852,Get knockout players list ,200,,Knock_out_Thread Group 1-622,text,true,,4598,340,203,203,https://pabsa.impressicocrm.com/api/tournament/118871/knockouts,1852,0,0
1680594017362,1943,Get playerA_Vs_playerB,200,,Knock_out_Thread Group 1-588,text,true,,1239,341,203,203,https://pabsa.impressicocrm.com/api/tournament/matchScore/147598,1943,0,0
1680594017524,1781,Get single knockout Player details,200,,Knock_out_Thread Group 1-650,text,true,,1210,326,203,203,https://pabsa.impressicocrm.com/api/player/110368,1781,0,0
1680594017477,1828,Get single knockout Player details,200,,Knock_out_Thread Group 1-631,text,true,,1210,326,203,203,https://pabsa.impressicocrm.com/api/player/110368,1828,0,0
1680594017231,2079,Get Players schedule,200,,Knock_out_Thread Group 1-636,text,true,,5441,338,202,202,https://pabsa.impressicocrm.com/api/tournament/119922/matches,2079,0,0
1680594017316,2004,Get Players schedule,200,,Knock_out_Thread Group 1-683,text,true,,5441,338,202,202,https://pabsa.impressicocrm.com/api/tournament/119922/matches,2004,0,0
1680594015947,3376,Get playerA_Vs_playerB,200,,Knock_out_Thread Group 1-572,text,true,,1239,341,202,202,https://pabsa.impressicocrm.com/api/tournament/matchScore/147598,3376,0,0
1680594017228,2117,Get tournament result,200,,Knock_out_Thread Group 1-611,text,true,,5441,338,201,201,https://pabsa.impressicocrm.com/api/tournament/119922/matches,2117,0,0
1680594017252,2117,Get tournament result,200,,Knock_out_Thread Group 1-598,text,true,,5441,338,202,202,https://pabsa.impressicocrm.com/api/tournament/119922/matches,2117,0,0
1680594017573,1808,Get single knockout Player details,200,,Knock_out_Thread Group 1-623,text,true,,1210,326,202,202,https://pabsa.impressicocrm.com/api/player/110368,1808,0,0
1680594017514,1878,Get knockout players list ,200,,Knock_out_Thread Group 1-641,text,true,,4598,340,202,202,https://pabsa.impressicocrm.com/api/tournament/118871/knockouts,1878,0,0
1680594017524,1877,Get Home page currency,200,,Knock_out_Thread Group 1-730,text,true,,9160,321,202,202,https://pabsa.impressicocrm.com/api/currency,1877,0,0
1680594017624,1786,Get single knockout Player details,200,,Knock_out_Thread Group 1-635,text,true,,1210,326,202,202,https://pabsa.impressicocrm.com/api/player/110368,1786,0,0
1680594017246,2164,Get knockout players list ,200,,Knock_out_Thread Group 1-620,text,true,,4598,340,202,202,https://pabsa.impressicocrm.com/api/tournament/118871/knockouts,2164,0,0
1680594017615,1800,Get single knockout Player details,200,,Knock_out_Thread Group 1-639,text,true,,1210,326,202,202,https://pabsa.impressicocrm.com/api/player/110368,1800,0,0
1680594017540,1881,Get Break list ,200,,Knock_out_Thread Group 1-703,text,true,,3218,338,202,202,https://pabsa.impressicocrm.com/api/tournament/119922/players,1881,0,0
1680594017615,1814,Get single knockout Player details,200,,Knock_out_Thread Group 1-638,text,true,,1210,326,202,202,https://pabsa.impressicocrm.com/api/player/110368,1814,0,0
1680594016860,2578,Get tournamnent list ,200,,Knock_out_Thread Group 1-747,text,true,,58880,389,202,202,https://pabsa.impressicocrm.com/api/tournament?limit=12&pageNumber=1&sportType=&tournamentName=&tournamentStyle=,1976,0,0
1680594016388,3057,Get tournamnent list ,200,,Knock_out_Thread Group 1-749,text,true,,58880,389,202,202,https://pabsa.impressicocrm.com/api/tournament?limit=12&pageNumber=1&sportType=&tournamentName=&tournamentStyle=,2171,0,0
1680594019052,397,Home page ,200,OK,Knock_out_Thread Group 1-801,text,true,,3033,309,202,202,https://pabsa.impressicocrm.com/,397,0,293
1680594017549,1903,Get Home page currency,200,,Knock_out_Thread Group 1-728,text,true,,9160,321,203,203,https://pabsa.impressicocrm.com/api/currency,1903,0,0
1680594017262,2201,Get Home page country ,200,,Knock_out_Thread Group 1-774,text,true,,17270,320,203,203,https://pabsa.impressicocrm.com/api/country,2197,0,0
1680594016509,2960,Get tournamnent list ,200,,Knock_out_Thread Group 1-738,text,true,,58888,389,203,203,https://pabsa.impressicocrm.com/api/tournament?limit=12&pageNumber=1&sportType=&tournamentName=&tournamentStyle=,2006,0,0
1680594017592,1888,Get Break list ,200,,Knock_out_Thread Group 1-679,text,true,,3218,338,203,203,https://pabsa.impressicocrm.com/api/tournament/119922/players,1888,0,0
1680594017569,1936,Get tournament result,200,,Knock_out_Thread Group 1-629,text,true,,5441,338,203,203,https://pabsa.impressicocrm.com/api/tournament/119922/matches,1936,0,0
1680594017438,2074,Get Break list ,200,,Knock_out_Thread Group 1-677,text,true,,3218,338,203,203,https://pabsa.impressicocrm.com/api/tournament/119922/players,2074,0,0
1680594017458,2058,Get Players list ,200,,Knock_out_Thread Group 1-693,text,true,,3218,338,203,203,https://pabsa.impressicocrm.com/api/tournament/119922/players,2058,0,0
1680594017610,1910,Get Players list ,200,,Knock_out_Thread Group 1-720,text,true,,3218,338,203,203,https://pabsa.impressicocrm.com/api/tournament/119922/players,1910,0,0
1680594017627,1893,Get Players list ,200,,Knock_out_Thread Group 1-722,text,true,,3218,338,203,203,https://pabsa.impressicocrm.com/api/tournament/119922/players,1893,0,0
1680594017562,1979,Get tournament result,200,,Knock_out_Thread Group 1-609,text,true,,5441,338,203,203,https://pabsa.impressicocrm.com/api/tournament/119922/matches,1979,0,0
1680594017363,2182,Get tournament result,200,,Knock_out_Thread Group 1-614,text,true,,5441,338,203,203,https://pabsa.impressicocrm.com/api/tournament/119922/matches,2182,0,0
1680594017624,1960,Get Home page country ,200,,Knock_out_Thread Group 1-783,text,true,,17270,320,204,204,https://pabsa.impressicocrm.com/api/country,1960,0,0
1680594017637,1950,Get Home page currency,200,,Knock_out_Thread Group 1-736,text,true,,9160,321,204,204,https://pabsa.impressicocrm.com/api/currency,1950,0,0
1680594017631,1956,Get knockout players list ,200,,Knock_out_Thread Group 1-630,text,true,,4598,340,204,204,https://pabsa.impressicocrm.com/api/tournament/118871/knockouts,1956,0,0
1680594017607,2001,Get Home page country ,200,,Knock_out_Thread Group 1-776,text,true,,17255,320,204,204,https://pabsa.impressicocrm.com/api/country,1934,0,0
1680594017615,1993,Get Break list ,200,,Knock_out_Thread Group 1-678,text,true,,3218,338,204,204,https://pabsa.impressicocrm.com/api/tournament/119922/players,1993,0,0
1680594017743,1865,Get single knockout Player details,200,,Knock_out_Thread Group 1-667,text,true,,1210,326,204,204,https://pabsa.impressicocrm.com/api/player/110368,1865,0,0
1680594019253,357,Home page ,200,OK,Knock_out_Thread Group 1-803,text,true,,3033,309,204,204,https://pabsa.impressicocrm.com/,357,0,278
1680594017604,2016,Get Break list ,200,,Knock_out_Thread Group 1-685,text,true,,3218,338,204,204,https://pabsa.impressicocrm.com/api/tournament/119922/players,2016,0,0
1680594017547,2082,Get Players schedule,200,,Knock_out_Thread Group 1-684,text,true,,5441,338,204,204,https://pabsa.impressicocrm.com/api/tournament/119922/matches,2082,0,0
1680594017624,2009,Get Home page currency,200,,Knock_out_Thread Group 1-735,text,true,,9160,321,204,204,https://pabsa.impressicocrm.com/api/currency,2009,0,0
1680594017690,1950,Get Home page country ,200,,Knock_out_Thread Group 1-784,text,true,,17270,320,204,204,https://pabsa.impressicocrm.com/api/country,1950,0,0
1680594017695,1950,Get Players list ,200,,Knock_out_Thread Group 1-712,text,true,,3218,338,204,204,https://pabsa.impressicocrm.com/api/tournament/119922/players,1950,0,0
1680594017648,2000,Get Break list ,200,,Knock_out_Thread Group 1-694,text,true,,3218,338,204,204,https://pabsa.impressicocrm.com/api/tournament/119922/players,2000,0,0
1680594017682,1971,Get Break list ,200,,Knock_out_Thread Group 1-669,text,true,,3218,338,205,205,https://pabsa.impressicocrm.com/api/tournament/119922/players,1971,0,0
1680594017628,2025,Get Break list ,200,,Knock_out_Thread Group 1-686,text,true,,3218,338,205,205,https://pabsa.impressicocrm.com/api/tournament/119922/players,2025,0,0
1680594017624,2029,Get Home page currency,200,,Knock_out_Thread Group 1-737,text,true,,9160,321,205,205,https://pabsa.impressicocrm.com/api/currency,2029,0,0
1680594019352,330,Home page ,200,OK,Knock_out_Thread Group 1-804,text,true,,3033,309,205,205,https://pabsa.impressicocrm.com/,330,0,252
1680594017207,2487,Get tournamnent list ,200,,Knock_out_Thread Group 1-760,text,true,,58880,389,205,205,https://pabsa.impressicocrm.com/api/tournament?limit=12&pageNumber=1&sportType=&tournamentName=&tournamentStyle=,2171,0,0
1680594017356,2365,Get tournamnent list ,200,,Knock_out_Thread Group 1-763,text,true,,58880,389,205,205,https://pabsa.impressicocrm.com/api/tournament?limit=12&pageNumber=1&sportType=&tournamentName=&tournamentStyle=,2160,0,0
1680594019452,280,Home page ,200,OK,Knock_out_Thread Group 1-805,text,true,,3033,309,205,205,https://pabsa.impressicocrm.com/,280,0,214
1680594017695,2040,Get Home page country ,200,,Knock_out_Thread Group 1-778,text,true,,17270,320,205,205,https://pabsa.impressicocrm.com/api/country,2040,0,0
1680594017363,2372,Get Home page country ,200,,Knock_out_Thread Group 1-780,text,true,,17270,320,205,205,https://pabsa.impressicocrm.com/api/country,2372,0,0
1680594017574,2164,Get knockout players list ,200,,Knock_out_Thread Group 1-643,text,true,,4598,340,205,205,https://pabsa.impressicocrm.com/api/tournament/118871/knockouts,2164,0,0
1680594017789,1955,Get Break list ,200,,Knock_out_Thread Group 1-709,text,true,,3218,338,205,205,https://pabsa.impressicocrm.com/api/tournament/119922/players,1955,0,0
1680594017689,2058,Get Players schedule,200,,Knock_out_Thread Group 1-628,text,true,,5441,338,205,205,https://pabsa.impressicocrm.com/api/tournament/119922/matches,2058,0,0
1680594017514,2276,Get Players schedule,200,,Knock_out_Thread Group 1-658,text,true,,5441,338,206,206,https://pabsa.impressicocrm.com/api/tournament/119922/matches,2276,0,0
1680594017852,1938,Get Home page country ,200,,Knock_out_Thread Group 1-786,text,true,,17270,320,206,206,https://pabsa.impressicocrm.com/api/country,1938,0,0
1680594017862,1954,Get Home page country ,200,,Knock_out_Thread Group 1-785,text,true,,17270,320,206,206,https://pabsa.impressicocrm.com/api/country,1954,0,0
1680594017884,1940,Get playerA_Vs_playerB,200,,Knock_out_Thread Group 1-589,text,true,,1239,341,206,206,https://pabsa.impressicocrm.com/api/tournament/matchScore/147598,1940,0,0
1680594017339,2531,Get Home page country ,200,,Knock_out_Thread Group 1-769,text,true,,17270,320,206,206,https://pabsa.impressicocrm.com/api/country,2528,0,0
1680594017842,2032,Get Break list ,200,,Knock_out_Thread Group 1-689,text,true,,3218,338,206,206,https://pabsa.impressicocrm.com/api/tournament/119922/players,2032,0,0
1680594017335,2548,Get tournamnent list ,200,,Knock_out_Thread Group 1-762,text,true,,58880,389,206,206,https://pabsa.impressicocrm.com/api/tournament?limit=12&pageNumber=1&sportType=&tournamentName=&tournamentStyle=,2212,0,0
1680594017994,1892,Get Home page country ,200,,Knock_out_Thread Group 1-787,text,true,,17270,320,206,206,https://pabsa.impressicocrm.com/api/country,1889,0,0
1680594018162,1725,Get single knockout Player details,200,,Knock_out_Thread Group 1-654,text,true,,1210,326,206,206,https://pabsa.impressicocrm.com/api/player/110368,1725,0,0
1680594017743,2151,Get tournament result,200,,Knock_out_Thread Group 1-621,text,true,,5441,338,206,206,https://pabsa.impressicocrm.com/api/tournament/119922/matches,2151,0,0
1680594018001,1893,Get Break list ,200,,Knock_out_Thread Group 1-706,text,true,,3218,338,206,206,https://pabsa.impressicocrm.com/api/tournament/119922/players,1893,0,0
1680594017877,2017,Get knockout players list ,200,,Knock_out_Thread Group 1-657,text,true,,4598,340,206,206,https://pabsa.impressicocrm.com/api/tournament/118871/knockouts,2017,0,0
1680594019552,355,Home page ,200,OK,Knock_out_Thread Group 1-806,text,true,,3033,309,206,206,https://pabsa.impressicocrm.com/,355,0,267
1680594018453,1481,Home page ,200,OK,Knock_out_Thread Group 1-795,text,true,,3033,309,206,206,https://pabsa.impressicocrm.com/,1481,0,222
1680594017318,2619,Get Players schedule,200,,Knock_out_Thread Group 1-662,text,true,,5441,338,206,206,https://pabsa.impressicocrm.com/api/tournament/119922/matches,2619,0,0
1680594017930,2019,Get Home page country ,200,,Knock_out_Thread Group 1-782,text,true,,17270,320,206,206,https://pabsa.impressicocrm.com/api/country,2007,0,0
1680594018000,1949,Get Home page currency,200,,Knock_out_Thread Group 1-746,text,true,,9153,321,206,206,https://pabsa.impressicocrm.com/api/currency,1949,0,0
1680594018080,1883,Get Break list ,200,,Knock_out_Thread Group 1-696,text,true,,3218,338,207,207,https://pabsa.impressicocrm.com/api/tournament/119922/players,1883,0,0
1680594019652,314,Home page ,200,OK,Knock_out_Thread Group 1-807,text,true,,3033,309,207,207,https://pabsa.impressicocrm.com/,314,0,237
1680594018171,1800,Get Break list ,200,,Knock_out_Thread Group 1-691,text,true,,3218,338,207,207,https://pabsa.impressicocrm.com/api/tournament/119922/players,1800,0,0
1680594018069,1908,Get tournament result,200,,Knock_out_Thread Group 1-648,text,true,,5441,338,207,207,https://pabsa.impressicocrm.com/api/tournament/119922/matches,1908,0,0
1680594018162,1820,Get playerA_Vs_playerB,200,,Knock_out_Thread Group 1-607,text,true,,1239,341,207,207,https://pabsa.impressicocrm.com/api/tournament/matchScore/147598,1820,0,0
1680594018170,1835,Get Break list ,200,,Knock_out_Thread Group 1-702,text,true,,3218,338,206,206,https://pabsa.impressicocrm.com/api/tournament/119922/players,1835,0,0
1680594017000,3010,Get tournamnent list ,200,,Knock_out_Thread Group 1-758,text,true,,58880,389,206,206,https://pabsa.impressicocrm.com/api/tournament?limit=12&pageNumber=1&sportType=&tournamentName=&tournamentStyle=,1957,0,0
1680594017862,2169,Get Home page currency,200,,Knock_out_Thread Group 1-731,text,true,,9160,321,206,206,https://pabsa.impressicocrm.com/api/currency,2169,0,0
1680594018162,1872,Get playerA_Vs_playerB,200,,Knock_out_Thread Group 1-604,text,true,,1239,341,206,206,https://pabsa.impressicocrm.com/api/tournament/matchScore/147598,1872,0,0
1680594017429,2610,Get tournamnent list ,200,,Knock_out_Thread Group 1-761,text,true,,58888,389,205,205,https://pabsa.impressicocrm.com/api/tournament?limit=12&pageNumber=1&sportType=&tournamentName=&tournamentStyle=,2300,0,0
1680594018178,1883,Get Players list ,200,,Knock_out_Thread Group 1-715,text,true,,3218,338,206,206,https://pabsa.impressicocrm.com/api/tournament/119922/players,1883,0,0
1680594018195,1872,Get playerA_Vs_playerB,200,,Knock_out_Thread Group 1-608,text,true,,1239,341,206,206,https://pabsa.impressicocrm.com/api/tournament/matchScore/147598,1872,0,0
1680594016631,3439,Get Players schedule,200,,Knock_out_Thread Group 1-663,text,true,,5441,338,205,205,https://pabsa.impressicocrm.com/api/tournament/119922/matches,3439,0,0
1680594018227,1855,Get Players list ,200,,Knock_out_Thread Group 1-713,text,true,,3218,338,205,205,https://pabsa.impressicocrm.com/api/tournament/119922/players,1855,0,0
1680594018169,1915,Get Players list ,200,,Knock_out_Thread Group 1-723,text,true,,3218,338,205,205,https://pabsa.impressicocrm.com/api/tournament/119922/players,1915,0,0
1680594017782,2305,Get Players schedule,200,,Knock_out_Thread Group 1-653,text,true,,5441,338,205,205,https://pabsa.impressicocrm.com/api/tournament/119922/matches,2305,0,0
1680594017743,2364,Get Players list ,200,,Knock_out_Thread Group 1-673,text,true,,3218,338,205,205,https://pabsa.impressicocrm.com/api/tournament/119922/players,2364,0,0
1680594018162,1959,Get Home page currency,200,,Knock_out_Thread Group 1-733,text,true,,9160,321,205,205,https://pabsa.impressicocrm.com/api/currency,1959,0,0
1680594019753,378,Home page ,200,OK,Knock_out_Thread Group 1-808,text,true,,3033,309,205,205,https://pabsa.impressicocrm.com/,378,0,309
1680594017990,2180,Get Home page country ,200,,Knock_out_Thread Group 1-781,text,true,,17270,320,206,206,https://pabsa.impressicocrm.com/api/country,2175,0,0
1680594017279,2891,Get tournamnent list ,200,,Knock_out_Thread Group 1-743,text,true,,58880,389,206,206,https://pabsa.impressicocrm.com/api/tournament?limit=12&pageNumber=1&sportType=&tournamentName=&tournamentStyle=,2226,0,0
1680594018287,1890,Get Break list ,200,,Knock_out_Thread Group 1-687,text,true,,3218,338,206,206,https://pabsa.impressicocrm.com/api/tournament/119922/players,1890,0,0
1680594018247,1930,Get Home page currency,200,,Knock_out_Thread Group 1-744,text,true,,9160,321,206,206,https://pabsa.impressicocrm.com/api/currency,1930,0,0
1680594018294,1883,Get Home page country ,200,,Knock_out_Thread Group 1-790,text,true,,17270,320,206,206,https://pabsa.impressicocrm.com/api/country,1883,0,0
1680594018653,1534,Home page ,200,OK,Knock_out_Thread Group 1-797,text,true,,3033,309,206,206,https://pabsa.impressicocrm.com/,1534,0,1417
1680594018223,1977,Get Home page country ,200,,Knock_out_Thread Group 1-788,text,true,,17270,320,206,206,https://pabsa.impressicocrm.com/api/country,1976,0,0
1680594018253,1960,Get Players list ,200,,Knock_out_Thread Group 1-698,text,true,,3218,338,206,206,https://pabsa.impressicocrm.com/api/tournament/119922/players,1960,0,0
1680594017782,2437,Get Players schedule,200,,Knock_out_Thread Group 1-659,text,true,,5441,338,206,206,https://pabsa.impressicocrm.com/api/tournament/119922/matches,2437,0,0
1680594017885,2334,Get knockout players list ,200,,Knock_out_Thread Group 1-649,text,true,,4598,340,206,206,https://pabsa.impressicocrm.com/api/tournament/118871/knockouts,2334,0,0
1680594018365,1887,Get single knockout Player details,200,,Knock_out_Thread Group 1-625,text,true,,1210,326,206,206,https://pabsa.impressicocrm.com/api/player/110368,1887,0,0
1680594016903,3349,Get playerA_Vs_playerB,200,,Knock_out_Thread Group 1-560,text,true,,1239,341,206,206,https://pabsa.impressicocrm.com/api/tournament/matchScore/147598,3349,0,0
1680594018350,1915,Get Break list ,200,,Knock_out_Thread Group 1-725,text,true,,3218,338,206,206,https://pabsa.impressicocrm.com/api/tournament/119922/players,1915,0,0
1680594017839,2451,Get single knockout Player details,200,,Knock_out_Thread Group 1-645,text,true,,1210,326,206,206,https://pabsa.impressicocrm.com/api/player/110368,2451,0,0
1680594017717,2591,Get Break list ,200,,Knock_out_Thread Group 1-655,text,true,,3218,338,206,206,https://pabsa.impressicocrm.com/api/tournament/119922/players,2591,0,0
1680594018409,1923,Get knockout players list ,200,,Knock_out_Thread Group 1-666,text,true,,4598,340,206,206,https://pabsa.impressicocrm.com/api/tournament/118871/knockouts,1923,0,0
1680594019856,509,Home page ,200,OK,Knock_out_Thread Group 1-809,text,true,,3033,309,207,207,https://pabsa.impressicocrm.com/,509,0,262
1680594018298,2079,Get Home page currency,200,,Knock_out_Thread Group 1-734,text,true,,9160,321,207,207,https://pabsa.impressicocrm.com/api/currency,2078,0,0
1680594018390,1987,Get knockout players list ,200,,Knock_out_Thread Group 1-651,text,true,,4598,340,207,207,https://pabsa.impressicocrm.com/api/tournament/118871/knockouts,1986,0,0
1680594018398,1986,Get Break list ,200,,Knock_out_Thread Group 1-710,text,true,,3218,338,207,207,https://pabsa.impressicocrm.com/api/tournament/119922/players,1986,0,0
1680594018171,2226,Get tournament result,200,,Knock_out_Thread Group 1-640,text,true,,5441,338,207,207,https://pabsa.impressicocrm.com/api/tournament/119922/matches,2226,0,0
1680594018390,2025,Get Players schedule,200,,Knock_out_Thread Group 1-674,text,true,,5435,338,207,207,https://pabsa.impressicocrm.com/api/tournament/119922/matches,2025,0,0
1680594018347,2073,Get Home page currency,200,,Knock_out_Thread Group 1-716,text,true,,9160,321,207,207,https://pabsa.impressicocrm.com/api/currency,2073,0,0
1680594018518,1912,Get knockout players list ,200,,Knock_out_Thread Group 1-652,text,true,,4591,340,207,207,https://pabsa.impressicocrm.com/api/tournament/118871/knockouts,1912,0,0
1680594020052,419,Home page ,200,OK,Knock_out_Thread Group 1-811,text,true,,3033,309,208,208,https://pabsa.impressicocrm.com/,419,0,351
1680594018598,1882,Get single knockout Player details,200,,Knock_out_Thread Group 1-647,text,true,,1210,326,208,208,https://pabsa.impressicocrm.com/api/player/110368,1882,0,0
1680594018499,1992,Get playerA_Vs_playerB,200,,Knock_out_Thread Group 1-613,text,true,,1239,341,208,208,https://pabsa.impressicocrm.com/api/tournament/matchScore/147598,1992,0,0
1680594018419,2094,Get Players schedule,200,,Knock_out_Thread Group 1-671,text,true,,5441,338,207,207,https://pabsa.impressicocrm.com/api/tournament/119922/matches,2094,0,0
1680594018347,2215,Get Home page country ,200,,Knock_out_Thread Group 1-789,text,true,,17270,320,208,208,https://pabsa.impressicocrm.com/api/country,2215,0,0
1680594018681,1881,Get single knockout Player details,200,,Knock_out_Thread Group 1-626,text,true,,1210,326,208,208,https://pabsa.impressicocrm.com/api/player/110368,1881,0,0
1680594018283,2280,Get Players schedule,200,,Knock_out_Thread Group 1-660,text,true,,5441,338,208,208,https://pabsa.impressicocrm.com/api/tournament/119922/matches,2279,0,0
1680594018555,2022,Get Home page currency,200,,Knock_out_Thread Group 1-741,text,true,,9153,321,208,208,https://pabsa.impressicocrm.com/api/currency,2022,0,0
1680594018598,1979,Get Home page country ,200,,Knock_out_Thread Group 1-793,text,true,,17270,320,208,208,https://pabsa.impressicocrm.com/api/country,1979,0,0
1680594019154,1423,Home page ,200,OK,Knock_out_Thread Group 1-802,text,true,,3033,309,208,208,https://pabsa.impressicocrm.com/,1423,0,1290
1680594018080,2540,Get tournament result,200,,Knock_out_Thread Group 1-627,text,true,,5441,338,208,208,https://pabsa.impressicocrm.com/api/tournament/119922/matches,2540,0,0
1680594018440,2180,Get Players list ,200,,Knock_out_Thread Group 1-700,text,true,,3218,338,208,208,https://pabsa.impressicocrm.com/api/tournament/119922/players,2180,0,0
1680594018525,2108,Get Players list ,200,,Knock_out_Thread Group 1-724,text,true,,3218,338,208,208,https://pabsa.impressicocrm.com/api/tournament/119922/players,2108,0,0
1680594018518,2121,Get Break list ,200,,Knock_out_Thread Group 1-697,text,true,,3218,338,208,208,https://pabsa.impressicocrm.com/api/tournament/119922/players,2121,0,0
1680594018749,1932,Get Break list ,200,,Knock_out_Thread Group 1-699,text,true,,3218,338,209,209,https://pabsa.impressicocrm.com/api/tournament/119922/players,1932,0,0
1680594018756,1925,Get Players list ,200,,Knock_out_Thread Group 1-676,text,true,,3218,338,209,209,https://pabsa.impressicocrm.com/api/tournament/119922/players,1925,0,0
1680594018633,2050,Get Home page country ,200,,Knock_out_Thread Group 1-794,text,true,,17270,320,209,209,https://pabsa.impressicocrm.com/api/country,2050,0,0
1680594018799,1893,Get playerA_Vs_playerB,200,,Knock_out_Thread Group 1-616,text,true,,1239,341,209,209,https://pabsa.impressicocrm.com/api/tournament/matchScore/147598,1893,0,0
1680594018865,1829,Get playerA_Vs_playerB,200,,Knock_out_Thread Group 1-612,text,true,,1239,341,208,208,https://pabsa.impressicocrm.com/api/tournament/matchScore/147598,1829,0,0
1680594018869,1844,Get Break list ,200,,Knock_out_Thread Group 1-714,text,true,,3218,338,207,207,https://pabsa.impressicocrm.com/api/tournament/119922/players,1844,0,0
1680594019952,762,Home page ,200,OK,Knock_out_Thread Group 1-810,text,true,,3033,309,207,207,https://pabsa.impressicocrm.com/,761,0,305
1680594018589,2140,Get Home page country ,200,,Knock_out_Thread Group 1-779,text,true,,17270,320,207,207,https://pabsa.impressicocrm.com/api/country,2137,0,0
1680594018458,2274,Get Players schedule,200,,Knock_out_Thread Group 1-665,text,true,,5441,338,207,207,https://pabsa.impressicocrm.com/api/tournament/119922/matches,2274,0,0
1680594017013,3719,Get tournamnent list ,200,,Knock_out_Thread Group 1-754,text,true,,58880,389,207,207,https://pabsa.impressicocrm.com/api/tournament?limit=12&pageNumber=1&sportType=&tournamentName=&tournamentStyle=,2024,0,0
1680594018887,1848,Get Break list ,200,,Knock_out_Thread Group 1-719,text,true,,3218,338,207,207,https://pabsa.impressicocrm.com/api/tournament/119922/players,1848,0,0
1680594018823,1920,Get Home page country ,200,,Knock_out_Thread Group 1-792,text,true,,17270,320,207,207,https://pabsa.impressicocrm.com/api/country,1915,0,0
1680594018955,1816,Get Home page currency,200,,Knock_out_Thread Group 1-755,text,true,,9160,321,208,208,https://pabsa.impressicocrm.com/api/currency,1816,0,0
1680594018979,1800,Get Break list ,200,,Knock_out_Thread Group 1-707,text,true,,3218,338,208,208,https://pabsa.impressicocrm.com/api/tournament/119922/players,1800,0,0
1680594019078,1713,Get single knockout Player details,200,,Knock_out_Thread Group 1-656,text,true,,1210,326,208,208,https://pabsa.impressicocrm.com/api/player/110368,1713,0,0
1680594018998,1804,Get playerA_Vs_playerB,200,,Knock_out_Thread Group 1-615,text,true,,1239,341,208,208,https://pabsa.impressicocrm.com/api/tournament/matchScore/147598,1804,0,0
1680594019058,1744,Get knockout players list ,200,,Knock_out_Thread Group 1-642,text,true,,4598,340,208,208,https://pabsa.impressicocrm.com/api/tournament/118871/knockouts,1744,0,0
1680594018463,2352,Get tournament result,200,,Knock_out_Thread Group 1-644,text,true,,5441,338,207,207,https://pabsa.impressicocrm.com/api/tournament/119922/matches,2352,0,0
1680594018781,2038,Get Players schedule,200,,Knock_out_Thread Group 1-670,text,true,,5435,338,207,207,https://pabsa.impressicocrm.com/api/tournament/119922/matches,2038,0,0
1680594018444,2385,Get Home page currency,200,,Knock_out_Thread Group 1-718,text,true,,9160,321,207,207,https://pabsa.impressicocrm.com/api/currency,2385,0,0
1680594018737,2123,Get single knockout Player details,200,,Knock_out_Thread Group 1-664,text,true,,1210,326,208,208,https://pabsa.impressicocrm.com/api/player/110368,2123,0,0
1680594019033,1827,Get knockout players list ,200,,Knock_out_Thread Group 1-668,text,true,,4598,340,208,208,https://pabsa.impressicocrm.com/api/tournament/118871/knockouts,1827,0,0
1680594019078,1796,Get Players list ,200,,Knock_out_Thread Group 1-721,text,true,,3218,338,208,208,https://pabsa.impressicocrm.com/api/tournament/119922/players,1796,0,0
1680594019040,1838,Get Players list ,200,,Knock_out_Thread Group 1-727,text,true,,3218,338,208,208,https://pabsa.impressicocrm.com/api/tournament/119922/players,1838,0,0
1680594018693,2198,Get knockout players list ,200,,Knock_out_Thread Group 1-711,text,true,,4598,340,208,208,https://pabsa.impressicocrm.com/api/tournament/118871/knockouts,2198,0,0
1680594018663,2232,Get playerA_Vs_playerB,200,,Knock_out_Thread Group 1-605,text,true,,1239,341,208,208,https://pabsa.impressicocrm.com/api/tournament/matchScore/147598,2232,0,0
1680594019019,1879,Get knockout players list ,200,,Knock_out_Thread Group 1-672,text,true,,4598,340,207,207,https://pabsa.impressicocrm.com/api/tournament/118871/knockouts,1879,0,0
1680594019008,1902,Get knockout players list ,200,,Knock_out_Thread Group 1-646,text,true,,4598,340,207,207,https://pabsa.impressicocrm.com/api/tournament/118871/knockouts,1902,0,0
1680594019254,1666,Get playerA_Vs_playerB,200,,Knock_out_Thread Group 1-634,text,true,,1239,341,207,207,https://pabsa.impressicocrm.com/api/tournament/matchScore/147598,1666,0,0
1680594019015,1905,Get knockout players list ,200,,Knock_out_Thread Group 1-675,text,true,,4598,340,207,207,https://pabsa.impressicocrm.com/api/tournament/118871/knockouts,1905,0,0
1680594019234,1711,Get Home page country ,200,,Knock_out_Thread Group 1-800,text,true,,17255,320,206,206,https://pabsa.impressicocrm.com/api/country,1711,0,0
1680594018648,2297,Get Players schedule,200,,Knock_out_Thread Group 1-681,text,true,,5441,338,206,206,https://pabsa.impressicocrm.com/api/tournament/119922/matches,2297,0,0
1680594018441,2514,Get tournament result,200,,Knock_out_Thread Group 1-539,text,true,,5441,338,207,207,https://pabsa.impressicocrm.com/api/tournament/119922/matches,2514,0,0
1680594019020,2014,Get Home page currency,200,,Knock_out_Thread Group 1-729,text,true,,9160,321,207,207,https://pabsa.impressicocrm.com/api/currency,2014,0,0
1680594018940,2099,Get playerA_Vs_playerB,200,,Knock_out_Thread Group 1-524,text,true,,1239,341,207,207,https://pabsa.impressicocrm.com/api/tournament/matchScore/147598,2099,0,0
1680594019393,1656,Get single knockout Player details,200,,Knock_out_Thread Group 1-641,text,true,,1210,326,206,206,https://pabsa.impressicocrm.com/api/player/110368,1656,0,0
1680594019038,2016,Get single knockout Player details,200,,Knock_out_Thread Group 1-661,text,true,,1210,326,207,207,https://pabsa.impressicocrm.com/api/player/110368,2016,0,0
1680594017025,4036,Get Players schedule,200,,Knock_out_Thread Group 1-680,text,true,,5441,338,207,207,https://pabsa.impressicocrm.com/api/tournament/119922/matches,4036,0,0
1680594018963,2098,Get Players schedule,200,,Knock_out_Thread Group 1-695,text,true,,5441,338,207,207,https://pabsa.impressicocrm.com/api/tournament/119922/matches,2098,0,0
1680594019195,1873,Get Home page country ,200,,Knock_out_Thread Group 1-798,text,true,,17255,320,207,207,https://pabsa.impressicocrm.com/api/country,1873,0,0
1680594019411,1663,Get single knockout Player details,200,,Knock_out_Thread Group 1-620,text,true,,1210,326,207,207,https://pabsa.impressicocrm.com/api/player/110368,1663,0,0
1680594019369,1705,Get playerA_Vs_playerB,200,,Knock_out_Thread Group 1-598,text,true,,1239,341,207,207,https://pabsa.impressicocrm.com/api/tournament/matchScore/147598,1705,0,0
1680594019346,1731,Get playerA_Vs_playerB,200,,Knock_out_Thread Group 1-611,text,true,,1239,341,206,206,https://pabsa.impressicocrm.com/api/tournament/matchScore/147598,1731,0,0
1680594018367,2718,Get Break list ,200,,Knock_out_Thread Group 1-701,text,true,,3218,338,205,205,https://pabsa.impressicocrm.com/api/tournament/119922/players,2718,0,0
1680594020253,845,Home page ,200,OK,Knock_out_Thread Group 1-813,text,true,,3033,309,205,205,https://pabsa.impressicocrm.com/,845,0,310
1680594017610,3501,Get tournamnent list ,200,,Knock_out_Thread Group 1-764,text,true,,58880,389,205,205,https://pabsa.impressicocrm.com/api/tournament?limit=12&pageNumber=1&sportType=&tournamentName=&tournamentStyle=,2339,0,0
1680594018601,2515,Get Home page currency,200,,Knock_out_Thread Group 1-732,text,true,,9160,321,205,205,https://pabsa.impressicocrm.com/api/currency,2515,0,0
1680594019074,2058,Get Home page currency,200,,Knock_out_Thread Group 1-752,text,true,,9160,321,205,205,https://pabsa.impressicocrm.com/api/currency,2058,0,0
1680594018786,2351,Get Home page country ,200,,Knock_out_Thread Group 1-791,text,true,,17270,320,205,205,https://pabsa.impressicocrm.com/api/country,2351,0,0
1680594019008,2148,Get Players list ,200,,Knock_out_Thread Group 1-726,text,true,,3218,338,206,206,https://pabsa.impressicocrm.com/api/tournament/119922/players,2148,0,0
1680594019401,1767,Get Players list ,200,,Knock_out_Thread Group 1-730,text,true,,3218,338,206,206,https://pabsa.impressicocrm.com/api/tournament/119922/players,1767,0,0
1680594019305,1881,Get tournament result,200,,Knock_out_Thread Group 1-631,text,true,,5441,338,206,206,https://pabsa.impressicocrm.com/api/tournament/119922/matches,1881,0,0
1680594018260,2931,Get Break list ,200,,Knock_out_Thread Group 1-704,text,true,,3218,338,206,206,https://pabsa.impressicocrm.com/api/tournament/119922/players,2931,0,0
1680594019321,1880,Get knockout players list ,200,,Knock_out_Thread Group 1-683,text,true,,4598,340,206,206,https://pabsa.impressicocrm.com/api/tournament/118871/knockouts,1880,0,0
1680594019311,1894,Get knockout players list ,200,,Knock_out_Thread Group 1-636,text,true,,4598,340,206,206,https://pabsa.impressicocrm.com/api/tournament/118871/knockouts,1894,0,0
1680594020852,361,Home page ,200,OK,Knock_out_Thread Group 1-819,text,true,,3033,309,206,206,https://pabsa.impressicocrm.com/,361,0,271
1680594019163,2124,Get Players list ,200,,Knock_out_Thread Group 1-745,text,true,,3218,338,207,207,https://pabsa.impressicocrm.com/api/tournament/119922/players,2124,0,0
1680594020452,839,Home page ,200,OK,Knock_out_Thread Group 1-815,text,true,,3033,309,207,207,https://pabsa.impressicocrm.com/,839,0,764
1680594021169,143,Get Break list ,200,,Knock_out_Thread Group 1-730,text,true,,3218,338,207,207,https://pabsa.impressicocrm.com/api/tournament/119922/players,143,0,0
1680594019293,2071,Get tournament result,200,,Knock_out_Thread Group 1-633,text,true,,5441,338,208,208,https://pabsa.impressicocrm.com/api/tournament/119922/matches,2071,0,0
1680594019411,1954,Get tournament result,200,,Knock_out_Thread Group 1-635,text,true,,5441,338,208,208,https://pabsa.impressicocrm.com/api/tournament/119922/matches,1954,0,0
1680594019446,1926,Get Home page currency,200,,Knock_out_Thread Group 1-749,text,true,,9160,321,208,208,https://pabsa.impressicocrm.com/api/currency,1926,0,0
1680594017955,3417,Get tournamnent list ,200,,Knock_out_Thread Group 1-753,text,true,,58880,389,208,208,https://pabsa.impressicocrm.com/api/tournament?limit=12&pageNumber=1&sportType=&tournamentName=&tournamentStyle=,2163,0,0
1680594019305,2074,Get tournament result,200,,Knock_out_Thread Group 1-650,text,true,,5441,338,208,208,https://pabsa.impressicocrm.com/api/tournament/119922/matches,2074,0,0
1680594019222,2157,Get Players schedule,200,,Knock_out_Thread Group 1-688,text,true,,5441,338,208,208,https://pabsa.impressicocrm.com/api/tournament/119922/matches,2157,0,0
1680594018206,3178,Get tournament result,200,,Knock_out_Thread Group 1-632,text,true,,5441,338,208,208,https://pabsa.impressicocrm.com/api/tournament/119922/matches,3178,0,0
1680594019520,1869,Get Break list ,200,,Knock_out_Thread Group 1-722,text,true,,3218,338,208,208,https://pabsa.impressicocrm.com/api/tournament/119922/players,1869,0,0
1680594018890,2540,Get Players schedule,200,,Knock_out_Thread Group 1-717,text,true,,5441,338,208,208,https://pabsa.impressicocrm.com/api/tournament/119922/matches,2540,0,0
1680594019588,1856,Get Players list ,200,,Knock_out_Thread Group 1-736,text,true,,3218,338,208,208,https://pabsa.impressicocrm.com/api/tournament/119922/players,1856,0,0
1680594019243,2207,Get Home page country ,200,,Knock_out_Thread Group 1-796,text,true,,17270,320,208,208,https://pabsa.impressicocrm.com/api/country,1802,0,0
1680594019633,1835,Get Players list ,200,,Knock_out_Thread Group 1-735,text,true,,3218,338,209,209,https://pabsa.impressicocrm.com/api/tournament/119922/players,1835,0,0
1680594019269,2231,Get playerA_Vs_playerB,200,,Knock_out_Thread Group 1-583,text,true,,1239,341,209,209,https://pabsa.impressicocrm.com/api/tournament/matchScore/147598,2231,0,0
1680594019450,2050,Get Home page country ,200,,Knock_out_Thread Group 1-801,text,true,,17255,320,209,209,https://pabsa.impressicocrm.com/api/country,2050,0,0
1680594019429,2084,Get tournament result,200,,Knock_out_Thread Group 1-638,text,true,,5441,338,208,208,https://pabsa.impressicocrm.com/api/tournament/119922/matches,2084,0,0
1680594019416,2104,Get tournament result,200,,Knock_out_Thread Group 1-639,text,true,,5441,338,208,208,https://pabsa.impressicocrm.com/api/tournament/119922/matches,2104,0,0
1680594018983,2553,Get Home page country ,200,,Knock_out_Thread Group 1-765,text,true,,17270,320,208,208,https://pabsa.impressicocrm.com/api/country,2472,0,0
1680594019645,1895,Get Break list ,200,,Knock_out_Thread Group 1-712,text,true,,3218,338,208,208,https://pabsa.impressicocrm.com/api/tournament/119922/players,1895,0,0
1680594019610,1942,Get Home page country ,200,,Knock_out_Thread Group 1-803,text,true,,17270,320,209,209,https://pabsa.impressicocrm.com/api/country,1941,0,0
1680594019452,2108,Get Players list ,200,,Knock_out_Thread Group 1-728,text,true,,3218,338,209,209,https://pabsa.impressicocrm.com/api/tournament/119922/players,2108,0,0
1680594018542,3022,Get Players schedule,200,,Knock_out_Thread Group 1-692,text,true,,5441,338,209,209,https://pabsa.impressicocrm.com/api/tournament/119922/matches,3022,0,0
1680594019608,1959,Get tournament result,200,,Knock_out_Thread Group 1-667,text,true,,5441,338,209,209,https://pabsa.impressicocrm.com/api/tournament/119922/matches,1959,0,0
1680594019297,2275,Get single knockout Player details,200,,Knock_out_Thread Group 1-622,text,true,,1210,326,209,209,https://pabsa.impressicocrm.com/api/player/110368,2275,0,0
1680594019421,2151,Get Players schedule,200,,Knock_out_Thread Group 1-703,text,true,,5435,338,209,209,https://pabsa.impressicocrm.com/api/tournament/119922/matches,2151,0,0
1680594019505,2091,Get playerA_Vs_playerB,200,,Knock_out_Thread Group 1-629,text,true,,1239,341,209,209,https://pabsa.impressicocrm.com/api/tournament/matchScore/147598,2091,0,0
1680594018684,2912,Get knockout players list ,200,,Knock_out_Thread Group 1-682,text,true,,4591,340,209,209,https://pabsa.impressicocrm.com/api/tournament/118871/knockouts,2912,0,0
1680594019739,1903,Get single knockout Player details,200,,Knock_out_Thread Group 1-643,text,true,,1210,326,208,208,https://pabsa.impressicocrm.com/api/player/110368,1903,0,0
1680594020652,990,Home page ,200,OK,Knock_out_Thread Group 1-817,text,true,,3033,309,208,208,https://pabsa.impressicocrm.com/,990,0,285
1680594019588,2060,Get single knockout Player details,200,,Knock_out_Thread Group 1-630,text,true,,1210,326,208,208,https://pabsa.impressicocrm.com/api/player/110368,2060,0,0
1680594019747,1901,Get knockout players list ,200,,Knock_out_Thread Group 1-628,text,true,,4598,340,208,208,https://pabsa.impressicocrm.com/api/tournament/118871/knockouts,1901,0,0
1680594019654,1994,Get Players list ,200,,Knock_out_Thread Group 1-737,text,true,,3218,338,208,208,https://pabsa.impressicocrm.com/api/tournament/119922/players,1994,0,0
1680594019237,2424,Get Players schedule,200,,Knock_out_Thread Group 1-690,text,true,,5441,338,209,209,https://pabsa.impressicocrm.com/api/tournament/119922/matches,2424,0,0
1680594019608,2057,Get Players schedule,200,,Knock_out_Thread Group 1-678,text,true,,5441,338,209,209,https://pabsa.impressicocrm.com/api/tournament/119922/matches,2057,0,0
1680594019545,2150,Get playerA_Vs_playerB,200,,Knock_out_Thread Group 1-614,text,true,,1239,341,209,209,https://pabsa.impressicocrm.com/api/tournament/matchScore/147598,2150,0,0
1680594019542,2153,Get playerA_Vs_playerB,200,,Knock_out_Thread Group 1-609,text,true,,1239,341,209,209,https://pabsa.impressicocrm.com/api/tournament/matchScore/147598,2153,0,0
1680594018480,3222,Get Break list ,200,,Knock_out_Thread Group 1-708,text,true,,3218,338,207,207,https://pabsa.impressicocrm.com/api/tournament/119922/players,3222,0,0
1680594021568,144,Get playerA_Vs_playerB,200,,Knock_out_Thread Group 1-667,text,true,,1239,341,207,207,https://pabsa.impressicocrm.com/api/tournament/matchScore/147598,144,0,0
1680594019694,2018,Get Home page currency,200,,Knock_out_Thread Group 1-760,text,true,,9160,321,207,207,https://pabsa.impressicocrm.com/api/currency,2018,0,0
1680594019654,2058,Get Players schedule,200,,Knock_out_Thread Group 1-686,text,true,,5435,338,207,207,https://pabsa.impressicocrm.com/api/tournament/119922/matches,2058,0,0
1680594019682,2064,Get Home page country ,200,,Knock_out_Thread Group 1-804,text,true,,17270,320,206,206,https://pabsa.impressicocrm.com/api/country,2064,0,0
1680594019654,2104,Get Players schedule,200,,Knock_out_Thread Group 1-669,text,true,,5441,338,207,207,https://pabsa.impressicocrm.com/api/tournament/119922/matches,2104,0,0
1680594021253,508,Home page ,200,OK,Knock_out_Thread Group 1-823,text,true,,3033,309,207,207,https://pabsa.impressicocrm.com/,508,0,284
1680594020952,816,Home page ,200,OK,Knock_out_Thread Group 1-820,text,true,,3033,309,207,207,https://pabsa.impressicocrm.com/,816,0,594
1680594021352,436,Home page ,200,OK,Knock_out_Thread Group 1-824,text,true,,3033,309,207,207,https://pabsa.impressicocrm.com/,436,0,248
1680594018641,3158,Get Break list ,200,,Knock_out_Thread Group 1-705,text,true,,3218,338,207,207,https://pabsa.impressicocrm.com/api/tournament/119922/players,3158,0,0
1680594019144,2708,Get Home page currency,200,,Knock_out_Thread Group 1-739,text,true,,9160,321,208,208,https://pabsa.impressicocrm.com/api/currency,2708,0,0
1680594019884,1973,Get Home page currency,200,,Knock_out_Thread Group 1-762,text,true,,9153,321,208,208,https://pabsa.impressicocrm.com/api/currency,1973,0,0
1680594018584,3309,Get Home page currency,200,,Knock_out_Thread Group 1-751,text,true,,9160,321,208,208,https://pabsa.impressicocrm.com/api/currency,3309,0,0
1680594021152,749,Home page ,200,OK,Knock_out_Thread Group 1-822,text,true,,3033,309,208,208,https://pabsa.impressicocrm.com/,749,0,613
1680594019895,2008,Get playerA_Vs_playerB,200,,Knock_out_Thread Group 1-621,text,true,,1239,341,208,208,https://pabsa.impressicocrm.com/api/tournament/matchScore/147598,2008,0,0
1680594019381,2529,Get tournament result,200,,Knock_out_Thread Group 1-623,text,true,,5441,338,207,207,https://pabsa.impressicocrm.com/api/tournament/119922/matches,2529,0,0
1680594019895,2018,Get single knockout Player details,200,,Knock_out_Thread Group 1-657,text,true,,1210,326,207,207,https://pabsa.impressicocrm.com/api/player/110368,2018,0,0
1680594018615,3309,Get Home page currency,200,,Knock_out_Thread Group 1-748,text,true,,9160,321,207,207,https://pabsa.impressicocrm.com/api/currency,3309,0,0
1680594017772,4152,Get tournamnent list ,200,,Knock_out_Thread Group 1-759,text,true,,58880,389,207,207,https://pabsa.impressicocrm.com/api/tournament?limit=12&pageNumber=1&sportType=&tournamentName=&tournamentStyle=,2640,0,0
1680594019195,2810,Get Home page currency,200,,Knock_out_Thread Group 1-742,text,true,,9160,321,208,208,https://pabsa.impressicocrm.com/api/currency,2810,0,0
1680594019176,2843,Get Home page country ,200,,Knock_out_Thread Group 1-799,text,true,,17270,320,208,208,https://pabsa.impressicocrm.com/api/country,2843,0,0
1680594018287,3741,Get tournamnent list ,200,,Knock_out_Thread Group 1-773,text,true,,58888,389,208,208,https://pabsa.impressicocrm.com/api/tournament?limit=12&pageNumber=1&sportType=&tournamentName=&tournamentStyle=,2275,0,0
1680594021052,999,Home page ,200,OK,Knock_out_Thread Group 1-821,text,true,,3033,309,208,208,https://pabsa.impressicocrm.com/,999,0,619
1680594019512,2541,Get Players schedule,200,,Knock_out_Thread Group 1-677,text,true,,5435,338,209,209,https://pabsa.impressicocrm.com/api/tournament/119922/matches,2541,0,0
1680594020553,1500,Home page ,200,OK,Knock_out_Thread Group 1-816,text,true,,3033,309,209,209,https://pabsa.impressicocrm.com/,1500,0,1308
1680594019937,2123,Get knockout players list ,200,,Knock_out_Thread Group 1-662,text,true,,4598,340,209,209,https://pabsa.impressicocrm.com/api/tournament/118871/knockouts,2123,0,0
1680594020087,1982,Get knockout players list ,200,,Knock_out_Thread Group 1-653,text,true,,4598,340,209,209,https://pabsa.impressicocrm.com/api/tournament/118871/knockouts,1982,0,0
1680594020083,1989,Get Break list ,200,,Knock_out_Thread Group 1-713,text,true,,3218,338,209,209,https://pabsa.impressicocrm.com/api/tournament/119922/players,1989,0,0
1680594018159,3957,Get Home page currency,200,,Knock_out_Thread Group 1-740,text,true,,9160,321,209,209,https://pabsa.impressicocrm.com/api/currency,3957,0,0
1680594020752,1365,Home page ,200,OK,Knock_out_Thread Group 1-818,text,true,,3033,309,209,209,https://pabsa.impressicocrm.com/,1364,0,1276
1680594020062,2075,Get Break list ,200,,Knock_out_Thread Group 1-715,text,true,,3218,338,209,209,https://pabsa.impressicocrm.com/api/tournament/119922/players,2075,0,0
1680594019733,2407,Get Home page country ,200,,Knock_out_Thread Group 1-805,text,true,,17270,320,209,209,https://pabsa.impressicocrm.com/api/country,2050,0,0
1680594019262,2878,Get tournament result,200,,Knock_out_Thread Group 1-637,text,true,,5441,338,209,209,https://pabsa.impressicocrm.com/api/tournament/119922/matches,2878,0,0
1680594020031,2109,Get Players list ,200,,Knock_out_Thread Group 1-731,text,true,,3218,338,209,209,https://pabsa.impressicocrm.com/api/tournament/119922/players,2109,0,0
1680594020121,2027,Get Players list ,200,,Knock_out_Thread Group 1-733,text,true,,3218,338,209,209,https://pabsa.impressicocrm.com/api/tournament/119922/players,2027,0,0
1680594019620,2530,Get Players schedule,200,,Knock_out_Thread Group 1-685,text,true,,5441,338,209,209,https://pabsa.impressicocrm.com/api/tournament/119922/matches,2530,0,0
1680594020219,1942,Get single knockout Player details,200,,Knock_out_Thread Group 1-649,text,true,,1210,326,210,210,https://pabsa.impressicocrm.com/api/player/110368,1942,0,0
1680594019649,2525,Get Players schedule,200,,Knock_out_Thread Group 1-694,text,true,,5441,338,210,210,https://pabsa.impressicocrm.com/api/tournament/119922/matches,2525,0,0
1680594019934,2263,Get Home page country ,200,,Knock_out_Thread Group 1-795,text,true,,17270,320,210,210,https://pabsa.impressicocrm.com/api/country,2263,0,0
1680594019517,2685,Get Break list ,200,,Knock_out_Thread Group 1-693,text,true,,3218,338,210,210,https://pabsa.impressicocrm.com/api/tournament/119922/players,2685,0,0
1680594019949,2260,Get Players list ,200,,Knock_out_Thread Group 1-746,text,true,,3218,338,210,210,https://pabsa.impressicocrm.com/api/tournament/119922/players,2260,0,0
1680594019963,2250,Get Players schedule,200,,Knock_out_Thread Group 1-696,text,true,,5441,338,210,210,https://pabsa.impressicocrm.com/api/tournament/119922/matches,2250,0,0
1680594020177,2051,Get Players list ,200,,Knock_out_Thread Group 1-744,text,true,,3218,338,210,210,https://pabsa.impressicocrm.com/api/tournament/119922/players,2051,0,0
1680594020353,1875,Home page ,200,OK,Knock_out_Thread Group 1-814,text,true,,3033,309,210,210,https://pabsa.impressicocrm.com/,1875,0,581
1680594020006,2228,Get Players schedule,200,,Knock_out_Thread Group 1-702,text,true,,5441,338,210,210,https://pabsa.impressicocrm.com/api/tournament/119922/matches,2228,0,0
1680594020213,2028,Get Break list ,200,,Knock_out_Thread Group 1-698,text,true,,3218,338,210,210,https://pabsa.impressicocrm.com/api/tournament/119922/players,2028,0,0
1680594019721,2528,Get Home page currency,200,,Knock_out_Thread Group 1-763,text,true,,9160,321,210,210,https://pabsa.impressicocrm.com/api/currency,2528,0,0
1680594020332,1921,Get single knockout Player details,200,,Knock_out_Thread Group 1-666,text,true,,1210,326,211,211,https://pabsa.impressicocrm.com/api/player/110368,1921,0,0
1680594020107,2169,Get Break list ,200,,Knock_out_Thread Group 1-673,text,true,,3218,338,211,211,https://pabsa.impressicocrm.com/api/tournament/119922/players,2169,0,0
1680594019971,2338,Get Players schedule,200,,Knock_out_Thread Group 1-691,text,true,,5441,338,211,211,https://pabsa.impressicocrm.com/api/tournament/119922/matches,2338,0,0
1680594019744,2568,Get Players schedule,200,,Knock_out_Thread Group 1-709,text,true,,5435,338,211,211,https://pabsa.impressicocrm.com/api/tournament/119922/matches,2568,0,0
1680594020377,1947,Get single knockout Player details,200,,Knock_out_Thread Group 1-651,text,true,,1210,326,211,211,https://pabsa.impressicocrm.com/api/player/110368,1947,0,0
1680594019874,2491,Get Players schedule,200,,Knock_out_Thread Group 1-689,text,true,,5441,338,212,212,https://pabsa.impressicocrm.com/api/tournament/119922/matches,2491,0,0
1680594020397,1971,Get playerA_Vs_playerB,200,,Knock_out_Thread Group 1-640,text,true,,1239,341,212,212,https://pabsa.impressicocrm.com/api/tournament/matchScore/147598,1971,0,0
1680594020431,1937,Get single knockout Player details,200,,Knock_out_Thread Group 1-652,text,true,,1210,326,212,212,https://pabsa.impressicocrm.com/api/player/110368,1937,0,0
1680594020416,1962,Get knockout players list ,200,,Knock_out_Thread Group 1-674,text,true,,4598,340,211,211,https://pabsa.impressicocrm.com/api/tournament/118871/knockouts,1962,0,0
1680594020514,1881,Get knockout players list ,200,,Knock_out_Thread Group 1-671,text,true,,4598,340,211,211,https://pabsa.impressicocrm.com/api/tournament/118871/knockouts,1881,0,0
1680594020070,2327,Get knockout players list ,200,,Knock_out_Thread Group 1-663,text,true,,4598,340,211,211,https://pabsa.impressicocrm.com/api/tournament/118871/knockouts,2327,0,0
1680594020265,2150,Get Players schedule,200,,Knock_out_Thread Group 1-725,text,true,,5441,338,211,211,https://pabsa.impressicocrm.com/api/tournament/119922/matches,2150,0,0
1680594021752,686,Home page ,200,OK,Knock_out_Thread Group 1-828,text,true,,3033,309,211,211,https://pabsa.impressicocrm.com/,685,0,235
1680594020188,2257,Get Home page country ,200,,Knock_out_Thread Group 1-797,text,true,,17255,320,211,211,https://pabsa.impressicocrm.com/api/country,2257,0,0
1680594020177,2310,Get Players schedule,200,,Knock_out_Thread Group 1-687,text,true,,5441,338,212,212,https://pabsa.impressicocrm.com/api/tournament/119922/matches,2310,0,0
1680594020421,2073,Get Players list ,200,,Knock_out_Thread Group 1-716,text,true,,3218,338,212,212,https://pabsa.impressicocrm.com/api/tournament/119922/players,2073,0,0
1680594020620,1877,Get playerA_Vs_playerB,200,,Knock_out_Thread Group 1-627,text,true,,1239,341,212,212,https://pabsa.impressicocrm.com/api/tournament/matchScore/147598,1877,0,0
1680594020563,1942,Get knockout players list ,200,,Knock_out_Thread Group 1-660,text,true,,4598,340,211,211,https://pabsa.impressicocrm.com/api/tournament/118871/knockouts,1942,0,0
1680594020290,2219,Get tournament result,200,,Knock_out_Thread Group 1-645,text,true,,5441,338,211,211,https://pabsa.impressicocrm.com/api/tournament/119922/matches,2219,0,0
1680594019967,2549,Get Home page country ,200,,Knock_out_Thread Group 1-807,text,true,,17270,320,211,211,https://pabsa.impressicocrm.com/api/country,2547,0,0
1680594020131,2390,Get Home page country ,200,,Knock_out_Thread Group 1-808,text,true,,17270,320,211,211,https://pabsa.impressicocrm.com/api/country,2339,0,0
1680594019469,3052,Get Home page currency,200,,Knock_out_Thread Group 1-738,text,true,,9160,321,211,211,https://pabsa.impressicocrm.com/api/currency,3052,0,0
1680594019978,2586,Get playerA_Vs_playerB,200,,Knock_out_Thread Group 1-648,text,true,,1239,341,212,212,https://pabsa.impressicocrm.com/api/tournament/matchScore/147598,2586,0,0
1680594020621,1979,Get Break list ,200,,Knock_out_Thread Group 1-700,text,true,,3218,338,211,211,https://pabsa.impressicocrm.com/api/tournament/119922/players,1979,0,0
1680594021953,650,Home page ,200,OK,Knock_out_Thread Group 1-830,text,true,,3033,309,211,211,https://pabsa.impressicocrm.com/,650,0,582
1680594020681,1938,Get Break list ,200,,Knock_out_Thread Group 1-676,text,true,,3218,338,211,211,https://pabsa.impressicocrm.com/api/tournament/119922/players,1938,0,0
1680594019520,3116,Get Break list ,200,,Knock_out_Thread Group 1-720,text,true,,3218,338,211,211,https://pabsa.impressicocrm.com/api/tournament/119922/players,3116,0,0
1680594020152,2493,Home page ,200,OK,Knock_out_Thread Group 1-812,text,true,,3033,309,211,211,https://pabsa.impressicocrm.com/,2493,0,1742
1680594020578,2072,Get Home page country ,200,,Knock_out_Thread Group 1-802,text,true,,17255,320,211,211,https://pabsa.impressicocrm.com/api/country,2018,0,0
1680594020252,2398,Get tournament result,200,,Knock_out_Thread Group 1-625,text,true,,5435,338,211,211,https://pabsa.impressicocrm.com/api/tournament/119922/matches,2398,0,0
1680594020040,2621,Get Home page currency,200,,Knock_out_Thread Group 1-761,text,true,,9160,321,212,212,https://pabsa.impressicocrm.com/api/currency,2621,0,0
1680594017743,4923,Get tournamnent list ,200,,Knock_out_Thread Group 1-757,text,true,,58888,389,212,212,https://pabsa.impressicocrm.com/api/tournament?limit=12&pageNumber=1&sportType=&tournamentName=&tournamentStyle=,2378,0,0
1680594020308,2367,Get Players schedule,200,,Knock_out_Thread Group 1-655,text,true,,5435,338,212,212,https://pabsa.impressicocrm.com/api/tournament/119922/matches,2367,0,0
1680594020633,2042,Get Break list ,200,,Knock_out_Thread Group 1-724,text,true,,3218,338,212,212,https://pabsa.impressicocrm.com/api/tournament/119922/players,2042,0,0
1680594019629,3052,Get knockout players list ,200,,Knock_out_Thread Group 1-684,text,true,,4598,340,212,212,https://pabsa.impressicocrm.com/api/tournament/118871/knockouts,3052,0,0
1680594022453,269,Home page ,200,OK,Knock_out_Thread Group 1-835,text,true,,3033,309,212,212,https://pabsa.impressicocrm.com/,269,0,208
1680594020085,2639,Get Break list ,200,,Knock_out_Thread Group 1-723,text,true,,3218,338,212,212,https://pabsa.impressicocrm.com/api/tournament/119922/players,2639,0,0
1680594020714,2030,Get Home page country ,200,,Knock_out_Thread Group 1-810,text,true,,17255,320,212,212,https://pabsa.impressicocrm.com/api/country,2030,0,0
1680594019895,2867,Get Players schedule,200,,Knock_out_Thread Group 1-706,text,true,,5435,338,213,213,https://pabsa.impressicocrm.com/api/tournament/119922/matches,2867,0,0
1680594020802,1965,Get single knockout Player details,200,,Knock_out_Thread Group 1-642,text,true,,1210,326,213,213,https://pabsa.impressicocrm.com/api/player/110368,1965,0,0
1680594020732,2035,Get knockout players list ,200,,Knock_out_Thread Group 1-665,text,true,,4598,340,213,213,https://pabsa.impressicocrm.com/api/tournament/118871/knockouts,2035,0,0
1680594020577,2197,Get Players list ,200,,Knock_out_Thread Group 1-741,text,true,,3218,338,213,213,https://pabsa.impressicocrm.com/api/tournament/119922/players,2197,0,0
1680594020365,2434,Get Home page country ,200,,Knock_out_Thread Group 1-809,text,true,,17255,320,213,213,https://pabsa.impressicocrm.com/api/country,2359,0,0
1680594020771,2029,Get Players list ,200,,Knock_out_Thread Group 1-755,text,true,,3218,338,213,213,https://pabsa.impressicocrm.com/api/tournament/119922/players,2029,0,0
1680594020816,2004,Get playerA_Vs_playerB,200,,Knock_out_Thread Group 1-644,text,true,,1239,341,213,213,https://pabsa.impressicocrm.com/api/tournament/matchScore/147598,2004,0,0
1680594020860,1975,Get single knockout Player details,200,,Knock_out_Thread Group 1-668,text,true,,1210,326,212,212,https://pabsa.impressicocrm.com/api/player/110368,1975,0,0
1680594020377,2470,Get Players list ,200,,Knock_out_Thread Group 1-734,text,true,,3218,338,212,212,https://pabsa.impressicocrm.com/api/tournament/119922/players,2470,0,0
1680594020920,1952,Get single knockout Player details,200,,Knock_out_Thread Group 1-675,text,true,,1210,326,213,213,https://pabsa.impressicocrm.com/api/player/110368,1952,0,0
1680594020898,1978,Get single knockout Player details,200,,Knock_out_Thread Group 1-672,text,true,,1210,326,213,213,https://pabsa.impressicocrm.com/api/player/110368,1978,0,0
1680594020819,2057,Get knockout players list ,200,,Knock_out_Thread Group 1-670,text,true,,4598,340,213,213,https://pabsa.impressicocrm.com/api/tournament/118871/knockouts,2057,0,0
1680594020736,2143,Get Players schedule,200,,Knock_out_Thread Group 1-719,text,true,,5441,338,213,213,https://pabsa.impressicocrm.com/api/tournament/119922/matches,2143,0,0
1680594020563,2341,Get tournament result,200,,Knock_out_Thread Group 1-626,text,true,,5441,338,213,213,https://pabsa.impressicocrm.com/api/tournament/119922/matches,2341,0,0
1680594019791,3119,Get tournamnent list ,200,,Knock_out_Thread Group 1-786,text,true,,58880,389,213,213,https://pabsa.impressicocrm.com/api/tournament?limit=12&pageNumber=1&sportType=&tournamentName=&tournamentStyle=,2113,0,0
1680594020471,2468,Get Home page country ,200,,Knock_out_Thread Group 1-811,text,true,,17270,320,213,213,https://pabsa.impressicocrm.com/api/country,2468,0,0
1680594022253,686,Home page ,200,OK,Knock_out_Thread Group 1-833,text,true,,3033,309,213,213,https://pabsa.impressicocrm.com/,686,0,261
1680594022652,296,Home page ,200,OK,Knock_out_Thread Group 1-837,text,true,,3033,309,213,213,https://pabsa.impressicocrm.com/,296,0,218
1680594020956,1996,Get playerA_Vs_playerB,200,,Knock_out_Thread Group 1-539,text,true,,1239,341,213,213,https://pabsa.impressicocrm.com/api/tournament/matchScore/147598,1995,0,0
1680594020384,2574,Get Players schedule,200,,Knock_out_Thread Group 1-710,text,true,,5441,338,213,213,https://pabsa.impressicocrm.com/api/tournament/119922/matches,2574,0,0
1680594022879,79,Get knockout players list ,200,,Knock_out_Thread Group 1-719,text,true,,4598,340,213,213,https://pabsa.impressicocrm.com/api/tournament/118871/knockouts,79,0,0
1680594021034,1959,Get Players list ,200,,Knock_out_Thread Group 1-729,text,true,,3218,338,213,213,https://pabsa.impressicocrm.com/api/tournament/119922/players,1959,0,0
1680594021061,1948,Get knockout players list ,200,,Knock_out_Thread Group 1-680,text,true,,4598,340,213,213,https://pabsa.impressicocrm.com/api/tournament/118871/knockouts,1948,0,0
1680594020480,2533,Get tournament result,200,,Knock_out_Thread Group 1-647,text,true,,5441,338,213,213,https://pabsa.impressicocrm.com/api/tournament/119922/matches,2533,0,0
1680594020875,2142,Get Break list ,200,,Knock_out_Thread Group 1-721,text,true,,3218,338,213,213,https://pabsa.impressicocrm.com/api/tournament/119922/players,2142,0,0
1680594021111,1930,Get Home page currency,200,,Knock_out_Thread Group 1-764,text,true,,9160,321,213,213,https://pabsa.impressicocrm.com/api/currency,1930,0,0
1680594020946,2099,Get knockout players list ,200,,Knock_out_Thread Group 1-681,text,true,,4598,340,213,213,https://pabsa.impressicocrm.com/api/tournament/118871/knockouts,2099,0,0
1680594021157,1898,Get Break list ,200,,Knock_out_Thread Group 1-726,text,true,,3218,338,214,214,https://pabsa.impressicocrm.com/api/tournament/119922/players,1898,0,0
1680594021202,1873,Get single knockout Player details,200,,Knock_out_Thread Group 1-683,text,true,,1210,326,214,214,https://pabsa.impressicocrm.com/api/player/110368,1873,0,0
1680594020714,2382,Get Players schedule,200,,Knock_out_Thread Group 1-714,text,true,,5441,338,214,214,https://pabsa.impressicocrm.com/api/tournament/119922/matches,2382,0,0
1680594019908,3215,Get Home page country ,200,,Knock_out_Thread Group 1-806,text,true,,17270,320,214,214,https://pabsa.impressicocrm.com/api/country,3211,0,0
1680594020891,2245,Get single knockout Player details,200,,Knock_out_Thread Group 1-711,text,true,,1210,326,214,214,https://pabsa.impressicocrm.com/api/player/110368,2245,0,0
1680594020911,2225,Get single knockout Player details,200,,Knock_out_Thread Group 1-646,text,true,,1210,326,214,214,https://pabsa.impressicocrm.com/api/player/110368,2225,0,0
1680594019584,3558,Get tournamnent list ,200,,Knock_out_Thread Group 1-783,text,true,,58880,389,214,214,https://pabsa.impressicocrm.com/api/tournament?limit=12&pageNumber=1&sportType=&tournamentName=&tournamentStyle=,2262,0,0
1680594019887,3256,Get tournament result,200,,Knock_out_Thread Group 1-654,text,true,,5441,338,214,214,https://pabsa.impressicocrm.com/api/tournament/119922/matches,3256,0,0
1680594022353,800,Home page ,200,OK,Knock_out_Thread Group 1-834,text,true,,3033,309,215,215,https://pabsa.impressicocrm.com/,799,0,595
1680594021552,1636,Home page ,200,OK,Knock_out_Thread Group 1-826,text,true,,3033,309,215,215,https://pabsa.impressicocrm.com/,1636,0,1557
1680594018420,4782,Get tournamnent list ,200,,Knock_out_Thread Group 1-775,text,true,,58880,389,215,215,https://pabsa.impressicocrm.com/api/tournament?limit=12&pageNumber=1&sportType=&tournamentName=&tournamentStyle=,2736,0,0
1680594021852,1354,Home page ,200,OK,Knock_out_Thread Group 1-829,text,true,,3033,309,215,215,https://pabsa.impressicocrm.com/,1354,0,852
1680594021116,2101,Get Players list ,200,,Knock_out_Thread Group 1-732,text,true,,3218,338,215,215,https://pabsa.impressicocrm.com/api/tournament/119922/players,2101,0,0
1680594022155,1081,Home page ,200,OK,Knock_out_Thread Group 1-832,text,true,,3033,309,215,215,https://pabsa.impressicocrm.com/,1081,0,527
1680594021372,1881,Get Home page currency,200,,Knock_out_Thread Group 1-753,text,true,,9160,321,216,216,https://pabsa.impressicocrm.com/api/currency,1881,0,0
1680594021365,1892,Get playerA_Vs_playerB,200,,Knock_out_Thread Group 1-633,text,true,,1239,341,216,216,https://pabsa.impressicocrm.com/api/tournament/matchScore/147598,1892,0,0
1680594021430,1849,Get knockout players list ,200,,Knock_out_Thread Group 1-717,text,true,,4598,340,215,215,https://pabsa.impressicocrm.com/api/tournament/118871/knockouts,1849,0,0
1680594020779,2502,Get Players schedule,200,,Knock_out_Thread Group 1-707,text,true,,5435,338,215,215,https://pabsa.impressicocrm.com/api/tournament/119922/matches,2502,0,0
1680594021444,1837,Get Break list ,200,,Knock_out_Thread Group 1-736,text,true,,3218,338,215,215,https://pabsa.impressicocrm.com/api/tournament/119922/players,1837,0,0
1680594021372,1909,Get Players list ,200,,Knock_out_Thread Group 1-749,text,true,,3218,338,215,215,https://pabsa.impressicocrm.com/api/tournament/119922/players,1909,0,0
1680594021385,1904,Get playerA_Vs_playerB,200,,Knock_out_Thread Group 1-632,text,true,,1239,341,215,215,https://pabsa.impressicocrm.com/api/tournament/matchScore/147598,1904,0,0
1680594021049,2240,Get tournament result,200,,Knock_out_Thread Group 1-641,text,true,,5441,338,215,215,https://pabsa.impressicocrm.com/api/tournament/119922/matches,2240,0,0
1680594020639,2658,Get Players schedule,200,,Knock_out_Thread Group 1-697,text,true,,5441,338,214,214,https://pabsa.impressicocrm.com/api/tournament/119922/matches,2658,0,0
1680594021054,2243,Get tournament result,200,,Knock_out_Thread Group 1-661,text,true,,5441,338,214,214,https://pabsa.impressicocrm.com/api/tournament/119922/matches,2243,0,0
1680594021099,2225,Get Home page country ,200,,Knock_out_Thread Group 1-813,text,true,,17270,320,214,214,https://pabsa.impressicocrm.com/api/country,2225,0,0
1680594021213,2116,Get Home page country ,200,,Knock_out_Thread Group 1-819,text,true,,17270,320,214,214,https://pabsa.impressicocrm.com/api/country,2116,0,0
1680594021468,1864,Get Break list ,200,,Knock_out_Thread Group 1-735,text,true,,3218,338,214,214,https://pabsa.impressicocrm.com/api/tournament/119922/players,1864,0,0
1680594020829,2503,Get Players list ,200,,Knock_out_Thread Group 1-718,text,true,,3218,338,214,214,https://pabsa.impressicocrm.com/api/tournament/119922/players,2503,0,0
1680594017679,5668,Get tournamnent list ,200,,Knock_out_Thread Group 1-771,text,true,,58880,389,214,214,https://pabsa.impressicocrm.com/api/tournament?limit=12&pageNumber=1&sportType=&tournamentName=&tournamentStyle=,2364,0,0
1680594021514,1851,Get playerA_Vs_playerB,200,,Knock_out_Thread Group 1-638,text,true,,1239,341,215,215,https://pabsa.impressicocrm.com/api/tournament/matchScore/147598,1851,0,0
1680594020177,3202,Get tournamnent list ,200,,Knock_out_Thread Group 1-790,text,true,,58880,389,214,214,https://pabsa.impressicocrm.com/api/tournament?limit=12&pageNumber=1&sportType=&tournamentName=&tournamentStyle=,2260,0,0
1680594021520,1862,Get playerA_Vs_playerB,200,,Knock_out_Thread Group 1-639,text,true,,1239,341,214,214,https://pabsa.impressicocrm.com/api/tournament/matchScore/147598,1862,0,0
1680594019816,3576,Get tournamnent list ,200,,Knock_out_Thread Group 1-785,text,true,,58888,389,213,213,https://pabsa.impressicocrm.com/api/tournament?limit=12&pageNumber=1&sportType=&tournamentName=&tournamentStyle=,2324,0,0
1680594021596,1807,Get single knockout Player details,200,,Knock_out_Thread Group 1-682,text,true,,1210,326,213,213,https://pabsa.impressicocrm.com/api/player/110368,1807,0,0
1680594021186,2217,Get playerA_Vs_playerB,200,,Knock_out_Thread Group 1-631,text,true,,1239,341,213,213,https://pabsa.impressicocrm.com/api/tournament/matchScore/147598,2217,0,0
1680594021206,2205,Get single knockout Player details,200,,Knock_out_Thread Group 1-636,text,true,,1210,326,212,212,https://pabsa.impressicocrm.com/api/player/110368,2205,0,0
1680594018651,4767,Get tournament result,200,,Knock_out_Thread Group 1-624,text,true,,5435,338,212,212,https://pabsa.impressicocrm.com/api/tournament/119922/matches,4767,0,0
1680594021649,1771,Get single knockout Player details,200,,Knock_out_Thread Group 1-628,text,true,,1210,326,212,212,https://pabsa.impressicocrm.com/api/player/110368,1771,0,0
1680594020219,3201,Get knockout players list ,200,,Knock_out_Thread Group 1-659,text,true,,4591,340,212,212,https://pabsa.impressicocrm.com/api/tournament/118871/knockouts,3201,0,0
1680594019791,3643,Get knockout players list ,200,,Knock_out_Thread Group 1-658,text,true,,4598,340,212,212,https://pabsa.impressicocrm.com/api/tournament/118871/knockouts,3643,0,0
1680594019735,3703,Get tournamnent list ,200,,Knock_out_Thread Group 1-778,text,true,,58880,389,212,212,https://pabsa.impressicocrm.com/api/tournament?limit=12&pageNumber=1&sportType=&tournamentName=&tournamentStyle=,2447,0,0
1680594021365,2085,Get playerA_Vs_playerB,200,,Knock_out_Thread Group 1-635,text,true,,1239,341,212,212,https://pabsa.impressicocrm.com/api/tournament/matchScore/147598,2085,0,0
1680594021074,2376,Get tournament result,200,,Knock_out_Thread Group 1-620,text,true,,5441,338,212,212,https://pabsa.impressicocrm.com/api/tournament/119922/matches,2376,0,0
1680594022053,1403,Home page ,200,OK,Knock_out_Thread Group 1-831,text,true,,3033,309,212,212,https://pabsa.impressicocrm.com/,1402,0,1273
1680594020171,3291,Get Home page currency,200,,Knock_out_Thread Group 1-743,text,true,,9160,321,212,212,https://pabsa.impressicocrm.com/api/currency,3291,0,0
1680594022553,909,Home page ,200,OK,Knock_out_Thread Group 1-836,text,true,,3033,309,212,212,https://pabsa.impressicocrm.com/,909,0,784
1680594020791,2690,Get tournament result,200,,Knock_out_Thread Group 1-656,text,true,,5435,338,212,212,https://pabsa.impressicocrm.com/api/tournament/119922/matches,2690,0,0
1680594020879,2646,Get Break list ,200,,Knock_out_Thread Group 1-727,text,true,,3218,338,212,212,https://pabsa.impressicocrm.com/api/tournament/119922/players,2646,0,0
1680594020011,3527,Get Home page currency,200,,Knock_out_Thread Group 1-758,text,true,,9160,321,212,212,https://pabsa.impressicocrm.com/api/currency,3527,0,0
1680594018195,5354,Get tournamnent list ,200,,Knock_out_Thread Group 1-770,text,true,,58888,389,212,212,https://pabsa.impressicocrm.com/api/tournament?limit=12&pageNumber=1&sportType=&tournamentName=&tournamentStyle=,2522,0,0
1680594021379,2171,Get playerA_Vs_playerB,200,,Knock_out_Thread Group 1-650,text,true,,1239,341,212,212,https://pabsa.impressicocrm.com/api/tournament/matchScore/147598,2171,0,0
1680594023420,133,Get single knockout Player details,200,,Knock_out_Thread Group 1-659,text,true,,1210,326,211,211,https://pabsa.impressicocrm.com/api/player/110368,133,0,0
1680594022752,835,Home page ,200,OK,Knock_out_Thread Group 1-838,text,true,,3033,309,212,212,https://pabsa.impressicocrm.com/,835,0,757
1680594021564,2029,Get knockout players list ,200,,Knock_out_Thread Group 1-692,text,true,,4591,340,212,212,https://pabsa.impressicocrm.com/api/tournament/118871/knockouts,2029,0,0
1680594021712,1890,Get knockout players list ,200,,Knock_out_Thread Group 1-686,text,true,,4598,340,212,212,https://pabsa.impressicocrm.com/api/tournament/118871/knockouts,1890,0,0
1680594020681,2951,Get Players schedule,200,,Knock_out_Thread Group 1-699,text,true,,5441,338,212,212,https://pabsa.impressicocrm.com/api/tournament/119922/matches,2951,0,0
1680594021133,2512,Get Players list ,200,,Knock_out_Thread Group 1-752,text,true,,3218,338,212,212,https://pabsa.impressicocrm.com/api/tournament/119922/players,2512,0,0
1680594019480,4170,Get Players schedule,200,,Knock_out_Thread Group 1-679,text,true,,5441,338,212,212,https://pabsa.impressicocrm.com/api/tournament/119922/matches,4170,0,0
1680594020860,2790,Get tournament result,200,,Knock_out_Thread Group 1-664,text,true,,5441,338,212,212,https://pabsa.impressicocrm.com/api/tournament/119922/matches,2790,0,0
1680594021389,2271,Get Players schedule,200,,Knock_out_Thread Group 1-722,text,true,,5441,338,213,213,https://pabsa.impressicocrm.com/api/tournament/119922/matches,2271,0,0
1680594021666,2001,Get knockout players list ,200,,Knock_out_Thread Group 1-678,text,true,,4598,340,213,213,https://pabsa.impressicocrm.com/api/tournament/118871/knockouts,2001,0,0
1680594021853,1846,Get Players list ,200,,Knock_out_Thread Group 1-739,text,true,,3218,338,213,213,https://pabsa.impressicocrm.com/api/tournament/119922/players,1846,0,0
1680594021642,2060,Get tournament result,200,,Knock_out_Thread Group 1-643,text,true,,5441,338,213,213,https://pabsa.impressicocrm.com/api/tournament/119922/matches,2059,0,0
1680594021313,2409,Get Players schedule,200,,Knock_out_Thread Group 1-730,text,true,,5441,338,213,213,https://pabsa.impressicocrm.com/api/tournament/119922/matches,2409,0,0
1680594022061,1661,Get single knockout Player details,200,,Knock_out_Thread Group 1-662,text,true,,1210,326,213,213,https://pabsa.impressicocrm.com/api/player/110368,1661,0,0
1680594022069,1657,Get single knockout Player details,200,,Knock_out_Thread Group 1-653,text,true,,1210,326,213,213,https://pabsa.impressicocrm.com/api/player/110368,1657,0,0
1680594021572,2154,Get knockout players list ,200,,Knock_out_Thread Group 1-703,text,true,,4598,340,213,213,https://pabsa.impressicocrm.com/api/tournament/118871/knockouts,2154,0,0
1680594021191,2547,Get Players schedule,200,,Knock_out_Thread Group 1-704,text,true,,5441,338,213,213,https://pabsa.impressicocrm.com/api/tournament/119922/matches,2547,0,0
1680594021894,1851,Get Players list ,200,,Knock_out_Thread Group 1-751,text,true,,3218,338,213,213,https://pabsa.impressicocrm.com/api/tournament/119922/players,1851,0,0
1680594022953,792,Home page ,200,OK,Knock_out_Thread Group 1-840,text,true,,3033,309,213,213,https://pabsa.impressicocrm.com/,792,0,283
1680594018283,5487,Get tournamnent list ,200,,Knock_out_Thread Group 1-766,text,true,,58880,389,214,214,https://pabsa.impressicocrm.com/api/tournament?limit=12&pageNumber=1&sportType=&tournamentName=&tournamentStyle=,2547,0,0
1680594021560,2218,Get Break list ,200,,Knock_out_Thread Group 1-728,text,true,,3218,338,214,214,https://pabsa.impressicocrm.com/api/tournament/119922/players,2218,0,0
1680594019887,3897,Get tournamnent list ,200,,Knock_out_Thread Group 1-787,text,true,,58888,389,214,214,https://pabsa.impressicocrm.com/api/tournament?limit=12&pageNumber=1&sportType=&tournamentName=&tournamentStyle=,2565,0,0
1680594023153,641,Home page ,200,OK,Knock_out_Thread Group 1-842,text,true,,3033,309,214,214,https://pabsa.impressicocrm.com/,641,0,573
1680594021924,1894,Get Home page currency,200,,Knock_out_Thread Group 1-759,text,true,,9160,321,214,214,https://pabsa.impressicocrm.com/api/currency,1894,0,0
1680594022852,967,Home page ,200,OK,Knock_out_Thread Group 1-839,text,true,,3033,309,214,214,https://pabsa.impressicocrm.com/,966,0,295
1680594022053,1772,Get knockout players list ,200,,Knock_out_Thread Group 1-677,text,true,,4598,340,214,214,https://pabsa.impressicocrm.com/api/tournament/118871/knockouts,1772,0,0
1680594021924,1904,Get Players list ,200,,Knock_out_Thread Group 1-748,text,true,,3218,338,214,214,https://pabsa.impressicocrm.com/api/tournament/119922/players,1904,0,0
1680594021379,2465,Get knockout players list ,200,,Knock_out_Thread Group 1-688,text,true,,4598,340,214,214,https://pabsa.impressicocrm.com/api/tournament/118871/knockouts,2465,0,0
1680594022141,1719,Get playerA_Vs_playerB,200,,Knock_out_Thread Group 1-637,text,true,,1239,341,215,215,https://pabsa.impressicocrm.com/api/tournament/matchScore/147598,1719,0,0
1680594021901,1965,Get Home page country ,200,,Knock_out_Thread Group 1-822,text,true,,17270,320,214,214,https://pabsa.impressicocrm.com/api/country,1959,0,0
1680594018626,5242,Get Home page currency,200,,Knock_out_Thread Group 1-750,text,true,,9160,321,214,214,https://pabsa.impressicocrm.com/api/currency,5242,0,0
1680594022006,1867,Get Players list ,200,,Knock_out_Thread Group 1-742,text,true,,3218,338,214,214,https://pabsa.impressicocrm.com/api/tournament/119922/players,1867,0,0
1680594022234,1659,Get knockout players list ,200,,Knock_out_Thread Group 1-702,text,true,,4598,340,214,214,https://pabsa.impressicocrm.com/api/tournament/118871/knockouts,1659,0,0
1680594019608,4285,Get tournamnent list ,200,,Knock_out_Thread Group 1-776,text,true,,58880,389,214,214,https://pabsa.impressicocrm.com/api/tournament?limit=12&pageNumber=1&sportType=&tournamentName=&tournamentStyle=,2215,0,0
1680594021762,2140,Get Home page country ,200,,Knock_out_Thread Group 1-823,text,true,,17270,320,214,214,https://pabsa.impressicocrm.com/api/country,2134,0,0
1680594022151,1758,Get knockout players list ,200,,Knock_out_Thread Group 1-685,text,true,,4591,340,214,214,https://pabsa.impressicocrm.com/api/tournament/118871/knockouts,1758,0,0
1680594022117,1796,Get Players list ,200,,Knock_out_Thread Group 1-740,text,true,,3218,338,214,214,https://pabsa.impressicocrm.com/api/tournament/119922/players,1796,0,0
1680594022174,1752,Get knockout players list ,200,,Knock_out_Thread Group 1-694,text,true,,4598,340,214,214,https://pabsa.impressicocrm.com/api/tournament/118871/knockouts,1752,0,0
1680594021643,2288,Get Home page country ,200,,Knock_out_Thread Group 1-817,text,true,,17270,320,214,214,https://pabsa.impressicocrm.com/api/country,2288,0,0
1680594022072,1873,Get Players schedule,200,,Knock_out_Thread Group 1-713,text,true,,5435,338,214,214,https://pabsa.impressicocrm.com/api/tournament/119922/matches,1873,0,0
1680594023555,394,Home page ,200,OK,Knock_out_Thread Group 1-846,text,true,,3033,309,214,214,https://pabsa.impressicocrm.com/,394,0,302
1680594021913,2041,Get tournament result,200,,Knock_out_Thread Group 1-657,text,true,,5441,338,215,215,https://pabsa.impressicocrm.com/api/tournament/119922/matches,2041,0,0
1680594019080,4878,Get tournamnent list ,200,,Knock_out_Thread Group 1-767,text,true,,58880,389,215,215,https://pabsa.impressicocrm.com/api/tournament?limit=12&pageNumber=1&sportType=&tournamentName=&tournamentStyle=,2971,0,0
1680594022141,1824,Get Break list ,200,,Knock_out_Thread Group 1-731,text,true,,3218,338,215,215,https://pabsa.impressicocrm.com/api/tournament/119922/players,1824,0,0
1680594022310,1660,Get knockout players list ,200,,Knock_out_Thread Group 1-691,text,true,,4598,340,215,215,https://pabsa.impressicocrm.com/api/tournament/118871/knockouts,1660,0,0
1680594022379,1596,Get single knockout Player details,200,,Knock_out_Thread Group 1-674,text,true,,1210,326,215,215,https://pabsa.impressicocrm.com/api/player/110368,1596,0,0
1680594022249,1726,Get Players list ,200,,Knock_out_Thread Group 1-763,text,true,,3218,338,215,215,https://pabsa.impressicocrm.com/api/tournament/119922/players,1726,0,0
1680594021288,2697,Get Break list ,200,,Knock_out_Thread Group 1-745,text,true,,3218,338,215,215,https://pabsa.impressicocrm.com/api/tournament/119922/players,2697,0,0
1680594022398,1590,Get single knockout Player details,200,,Knock_out_Thread Group 1-663,text,true,,1210,326,215,215,https://pabsa.impressicocrm.com/api/player/110368,1590,0,0
1680594021758,2239,Get knockout players list ,200,,Knock_out_Thread Group 1-669,text,true,,4598,340,215,215,https://pabsa.impressicocrm.com/api/tournament/118871/knockouts,2238,0,0
1680594023056,941,Home page ,200,OK,Knock_out_Thread Group 1-841,text,true,,3033,309,215,215,https://pabsa.impressicocrm.com/,941,0,225
1680594021768,2237,Get Home page country ,200,,Knock_out_Thread Group 1-820,text,true,,17270,320,215,215,https://pabsa.impressicocrm.com/api/country,2234,0,0
1680594022416,1591,Get knockout players list ,200,,Knock_out_Thread Group 1-725,text,true,,4591,340,215,215,https://pabsa.impressicocrm.com/api/tournament/118871/knockouts,1591,0,0
1680594022028,1982,Get Home page currency,200,,Knock_out_Thread Group 1-773,text,true,,9160,321,215,215,https://pabsa.impressicocrm.com/api/currency,1982,0,0
1680594023353,668,Home page ,200,OK,Knock_out_Thread Group 1-844,text,true,,3033,309,215,215,https://pabsa.impressicocrm.com/,668,0,587
1680594023770,253,Get Home page currency,200,,Knock_out_Thread Group 1-766,text,true,,9160,321,215,215,https://pabsa.impressicocrm.com/api/currency,253,0,0
1680594022209,1817,Get Break list ,200,,Knock_out_Thread Group 1-746,text,true,,3218,338,215,215,https://pabsa.impressicocrm.com/api/tournament/119922/players,1817,0,0
1680594022214,1812,Get knockout players list ,200,,Knock_out_Thread Group 1-696,text,true,,4598,340,215,215,https://pabsa.impressicocrm.com/api/tournament/118871/knockouts,1812,0,0
1680594019438,4591,Get Home page currency,200,,Knock_out_Thread Group 1-747,text,true,,9160,321,215,215,https://pabsa.impressicocrm.com/api/currency,4591,0,0
1680594022366,1666,Get knockout players list ,200,,Knock_out_Thread Group 1-689,text,true,,4598,340,215,215,https://pabsa.impressicocrm.com/api/tournament/118871/knockouts,1666,0,0
1680594021652,2380,Home page ,200,OK,Knock_out_Thread Group 1-827,text,true,,3033,309,215,215,https://pabsa.impressicocrm.com/,2380,0,2233
1680594021292,2748,Get Home page country ,200,,Knock_out_Thread Group 1-815,text,true,,17270,320,215,215,https://pabsa.impressicocrm.com/api/country,2748,0,0
1680594021799,2241,Get Players schedule,200,,Knock_out_Thread Group 1-705,text,true,,5441,338,215,215,https://pabsa.impressicocrm.com/api/tournament/119922/matches,2241,0,0
1680594021661,2379,Get knockout players list ,200,,Knock_out_Thread Group 1-690,text,true,,4598,340,215,215,https://pabsa.impressicocrm.com/api/tournament/118871/knockouts,2379,0,0
1680594022228,1833,Get Break list ,200,,Knock_out_Thread Group 1-744,text,true,,3218,338,216,216,https://pabsa.impressicocrm.com/api/tournament/119922/players,1833,0,0
1680594020729,3364,Get tournamnent list ,200,,Knock_out_Thread Group 1-779,text,true,,58880,389,216,216,https://pabsa.impressicocrm.com/api/tournament?limit=12&pageNumber=1&sportType=&tournamentName=&tournamentStyle=,2504,0,0
1680594020578,3515,Get tournamnent list ,200,,Knock_out_Thread Group 1-793,text,true,,58888,389,216,216,https://pabsa.impressicocrm.com/api/tournament?limit=12&pageNumber=1&sportType=&tournamentName=&tournamentStyle=,2085,0,0
1680594018287,5818,Get tournamnent list ,200,,Knock_out_Thread Group 1-768,text,true,,58880,389,216,216,https://pabsa.impressicocrm.com/api/tournament?limit=12&pageNumber=1&sportType=&tournamentName=&tournamentStyle=,2407,0,0
1680594022495,1629,Get Break list ,200,,Knock_out_Thread Group 1-716,text,true,,3218,338,216,216,https://pabsa.impressicocrm.com/api/tournament/119922/players,1629,0,0
1680594020683,3441,Get tournamnent list ,200,,Knock_out_Thread Group 1-794,text,true,,58880,389,216,216,https://pabsa.impressicocrm.com/api/tournament?limit=12&pageNumber=1&sportType=&tournamentName=&tournamentStyle=,2320,0,0
1680594021649,2509,Get Break list ,200,,Knock_out_Thread Group 1-737,text,true,,3218,338,217,217,https://pabsa.impressicocrm.com/api/tournament/119922/players,2509,0,0
1680594022509,1649,Get playerA_Vs_playerB,200,,Knock_out_Thread Group 1-645,text,true,,1239,341,217,217,https://pabsa.impressicocrm.com/api/tournament/matchScore/147598,1649,0,0
1680594022438,1720,Get Home page country ,200,,Knock_out_Thread Group 1-828,text,true,,17270,320,217,217,https://pabsa.impressicocrm.com/api/country,1720,0,0
1680594022505,1670,Get single knockout Player details,200,,Knock_out_Thread Group 1-660,text,true,,1210,326,216,216,https://pabsa.impressicocrm.com/api/player/110368,1670,0,0
1680594022138,2037,Get Players schedule,200,,Knock_out_Thread Group 1-715,text,true,,5441,338,216,216,https://pabsa.impressicocrm.com/api/tournament/119922/matches,2037,0,0
1680594021702,2494,Get Players schedule,200,,Knock_out_Thread Group 1-708,text,true,,5441,338,216,216,https://pabsa.impressicocrm.com/api/tournament/119922/matches,2494,0,0
1680594020945,3266,Get tournamnent list ,200,,Knock_out_Thread Group 1-800,text,true,,58888,389,216,216,https://pabsa.impressicocrm.com/api/tournament?limit=12&pageNumber=1&sportType=&tournamentName=&tournamentStyle=,2381,0,0
1680594022254,1967,Get tournament result,200,,Knock_out_Thread Group 1-666,text,true,,5441,338,216,216,https://pabsa.impressicocrm.com/api/tournament/119922/matches,1967,0,0
1680594019008,5213,Get tournamnent list ,200,,Knock_out_Thread Group 1-772,text,true,,58888,389,216,216,https://pabsa.impressicocrm.com/api/tournament?limit=12&pageNumber=1&sportType=&tournamentName=&tournamentStyle=,2975,0,0
1680594021857,2364,Get Players list ,200,,Knock_out_Thread Group 1-762,text,true,,3218,338,216,216,https://pabsa.impressicocrm.com/api/tournament/119922/players,2364,0,0
1680594022488,1733,Get knockout players list ,200,,Knock_out_Thread Group 1-687,text,true,,4598,340,216,216,https://pabsa.impressicocrm.com/api/tournament/118871/knockouts,1733,0,0
1680594021061,3162,Get knockout players list ,200,,Knock_out_Thread Group 1-695,text,true,,4598,340,216,216,https://pabsa.impressicocrm.com/api/tournament/118871/knockouts,3162,0,0
1680594019640,4586,Get tournamnent list ,200,,Knock_out_Thread Group 1-784,text,true,,58888,389,216,216,https://pabsa.impressicocrm.com/api/tournament?limit=12&pageNumber=1&sportType=&tournamentName=&tournamentStyle=,2250,0,0
1680594020201,4031,Get tournamnent list ,200,,Knock_out_Thread Group 1-788,text,true,,58880,389,216,216,https://pabsa.impressicocrm.com/api/tournament?limit=12&pageNumber=1&sportType=&tournamentName=&tournamentStyle=,2462,0,0
1680594023252,983,Home page ,200,OK,Knock_out_Thread Group 1-843,text,true,,3033,309,216,216,https://pabsa.impressicocrm.com/,983,0,775
1680594021789,2470,Get Home page country ,200,,Knock_out_Thread Group 1-824,text,true,,17270,320,217,217,https://pabsa.impressicocrm.com/api/country,2464,0,0
1680594022149,2111,Get Break list ,200,,Knock_out_Thread Group 1-733,text,true,,3218,338,217,217,https://pabsa.impressicocrm.com/api/tournament/119922/players,2111,0,0
1680594022202,2063,Get Players schedule,200,,Knock_out_Thread Group 1-693,text,true,,5435,338,217,217,https://pabsa.impressicocrm.com/api/tournament/119922/matches,2063,0,0
1680594022117,2155,Get Home page country ,200,,Knock_out_Thread Group 1-818,text,true,,17255,320,217,217,https://pabsa.impressicocrm.com/api/country,2155,0,0
1680594021540,2752,Get Players schedule,200,,Knock_out_Thread Group 1-712,text,true,,5441,338,217,217,https://pabsa.impressicocrm.com/api/tournament/119922/matches,2752,0,0
1680594021910,2382,Get playerA_Vs_playerB,200,,Knock_out_Thread Group 1-623,text,true,,1239,341,217,217,https://pabsa.impressicocrm.com/api/tournament/matchScore/147598,2382,0,0
1680594022395,1901,Get single knockout Player details,200,,Knock_out_Thread Group 1-671,text,true,,1210,326,216,216,https://pabsa.impressicocrm.com/api/player/110368,1901,0,0
1680594021572,2724,Get tournament result,200,,Knock_out_Thread Group 1-622,text,true,,5441,338,216,216,https://pabsa.impressicocrm.com/api/tournament/119922/matches,2724,0,0
1680594022650,1661,Get playerA_Vs_playerB,200,,Knock_out_Thread Group 1-625,text,true,,1239,341,216,216,https://pabsa.impressicocrm.com/api/tournament/matchScore/147598,1661,0,0
1680594022521,1793,Get Players list ,200,,Knock_out_Thread Group 1-738,text,true,,3218,338,215,215,https://pabsa.impressicocrm.com/api/tournament/119922/players,1793,0,0
1680594022682,1644,Get single knockout Player details,200,,Knock_out_Thread Group 1-684,text,true,,1210,326,215,215,https://pabsa.impressicocrm.com/api/player/110368,1644,0,0
1680594022054,2282,Get Home page country ,200,,Knock_out_Thread Group 1-816,text,true,,17270,320,215,215,https://pabsa.impressicocrm.com/api/country,2277,0,0
1680594022603,1733,Get Home page country ,200,,Knock_out_Thread Group 1-830,text,true,,17270,320,215,215,https://pabsa.impressicocrm.com/api/country,1733,0,0
1680594022052,2298,Get Home page country ,200,,Knock_out_Thread Group 1-821,text,true,,17270,320,215,215,https://pabsa.impressicocrm.com/api/country,2298,0,0
1680594019243,5115,Get tournamnent list ,200,,Knock_out_Thread Group 1-777,text,true,,58880,389,216,216,https://pabsa.impressicocrm.com/api/tournament?limit=12&pageNumber=1&sportType=&tournamentName=&tournamentStyle=,2492,0,0
1680594022661,1702,Get Players list ,200,,Knock_out_Thread Group 1-761,text,true,,3218,338,216,216,https://pabsa.impressicocrm.com/api/tournament/119922/players,1702,0,0
1680594022324,2045,Get tournament result,200,,Knock_out_Thread Group 1-651,text,true,,5441,338,216,216,https://pabsa.impressicocrm.com/api/tournament/119922/matches,2045,0,0
1680594022312,2060,Get knockout players list ,200,,Knock_out_Thread Group 1-709,text,true,,4598,340,216,216,https://pabsa.impressicocrm.com/api/tournament/118871/knockouts,2060,0,0
1680594023452,924,Home page ,200,OK,Knock_out_Thread Group 1-845,text,true,,3033,309,216,216,https://pabsa.impressicocrm.com/,924,0,808
1680594022241,2137,Get Players schedule,200,,Knock_out_Thread Group 1-698,text,true,,5435,338,216,216,https://pabsa.impressicocrm.com/api/tournament/119922/matches,2137,0,0
1680594023652,726,Home page ,200,OK,Knock_out_Thread Group 1-847,text,true,,3033,309,216,216,https://pabsa.impressicocrm.com/,726,0,536
1680594023853,588,Home page ,200,OK,Knock_out_Thread Group 1-849,text,true,,3033,309,216,216,https://pabsa.impressicocrm.com/,588,0,519
1680594022763,1696,Get knockout players list ,200,,Knock_out_Thread Group 1-706,text,true,,4598,340,217,217,https://pabsa.impressicocrm.com/api/tournament/118871/knockouts,1696,0,0
1680594022229,2245,Get Home page country ,200,,Knock_out_Thread Group 1-814,text,true,,17270,320,217,217,https://pabsa.impressicocrm.com/api/country,2245,0,0
1680594022800,1691,Get Break list ,200,,Knock_out_Thread Group 1-755,text,true,,3218,338,217,217,https://pabsa.impressicocrm.com/api/tournament/119922/players,1691,0,0
1680594022876,1631,Get single knockout Player details,200,,Knock_out_Thread Group 1-670,text,true,,1210,326,217,217,https://pabsa.impressicocrm.com/api/player/110368,1631,0,0
1680594021746,2772,Get tournamnent list ,200,,Knock_out_Thread Group 1-804,text,true,,58888,389,217,217,https://pabsa.impressicocrm.com/api/tournament?limit=12&pageNumber=1&sportType=&tournamentName=&tournamentStyle=,2180,0,0
1680594022774,1765,Get Break list ,200,,Knock_out_Thread Group 1-741,text,true,,3218,338,217,217,https://pabsa.impressicocrm.com/api/tournament/119922/players,1765,0,0
1680594022675,1886,Get Players schedule,200,,Knock_out_Thread Group 1-724,text,true,,5441,338,218,218,https://pabsa.impressicocrm.com/api/tournament/119922/matches,1886,0,0
1680594022904,1672,Get playerA_Vs_playerB,200,,Knock_out_Thread Group 1-626,text,true,,1239,341,218,218,https://pabsa.impressicocrm.com/api/tournament/matchScore/147598,1672,0,0
1680594024252,324,Home page ,200,OK,Knock_out_Thread Group 1-853,text,true,,3033,309,218,218,https://pabsa.impressicocrm.com/,324,0,245
1680594022958,1622,Get single knockout Player details,200,,Knock_out_Thread Group 1-719,text,true,,1210,326,217,217,https://pabsa.impressicocrm.com/api/player/110368,1622,0,0
1680594022276,2328,Get Players schedule,200,,Knock_out_Thread Group 1-673,text,true,,5435,338,217,217,https://pabsa.impressicocrm.com/api/tournament/119922/matches,2328,0,0
1680594022619,2004,Get Players schedule,200,,Knock_out_Thread Group 1-676,text,true,,5441,338,217,217,https://pabsa.impressicocrm.com/api/tournament/119922/matches,2004,0,0
1680594022847,1776,Get Break list ,200,,Knock_out_Thread Group 1-734,text,true,,3218,338,217,217,https://pabsa.impressicocrm.com/api/tournament/119922/players,1776,0,0
1680594023013,1650,Get playerA_Vs_playerB,200,,Knock_out_Thread Group 1-647,text,true,,1239,341,218,218,https://pabsa.impressicocrm.com/api/tournament/matchScore/147598,1650,0,0
1680594022948,1715,Get Home page country ,200,,Knock_out_Thread Group 1-837,text,true,,17270,320,218,218,https://pabsa.impressicocrm.com/api/country,1715,0,0
1680594022368,2331,Get tournament result,200,,Knock_out_Thread Group 1-652,text,true,,5441,338,217,217,https://pabsa.impressicocrm.com/api/tournament/119922/matches,2331,0,0
1680594024352,348,Home page ,200,OK,Knock_out_Thread Group 1-854,text,true,,3033,309,217,217,https://pabsa.impressicocrm.com/,348,0,260
1680594023097,1613,Get knockout players list ,200,,Knock_out_Thread Group 1-714,text,true,,4598,340,217,217,https://pabsa.impressicocrm.com/api/tournament/118871/knockouts,1613,0,0
1680594022910,1805,Get Home page currency,200,,Knock_out_Thread Group 1-786,text,true,,9153,321,217,217,https://pabsa.impressicocrm.com/api/currency,1805,0,0
1680594023752,969,Home page ,200,OK,Knock_out_Thread Group 1-848,text,true,,3033,309,217,217,https://pabsa.impressicocrm.com/,969,0,787
1680594021648,3093,Get tournament result,200,,Knock_out_Thread Group 1-630,text,true,,5441,338,217,217,https://pabsa.impressicocrm.com/api/tournament/119922/matches,3093,0,0
1680594024152,603,Home page ,200,OK,Knock_out_Thread Group 1-852,text,true,,3033,309,218,218,https://pabsa.impressicocrm.com/,603,0,528
1680594023041,1728,Get Players list ,200,,Knock_out_Thread Group 1-764,text,true,,3218,338,218,218,https://pabsa.impressicocrm.com/api/tournament/119922/players,1728,0,0
1680594023143,1638,Get playerA_Vs_playerB,200,,Knock_out_Thread Group 1-654,text,true,,1239,341,218,218,https://pabsa.impressicocrm.com/api/tournament/matchScore/147598,1638,0,0
1680594022993,1801,Get Break list ,200,,Knock_out_Thread Group 1-729,text,true,,3218,338,217,217,https://pabsa.impressicocrm.com/api/tournament/119922/players,1801,0,0
1680594023279,1520,Get single knockout Player details,200,,Knock_out_Thread Group 1-717,text,true,,1210,326,217,217,https://pabsa.impressicocrm.com/api/player/110368,1520,0,0
1680594022601,2198,Get Players schedule,200,,Knock_out_Thread Group 1-700,text,true,,5441,338,217,217,https://pabsa.impressicocrm.com/api/tournament/119922/matches,2198,0,0
1680594022722,2077,Get Home page country ,200,,Knock_out_Thread Group 1-835,text,true,,17270,320,217,217,https://pabsa.impressicocrm.com/api/country,2077,0,0
1680594022836,1970,Get tournament result,200,,Knock_out_Thread Group 1-668,text,true,,5441,338,217,217,https://pabsa.impressicocrm.com/api/tournament/119922/matches,1970,0,0
1680594022724,2103,Get Players schedule,200,,Knock_out_Thread Group 1-723,text,true,,5441,338,217,217,https://pabsa.impressicocrm.com/api/tournament/119922/matches,2103,0,0
1680594021085,3753,Get Players schedule,200,,Knock_out_Thread Group 1-701,text,true,,5441,338,217,217,https://pabsa.impressicocrm.com/api/tournament/119922/matches,3753,0,0
1680594023009,1850,Get single knockout Player details,200,,Knock_out_Thread Group 1-680,text,true,,1210,326,218,218,https://pabsa.impressicocrm.com/api/player/110368,1850,0,0
1680594024221,638,Get Break list ,200,,Knock_out_Thread Group 1-762,text,true,,3218,338,218,218,https://pabsa.impressicocrm.com/api/tournament/119922/players,638,0,0
1680594022939,1933,Get Home page country ,200,,Knock_out_Thread Group 1-833,text,true,,17270,320,218,218,https://pabsa.impressicocrm.com/api/country,1903,0,0
1680594023253,1619,Get Players list ,200,,Knock_out_Thread Group 1-753,text,true,,3218,338,218,218,https://pabsa.impressicocrm.com/api/tournament/119922/players,1619,0,0
1680594023281,1601,Get knockout players list ,200,,Knock_out_Thread Group 1-707,text,true,,4598,340,218,218,https://pabsa.impressicocrm.com/api/tournament/118871/knockouts,1601,0,0
1680594023289,1615,Get playerA_Vs_playerB,200,,Knock_out_Thread Group 1-641,text,true,,1239,341,218,218,https://pabsa.impressicocrm.com/api/tournament/matchScore/147598,1615,0,0
1680594022876,2045,Get tournament result,200,,Knock_out_Thread Group 1-672,text,true,,5441,338,217,217,https://pabsa.impressicocrm.com/api/tournament/119922/matches,2045,0,0
1680594022197,2757,Get tournamnent list ,200,,Knock_out_Thread Group 1-795,text,true,,58880,389,218,218,https://pabsa.impressicocrm.com/api/tournament?limit=12&pageNumber=1&sportType=&tournamentName=&tournamentStyle=,2023,0,0
1680594023217,1744,Get Break list ,200,,Knock_out_Thread Group 1-732,text,true,,3218,338,218,218,https://pabsa.impressicocrm.com/api/tournament/119922/players,1744,0,0
1680594019949,5012,Get tournamnent list ,200,,Knock_out_Thread Group 1-782,text,true,,58880,389,218,218,https://pabsa.impressicocrm.com/api/tournament?limit=12&pageNumber=1&sportType=&tournamentName=&tournamentStyle=,3184,0,0
1680594021450,3515,Get tournamnent list ,200,,Knock_out_Thread Group 1-796,text,true,,58880,389,218,218,https://pabsa.impressicocrm.com/api/tournament?limit=12&pageNumber=1&sportType=&tournamentName=&tournamentStyle=,2291,0,0
1680594021452,3522,Home page ,200,OK,Knock_out_Thread Group 1-825,text,true,,3033,309,218,218,https://pabsa.impressicocrm.com/,3522,0,3364
1680594023281,1700,Get Players schedule,200,,Knock_out_Thread Group 1-736,text,true,,5441,338,218,218,https://pabsa.impressicocrm.com/api/tournament/119922/matches,1700,0,0
1680594023297,1689,Get playerA_Vs_playerB,200,,Knock_out_Thread Group 1-661,text,true,,1239,341,218,218,https://pabsa.impressicocrm.com/api/tournament/matchScore/147598,1689,0,0
1680594023045,1942,Get single knockout Player details,200,,Knock_out_Thread Group 1-681,text,true,,1210,326,217,217,https://pabsa.impressicocrm.com/api/player/110368,1942,0,0
1680594022645,2350,Get Home page country ,200,,Knock_out_Thread Group 1-812,text,true,,17255,320,217,217,https://pabsa.impressicocrm.com/api/country,2348,0,0
1680594022019,2976,Get tournamnent list ,200,,Knock_out_Thread Group 1-799,text,true,,58888,389,217,217,https://pabsa.impressicocrm.com/api/tournament?limit=12&pageNumber=1&sportType=&tournamentName=&tournamentStyle=,2007,0,0
1680594023297,1703,Get knockout players list ,200,,Knock_out_Thread Group 1-697,text,true,,4598,340,217,217,https://pabsa.impressicocrm.com/api/tournament/118871/knockouts,1703,0,0
1680594022768,2274,Get single knockout Player details,200,,Knock_out_Thread Group 1-665,text,true,,1210,326,217,217,https://pabsa.impressicocrm.com/api/player/110368,2274,0,0
1680594023056,1991,Get Players schedule,200,,Knock_out_Thread Group 1-726,text,true,,5441,338,217,217,https://pabsa.impressicocrm.com/api/tournament/119922/matches,1991,0,0
1680594023076,1971,Get tournament result,200,,Knock_out_Thread Group 1-683,text,true,,5441,338,217,217,https://pabsa.impressicocrm.com/api/tournament/119922/matches,1971,0,0
1680594021500,3547,Get tournamnent list ,200,,Knock_out_Thread Group 1-801,text,true,,58880,389,217,217,https://pabsa.impressicocrm.com/api/tournament?limit=12&pageNumber=1&sportType=&tournamentName=&tournamentStyle=,2325,0,0
1680594020171,4876,Get tournamnent list ,200,,Knock_out_Thread Group 1-781,text,true,,58880,389,217,217,https://pabsa.impressicocrm.com/api/tournament?limit=12&pageNumber=1&sportType=&tournamentName=&tournamentStyle=,3354,0,0
1680594022767,2283,Get tournament result,200,,Knock_out_Thread Group 1-642,text,true,,5441,338,217,217,https://pabsa.impressicocrm.com/api/tournament/119922/matches,2283,0,0
1680594023189,1886,Get Home page country ,200,,Knock_out_Thread Group 1-826,text,true,,17270,320,218,218,https://pabsa.impressicocrm.com/api/country,1858,0,0
1680594023393,1682,Get Home page currency,200,,Knock_out_Thread Group 1-785,text,true,,9160,321,218,218,https://pabsa.impressicocrm.com/api/currency,1682,0,0
1680594019735,5353,Get tournamnent list ,200,,Knock_out_Thread Group 1-780,text,true,,58880,389,218,218,https://pabsa.impressicocrm.com/api/tournament?limit=12&pageNumber=1&sportType=&tournamentName=&tournamentStyle=,2504,0,0
1680594020744,4349,Get tournamnent list ,200,,Knock_out_Thread Group 1-792,text,true,,58880,389,218,218,https://pabsa.impressicocrm.com/api/tournament?limit=12&pageNumber=1&sportType=&tournamentName=&tournamentStyle=,2334,0,0
1680594023281,1820,Get Break list ,200,,Knock_out_Thread Group 1-749,text,true,,3218,338,218,218,https://pabsa.impressicocrm.com/api/tournament/119922/players,1820,0,0
1680594019870,5242,Get tournamnent list ,200,,Knock_out_Thread Group 1-769,text,true,,58880,389,218,218,https://pabsa.impressicocrm.com/api/tournament?limit=12&pageNumber=1&sportType=&tournamentName=&tournamentStyle=,4351,0,0
1680594021068,4049,Get tournamnent list ,200,,Knock_out_Thread Group 1-798,text,true,,58880,389,218,218,https://pabsa.impressicocrm.com/api/tournament?limit=12&pageNumber=1&sportType=&tournamentName=&tournamentStyle=,2324,0,0
1680594021712,3405,Get Players list ,200,,Knock_out_Thread Group 1-760,text,true,,3218,338,218,218,https://pabsa.impressicocrm.com/api/tournament/119922/players,3405,0,0
1680594023236,1888,Get Home page country ,200,,Knock_out_Thread Group 1-832,text,true,,17270,320,218,218,https://pabsa.impressicocrm.com/api/country,1852,0,0
1680594023418,1706,Get playerA_Vs_playerB,200,,Knock_out_Thread Group 1-624,text,true,,1239,341,218,218,https://pabsa.impressicocrm.com/api/tournament/matchScore/147598,1706,0,0
1680594023602,1545,Get single knockout Player details,200,,Knock_out_Thread Group 1-686,text,true,,1210,326,217,217,https://pabsa.impressicocrm.com/api/player/110368,1545,0,0
1680594023333,1816,Get Break list ,200,,Knock_out_Thread Group 1-718,text,true,,3218,338,217,217,https://pabsa.impressicocrm.com/api/tournament/119922/players,1816,0,0
1680594023017,2138,Get Players schedule,200,,Knock_out_Thread Group 1-721,text,true,,5441,338,218,218,https://pabsa.impressicocrm.com/api/tournament/119922/matches,2138,0,0
1680594023593,1562,Get single knockout Player details,200,,Knock_out_Thread Group 1-692,text,true,,1210,326,218,218,https://pabsa.impressicocrm.com/api/player/110368,1562,0,0
1680594020732,4423,Get Home page currency,200,,Knock_out_Thread Group 1-754,text,true,,9160,321,218,218,https://pabsa.impressicocrm.com/api/currency,4423,0,0
1680594023136,2019,Get tournament result,200,,Knock_out_Thread Group 1-646,text,true,,5441,338,218,218,https://pabsa.impressicocrm.com/api/tournament/119922/matches,2019,0,0
1680594023481,1678,Get playerA_Vs_playerB,200,,Knock_out_Thread Group 1-656,text,true,,1239,341,218,218,https://pabsa.impressicocrm.com/api/tournament/matchScore/147598,1678,0,0
1680594024052,1107,Home page ,200,OK,Knock_out_Thread Group 1-851,text,true,,3033,309,218,218,https://pabsa.impressicocrm.com/,1107,0,934
1680594022636,2527,Get Players schedule,200,,Knock_out_Thread Group 1-720,text,true,,5441,338,217,217,https://pabsa.impressicocrm.com/api/tournament/119922/matches,2527,0,0
1680594023451,1743,Get playerA_Vs_playerB,200,,Knock_out_Thread Group 1-620,text,true,,1239,341,217,217,https://pabsa.impressicocrm.com/api/tournament/matchScore/147598,1743,0,0
1680594022958,2236,Get knockout players list ,200,,Knock_out_Thread Group 1-710,text,true,,4598,340,217,217,https://pabsa.impressicocrm.com/api/tournament/118871/knockouts,2236,0,0
1680594023153,2043,Get Home page country ,200,,Knock_out_Thread Group 1-834,text,true,,17270,320,216,216,https://pabsa.impressicocrm.com/api/country,2006,0,0
1680594022872,2329,Get tournament result,200,,Knock_out_Thread Group 1-675,text,true,,5441,338,216,216,https://pabsa.impressicocrm.com/api/tournament/119922/matches,2329,0,0
1680594023667,1538,Get single knockout Player details,200,,Knock_out_Thread Group 1-678,text,true,,1210,326,216,216,https://pabsa.impressicocrm.com/api/player/110368,1538,0,0
1680594021137,4068,Get tournamnent list ,200,,Knock_out_Thread Group 1-791,text,true,,58865,389,216,216,https://pabsa.impressicocrm.com/api/tournament?limit=12&pageNumber=1&sportType=&tournamentName=&tournamentStyle=,2920,0,0
1680594024981,224,Get knockout players list ,200,,Knock_out_Thread Group 1-736,text,true,,4598,340,216,216,https://pabsa.impressicocrm.com/api/tournament/118871/knockouts,224,0,0
1680594023439,1778,Get Home page currency,200,,Knock_out_Thread Group 1-778,text,true,,9160,321,216,216,https://pabsa.impressicocrm.com/api/currency,1778,0,0
1680594023651,1586,Get playerA_Vs_playerB,200,,Knock_out_Thread Group 1-664,text,true,,1239,341,216,216,https://pabsa.impressicocrm.com/api/tournament/matchScore/147598,1586,0,0
1680594023332,1911,Get Players schedule,200,,Knock_out_Thread Group 1-735,text,true,,5435,338,215,215,https://pabsa.impressicocrm.com/api/tournament/119922/matches,1911,0,0
1680594024552,692,Home page ,200,OK,Knock_out_Thread Group 1-856,text,true,,3033,309,215,215,https://pabsa.impressicocrm.com/,692,0,595
1680594023726,1522,Get single knockout Player details,200,,Knock_out_Thread Group 1-703,text,true,,1210,326,215,215,https://pabsa.impressicocrm.com/api/player/110368,1522,0,0
1680594023651,1606,Get knockout players list ,200,,Knock_out_Thread Group 1-679,text,true,,4598,340,216,216,https://pabsa.impressicocrm.com/api/tournament/118871/knockouts,1606,0,0
1680594022521,2746,Get tournamnent list ,200,,Knock_out_Thread Group 1-808,text,true,,58888,389,216,216,https://pabsa.impressicocrm.com/api/tournament?limit=12&pageNumber=1&sportType=&tournamentName=&tournamentStyle=,2071,0,0
1680594023549,1720,Get Home page currency,200,,Knock_out_Thread Group 1-770,text,true,,9153,321,216,216,https://pabsa.impressicocrm.com/api/currency,1720,0,0
1680594020563,4706,Get tournamnent list ,200,,Knock_out_Thread Group 1-789,text,true,,58880,389,216,216,https://pabsa.impressicocrm.com/api/tournament?limit=12&pageNumber=1&sportType=&tournamentName=&tournamentStyle=,2663,0,0
1680594023702,1570,Get playerA_Vs_playerB,200,,Knock_out_Thread Group 1-643,text,true,,1239,341,216,216,https://pabsa.impressicocrm.com/api/tournament/matchScore/147598,1570,0,0
1680594024953,321,Home page ,200,OK,Knock_out_Thread Group 1-860,text,true,,3033,309,215,215,https://pabsa.impressicocrm.com/,321,0,256
1680594023462,1814,Get Players list ,200,,Knock_out_Thread Group 1-743,text,true,,3218,338,215,215,https://pabsa.impressicocrm.com/api/tournament/119922/players,1814,0,0
1680594024453,836,Home page ,200,OK,Knock_out_Thread Group 1-855,text,true,,3033,309,215,215,https://pabsa.impressicocrm.com/,836,0,684
1680594023538,1753,Get Players list ,200,,Knock_out_Thread Group 1-758,text,true,,3218,338,215,215,https://pabsa.impressicocrm.com/api/tournament/119922/players,1753,0,0
1680594025205,96,Get single knockout Player details,200,,Knock_out_Thread Group 1-736,text,true,,1210,326,215,215,https://pabsa.impressicocrm.com/api/player/110368,96,0,0
1680594023142,2165,Get Home page currency,200,,Knock_out_Thread Group 1-783,text,true,,9160,321,215,215,https://pabsa.impressicocrm.com/api/currency,2165,0,0
1680594022650,2673,Get tournamnent list ,200,,Knock_out_Thread Group 1-802,text,true,,58880,389,215,215,https://pabsa.impressicocrm.com/api/tournament?limit=12&pageNumber=1&sportType=&tournamentName=&tournamentStyle=,1911,0,0
1680594023825,1499,Get single knockout Player details,200,,Knock_out_Thread Group 1-677,text,true,,1210,326,215,215,https://pabsa.impressicocrm.com/api/player/110368,1499,0,0
1680594023844,1507,Get single knockout Player details,200,,Knock_out_Thread Group 1-688,text,true,,1210,326,216,216,https://pabsa.impressicocrm.com/api/player/110368,1507,0,0
1680594023632,1719,Get knockout players list ,200,,Knock_out_Thread Group 1-699,text,true,,4598,340,216,216,https://pabsa.impressicocrm.com/api/tournament/118871/knockouts,1719,0,0
1680594023739,1661,Get knockout players list ,200,,Knock_out_Thread Group 1-704,text,true,,4598,340,216,216,https://pabsa.impressicocrm.com/api/tournament/118871/knockouts,1661,0,0
1680594023699,1709,Get Break list ,200,,Knock_out_Thread Group 1-739,text,true,,3218,338,216,216,https://pabsa.impressicocrm.com/api/tournament/119922/players,1709,0,0
1680594023646,1762,Get Break list ,200,,Knock_out_Thread Group 1-752,text,true,,3218,338,216,216,https://pabsa.impressicocrm.com/api/tournament/119922/players,1762,0,0
1680594023456,1959,Get Home page country ,200,,Knock_out_Thread Group 1-831,text,true,,17270,320,216,216,https://pabsa.impressicocrm.com/api/country,1959,0,0
1680594023420,1995,Get tournament result,200,,Knock_out_Thread Group 1-628,text,true,,5441,338,216,216,https://pabsa.impressicocrm.com/api/tournament/119922/matches,1995,0,0
1680594024853,565,Home page ,200,OK,Knock_out_Thread Group 1-859,text,true,,3033,309,216,216,https://pabsa.impressicocrm.com/,565,0,374
1680594023412,2010,Get tournament result,200,,Knock_out_Thread Group 1-636,text,true,,5435,338,216,216,https://pabsa.impressicocrm.com/api/tournament/119922/matches,2010,0,0
1680594023909,1531,Get single knockout Player details,200,,Knock_out_Thread Group 1-685,text,true,,1210,326,216,216,https://pabsa.impressicocrm.com/api/player/110368,1531,0,0
1680594023926,1514,Get single knockout Player details,200,,Knock_out_Thread Group 1-694,text,true,,1210,326,216,216,https://pabsa.impressicocrm.com/api/player/110368,1514,0,0
1680594023873,1586,Get Break list ,200,,Knock_out_Thread Group 1-742,text,true,,3218,338,217,217,https://pabsa.impressicocrm.com/api/tournament/119922/players,1586,0,0
1680594023525,1944,Get Players schedule,200,,Knock_out_Thread Group 1-727,text,true,,5441,338,217,217,https://pabsa.impressicocrm.com/api/tournament/119922/matches,1944,0,0
1680594023970,1499,Get single knockout Player details,200,,Knock_out_Thread Group 1-691,text,true,,1210,326,217,217,https://pabsa.impressicocrm.com/api/player/110368,1499,0,0
1680594023587,1885,Get Home page country ,200,,Knock_out_Thread Group 1-838,text,true,,17270,320,217,217,https://pabsa.impressicocrm.com/api/country,1885,0,0
1680594022140,3335,Get tournamnent list ,200,,Knock_out_Thread Group 1-805,text,true,,58880,389,217,217,https://pabsa.impressicocrm.com/api/tournament?limit=12&pageNumber=1&sportType=&tournamentName=&tournamentStyle=,2156,0,0
1680594023403,2073,Get tournament result,200,,Knock_out_Thread Group 1-682,text,true,,5441,338,217,217,https://pabsa.impressicocrm.com/api/tournament/119922/matches,2073,0,0
1680594023829,1665,Get Break list ,200,,Knock_out_Thread Group 1-748,text,true,,3218,338,217,217,https://pabsa.impressicocrm.com/api/tournament/119922/players,1665,0,0
1680594022161,3379,Get tournament result,200,,Knock_out_Thread Group 1-649,text,true,,5441,338,217,217,https://pabsa.impressicocrm.com/api/tournament/119922/matches,3378,0,0
1680594023136,2404,Get tournament result,200,,Knock_out_Thread Group 1-711,text,true,,5441,338,217,217,https://pabsa.impressicocrm.com/api/tournament/119922/matches,2404,0,0
1680594023206,2340,Get Home page country ,200,,Knock_out_Thread Group 1-829,text,true,,17270,320,217,217,https://pabsa.impressicocrm.com/api/country,2340,0,0
1680594023959,1587,Get Home page currency,200,,Knock_out_Thread Group 1-767,text,true,,9160,321,217,217,https://pabsa.impressicocrm.com/api/currency,1587,0,0
1680594023819,1727,Get Players list ,200,,Knock_out_Thread Group 1-759,text,true,,3218,338,217,217,https://pabsa.impressicocrm.com/api/tournament/119922/players,1727,0,0
1680594025052,494,Home page ,200,OK,Knock_out_Thread Group 1-861,text,true,,3033,309,217,217,https://pabsa.impressicocrm.com/,494,0,407
1680594023380,2169,Get Home page currency,200,,Knock_out_Thread Group 1-790,text,true,,9160,321,217,217,https://pabsa.impressicocrm.com/api/currency,2169,0,0
1680594023954,1595,Get playerA_Vs_playerB,200,,Knock_out_Thread Group 1-657,text,true,,1239,341,217,217,https://pabsa.impressicocrm.com/api/tournament/matchScore/147598,1595,0,0
1680594023913,1636,Get Break list ,200,,Knock_out_Thread Group 1-740,text,true,,3218,338,217,217,https://pabsa.impressicocrm.com/api/tournament/119922/players,1636,0,0
1680594023794,1755,Get Home page country ,200,,Knock_out_Thread Group 1-842,text,true,,17270,320,217,217,https://pabsa.impressicocrm.com/api/country,1755,0,0
1680594025152,398,Home page ,200,OK,Knock_out_Thread Group 1-862,text,true,,3033,309,217,217,https://pabsa.impressicocrm.com/,398,0,226
1680594024007,1560,Get single knockout Player details,200,,Knock_out_Thread Group 1-725,text,true,,1210,326,217,217,https://pabsa.impressicocrm.com/api/player/110368,1560,0,0
1680594023997,1583,Get single knockout Player details,200,,Knock_out_Thread Group 1-669,text,true,,1210,326,217,217,https://pabsa.impressicocrm.com/api/player/110368,1583,0,0
1680594022516,3076,Get tournamnent list ,200,,Knock_out_Thread Group 1-807,text,true,,58865,389,217,217,https://pabsa.impressicocrm.com/api/tournament?limit=12&pageNumber=1&sportType=&tournamentName=&tournamentStyle=,2178,0,0
1680594019464,6138,Get tournamnent list ,200,,Knock_out_Thread Group 1-774,text,true,,58880,389,217,217,https://pabsa.impressicocrm.com/api/tournament?limit=12&pageNumber=1&sportType=&tournamentName=&tournamentStyle=,3693,0,0
1680594023868,1758,Get Players list ,200,,Knock_out_Thread Group 1-750,text,true,,3218,338,217,217,https://pabsa.impressicocrm.com/api/tournament/119922/players,1758,0,0
1680594023819,1859,Get Home page country ,200,,Knock_out_Thread Group 1-839,text,true,,17270,320,218,218,https://pabsa.impressicocrm.com/api/country,1859,0,0
1680594023893,1786,Get Home page currency,200,,Knock_out_Thread Group 1-776,text,true,,9160,321,218,218,https://pabsa.impressicocrm.com/api/currency,1786,0,0
1680594023722,1957,Get tournament result,200,,Knock_out_Thread Group 1-662,text,true,,5435,338,218,218,https://pabsa.impressicocrm.com/api/tournament/119922/matches,1957,0,0
1680594023722,1957,Get knockout players list ,200,,Knock_out_Thread Group 1-730,text,true,,4598,340,218,218,https://pabsa.impressicocrm.com/api/tournament/118871/knockouts,1957,0,0
1680594024032,1647,Get single knockout Player details,200,,Knock_out_Thread Group 1-689,text,true,,1210,326,218,218,https://pabsa.impressicocrm.com/api/player/110368,1647,0,0
1680594023950,1729,Get Home page country ,200,,Knock_out_Thread Group 1-846,text,true,,17270,320,218,218,https://pabsa.impressicocrm.com/api/country,1729,0,0
1680594024751,929,Home page ,200,OK,Knock_out_Thread Group 1-858,text,true,,3033,309,218,218,https://pabsa.impressicocrm.com/,928,0,236
1680594022445,3243,Get tournamnent list ,200,,Knock_out_Thread Group 1-797,text,true,,58880,389,218,218,https://pabsa.impressicocrm.com/api/tournament?limit=12&pageNumber=1&sportType=&tournamentName=&tournamentStyle=,2324,0,0
1680594023893,1805,Get single knockout Player details,200,,Knock_out_Thread Group 1-702,text,true,,1210,326,218,218,https://pabsa.impressicocrm.com/api/player/110368,1805,0,0
1680594024027,1679,Get single knockout Player details,200,,Knock_out_Thread Group 1-696,text,true,,1210,326,218,218,https://pabsa.impressicocrm.com/api/player/110368,1679,0,0
1680594023945,1805,Get knockout players list ,200,,Knock_out_Thread Group 1-713,text,true,,4598,340,218,218,https://pabsa.impressicocrm.com/api/tournament/118871/knockouts,1805,0,0
1680594023660,2094,Get knockout players list ,200,,Knock_out_Thread Group 1-722,text,true,,4598,340,219,219,https://pabsa.impressicocrm.com/api/tournament/118871/knockouts,2094,0,0
1680594023952,1803,Home page ,200,OK,Knock_out_Thread Group 1-850,text,true,,3033,309,219,219,https://pabsa.impressicocrm.com/,1803,0,1317
1680594024010,1759,Get Players list ,200,,Knock_out_Thread Group 1-773,text,true,,3218,338,219,219,https://pabsa.impressicocrm.com/api/tournament/119922/players,1759,0,0
1680594023348,2439,Get Home page currency,200,,Knock_out_Thread Group 1-771,text,true,,9160,321,219,219,https://pabsa.impressicocrm.com/api/currency,2439,0,0
1680594022666,3124,Get Home page currency,200,,Knock_out_Thread Group 1-757,text,true,,9160,321,219,219,https://pabsa.impressicocrm.com/api/currency,3124,0,0
1680594021552,4241,Get tournamnent list ,200,,Knock_out_Thread Group 1-803,text,true,,58880,389,219,219,https://pabsa.impressicocrm.com/api/tournament?limit=12&pageNumber=1&sportType=&tournamentName=&tournamentStyle=,2669,0,0
1680594023726,2090,Get tournament result,200,,Knock_out_Thread Group 1-653,text,true,,5435,338,219,219,https://pabsa.impressicocrm.com/api/tournament/119922/matches,2090,0,0
1680594024021,1815,Get Home page country ,200,,Knock_out_Thread Group 1-844,text,true,,17270,320,219,219,https://pabsa.impressicocrm.com/api/country,1815,0,0
1680594024093,1757,Get Home page currency,200,,Knock_out_Thread Group 1-779,text,true,,9160,321,219,219,https://pabsa.impressicocrm.com/api/currency,1757,0,0
1680594023202,2672,Get Home page currency,200,,Knock_out_Thread Group 1-775,text,true,,9160,321,220,220,https://pabsa.impressicocrm.com/api/currency,2672,0,0
1680594022675,3215,Get knockout players list ,200,,Knock_out_Thread Group 1-655,text,true,,4598,340,220,220,https://pabsa.impressicocrm.com/api/tournament/118871/knockouts,3215,0,0
1680594023975,1930,Get tournament result,200,,Knock_out_Thread Group 1-674,text,true,,5441,338,220,220,https://pabsa.impressicocrm.com/api/tournament/119922/matches,1930,0,0
1680594024223,1685,Get single knockout Player details,200,,Knock_out_Thread Group 1-695,text,true,,1210,326,220,220,https://pabsa.impressicocrm.com/api/player/110368,1685,0,0
1680594024093,1815,Get Home page currency,200,,Knock_out_Thread Group 1-793,text,true,,9160,321,220,220,https://pabsa.impressicocrm.com/api/currency,1815,0,0
1680594024211,1710,Get Home page currency,200,,Knock_out_Thread Group 1-800,text,true,,9160,321,220,220,https://pabsa.impressicocrm.com/api/currency,1710,0,0
1680594024221,1700,Get single knockout Player details,200,,Knock_out_Thread Group 1-687,text,true,,1210,326,220,220,https://pabsa.impressicocrm.com/api/player/110368,1700,0,0
1680594023975,1953,Get Break list ,200,,Knock_out_Thread Group 1-763,text,true,,3218,338,220,220,https://pabsa.impressicocrm.com/api/tournament/119922/players,1953,0,0
1680594024040,1896,Get knockout players list ,200,,Knock_out_Thread Group 1-705,text,true,,4598,340,220,220,https://pabsa.impressicocrm.com/api/tournament/118871/knockouts,1896,0,0
1680594023553,2385,Get tournament result,200,,Knock_out_Thread Group 1-659,text,true,,5435,338,220,220,https://pabsa.impressicocrm.com/api/tournament/119922/matches,2385,0,0
1680594024032,1906,Get Home page country ,200,,Knock_out_Thread Group 1-827,text,true,,17270,320,220,220,https://pabsa.impressicocrm.com/api/country,1906,0,0
1680594023779,2177,Get Players schedule,200,,Knock_out_Thread Group 1-728,text,true,,5435,338,221,221,https://pabsa.impressicocrm.com/api/tournament/119922/matches,2176,0,0
1680594022939,3028,Get tournamnent list ,200,,Knock_out_Thread Group 1-811,text,true,,58880,389,221,221,https://pabsa.impressicocrm.com/api/tournament?limit=12&pageNumber=1&sportType=&tournamentName=&tournamentStyle=,2262,0,0
1680594024296,1676,Get playerA_Vs_playerB,200,,Knock_out_Thread Group 1-622,text,true,,1239,341,221,221,https://pabsa.impressicocrm.com/api/tournament/matchScore/147598,1676,0,0
1680594023988,1984,Get tournament result,200,,Knock_out_Thread Group 1-663,text,true,,5441,338,221,221,https://pabsa.impressicocrm.com/api/tournament/119922/matches,1984,0,0
1680594025552,446,Home page ,200,OK,Knock_out_Thread Group 1-866,text,true,,3033,309,220,220,https://pabsa.impressicocrm.com/,445,0,346
1680594024124,1875,Get Home page currency,200,,Knock_out_Thread Group 1-794,text,true,,9160,321,220,220,https://pabsa.impressicocrm.com/api/currency,1874,0,0
1680594024040,1971,Get single knockout Player details,200,,Knock_out_Thread Group 1-690,text,true,,1210,326,220,220,https://pabsa.impressicocrm.com/api/player/110368,1971,0,0
1680594023745,2280,Get Break list ,200,,Knock_out_Thread Group 1-751,text,true,,3218,338,220,220,https://pabsa.impressicocrm.com/api/tournament/119922/players,2280,0,0
1680594025451,582,Home page ,200,OK,Knock_out_Thread Group 1-865,text,true,,3033,309,220,220,https://pabsa.impressicocrm.com/,582,0,485
1680594025753,285,Home page ,200,OK,Knock_out_Thread Group 1-868,text,true,,3033,309,220,220,https://pabsa.impressicocrm.com/,284,0,219
1680594024314,1743,Get Break list ,200,,Knock_out_Thread Group 1-738,text,true,,3218,338,221,221,https://pabsa.impressicocrm.com/api/tournament/119922/players,1743,0,0
1680594024027,2030,Get Players schedule,200,,Knock_out_Thread Group 1-746,text,true,,5441,338,221,221,https://pabsa.impressicocrm.com/api/tournament/119922/matches,2030,0,0
1680594024023,2034,Get Players list ,200,,Knock_out_Thread Group 1-766,text,true,,3218,338,221,221,https://pabsa.impressicocrm.com/api/tournament/119922/players,2034,0,0
1680594024372,1688,Get single knockout Player details,200,,Knock_out_Thread Group 1-709,text,true,,1210,326,221,221,https://pabsa.impressicocrm.com/api/player/110368,1688,0,0
1680594025654,407,Home page ,200,OK,Knock_out_Thread Group 1-867,text,true,,3033,309,221,221,https://pabsa.impressicocrm.com/,406,0,318
1680594024029,2044,Get Players list ,200,,Knock_out_Thread Group 1-747,text,true,,3218,338,221,221,https://pabsa.impressicocrm.com/api/tournament/119922/players,2044,0,0
1680594024175,1910,Get tournament result,200,,Knock_out_Thread Group 1-660,text,true,,5441,338,221,221,https://pabsa.impressicocrm.com/api/tournament/119922/matches,1910,0,0
1680594024293,1794,Get knockout players list ,200,,Knock_out_Thread Group 1-712,text,true,,4598,340,221,221,https://pabsa.impressicocrm.com/api/tournament/118871/knockouts,1794,0,0
1680594024196,1894,Get knockout players list ,200,,Knock_out_Thread Group 1-708,text,true,,4598,340,221,221,https://pabsa.impressicocrm.com/api/tournament/118871/knockouts,1894,0,0
1680594023123,2967,Get tournamnent list ,200,,Knock_out_Thread Group 1-806,text,true,,58880,389,221,221,https://pabsa.impressicocrm.com/api/tournament?limit=12&pageNumber=1&sportType=&tournamentName=&tournamentStyle=,2036,0,0
1680594025352,746,Home page ,200,OK,Knock_out_Thread Group 1-864,text,true,,3033,309,221,221,https://pabsa.impressicocrm.com/,746,0,668
1680594023745,2370,Get Home page country ,200,,Knock_out_Thread Group 1-840,text,true,,17270,320,221,221,https://pabsa.impressicocrm.com/api/country,1933,0,0
1680594024232,1883,Get Home page currency,200,,Knock_out_Thread Group 1-788,text,true,,9160,321,221,221,https://pabsa.impressicocrm.com/api/currency,1883,0,0
1680594024369,1748,Get playerA_Vs_playerB,200,,Knock_out_Thread Group 1-651,text,true,,1239,341,221,221,https://pabsa.impressicocrm.com/api/tournament/matchScore/147598,1748,0,0
1680594025252,866,Home page ,200,OK,Knock_out_Thread Group 1-863,text,true,,3033,309,221,221,https://pabsa.impressicocrm.com/,865,0,759
1680594024061,2070,Get Players schedule,200,,Knock_out_Thread Group 1-744,text,true,,5441,338,220,220,https://pabsa.impressicocrm.com/api/tournament/119922/matches,2070,0,0
1680594024260,1873,Get Players schedule,200,,Knock_out_Thread Group 1-733,text,true,,5441,338,220,220,https://pabsa.impressicocrm.com/api/tournament/119922/matches,1873,0,0
1680594022744,3394,Get tournamnent list ,200,,Knock_out_Thread Group 1-810,text,true,,58888,389,220,220,https://pabsa.impressicocrm.com/api/tournament?limit=12&pageNumber=1&sportType=&tournamentName=&tournamentStyle=,1971,0,0
1680594023985,2161,Get Players schedule,200,,Knock_out_Thread Group 1-745,text,true,,5441,338,220,220,https://pabsa.impressicocrm.com/api/tournament/119922/matches,2161,0,0
1680594024158,1990,Get Players schedule,200,,Knock_out_Thread Group 1-737,text,true,,5441,338,220,220,https://pabsa.impressicocrm.com/api/tournament/119922/matches,1990,0,0
1680594024378,1770,Get knockout players list ,200,,Knock_out_Thread Group 1-698,text,true,,4591,340,220,220,https://pabsa.impressicocrm.com/api/tournament/118871/knockouts,1770,0,0
1680594024651,1498,Home page ,200,OK,Knock_out_Thread Group 1-857,text,true,,3033,309,220,220,https://pabsa.impressicocrm.com/,1498,0,1347
1680594024106,2050,Get Home page currency,200,,Knock_out_Thread Group 1-768,text,true,,9160,321,221,221,https://pabsa.impressicocrm.com/api/currency,2050,0,0
1680594023462,2695,Get Home page country ,200,,Knock_out_Thread Group 1-836,text,true,,17270,320,221,221,https://pabsa.impressicocrm.com/api/country,2584,0,0
1680594024358,1803,Get Home page currency,200,,Knock_out_Thread Group 1-777,text,true,,9160,321,221,221,https://pabsa.impressicocrm.com/api/currency,1803,0,0
1680594024459,1704,Get single knockout Player details,200,,Knock_out_Thread Group 1-706,text,true,,1210,326,221,221,https://pabsa.impressicocrm.com/api/player/110368,1704,0,0
1680594024221,1945,Get Home page currency,200,,Knock_out_Thread Group 1-772,text,true,,9160,321,221,221,https://pabsa.impressicocrm.com/api/currency,1945,0,0
1680594024175,1999,Get knockout players list ,200,,Knock_out_Thread Group 1-715,text,true,,4591,340,221,221,https://pabsa.impressicocrm.com/api/tournament/118871/knockouts,1999,0,0
1680594024363,1842,Get Break list ,200,,Knock_out_Thread Group 1-761,text,true,,3218,338,221,221,https://pabsa.impressicocrm.com/api/tournament/119922/players,1842,0,0
1680594024221,1984,Get playerA_Vs_playerB,200,,Knock_out_Thread Group 1-666,text,true,,1239,341,221,221,https://pabsa.impressicocrm.com/api/tournament/matchScore/147598,1984,0,0
1680594023330,2895,Get tournamnent list ,200,,Knock_out_Thread Group 1-819,text,true,,58865,389,220,220,https://pabsa.impressicocrm.com/api/tournament?limit=12&pageNumber=1&sportType=&tournamentName=&tournamentStyle=,1971,0,0
1680594024235,2007,Get Home page country ,200,,Knock_out_Thread Group 1-843,text,true,,17270,320,220,220,https://pabsa.impressicocrm.com/api/country,2007,0,0
1680594023866,2392,Get tournamnent list ,200,,Knock_out_Thread Group 1-822,text,true,,58880,389,221,221,https://pabsa.impressicocrm.com/api/tournament?limit=12&pageNumber=1&sportType=&tournamentName=&tournamentStyle=,1919,0,0
1680594025852,407,Home page ,200,OK,Knock_out_Thread Group 1-869,text,true,,3033,309,221,221,https://pabsa.impressicocrm.com/,406,0,301
1680594024226,2034,Get Home page currency,200,,Knock_out_Thread Group 1-784,text,true,,9160,321,221,221,https://pabsa.impressicocrm.com/api/currency,2034,0,0
1680594024296,1964,Get tournament result,200,,Knock_out_Thread Group 1-671,text,true,,5441,338,221,221,https://pabsa.impressicocrm.com/api/tournament/119922/matches,1964,0,0
1680594024124,2144,Get Players schedule,200,,Knock_out_Thread Group 1-716,text,true,,5435,338,221,221,https://pabsa.impressicocrm.com/api/tournament/119922/matches,2144,0,0
1680594024561,1725,Get knockout players list ,200,,Knock_out_Thread Group 1-724,text,true,,4598,340,221,221,https://pabsa.impressicocrm.com/api/tournament/118871/knockouts,1725,0,0
1680594024376,1926,Get Home page country ,200,,Knock_out_Thread Group 1-845,text,true,,17270,320,221,221,https://pabsa.impressicocrm.com/api/country,1926,0,0
1680594024441,1871,Get Home page country ,200,,Knock_out_Thread Group 1-849,text,true,,17270,320,221,221,https://pabsa.impressicocrm.com/api/country,1871,0,0
1680594024326,1999,Get tournament result,200,,Knock_out_Thread Group 1-684,text,true,,5441,338,221,221,https://pabsa.impressicocrm.com/api/tournament/119922/matches,1999,0,0
1680594024518,1821,Get Home page currency,200,,Knock_out_Thread Group 1-804,text,true,,9160,321,221,221,https://pabsa.impressicocrm.com/api/currency,1821,0,0
1680594024710,1636,Get single knockout Player details,200,,Knock_out_Thread Group 1-714,text,true,,1210,326,221,221,https://pabsa.impressicocrm.com/api/player/110368,1636,0,0
1680594024700,1672,Get playerA_Vs_playerB,200,,Knock_out_Thread Group 1-652,text,true,,1239,341,222,222,https://pabsa.impressicocrm.com/api/tournament/matchScore/147598,1672,0,0
1680594024604,1786,Get knockout players list ,200,,Knock_out_Thread Group 1-673,text,true,,4591,340,221,221,https://pabsa.impressicocrm.com/api/tournament/118871/knockouts,1786,0,0
1680594023965,2431,Get Players schedule,200,,Knock_out_Thread Group 1-731,text,true,,5441,338,221,221,https://pabsa.impressicocrm.com/api/tournament/119922/matches,2431,0,0
1680594025953,443,Home page ,200,OK,Knock_out_Thread Group 1-870,text,true,,3033,309,221,221,https://pabsa.impressicocrm.com/,443,0,245
1680594024378,2018,Get Home page country ,200,,Knock_out_Thread Group 1-847,text,true,,17270,320,221,221,https://pabsa.impressicocrm.com/api/country,1943,0,0
1680594024623,1781,Get knockout players list ,200,,Knock_out_Thread Group 1-676,text,true,,4598,340,221,221,https://pabsa.impressicocrm.com/api/tournament/118871/knockouts,1781,0,0
1680594024491,1915,Get Players schedule,200,,Knock_out_Thread Group 1-755,text,true,,5441,338,221,221,https://pabsa.impressicocrm.com/api/tournament/119922/matches,1915,0,0
1680594024770,1652,Get Break list ,200,,Knock_out_Thread Group 1-764,text,true,,3218,338,221,221,https://pabsa.impressicocrm.com/api/tournament/119922/players,1652,0,0
1680594024742,1721,Get playerA_Vs_playerB,200,,Knock_out_Thread Group 1-630,text,true,,1239,341,222,222,https://pabsa.impressicocrm.com/api/tournament/matchScore/147598,1721,0,0
1680594024882,1617,Get single knockout Player details,200,,Knock_out_Thread Group 1-707,text,true,,1210,326,221,221,https://pabsa.impressicocrm.com/api/player/110368,1617,0,0
1680594024700,1820,Get Home page country ,200,,Knock_out_Thread Group 1-854,text,true,,17270,320,221,221,https://pabsa.impressicocrm.com/api/country,1820,0,0
1680594024715,1809,Get Players list ,200,,Knock_out_Thread Group 1-786,text,true,,3218,338,221,221,https://pabsa.impressicocrm.com/api/tournament/119922/players,1809,0,0
1680594024539,1994,Get Players schedule,200,,Knock_out_Thread Group 1-741,text,true,,5441,338,221,221,https://pabsa.impressicocrm.com/api/tournament/119922/matches,1994,0,0
1680594024806,1745,Get playerA_Vs_playerB,200,,Knock_out_Thread Group 1-668,text,true,,1239,341,221,221,https://pabsa.impressicocrm.com/api/tournament/matchScore/147598,1745,0,0
1680594024839,1715,Get knockout players list ,200,,Knock_out_Thread Group 1-701,text,true,,4591,340,221,221,https://pabsa.impressicocrm.com/api/tournament/118871/knockouts,1715,0,0
1680594024623,1934,Get Players schedule,200,,Knock_out_Thread Group 1-734,text,true,,5441,338,221,221,https://pabsa.impressicocrm.com/api/tournament/119922/matches,1934,0,0
1680594024756,1807,Get Home page country ,200,,Knock_out_Thread Group 1-852,text,true,,17270,320,221,221,https://pabsa.impressicocrm.com/api/country,1807,0,0
1680594024507,2056,Get tournament result,200,,Knock_out_Thread Group 1-670,text,true,,5441,338,221,221,https://pabsa.impressicocrm.com/api/tournament/119922/matches,2056,0,0
1680594024799,1768,Get tournament result,200,,Knock_out_Thread Group 1-717,text,true,,5435,338,221,221,https://pabsa.impressicocrm.com/api/tournament/119922/matches,1768,0,0
1680594024799,1796,Get knockout players list ,200,,Knock_out_Thread Group 1-700,text,true,,4598,340,221,221,https://pabsa.impressicocrm.com/api/tournament/118871/knockouts,1796,0,0
1680594023435,3168,Get single knockout Player details,200,,Knock_out_Thread Group 1-658,text,true,,1210,326,221,221,https://pabsa.impressicocrm.com/api/player/110368,3168,0,0
1680594024921,1686,Get playerA_Vs_playerB,200,,Knock_out_Thread Group 1-672,text,true,,1239,341,221,221,https://pabsa.impressicocrm.com/api/tournament/matchScore/147598,1686,0,0
1680594025000,1614,Get single knockout Player details,200,,Knock_out_Thread Group 1-697,text,true,,1210,326,220,220,https://pabsa.impressicocrm.com/api/player/110368,1614,0,0
1680594022799,3815,Get tournamnent list ,200,,Knock_out_Thread Group 1-809,text,true,,58880,389,220,220,https://pabsa.impressicocrm.com/api/tournament?limit=12&pageNumber=1&sportType=&tournamentName=&tournamentStyle=,2503,0,0
1680594024580,2034,Get tournament result,200,,Knock_out_Thread Group 1-719,text,true,,5435,338,220,220,https://pabsa.impressicocrm.com/api/tournament/119922/matches,2034,0,0
1680594024872,1748,Get Break list ,200,,Knock_out_Thread Group 1-753,text,true,,3218,338,220,220,https://pabsa.impressicocrm.com/api/tournament/119922/players,1748,0,0
1680594023997,2623,Get Home page country ,200,,Knock_out_Thread Group 1-841,text,true,,17270,320,220,220,https://pabsa.impressicocrm.com/api/country,2623,0,0
1680594024827,1793,Get knockout players list ,200,,Knock_out_Thread Group 1-723,text,true,,4598,340,220,220,https://pabsa.impressicocrm.com/api/tournament/118871/knockouts,1793,0,0
1680594025047,1620,Get playerA_Vs_playerB,200,,Knock_out_Thread Group 1-683,text,true,,1239,341,221,221,https://pabsa.impressicocrm.com/api/tournament/matchScore/147598,1620,0,0
1680594025050,1637,Get playerA_Vs_playerB,200,,Knock_out_Thread Group 1-642,text,true,,1239,341,220,220,https://pabsa.impressicocrm.com/api/tournament/matchScore/147598,1637,0,0
1680594026353,345,Home page ,200,OK,Knock_out_Thread Group 1-874,text,true,,3033,309,219,219,https://pabsa.impressicocrm.com/,344,0,261
1680594025047,1657,Get knockout players list ,200,,Knock_out_Thread Group 1-726,text,true,,4598,340,219,219,https://pabsa.impressicocrm.com/api/tournament/118871/knockouts,1657,0,0
1680594024577,2140,Get Home page country ,200,,Knock_out_Thread Group 1-853,text,true,,17270,320,219,219,https://pabsa.impressicocrm.com/api/country,2140,0,0
1680594026453,306,Home page ,200,OK,Knock_out_Thread Group 1-875,text,true,,3033,309,220,220,https://pabsa.impressicocrm.com/,306,0,208
1680594024995,1768,Get Home page currency,200,,Knock_out_Thread Group 1-799,text,true,,9160,321,220,220,https://pabsa.impressicocrm.com/api/currency,1768,0,0
1680594024965,1799,Get Home page currency,200,,Knock_out_Thread Group 1-796,text,true,,9160,321,220,220,https://pabsa.impressicocrm.com/api/currency,1799,0,0
1680594024272,2492,Get tournamnent list ,200,,Knock_out_Thread Group 1-818,text,true,,58888,389,220,220,https://pabsa.impressicocrm.com/api/tournament?limit=12&pageNumber=1&sportType=&tournamentName=&tournamentStyle=,2008,0,0
1680594026053,711,Home page ,200,OK,Knock_out_Thread Group 1-871,text,true,,3033,309,220,220,https://pabsa.impressicocrm.com/,710,0,634
1680594026253,511,Home page ,200,OK,Knock_out_Thread Group 1-873,text,true,,3033,309,220,220,https://pabsa.impressicocrm.com/,511,0,408
1680594024859,1910,Get tournament result,200,,Knock_out_Thread Group 1-680,text,true,,5441,338,220,220,https://pabsa.impressicocrm.com/api/tournament/119922/matches,1910,0,0
1680594023324,3460,Get tournamnent list ,200,,Knock_out_Thread Group 1-813,text,true,,58888,389,220,220,https://pabsa.impressicocrm.com/api/tournament?limit=12&pageNumber=1&sportType=&tournamentName=&tournamentStyle=,2084,0,0
1680594025075,1709,Get Players list ,200,,Knock_out_Thread Group 1-785,text,true,,3218,338,220,220,https://pabsa.impressicocrm.com/api/tournament/119922/players,1709,0,0
1680594025118,1689,Get Break list ,200,,Knock_out_Thread Group 1-760,text,true,,3218,338,220,220,https://pabsa.impressicocrm.com/api/tournament/119922/players,1689,0,0
1680594024158,2658,Get tournamnent list ,200,,Knock_out_Thread Group 1-828,text,true,,58888,389,220,220,https://pabsa.impressicocrm.com/api/tournament?limit=12&pageNumber=1&sportType=&tournamentName=&tournamentStyle=,1915,0,0
1680594024859,1975,Get Players schedule,200,,Knock_out_Thread Group 1-762,text,true,,5441,338,220,220,https://pabsa.impressicocrm.com/api/tournament/119922/matches,1975,0,0
1680594025047,1787,Get Home page currency,200,,Knock_out_Thread Group 1-781,text,true,,9160,321,220,220,https://pabsa.impressicocrm.com/api/currency,1787,0,0
1680594024794,2042,Get Players schedule,200,,Knock_out_Thread Group 1-729,text,true,,5435,338,220,220,https://pabsa.impressicocrm.com/api/tournament/119922/matches,2042,0,0
1680594024265,2577,Get knockout players list ,200,,Knock_out_Thread Group 1-693,text,true,,4598,340,220,220,https://pabsa.impressicocrm.com/api/tournament/118871/knockouts,2577,0,0
1680594024040,2802,Get tournamnent list ,200,,Knock_out_Thread Group 1-815,text,true,,58888,389,220,220,https://pabsa.impressicocrm.com/api/tournament?limit=12&pageNumber=1&sportType=&tournamentName=&tournamentStyle=,2144,0,0
1680594024974,1868,Get Home page country ,200,,Knock_out_Thread Group 1-825,text,true,,17255,320,220,220,https://pabsa.impressicocrm.com/api/country,1868,0,0
1680594024961,1919,Get Players schedule,200,,Knock_out_Thread Group 1-732,text,true,,5441,338,221,221,https://pabsa.impressicocrm.com/api/tournament/119922/matches,1919,0,0
1680594024722,2163,Get Home page country ,200,,Knock_out_Thread Group 1-848,text,true,,17270,320,221,221,https://pabsa.impressicocrm.com/api/country,2163,0,0
1680594025094,1791,Get Home page currency,200,,Knock_out_Thread Group 1-792,text,true,,9160,321,221,221,https://pabsa.impressicocrm.com/api/currency,1791,0,0
1680594024987,1898,Get tournament result,200,,Knock_out_Thread Group 1-681,text,true,,5441,338,221,221,https://pabsa.impressicocrm.com/api/tournament/119922/matches,1898,0,0
1680594025047,1838,Get Home page currency,200,,Knock_out_Thread Group 1-801,text,true,,9160,321,221,221,https://pabsa.impressicocrm.com/api/currency,1838,0,0
1680594025156,1740,Get playerA_Vs_playerB,200,,Knock_out_Thread Group 1-646,text,true,,1239,341,221,221,https://pabsa.impressicocrm.com/api/tournament/matchScore/147598,1740,0,0
1680594025194,1710,Get single knockout Player details,200,,Knock_out_Thread Group 1-710,text,true,,1210,326,220,220,https://pabsa.impressicocrm.com/api/player/110368,1710,0,0
1680594026785,155,Get Break list ,200,,Knock_out_Thread Group 1-785,text,true,,3218,338,220,220,https://pabsa.impressicocrm.com/api/tournament/119922/players,155,0,0
1680594025112,1830,Get Home page currency,200,,Knock_out_Thread Group 1-769,text,true,,9153,321,220,220,https://pabsa.impressicocrm.com/api/currency,1830,0,0
1680594024350,2612,Get tournamnent list ,200,,Knock_out_Thread Group 1-821,text,true,,58880,389,221,221,https://pabsa.impressicocrm.com/api/tournament?limit=12&pageNumber=1&sportType=&tournamentName=&tournamentStyle=,2178,0,0
1680594025201,1801,Get playerA_Vs_playerB,200,,Knock_out_Thread Group 1-675,text,true,,1239,341,221,221,https://pabsa.impressicocrm.com/api/tournament/matchScore/147598,1801,0,0
1680594024955,2050,Get Home page currency,200,,Knock_out_Thread Group 1-795,text,true,,9160,321,220,220,https://pabsa.impressicocrm.com/api/currency,2050,0,0
1680594025257,1748,Get single knockout Player details,200,,Knock_out_Thread Group 1-679,text,true,,1210,326,220,220,https://pabsa.impressicocrm.com/api/player/110368,1748,0,0
1680594025243,1762,Get knockout players list ,200,,Knock_out_Thread Group 1-735,text,true,,4591,340,220,220,https://pabsa.impressicocrm.com/api/tournament/118871/knockouts,1762,0,0
1680594021536,5473,Get tournamnent list ,200,,Knock_out_Thread Group 1-765,text,true,,58880,389,220,220,https://pabsa.impressicocrm.com/api/tournament?limit=12&pageNumber=1&sportType=&tournamentName=&tournamentStyle=,2517,0,0
1680594025155,1861,Get Players list ,200,,Knock_out_Thread Group 1-754,text,true,,3218,338,220,220,https://pabsa.impressicocrm.com/api/tournament/119922/players,1861,0,0
1680594025217,1811,Get Players list ,200,,Knock_out_Thread Group 1-778,text,true,,3218,338,220,220,https://pabsa.impressicocrm.com/api/tournament/119922/players,1811,0,0
1680594026752,316,Home page ,200,OK,Knock_out_Thread Group 1-878,text,true,,3033,309,221,221,https://pabsa.impressicocrm.com/,316,0,236
1680594026653,424,Home page ,200,OK,Knock_out_Thread Group 1-877,text,true,,3033,309,221,221,https://pabsa.impressicocrm.com/,423,0,249
1680594024663,2437,Get tournamnent list ,200,,Knock_out_Thread Group 1-837,text,true,,58888,389,221,221,https://pabsa.impressicocrm.com/api/tournament?limit=12&pageNumber=1&sportType=&tournamentName=&tournamentStyle=,1992,0,0
1680594025267,1838,Get Home page currency,200,,Knock_out_Thread Group 1-808,text,true,,9153,321,221,221,https://pabsa.impressicocrm.com/api/currency,1838,0,0
1680594025275,1866,Get Home page country ,200,,Knock_out_Thread Group 1-860,text,true,,17270,320,221,221,https://pabsa.impressicocrm.com/api/country,1866,0,0
1680594025155,1986,Get tournament result,200,,Knock_out_Thread Group 1-692,text,true,,5441,338,221,221,https://pabsa.impressicocrm.com/api/tournament/119922/matches,1986,0,0
1680594025292,1852,Get Break list ,200,,Knock_out_Thread Group 1-758,text,true,,3218,338,221,221,https://pabsa.impressicocrm.com/api/tournament/119922/players,1852,0,0
1680594025276,1873,Get Break list ,200,,Knock_out_Thread Group 1-743,text,true,,3218,338,221,221,https://pabsa.impressicocrm.com/api/tournament/119922/players,1873,0,0
1680594025401,1748,Get single knockout Player details,200,,Knock_out_Thread Group 1-704,text,true,,1210,326,221,221,https://pabsa.impressicocrm.com/api/player/110368,1748,0,0
1680594025269,1880,Get Players list ,200,,Knock_out_Thread Group 1-770,text,true,,3218,338,221,221,https://pabsa.impressicocrm.com/api/tournament/119922/players,1880,0,0
1680594025160,1993,Get Home page country ,200,,Knock_out_Thread Group 1-851,text,true,,17270,320,222,222,https://pabsa.impressicocrm.com/api/country,1993,0,0
1680594025323,1842,Get Home page currency,200,,Knock_out_Thread Group 1-802,text,true,,9160,321,222,222,https://pabsa.impressicocrm.com/api/currency,1842,0,0
1680594025101,2066,Get Players schedule,200,,Knock_out_Thread Group 1-749,text,true,,5441,338,222,222,https://pabsa.impressicocrm.com/api/tournament/119922/matches,2066,0,0
1680594023931,3239,Get tournamnent list ,200,,Knock_out_Thread Group 1-817,text,true,,58888,389,222,222,https://pabsa.impressicocrm.com/api/tournament?limit=12&pageNumber=1&sportType=&tournamentName=&tournamentStyle=,2342,0,0
1680594025352,1820,Get single knockout Player details,200,,Knock_out_Thread Group 1-699,text,true,,1210,326,222,222,https://pabsa.impressicocrm.com/api/player/110368,1820,0,0
1680594025422,1780,Get playerA_Vs_playerB,200,,Knock_out_Thread Group 1-636,text,true,,1239,341,222,222,https://pabsa.impressicocrm.com/api/tournament/matchScore/147598,1780,0,0
1680594024799,2419,Get tournamnent list ,200,,Knock_out_Thread Group 1-835,text,true,,58880,389,221,221,https://pabsa.impressicocrm.com/api/tournament?limit=12&pageNumber=1&sportType=&tournamentName=&tournamentStyle=,1953,0,0
1680594024961,2265,Get Home page currency,200,,Knock_out_Thread Group 1-782,text,true,,9153,321,221,221,https://pabsa.impressicocrm.com/api/currency,2265,0,0
1680594025118,2108,Get Home page currency,200,,Knock_out_Thread Group 1-798,text,true,,9160,321,221,221,https://pabsa.impressicocrm.com/api/currency,2108,0,0
1680594025163,2063,Get knockout players list ,200,,Knock_out_Thread Group 1-720,text,true,,4591,340,221,221,https://pabsa.impressicocrm.com/api/tournament/118871/knockouts,2063,0,0
1680594026951,286,Home page ,200,OK,Knock_out_Thread Group 1-880,text,true,,3033,309,221,221,https://pabsa.impressicocrm.com/,285,0,214
1680594026852,388,Home page ,200,OK,Knock_out_Thread Group 1-879,text,true,,3033,309,221,221,https://pabsa.impressicocrm.com/,388,0,205
1680594025415,1829,Get playerA_Vs_playerB,200,,Knock_out_Thread Group 1-628,text,true,,1239,341,221,221,https://pabsa.impressicocrm.com/api/tournament/matchScore/147598,1829,0,0
1680594025042,2203,Get tournament result,200,,Knock_out_Thread Group 1-665,text,true,,5441,338,220,220,https://pabsa.impressicocrm.com/api/tournament/119922/matches,2203,0,0
1680594025307,1938,Get Players list ,200,,Knock_out_Thread Group 1-783,text,true,,3218,338,220,220,https://pabsa.impressicocrm.com/api/tournament/119922/players,1938,0,0
1680594025149,2123,Get Players schedule,200,,Knock_out_Thread Group 1-718,text,true,,5441,338,221,221,https://pabsa.impressicocrm.com/api/tournament/119922/matches,2123,0,0
1680594025148,2136,Get tournament result,200,,Knock_out_Thread Group 1-686,text,true,,5441,338,221,221,https://pabsa.impressicocrm.com/api/tournament/119922/matches,2136,0,0
1680594025301,2002,Get tournament result,200,,Knock_out_Thread Group 1-736,text,true,,5441,338,221,221,https://pabsa.impressicocrm.com/api/tournament/119922/matches,2002,0,0
1680594025205,2116,Get tournament result,200,,Knock_out_Thread Group 1-678,text,true,,5441,338,221,221,https://pabsa.impressicocrm.com/api/tournament/119922/matches,2116,0,0
1680594025324,2058,Get tournament result,200,,Knock_out_Thread Group 1-677,text,true,,5435,338,222,222,https://pabsa.impressicocrm.com/api/tournament/119922/matches,2058,0,0
1680594025248,2149,Get tournament result,200,,Knock_out_Thread Group 1-703,text,true,,5441,338,222,222,https://pabsa.impressicocrm.com/api/tournament/119922/matches,2149,0,0
1680594025476,1933,Get Home page currency,200,,Knock_out_Thread Group 1-805,text,true,,9160,321,222,222,https://pabsa.impressicocrm.com/api/currency,1933,0,0
1680594025418,1991,Get Home page country ,200,,Knock_out_Thread Group 1-859,text,true,,17270,320,222,222,https://pabsa.impressicocrm.com/api/country,1991,0,0
1680594025540,1891,Get playerA_Vs_playerB,200,,Knock_out_Thread Group 1-711,text,true,,1239,341,222,222,https://pabsa.impressicocrm.com/api/tournament/matchScore/147598,1891,0,0
1680594027052,392,Home page ,200,OK,Knock_out_Thread Group 1-881,text,true,,3033,309,221,221,https://pabsa.impressicocrm.com/,392,0,325
1680594025088,2399,Get Home page currency,200,,Knock_out_Thread Group 1-780,text,true,,9160,321,222,222,https://pabsa.impressicocrm.com/api/currency,2399,0,0
1680594025205,2292,Get Home page currency,200,,Knock_out_Thread Group 1-791,text,true,,9160,321,222,222,https://pabsa.impressicocrm.com/api/currency,2292,0,0
1680594025546,1956,Get Players list ,200,,Knock_out_Thread Group 1-767,text,true,,3218,338,222,222,https://pabsa.impressicocrm.com/api/tournament/119922/players,1956,0,0
1680594024005,3503,Get tournamnent list ,200,,Knock_out_Thread Group 1-820,text,true,,58880,389,222,222,https://pabsa.impressicocrm.com/api/tournament?limit=12&pageNumber=1&sportType=&tournamentName=&tournamentStyle=,2075,0,0
1680594025440,2075,Get tournament result,200,,Knock_out_Thread Group 1-694,text,true,,5441,338,222,222,https://pabsa.impressicocrm.com/api/tournament/119922/matches,2075,0,0
1680594024336,3181,Get tournamnent list ,200,,Knock_out_Thread Group 1-830,text,true,,58865,389,222,222,https://pabsa.impressicocrm.com/api/tournament?limit=12&pageNumber=1&sportType=&tournamentName=&tournamentStyle=,2170,0,0
1680594025408,2117,Get Players schedule,200,,Knock_out_Thread Group 1-752,text,true,,5441,338,222,222,https://pabsa.impressicocrm.com/api/tournament/119922/matches,2117,0,0
1680594025540,1990,Get playerA_Vs_playerB,200,,Knock_out_Thread Group 1-649,text,true,,1239,341,222,222,https://pabsa.impressicocrm.com/api/tournament/matchScore/147598,1990,0,0
1680594025550,1988,Get Home page country ,200,,Knock_out_Thread Group 1-862,text,true,,17270,320,221,221,https://pabsa.impressicocrm.com/api/country,1965,0,0
1680594025289,2260,Get Home page country ,200,,Knock_out_Thread Group 1-855,text,true,,17270,320,221,221,https://pabsa.impressicocrm.com/api/country,2260,0,0
1680594025469,2083,Get knockout players list ,200,,Knock_out_Thread Group 1-727,text,true,,4591,340,222,222,https://pabsa.impressicocrm.com/api/tournament/118871/knockouts,2083,0,0
1680594025440,2117,Get tournament result,200,,Knock_out_Thread Group 1-685,text,true,,5441,338,222,222,https://pabsa.impressicocrm.com/api/tournament/119922/matches,2117,0,0
1680594025459,2107,Get Players schedule,200,,Knock_out_Thread Group 1-742,text,true,,5441,338,222,222,https://pabsa.impressicocrm.com/api/tournament/119922/matches,2107,0,0
1680594025679,1893,Get single knockout Player details,200,,Knock_out_Thread Group 1-730,text,true,,1210,326,222,222,https://pabsa.impressicocrm.com/api/player/110368,1893,0,0
1680594023784,3791,Get Home page currency,200,,Knock_out_Thread Group 1-787,text,true,,9160,321,222,222,https://pabsa.impressicocrm.com/api/currency,3791,0,0
1680594025477,2102,Get playerA_Vs_playerB,200,,Knock_out_Thread Group 1-682,text,true,,1239,341,222,222,https://pabsa.impressicocrm.com/api/tournament/matchScore/147598,2102,0,0
1680594025547,2050,Get Home page country ,200,,Knock_out_Thread Group 1-861,text,true,,17270,320,221,221,https://pabsa.impressicocrm.com/api/country,2050,0,0
1680594027152,468,Home page ,200,OK,Knock_out_Thread Group 1-882,text,true,,3033,309,221,221,https://pabsa.impressicocrm.com/,467,0,270
1680594025269,2378,Get Home page currency,200,,Knock_out_Thread Group 1-789,text,true,,9160,321,221,221,https://pabsa.impressicocrm.com/api/currency,2378,0,0
1680594026553,1099,Home page ,200,OK,Knock_out_Thread Group 1-876,text,true,,3033,309,222,222,https://pabsa.impressicocrm.com/,1098,0,678
1680594025750,1905,Get single knockout Player details,200,,Knock_out_Thread Group 1-713,text,true,,1210,326,222,222,https://pabsa.impressicocrm.com/api/player/110368,1905,0,0
1680594025408,2267,Get Players schedule,200,,Knock_out_Thread Group 1-739,text,true,,5441,338,222,222,https://pabsa.impressicocrm.com/api/tournament/119922/matches,2267,0,0
1680594026153,1530,Home page ,200,OK,Knock_out_Thread Group 1-872,text,true,,3033,309,222,222,https://pabsa.impressicocrm.com/,1530,0,1360
1680594025755,1935,Get single knockout Player details,200,,Knock_out_Thread Group 1-722,text,true,,1210,326,222,222,https://pabsa.impressicocrm.com/api/player/110368,1935,0,0
1680594025125,2616,Get tournamnent list ,200,,Knock_out_Thread Group 1-832,text,true,,58880,389,222,222,https://pabsa.impressicocrm.com/api/tournament?limit=12&pageNumber=1&sportType=&tournamentName=&tournamentStyle=,1951,0,0
1680594027226,517,Get Players list ,200,,Knock_out_Thread Group 1-798,text,true,,3218,338,222,222,https://pabsa.impressicocrm.com/api/tournament/119922/players,517,0,0
1680594025770,2038,Get Break list ,200,,Knock_out_Thread Group 1-773,text,true,,3218,338,223,223,https://pabsa.impressicocrm.com/api/tournament/119922/players,2038,0,0
1680594025891,1928,Get single knockout Player details,200,,Knock_out_Thread Group 1-655,text,true,,1210,326,223,223,https://pabsa.impressicocrm.com/api/player/110368,1928,0,0
1680594025592,2241,Get Home page currency,200,,Knock_out_Thread Group 1-807,text,true,,9160,321,223,223,https://pabsa.impressicocrm.com/api/currency,2241,0,0
1680594025816,2017,Get playerA_Vs_playerB,200,,Knock_out_Thread Group 1-653,text,true,,1239,341,223,223,https://pabsa.impressicocrm.com/api/tournament/matchScore/147598,2017,0,0
1680594025567,2266,Get tournament result,200,,Knock_out_Thread Group 1-725,text,true,,5441,338,223,223,https://pabsa.impressicocrm.com/api/tournament/119922/matches,2266,0,0
1680594025680,2153,Get tournament result,200,,Knock_out_Thread Group 1-689,text,true,,5435,338,223,223,https://pabsa.impressicocrm.com/api/tournament/119922/matches,2153,0,0
1680594025547,2319,Get Break list ,200,,Knock_out_Thread Group 1-759,text,true,,3218,338,223,223,https://pabsa.impressicocrm.com/api/tournament/119922/players,2318,0,0
1680594025937,1929,Get single knockout Player details,200,,Knock_out_Thread Group 1-705,text,true,,1210,326,223,223,https://pabsa.impressicocrm.com/api/player/110368,1929,0,0
1680594025790,2090,Get Players list ,200,,Knock_out_Thread Group 1-757,text,true,,3218,338,223,223,https://pabsa.impressicocrm.com/api/tournament/119922/players,2090,0,0
1680594025550,2334,Get Players list ,200,,Knock_out_Thread Group 1-790,text,true,,3218,338,223,223,https://pabsa.impressicocrm.com/api/tournament/119922/players,2334,0,0
1680594025921,1965,Get Players list ,200,,Knock_out_Thread Group 1-800,text,true,,3218,338,223,223,https://pabsa.impressicocrm.com/api/tournament/119922/players,1965,0,0
1680594025908,1996,Get Players list ,200,,Knock_out_Thread Group 1-793,text,true,,3218,338,223,223,https://pabsa.impressicocrm.com/api/tournament/119922/players,1996,0,0
1680594025469,2440,Get tournament result,200,,Knock_out_Thread Group 1-691,text,true,,5441,338,223,223,https://pabsa.impressicocrm.com/api/tournament/119922/matches,2440,0,0
1680594025580,2345,Get tournament result,200,,Knock_out_Thread Group 1-669,text,true,,5441,338,223,223,https://pabsa.impressicocrm.com/api/tournament/119922/matches,2345,0,0
1680594025550,2380,Get Players schedule,200,,Knock_out_Thread Group 1-740,text,true,,5441,338,223,223,https://pabsa.impressicocrm.com/api/tournament/119922/matches,2380,0,0
1680594025698,2247,Get tournament result,200,,Knock_out_Thread Group 1-702,text,true,,5435,338,223,223,https://pabsa.impressicocrm.com/api/tournament/119922/matches,2247,0,0
1680594027353,592,Home page ,200,OK,Knock_out_Thread Group 1-884,text,true,,3033,309,223,223,https://pabsa.impressicocrm.com/,591,0,518
1680594025956,2020,Get knockout players list ,200,,Knock_out_Thread Group 1-728,text,true,,4598,340,224,224,https://pabsa.impressicocrm.com/api/tournament/118871/knockouts,2020,0,0
1680594025706,2284,Get tournament result,200,,Knock_out_Thread Group 1-696,text,true,,5441,338,224,224,https://pabsa.impressicocrm.com/api/tournament/119922/matches,2284,0,0
1680594025972,2035,Get playerA_Vs_playerB,200,,Knock_out_Thread Group 1-663,text,true,,1239,341,224,224,https://pabsa.impressicocrm.com/api/tournament/matchScore/147598,2035,0,0
1680594027751,256,Home page ,200,OK,Knock_out_Thread Group 1-888,text,true,,3033,309,224,224,https://pabsa.impressicocrm.com/,256,0,194
1680594025939,2071,Get playerA_Vs_playerB,200,,Knock_out_Thread Group 1-659,text,true,,1239,341,223,223,https://pabsa.impressicocrm.com/api/tournament/matchScore/147598,2071,0,0
1680594025679,2331,Get playerA_Vs_playerB,200,,Knock_out_Thread Group 1-662,text,true,,1239,341,223,223,https://pabsa.impressicocrm.com/api/tournament/matchScore/147598,2331,0,0
1680594024260,3770,Get tournamnent list ,200,,Knock_out_Thread Group 1-824,text,true,,58888,389,221,221,https://pabsa.impressicocrm.com/api/tournament?limit=12&pageNumber=1&sportType=&tournamentName=&tournamentStyle=,2243,0,0
1680594025794,2243,Get Home page currency,200,,Knock_out_Thread Group 1-803,text,true,,9160,321,221,221,https://pabsa.impressicocrm.com/api/currency,2243,0,0
1680594025627,2433,Get Break list ,200,,Knock_out_Thread Group 1-750,text,true,,3218,338,222,222,https://pabsa.impressicocrm.com/api/tournament/119922/players,2433,0,0
1680594024474,3607,Get tournamnent list ,200,,Knock_out_Thread Group 1-814,text,true,,58880,389,222,222,https://pabsa.impressicocrm.com/api/tournament?limit=12&pageNumber=1&sportType=&tournamentName=&tournamentStyle=,2289,0,0
1680594026090,2004,Get single knockout Player details,200,,Knock_out_Thread Group 1-708,text,true,,1210,326,222,222,https://pabsa.impressicocrm.com/api/player/110368,2004,0,0
1680594026057,2037,Get knockout players list ,200,,Knock_out_Thread Group 1-746,text,true,,4591,340,222,222,https://pabsa.impressicocrm.com/api/tournament/118871/knockouts,2037,0,0
1680594026057,2058,Get Break list ,200,,Knock_out_Thread Group 1-766,text,true,,3218,338,222,222,https://pabsa.impressicocrm.com/api/tournament/119922/players,2058,0,0
1680594027552,584,Home page ,200,OK,Knock_out_Thread Group 1-886,text,true,,3033,309,222,222,https://pabsa.impressicocrm.com/,584,0,508
1680594025689,2453,Get Home page currency,200,,Knock_out_Thread Group 1-797,text,true,,9160,321,222,222,https://pabsa.impressicocrm.com/api/currency,2453,0,0
1680594026086,2061,Get playerA_Vs_playerB,200,,Knock_out_Thread Group 1-660,text,true,,1239,341,222,222,https://pabsa.impressicocrm.com/api/tournament/matchScore/147598,2061,0,0
1680594025908,2247,Get tournament result,200,,Knock_out_Thread Group 1-695,text,true,,5435,338,222,222,https://pabsa.impressicocrm.com/api/tournament/119922/matches,2247,0,0
1680594026174,1985,Get single knockout Player details,200,,Knock_out_Thread Group 1-715,text,true,,1210,326,222,222,https://pabsa.impressicocrm.com/api/player/110368,1985,0,0
1680594026149,2028,Get single knockout Player details,200,,Knock_out_Thread Group 1-698,text,true,,1210,326,222,222,https://pabsa.impressicocrm.com/api/player/110368,2028,0,0
1680594027253,924,Home page ,200,OK,Knock_out_Thread Group 1-883,text,true,,3033,309,222,222,https://pabsa.impressicocrm.com/,924,0,329
1680594026038,2150,Get Home page country ,200,,Knock_out_Thread Group 1-868,text,true,,17270,320,222,222,https://pabsa.impressicocrm.com/api/country,2149,0,0
1680594026025,2181,Get Players schedule,200,,Knock_out_Thread Group 1-751,text,true,,5441,338,222,222,https://pabsa.impressicocrm.com/api/tournament/119922/matches,2181,0,0
1680594026061,2193,Get Home page country ,200,,Knock_out_Thread Group 1-867,text,true,,17270,320,223,223,https://pabsa.impressicocrm.com/api/country,2192,0,0
1680594025679,2575,Get Players list ,200,,Knock_out_Thread Group 1-776,text,true,,3218,338,223,223,https://pabsa.impressicocrm.com/api/tournament/119922/players,2575,0,0
1680594026133,2125,Get knockout players list ,200,,Knock_out_Thread Group 1-733,text,true,,4591,340,223,223,https://pabsa.impressicocrm.com/api/tournament/118871/knockouts,2125,0,0
1680594025874,2384,Get Players list ,200,,Knock_out_Thread Group 1-775,text,true,,3218,338,223,223,https://pabsa.impressicocrm.com/api/tournament/119922/players,2384,0,0
1680594027852,406,Home page ,200,OK,Knock_out_Thread Group 1-889,text,true,,3033,309,223,223,https://pabsa.impressicocrm.com/,406,0,297
1680594026161,2102,Get Players list ,200,,Knock_out_Thread Group 1-777,text,true,,3218,338,223,223,https://pabsa.impressicocrm.com/api/tournament/119922/players,2102,0,0
1680594026149,2115,Get knockout players list ,200,,Knock_out_Thread Group 1-737,text,true,,4598,340,223,223,https://pabsa.impressicocrm.com/api/tournament/118871/knockouts,2115,0,0
1680594025921,2352,Get tournament result,200,,Knock_out_Thread Group 1-687,text,true,,5441,338,223,223,https://pabsa.impressicocrm.com/api/tournament/119922/matches,2352,0,0
1680594026131,2150,Get knockout players list ,200,,Knock_out_Thread Group 1-744,text,true,,4598,340,223,223,https://pabsa.impressicocrm.com/api/tournament/118871/knockouts,2149,0,0
1680594026098,2188,Get Home page country ,200,,Knock_out_Thread Group 1-864,text,true,,17270,320,223,223,https://pabsa.impressicocrm.com/api/country,2188,0,0
1680594027452,835,Home page ,200,OK,Knock_out_Thread Group 1-885,text,true,,3033,309,223,223,https://pabsa.impressicocrm.com/,835,0,739
1680594026011,2312,Get tournament result,200,,Knock_out_Thread Group 1-690,text,true,,5441,338,223,223,https://pabsa.impressicocrm.com/api/tournament/119922/matches,2312,0,0
1680594026259,2070,Get Home page currency,200,,Knock_out_Thread Group 1-822,text,true,,9160,321,223,223,https://pabsa.impressicocrm.com/api/currency,2070,0,0
1680594026269,2066,Get knockout players list ,200,,Knock_out_Thread Group 1-716,text,true,,4598,340,223,223,https://pabsa.impressicocrm.com/api/tournament/118871/knockouts,2066,0,0
1680594026157,2178,Get Players list ,200,,Knock_out_Thread Group 1-768,text,true,,3218,338,223,223,https://pabsa.impressicocrm.com/api/tournament/119922/players,2178,0,0
1680594026167,2171,Get Players list ,200,,Knock_out_Thread Group 1-772,text,true,,3218,338,223,223,https://pabsa.impressicocrm.com/api/tournament/119922/players,2171,0,0
1680594026260,2079,Get playerA_Vs_playerB,200,,Knock_out_Thread Group 1-671,text,true,,1239,341,223,223,https://pabsa.impressicocrm.com/api/tournament/matchScore/147598,2079,0,0
1680594028053,289,Home page ,200,OK,Knock_out_Thread Group 1-891,text,true,,3033,309,222,222,https://pabsa.impressicocrm.com/,289,0,222
1680594025351,3016,Get tournament result,200,,Knock_out_Thread Group 1-688,text,true,,5441,338,223,223,https://pabsa.impressicocrm.com/api/tournament/119922/matches,3016,0,0
1680594025680,2695,Get Home page country ,200,,Knock_out_Thread Group 1-858,text,true,,17270,320,223,223,https://pabsa.impressicocrm.com/api/country,2689,0,0
1680594026406,1969,Get knockout players list ,200,,Knock_out_Thread Group 1-755,text,true,,4598,340,223,223,https://pabsa.impressicocrm.com/api/tournament/118871/knockouts,1969,0,0
1680594026325,2053,Get playerA_Vs_playerB,200,,Knock_out_Thread Group 1-684,text,true,,1239,341,223,223,https://pabsa.impressicocrm.com/api/tournament/matchScore/147598,2053,0,0
1680594026088,2299,Get single knockout Player details,200,,Knock_out_Thread Group 1-712,text,true,,1210,326,222,222,https://pabsa.impressicocrm.com/api/player/110368,2299,0,0
1680594025755,2655,Get Home page country ,200,,Knock_out_Thread Group 1-850,text,true,,17270,320,222,222,https://pabsa.impressicocrm.com/api/country,2655,0,0
1680594026260,2156,Get Players list ,200,,Knock_out_Thread Group 1-784,text,true,,3218,338,222,222,https://pabsa.impressicocrm.com/api/tournament/119922/players,2156,0,0
1680594026557,1873,Get knockout players list ,200,,Knock_out_Thread Group 1-734,text,true,,4598,340,222,222,https://pabsa.impressicocrm.com/api/tournament/118871/knockouts,1873,0,0
1680594026555,1878,Get single knockout Player details,200,,Knock_out_Thread Group 1-701,text,true,,1210,326,222,222,https://pabsa.impressicocrm.com/api/player/110368,1878,0,0
1680594026074,2370,Get Break list ,200,,Knock_out_Thread Group 1-747,text,true,,3218,338,222,222,https://pabsa.impressicocrm.com/api/tournament/119922/players,2370,0,0
1680594026396,2048,Get knockout players list ,200,,Knock_out_Thread Group 1-731,text,true,,4598,340,222,222,https://pabsa.impressicocrm.com/api/tournament/118871/knockouts,2048,0,0
1680594028206,248,Get knockout players list ,200,,Knock_out_Thread Group 1-751,text,true,,4598,340,223,223,https://pabsa.impressicocrm.com/api/tournament/118871/knockouts,248,0,0
1680594025905,2572,Get playerA_Vs_playerB,200,,Knock_out_Thread Group 1-674,text,true,,1239,341,223,223,https://pabsa.impressicocrm.com/api/tournament/matchScore/147598,2572,0,0
1680594025928,2556,Get Players schedule,200,,Knock_out_Thread Group 1-763,text,true,,5441,338,222,222,https://pabsa.impressicocrm.com/api/tournament/119922/matches,2556,0,0
1680594026259,2230,Get Home page country ,200,,Knock_out_Thread Group 1-869,text,true,,17270,320,222,222,https://pabsa.impressicocrm.com/api/country,2230,0,0
1680594026226,2271,Get Home page currency,200,,Knock_out_Thread Group 1-819,text,true,,9160,321,222,222,https://pabsa.impressicocrm.com/api/currency,2271,0,0
1680594026163,2334,Get tournament result,200,,Knock_out_Thread Group 1-706,text,true,,5441,338,222,222,https://pabsa.impressicocrm.com/api/tournament/119922/matches,2334,0,0
1680594026563,1938,Get playerA_Vs_playerB,200,,Knock_out_Thread Group 1-670,text,true,,1239,341,222,222,https://pabsa.impressicocrm.com/api/tournament/matchScore/147598,1938,0,0
1680594026090,2419,Get Home page currency,200,,Knock_out_Thread Group 1-806,text,true,,9160,321,221,221,https://pabsa.impressicocrm.com/api/currency,2419,0,0
1680594025998,2511,Get Home page country ,200,,Knock_out_Thread Group 1-866,text,true,,17270,320,221,221,https://pabsa.impressicocrm.com/api/country,2511,0,0
1680594026118,2394,Get Home page country ,200,,Knock_out_Thread Group 1-863,text,true,,17270,320,221,221,https://pabsa.impressicocrm.com/api/country,2266,0,0
1680594026138,2377,Get Home page currency,200,,Knock_out_Thread Group 1-810,text,true,,9160,321,221,221,https://pabsa.impressicocrm.com/api/currency,2377,0,0
1680594026595,1930,Get single knockout Player details,200,,Knock_out_Thread Group 1-700,text,true,,1210,326,221,221,https://pabsa.impressicocrm.com/api/player/110368,1930,0,0
1680594026396,2135,Get Home page country ,200,,Knock_out_Thread Group 1-870,text,true,,17270,320,221,221,https://pabsa.impressicocrm.com/api/country,2129,0,0
1680594025967,2570,Get Home page currency,200,,Knock_out_Thread Group 1-811,text,true,,9153,321,221,221,https://pabsa.impressicocrm.com/api/currency,2570,0,0
1680594026621,1916,Get single knockout Player details,200,,Knock_out_Thread Group 1-723,text,true,,1210,326,221,221,https://pabsa.impressicocrm.com/api/player/110368,1916,0,0
1680594026205,2332,Get Players schedule,200,,Knock_out_Thread Group 1-761,text,true,,5441,338,221,221,https://pabsa.impressicocrm.com/api/tournament/119922/matches,2332,0,0
1680594026534,2006,Get knockout players list ,200,,Knock_out_Thread Group 1-741,text,true,,4598,340,221,221,https://pabsa.impressicocrm.com/api/tournament/118871/knockouts,2006,0,0
1680594026146,2402,Get knockout players list ,200,,Knock_out_Thread Group 1-745,text,true,,4598,340,221,221,https://pabsa.impressicocrm.com/api/tournament/118871/knockouts,2402,0,0
1680594026568,2005,Get playerA_Vs_playerB,200,,Knock_out_Thread Group 1-717,text,true,,1239,341,222,222,https://pabsa.impressicocrm.com/api/tournament/matchScore/147598,2005,0,0
1680594025245,3328,Get Home page country ,200,,Knock_out_Thread Group 1-856,text,true,,17270,320,222,222,https://pabsa.impressicocrm.com/api/country,2302,0,0
1680594026286,2287,Get single knockout Player details,200,,Knock_out_Thread Group 1-724,text,true,,1210,326,222,222,https://pabsa.impressicocrm.com/api/player/110368,2287,0,0
1680594026525,2054,Get Break list ,200,,Knock_out_Thread Group 1-786,text,true,,3218,338,221,221,https://pabsa.impressicocrm.com/api/tournament/119922/players,2054,0,0
1680594026705,1886,Get single knockout Player details,200,,Knock_out_Thread Group 1-726,text,true,,1210,326,221,221,https://pabsa.impressicocrm.com/api/player/110368,1886,0,0
1680594028152,442,Home page ,200,OK,Knock_out_Thread Group 1-892,text,true,,3033,309,221,221,https://pabsa.impressicocrm.com/,442,0,368
1680594026115,2529,Get Players list ,200,,Knock_out_Thread Group 1-788,text,true,,3218,338,221,221,https://pabsa.impressicocrm.com/api/tournament/119922/players,2529,0,0
1680594025999,2649,Get Players list ,200,,Knock_out_Thread Group 1-794,text,true,,3218,338,221,221,https://pabsa.impressicocrm.com/api/tournament/119922/players,2649,0,0
1680594028352,301,Home page ,200,OK,Knock_out_Thread Group 1-894,text,true,,3033,309,222,222,https://pabsa.impressicocrm.com/,301,0,227
1680594028265,402,Get single knockout Player details,200,,Knock_out_Thread Group 1-737,text,true,,1210,326,222,222,https://pabsa.impressicocrm.com/api/player/110368,402,0,0
1680594024872,3803,Get tournamnent list ,200,,Knock_out_Thread Group 1-833,text,true,,58888,389,222,222,https://pabsa.impressicocrm.com/api/tournament?limit=12&pageNumber=1&sportType=&tournamentName=&tournamentStyle=,2198,0,0
1680594026769,1914,Get playerA_Vs_playerB,200,,Knock_out_Thread Group 1-680,text,true,,1239,341,222,222,https://pabsa.impressicocrm.com/api/tournament/matchScore/147598,1914,0,0
1680594026499,2189,Get tournament result,200,,Knock_out_Thread Group 1-707,text,true,,5441,338,221,221,https://pabsa.impressicocrm.com/api/tournament/119922/matches,2189,0,0
1680594026390,2309,Get single knockout Player details,200,,Knock_out_Thread Group 1-673,text,true,,1210,326,221,221,https://pabsa.impressicocrm.com/api/player/110368,2309,0,0
1680594026057,2647,Get Players schedule,200,,Knock_out_Thread Group 1-738,text,true,,5441,338,221,221,https://pabsa.impressicocrm.com/api/tournament/119922/matches,2647,0,0
1680594026614,2099,Get playerA_Vs_playerB,200,,Knock_out_Thread Group 1-719,text,true,,1239,341,221,221,https://pabsa.impressicocrm.com/api/tournament/matchScore/147598,2099,0,0
1680594026764,1949,Get Home page currency,200,,Knock_out_Thread Group 1-818,text,true,,9160,321,221,221,https://pabsa.impressicocrm.com/api/currency,1949,0,0
1680594028252,472,Home page ,200,OK,Knock_out_Thread Group 1-893,text,true,,3033,309,220,220,https://pabsa.impressicocrm.com/,472,0,396
1680594026404,2330,Get single knockout Player details,200,,Knock_out_Thread Group 1-676,text,true,,1210,326,220,220,https://pabsa.impressicocrm.com/api/player/110368,2330,0,0
1680594026698,2040,Get Home page country ,200,,Knock_out_Thread Group 1-874,text,true,,17270,320,220,220,https://pabsa.impressicocrm.com/api/country,2040,0,0
1680594026834,1907,Get knockout players list ,200,,Knock_out_Thread Group 1-762,text,true,,4598,340,220,220,https://pabsa.impressicocrm.com/api/tournament/118871/knockouts,1907,0,0
1680594025851,2906,Get Players list ,200,,Knock_out_Thread Group 1-779,text,true,,3218,338,220,220,https://pabsa.impressicocrm.com/api/tournament/119922/players,2906,0,0
1680594026764,2003,Get Players list ,200,,Knock_out_Thread Group 1-799,text,true,,3218,338,221,221,https://pabsa.impressicocrm.com/api/tournament/119922/players,2003,0,0
1680594026614,2162,Get Home page currency,200,,Knock_out_Thread Group 1-809,text,true,,9160,321,221,221,https://pabsa.impressicocrm.com/api/currency,2162,0,0
1680594026843,1936,Get single knockout Player details,200,,Knock_out_Thread Group 1-693,text,true,,1210,326,221,221,https://pabsa.impressicocrm.com/api/player/110368,1936,0,0
1680594026061,2737,Get tournament result,200,,Knock_out_Thread Group 1-709,text,true,,5441,338,221,221,https://pabsa.impressicocrm.com/api/tournament/119922/matches,2737,0,0
1680594025788,3010,Get Players list ,200,,Knock_out_Thread Group 1-771,text,true,,3218,338,221,221,https://pabsa.impressicocrm.com/api/tournament/119922/players,3010,0,0
1680594026764,2037,Get Players list ,200,,Knock_out_Thread Group 1-796,text,true,,3218,338,221,221,https://pabsa.impressicocrm.com/api/tournament/119922/players,2037,0,0
1680594026764,2055,Get Home page country ,200,,Knock_out_Thread Group 1-871,text,true,,17270,320,221,221,https://pabsa.impressicocrm.com/api/country,2055,0,0
1680594026604,2221,Get tournament result,200,,Knock_out_Thread Group 1-658,text,true,,5441,338,221,221,https://pabsa.impressicocrm.com/api/tournament/119922/matches,2221,0,0
1680594026759,2081,Get Home page country ,200,,Knock_out_Thread Group 1-875,text,true,,17270,320,221,221,https://pabsa.impressicocrm.com/api/country,2073,0,0
1680594026885,1955,Get playerA_Vs_playerB,200,,Knock_out_Thread Group 1-681,text,true,,1239,341,221,221,https://pabsa.impressicocrm.com/api/tournament/matchScore/147598,1955,0,0
1680594026843,1997,Get Home page currency,200,,Knock_out_Thread Group 1-815,text,true,,9160,321,221,221,https://pabsa.impressicocrm.com/api/currency,1997,0,0
1680594026034,2806,Get Home page country ,200,,Knock_out_Thread Group 1-865,text,true,,17255,320,221,221,https://pabsa.impressicocrm.com/api/country,2806,0,0
1680594026837,2010,Get knockout players list ,200,,Knock_out_Thread Group 1-729,text,true,,4598,340,220,220,https://pabsa.impressicocrm.com/api/tournament/118871/knockouts,2010,0,0
1680594025075,3790,Get tournamnent list ,200,,Knock_out_Thread Group 1-826,text,true,,58880,389,221,221,https://pabsa.impressicocrm.com/api/tournament?limit=12&pageNumber=1&sportType=&tournamentName=&tournamentStyle=,2004,0,0
1680594026834,2034,Get Players list ,200,,Knock_out_Thread Group 1-781,text,true,,3218,338,221,221,https://pabsa.impressicocrm.com/api/tournament/119922/players,2034,0,0
1680594026764,2113,Get Home page country ,200,,Knock_out_Thread Group 1-873,text,true,,17270,320,221,221,https://pabsa.impressicocrm.com/api/country,2113,0,0
1680594027005,1878,Get single knockout Player details,200,,Knock_out_Thread Group 1-735,text,true,,1210,326,221,221,https://pabsa.impressicocrm.com/api/player/110368,1877,0,0
1680594025155,3729,Get knockout players list ,200,,Knock_out_Thread Group 1-721,text,true,,4598,340,221,221,https://pabsa.impressicocrm.com/api/tournament/118871/knockouts,3729,0,0
1680594028061,837,Get Players schedule,200,,Knock_out_Thread Group 1-750,text,true,,5441,338,221,221,https://pabsa.impressicocrm.com/api/tournament/119922/matches,836,0,0
1680594026817,2102,Get Home page currency,200,,Knock_out_Thread Group 1-828,text,true,,9160,321,221,221,https://pabsa.impressicocrm.com/api/currency,2102,0,0
1680594026885,2053,Get Players list ,200,,Knock_out_Thread Group 1-801,text,true,,3218,338,221,221,https://pabsa.impressicocrm.com/api/tournament/119922/players,2053,0,0
1680594027029,1948,Get Break list ,200,,Knock_out_Thread Group 1-778,text,true,,3218,338,222,222,https://pabsa.impressicocrm.com/api/tournament/119922/players,1948,0,0
1680594028776,228,Get Players list ,200,,Knock_out_Thread Group 1-809,text,true,,3218,338,222,222,https://pabsa.impressicocrm.com/api/tournament/119922/players,228,0,0
1680594026346,2672,Get tournament result,200,,Knock_out_Thread Group 1-714,text,true,,5441,338,222,222,https://pabsa.impressicocrm.com/api/tournament/119922/matches,2672,0,0
1680594027010,2015,Get Home page currency,200,,Knock_out_Thread Group 1-765,text,true,,9153,321,222,222,https://pabsa.impressicocrm.com/api/currency,2015,0,0
1680594027017,2013,Get Break list ,200,,Knock_out_Thread Group 1-754,text,true,,3218,338,222,222,https://pabsa.impressicocrm.com/api/tournament/119922/players,2013,0,0
1680594027141,1889,Get playerA_Vs_playerB,200,,Knock_out_Thread Group 1-692,text,true,,1239,341,222,222,https://pabsa.impressicocrm.com/api/tournament/matchScore/147598,1889,0,0
1680594026881,2158,Get knockout players list ,200,,Knock_out_Thread Group 1-732,text,true,,4598,340,221,221,https://pabsa.impressicocrm.com/api/tournament/118871/knockouts,2158,0,0
1680594026807,2237,Get Players schedule,200,,Knock_out_Thread Group 1-760,text,true,,5441,338,221,221,https://pabsa.impressicocrm.com/api/tournament/119922/matches,2237,0,0
1680594025473,3578,Get tournamnent list ,200,,Knock_out_Thread Group 1-838,text,true,,58880,389,221,221,https://pabsa.impressicocrm.com/api/tournament?limit=12&pageNumber=1&sportType=&tournamentName=&tournamentStyle=,2457,0,0
1680594027068,1986,Get Home page country ,200,,Knock_out_Thread Group 1-878,text,true,,17270,320,222,222,https://pabsa.impressicocrm.com/api/country,1986,0,0
1680594024995,4067,Get tournamnent list ,200,,Knock_out_Thread Group 1-812,text,true,,58888,389,222,222,https://pabsa.impressicocrm.com/api/tournament?limit=12&pageNumber=1&sportType=&tournamentName=&tournamentStyle=,2094,0,0
1680594027150,1934,Get Break list ,200,,Knock_out_Thread Group 1-770,text,true,,3218,338,222,222,https://pabsa.impressicocrm.com/api/tournament/119922/players,1934,0,0
1680594026422,2662,Get Players schedule,200,,Knock_out_Thread Group 1-764,text,true,,5441,338,222,222,https://pabsa.impressicocrm.com/api/tournament/119922/matches,2662,0,0
1680594027101,1987,Get Home page currency,200,,Knock_out_Thread Group 1-837,text,true,,9160,321,222,222,https://pabsa.impressicocrm.com/api/currency,1987,0,0
1680594027005,2083,Get Players list ,200,,Knock_out_Thread Group 1-795,text,true,,3218,338,222,222,https://pabsa.impressicocrm.com/api/tournament/119922/players,2083,0,0
1680594027226,1878,Get single knockout Player details,200,,Knock_out_Thread Group 1-720,text,true,,1210,326,222,222,https://pabsa.impressicocrm.com/api/player/110368,1878,0,0
1680594028452,671,Home page ,200,OK,Knock_out_Thread Group 1-895,text,true,,3033,309,222,222,https://pabsa.impressicocrm.com/,671,0,586
1680594026962,2163,Get Home page currency,200,,Knock_out_Thread Group 1-821,text,true,,9160,321,222,222,https://pabsa.impressicocrm.com/api/currency,2163,0,0
1680594023902,5244,Get tournamnent list ,200,,Knock_out_Thread Group 1-823,text,true,,58880,389,222,222,https://pabsa.impressicocrm.com/api/tournament?limit=12&pageNumber=1&sportType=&tournamentName=&tournamentStyle=,2425,0,0
1680594025196,3953,Get tournamnent list ,200,,Knock_out_Thread Group 1-834,text,true,,58865,389,222,222,https://pabsa.impressicocrm.com/api/tournament?limit=12&pageNumber=1&sportType=&tournamentName=&tournamentStyle=,2442,0,0
1680594027105,2055,Get Players list ,200,,Knock_out_Thread Group 1-808,text,true,,3218,338,223,223,https://pabsa.impressicocrm.com/api/tournament/119922/players,2055,0,0
1680594028938,225,Get Break list ,200,,Knock_out_Thread Group 1-801,text,true,,3218,338,223,223,https://pabsa.impressicocrm.com/api/tournament/119922/players,225,0,0
1680594027166,2006,Get Players list ,200,,Knock_out_Thread Group 1-802,text,true,,3218,338,223,223,https://pabsa.impressicocrm.com/api/tournament/119922/players,2006,0,0
1680594026614,2595,Get tournament result,200,,Knock_out_Thread Group 1-697,text,true,,5441,338,223,223,https://pabsa.impressicocrm.com/api/tournament/119922/matches,2595,0,0
1680594026940,2272,Get Players schedule,200,,Knock_out_Thread Group 1-785,text,true,,5441,338,223,223,https://pabsa.impressicocrm.com/api/tournament/119922/matches,2272,0,0
1680594027005,2207,Get tournament result,200,,Knock_out_Thread Group 1-679,text,true,,5441,338,223,223,https://pabsa.impressicocrm.com/api/tournament/119922/matches,2207,0,0
1680594027168,2044,Get knockout players list ,200,,Knock_out_Thread Group 1-749,text,true,,4591,340,223,223,https://pabsa.impressicocrm.com/api/tournament/118871/knockouts,2044,0,0
1680594027237,1981,Get Home page country ,200,,Knock_out_Thread Group 1-880,text,true,,17270,320,223,223,https://pabsa.impressicocrm.com/api/country,1981,0,0
1680594027272,1946,Get knockout players list ,200,,Knock_out_Thread Group 1-718,text,true,,4598,340,223,223,https://pabsa.impressicocrm.com/api/tournament/118871/knockouts,1946,0,0
1680594026885,2333,Get Players list ,200,,Knock_out_Thread Group 1-792,text,true,,3218,338,223,223,https://pabsa.impressicocrm.com/api/tournament/119922/players,2333,0,0
1680594026621,2601,Get Players schedule,200,,Knock_out_Thread Group 1-753,text,true,,5441,338,223,223,https://pabsa.impressicocrm.com/api/tournament/119922/matches,2601,0,0
1680594027652,1570,Home page ,200,OK,Knock_out_Thread Group 1-887,text,true,,3033,309,223,223,https://pabsa.impressicocrm.com/,1570,0,821
1680594026520,2716,Get tournamnent list ,200,,Knock_out_Thread Group 1-854,text,true,,58888,389,223,223,https://pabsa.impressicocrm.com/api/tournament?limit=12&pageNumber=1&sportType=&tournamentName=&tournamentStyle=,2339,0,0
1680594028653,583,Home page ,200,OK,Knock_out_Thread Group 1-897,text,true,,3033,309,223,223,https://pabsa.impressicocrm.com/,583,0,220
1680594027285,1955,Get playerA_Vs_playerB,200,,Knock_out_Thread Group 1-686,text,true,,1239,341,223,223,https://pabsa.impressicocrm.com/api/tournament/matchScore/147598,1955,0,0
1680594026785,2461,Get Home page currency,200,,Knock_out_Thread Group 1-813,text,true,,9160,321,222,222,https://pabsa.impressicocrm.com/api/currency,2461,0,0
1680594028883,368,Get tournament result,200,,Knock_out_Thread Group 1-735,text,true,,5441,338,222,222,https://pabsa.impressicocrm.com/api/tournament/119922/matches,368,0,0
1680594027246,2010,Get playerA_Vs_playerB,200,,Knock_out_Thread Group 1-665,text,true,,1239,341,223,223,https://pabsa.impressicocrm.com/api/tournament/matchScore/147598,2010,0,0
1680594027303,1966,Get playerA_Vs_playerB,200,,Knock_out_Thread Group 1-736,text,true,,1239,341,222,222,https://pabsa.impressicocrm.com/api/tournament/matchScore/147598,1966,0,0
1680594027150,2128,Get tournament result,200,,Knock_out_Thread Group 1-704,text,true,,5441,338,221,221,https://pabsa.impressicocrm.com/api/tournament/119922/matches,2128,0,0
1680594027226,2061,Get Players list ,200,,Knock_out_Thread Group 1-782,text,true,,3218,338,221,221,https://pabsa.impressicocrm.com/api/tournament/119922/players,2061,0,0
1680594027321,1968,Get playerA_Vs_playerB,200,,Knock_out_Thread Group 1-678,text,true,,1239,341,221,221,https://pabsa.impressicocrm.com/api/tournament/matchScore/147598,1968,0,0
1680594027382,1928,Get playerA_Vs_playerB,200,,Knock_out_Thread Group 1-677,text,true,,1239,341,220,220,https://pabsa.impressicocrm.com/api/tournament/matchScore/147598,1928,0,0
1680594027525,1785,Get knockout players list ,200,,Knock_out_Thread Group 1-752,text,true,,4598,340,220,220,https://pabsa.impressicocrm.com/api/tournament/118871/knockouts,1785,0,0
1680594027398,1920,Get playerA_Vs_playerB,200,,Knock_out_Thread Group 1-703,text,true,,1239,341,219,219,https://pabsa.impressicocrm.com/api/tournament/matchScore/147598,1920,0,0
1680594024336,4982,Get tournamnent list ,200,,Knock_out_Thread Group 1-816,text,true,,58880,389,219,219,https://pabsa.impressicocrm.com/api/tournament?limit=12&pageNumber=1&sportType=&tournamentName=&tournamentStyle=,2243,0,0
1680594027246,2083,Get Break list ,200,,Knock_out_Thread Group 1-783,text,true,,3218,338,218,218,https://pabsa.impressicocrm.com/api/tournament/119922/players,2083,0,0
1680594028863,470,Home page ,200,OK,Knock_out_Thread Group 1-899,text,true,,3033,309,218,218,https://pabsa.impressicocrm.com/,470,0,355
1680594027150,2185,Get Players schedule,200,,Knock_out_Thread Group 1-743,text,true,,5441,338,218,218,https://pabsa.impressicocrm.com/api/tournament/119922/matches,2185,0,0
1680594025495,3840,Get Players schedule,200,,Knock_out_Thread Group 1-748,text,true,,5441,338,218,218,https://pabsa.impressicocrm.com/api/tournament/119922/matches,3840,0,0
1680594027553,1787,Get single knockout Player details,200,,Knock_out_Thread Group 1-727,text,true,,1210,326,218,218,https://pabsa.impressicocrm.com/api/player/110368,1787,0,0
1680594027567,1791,Get knockout players list ,200,,Knock_out_Thread Group 1-742,text,true,,4598,340,219,219,https://pabsa.impressicocrm.com/api/tournament/118871/knockouts,1791,0,0
1680594029053,312,Home page ,200,OK,Knock_out_Thread Group 1-901,text,true,,3033,309,219,219,https://pabsa.impressicocrm.com/,311,0,242
1680594027516,1856,Get playerA_Vs_playerB,200,,Knock_out_Thread Group 1-694,text,true,,1239,341,219,219,https://pabsa.impressicocrm.com/api/tournament/matchScore/147598,1856,0,0
1680594027487,1892,Get Players list ,200,,Knock_out_Thread Group 1-780,text,true,,3218,338,218,218,https://pabsa.impressicocrm.com/api/tournament/119922/players,1892,0,0
1680594027498,1890,Get Players list ,200,,Knock_out_Thread Group 1-791,text,true,,3218,338,218,218,https://pabsa.impressicocrm.com/api/tournament/119922/players,1890,0,0
1680594027445,1947,Get Home page country ,200,,Knock_out_Thread Group 1-881,text,true,,17270,320,218,218,https://pabsa.impressicocrm.com/api/country,1945,0,0
1680594027503,1903,Get Break list ,200,,Knock_out_Thread Group 1-767,text,true,,3218,338,218,218,https://pabsa.impressicocrm.com/api/tournament/119922/players,1903,0,0
1680594027557,1906,Get playerA_Vs_playerB,200,,Knock_out_Thread Group 1-685,text,true,,1239,341,219,219,https://pabsa.impressicocrm.com/api/tournament/matchScore/147598,1906,0,0
1680594026149,3321,Get Home page country ,200,,Knock_out_Thread Group 1-857,text,true,,17255,320,218,218,https://pabsa.impressicocrm.com/api/country,3321,0,0
1680594027171,2299,Get Home page currency,200,,Knock_out_Thread Group 1-817,text,true,,9160,321,218,218,https://pabsa.impressicocrm.com/api/currency,2299,0,0
1680594027409,2061,Get Players list ,200,,Knock_out_Thread Group 1-805,text,true,,3218,338,218,218,https://pabsa.impressicocrm.com/api/tournament/119922/players,2061,0,0
1680594027620,1855,Get Home page country ,200,,Knock_out_Thread Group 1-882,text,true,,17270,320,218,218,https://pabsa.impressicocrm.com/api/country,1855,0,0
1680594027675,1800,Get knockout players list ,200,,Knock_out_Thread Group 1-739,text,true,,4598,340,218,218,https://pabsa.impressicocrm.com/api/tournament/118871/knockouts,1800,0,0
1680594028764,711,Home page ,200,OK,Knock_out_Thread Group 1-898,text,true,,3033,309,218,218,https://pabsa.impressicocrm.com/,711,0,618
1680594026943,2559,Get Players list ,200,,Knock_out_Thread Group 1-769,text,true,,3218,338,218,218,https://pabsa.impressicocrm.com/api/tournament/119922/players,2559,0,0
1680594027648,1872,Get Players list ,200,,Knock_out_Thread Group 1-789,text,true,,3218,338,218,218,https://pabsa.impressicocrm.com/api/tournament/119922/players,1872,0,0
1680594027241,2315,Get Home page country ,200,,Knock_out_Thread Group 1-879,text,true,,17270,320,219,219,https://pabsa.impressicocrm.com/api/country,2315,0,0
1680594027575,1987,Get Players list ,200,,Knock_out_Thread Group 1-787,text,true,,3218,338,219,219,https://pabsa.impressicocrm.com/api/tournament/119922/players,1987,0,0
1680594027077,2494,Get Home page country ,200,,Knock_out_Thread Group 1-877,text,true,,17270,320,219,219,https://pabsa.impressicocrm.com/api/country,2488,0,0
1680594027953,1628,Home page ,200,OK,Knock_out_Thread Group 1-890,text,true,,3033,309,219,219,https://pabsa.impressicocrm.com/,1628,0,1469
1680594029380,214,Get Break list ,200,,Knock_out_Thread Group 1-780,text,true,,3218,338,219,219,https://pabsa.impressicocrm.com/api/tournament/119922/players,214,0,0
1680594027833,1766,Get playerA_Vs_playerB,200,,Knock_out_Thread Group 1-689,text,true,,1239,341,219,219,https://pabsa.impressicocrm.com/api/tournament/matchScore/147598,1766,0,0
1680594026313,3323,Get tournamnent list ,200,,Knock_out_Thread Group 1-849,text,true,,58880,389,218,218,https://pabsa.impressicocrm.com/api/tournament?limit=12&pageNumber=1&sportType=&tournamentName=&tournamentStyle=,2340,0,0
1680594027833,1811,Get playerA_Vs_playerB,200,,Knock_out_Thread Group 1-725,text,true,,1239,341,218,218,https://pabsa.impressicocrm.com/api/tournament/matchScore/147598,1811,0,0
1680594027508,2138,Get Home page currency,200,,Knock_out_Thread Group 1-820,text,true,,9160,321,217,217,https://pabsa.impressicocrm.com/api/currency,2138,0,0
1680594027218,2440,Get Home page currency,200,,Knock_out_Thread Group 1-835,text,true,,9160,321,218,218,https://pabsa.impressicocrm.com/api/currency,2440,0,0
1680594027910,1832,Get playerA_Vs_playerB,200,,Knock_out_Thread Group 1-691,text,true,,1239,341,218,218,https://pabsa.impressicocrm.com/api/tournament/matchScore/147598,1832,0,0
1680594027572,2170,Get tournament result,200,,Knock_out_Thread Group 1-730,text,true,,5441,338,218,218,https://pabsa.impressicocrm.com/api/tournament/119922/matches,2170,0,0
1680594025679,4063,Get tournamnent list ,200,,Knock_out_Thread Group 1-839,text,true,,58880,389,218,218,https://pabsa.impressicocrm.com/api/tournament?limit=12&pageNumber=1&sportType=&tournamentName=&tournamentStyle=,2723,0,0
1680594027925,1831,Get playerA_Vs_playerB,200,,Knock_out_Thread Group 1-669,text,true,,1239,341,218,218,https://pabsa.impressicocrm.com/api/tournament/matchScore/147598,1831,0,0
1680594025939,3817,Get tournamnent list ,200,,Knock_out_Thread Group 1-827,text,true,,58880,389,218,218,https://pabsa.impressicocrm.com/api/tournament?limit=12&pageNumber=1&sportType=&tournamentName=&tournamentStyle=,2631,0,0
1680594027905,1863,Get Break list ,200,,Knock_out_Thread Group 1-793,text,true,,3218,338,217,217,https://pabsa.impressicocrm.com/api/tournament/119922/players,1863,0,0
1680594028094,1674,Get single knockout Player details,200,,Knock_out_Thread Group 1-746,text,true,,1210,326,217,217,https://pabsa.impressicocrm.com/api/player/110368,1674,0,0
1680594027945,1829,Get playerA_Vs_playerB,200,,Knock_out_Thread Group 1-702,text,true,,1239,341,217,217,https://pabsa.impressicocrm.com/api/tournament/matchScore/147598,1829,0,0
1680594027518,2273,Get Home page currency,200,,Knock_out_Thread Group 1-830,text,true,,9160,321,216,216,https://pabsa.impressicocrm.com/api/currency,2273,0,0
1680594027931,1860,Get knockout players list ,200,,Knock_out_Thread Group 1-740,text,true,,4598,340,216,216,https://pabsa.impressicocrm.com/api/tournament/118871/knockouts,1860,0,0
1680594027991,1807,Get playerA_Vs_playerB,200,,Knock_out_Thread Group 1-696,text,true,,1239,341,216,216,https://pabsa.impressicocrm.com/api/tournament/matchScore/147598,1807,0,0
1680594026717,3093,Get tournamnent list ,200,,Knock_out_Thread Group 1-853,text,true,,58880,389,215,215,https://pabsa.impressicocrm.com/api/tournament?limit=12&pageNumber=1&sportType=&tournamentName=&tournamentStyle=,2443,0,0
1680594026243,3577,Get tournamnent list ,200,,Knock_out_Thread Group 1-843,text,true,,58880,389,215,215,https://pabsa.impressicocrm.com/api/tournament?limit=12&pageNumber=1&sportType=&tournamentName=&tournamentStyle=,2437,0,0
1680594027881,1942,Get Break list ,200,,Knock_out_Thread Group 1-757,text,true,,3218,338,215,215,https://pabsa.impressicocrm.com/api/tournament/119922/players,1942,0,0
1680594029453,388,Home page ,200,OK,Knock_out_Thread Group 1-905,text,true,,3033,309,215,215,https://pabsa.impressicocrm.com/,388,0,218
1680594028155,1691,Get playerA_Vs_playerB,200,,Knock_out_Thread Group 1-695,text,true,,1239,341,215,215,https://pabsa.impressicocrm.com/api/tournament/matchScore/147598,1691,0,0
1680594027945,1913,Get Home page country ,200,,Knock_out_Thread Group 1-884,text,true,,17270,320,215,215,https://pabsa.impressicocrm.com/api/country,1913,0,0
1680594025836,4031,Get tournamnent list ,200,,Knock_out_Thread Group 1-844,text,true,,58888,389,215,215,https://pabsa.impressicocrm.com/api/tournament?limit=12&pageNumber=1&sportType=&tournamentName=&tournamentStyle=,2484,0,0
1680594028008,1859,Get Home page country ,200,,Knock_out_Thread Group 1-888,text,true,,17255,320,215,215,https://pabsa.impressicocrm.com/api/country,1859,0,0
1680594027808,2060,Get Players schedule,200,,Knock_out_Thread Group 1-773,text,true,,5441,338,215,215,https://pabsa.impressicocrm.com/api/tournament/119922/matches,2060,0,0
1680594026563,3305,Get tournamnent list ,200,,Knock_out_Thread Group 1-852,text,true,,58888,389,215,215,https://pabsa.impressicocrm.com/api/tournament?limit=12&pageNumber=1&sportType=&tournamentName=&tournamentStyle=,2451,0,0
1680594028259,1615,Get single knockout Player details,200,,Knock_out_Thread Group 1-733,text,true,,1210,326,215,215,https://pabsa.impressicocrm.com/api/player/110368,1615,0,0
1680594028037,1866,Get Players list ,200,,Knock_out_Thread Group 1-803,text,true,,3218,338,215,215,https://pabsa.impressicocrm.com/api/tournament/119922/players,1866,0,0
1680594027683,2246,Get Home page country ,200,,Knock_out_Thread Group 1-872,text,true,,17270,320,215,215,https://pabsa.impressicocrm.com/api/country,2163,0,0
1680594027690,2245,Get tournament result,200,,Knock_out_Thread Group 1-722,text,true,,5441,338,215,215,https://pabsa.impressicocrm.com/api/tournament/119922/matches,2245,0,0
1680594027655,2284,Get tournament result,200,,Knock_out_Thread Group 1-713,text,true,,5441,338,215,215,https://pabsa.impressicocrm.com/api/tournament/119922/matches,2284,0,0
1680594028136,1808,Get Home page country ,200,,Knock_out_Thread Group 1-886,text,true,,17270,320,215,215,https://pabsa.impressicocrm.com/api/country,1784,0,0
1680594027866,2078,Get tournament result,200,,Knock_out_Thread Group 1-705,text,true,,5435,338,215,215,https://pabsa.impressicocrm.com/api/tournament/119922/matches,2078,0,0
1680594027744,2204,Get Break list ,200,,Knock_out_Thread Group 1-798,text,true,,3218,338,215,215,https://pabsa.impressicocrm.com/api/tournament/119922/players,2204,0,0
1680594028082,1880,Get Home page currency,200,,Knock_out_Thread Group 1-814,text,true,,9153,321,216,216,https://pabsa.impressicocrm.com/api/currency,1880,0,0
1680594027172,2808,Get tournament result,200,,Knock_out_Thread Group 1-699,text,true,,5441,338,216,216,https://pabsa.impressicocrm.com/api/tournament/119922/matches,2808,0,0
1680594028259,1736,Get Home page country ,200,,Knock_out_Thread Group 1-889,text,true,,17270,320,216,216,https://pabsa.impressicocrm.com/api/country,1736,0,0
1680594027833,2170,Get Players list ,200,,Knock_out_Thread Group 1-807,text,true,,3218,338,216,216,https://pabsa.impressicocrm.com/api/tournament/119922/players,2170,0,0
1680594029752,261,Home page ,200,OK,Knock_out_Thread Group 1-908,text,true,,3033,309,216,216,https://pabsa.impressicocrm.com/,261,0,192
1680594027884,2153,Get Break list ,200,,Knock_out_Thread Group 1-790,text,true,,3218,338,216,216,https://pabsa.impressicocrm.com/api/tournament/119922/players,2153,0,0
1680594028281,1787,Get single knockout Player details,200,,Knock_out_Thread Group 1-744,text,true,,1210,326,217,217,https://pabsa.impressicocrm.com/api/player/110368,1787,0,0
1680594028254,1814,Get Break list ,200,,Knock_out_Thread Group 1-776,text,true,,3218,338,217,217,https://pabsa.impressicocrm.com/api/tournament/119922/players,1814,0,0
1680594028259,1816,Get Break list ,200,,Knock_out_Thread Group 1-775,text,true,,3218,338,217,217,https://pabsa.impressicocrm.com/api/tournament/119922/players,1816,0,0
1680594028263,1820,Get Break list ,200,,Knock_out_Thread Group 1-777,text,true,,3218,338,217,217,https://pabsa.impressicocrm.com/api/tournament/119922/players,1820,0,0
1680594028274,1809,Get playerA_Vs_playerB,200,,Knock_out_Thread Group 1-687,text,true,,1239,341,217,217,https://pabsa.impressicocrm.com/api/tournament/matchScore/147598,1809,0,0
1680594028177,1910,Get Home page country ,200,,Knock_out_Thread Group 1-883,text,true,,17270,320,216,216,https://pabsa.impressicocrm.com/api/country,1910,0,0
1680594028336,1770,Get single knockout Player details,200,,Knock_out_Thread Group 1-716,text,true,,1210,326,216,216,https://pabsa.impressicocrm.com/api/player/110368,1770,0,0
1680594028324,1804,Get playerA_Vs_playerB,200,,Knock_out_Thread Group 1-690,text,true,,1239,341,216,216,https://pabsa.impressicocrm.com/api/tournament/matchScore/147598,1804,0,0
1680594028177,1984,Get tournament result,200,,Knock_out_Thread Group 1-698,text,true,,5441,338,216,216,https://pabsa.impressicocrm.com/api/tournament/119922/matches,1984,0,0
1680594028367,1801,Get playerA_Vs_playerB,200,,Knock_out_Thread Group 1-688,text,true,,1239,341,216,216,https://pabsa.impressicocrm.com/api/tournament/matchScore/147598,1801,0,0
1680594028430,1748,Get single knockout Player details,200,,Knock_out_Thread Group 1-734,text,true,,1210,326,215,215,https://pabsa.impressicocrm.com/api/player/110368,1748,0,0
1680594025550,4634,Get tournamnent list ,200,,Knock_out_Thread Group 1-842,text,true,,58888,389,215,215,https://pabsa.impressicocrm.com/api/tournament?limit=12&pageNumber=1&sportType=&tournamentName=&tournamentStyle=,2594,0,0
1680594028094,2114,Get tournament result,200,,Knock_out_Thread Group 1-708,text,true,,5441,338,215,215,https://pabsa.impressicocrm.com/api/tournament/119922/matches,2114,0,0
1680594028329,1884,Get Players list ,200,,Knock_out_Thread Group 1-822,text,true,,3218,338,215,215,https://pabsa.impressicocrm.com/api/tournament/119922/players,1884,0,0
1680594028338,1877,Get Break list ,200,,Knock_out_Thread Group 1-772,text,true,,3218,338,215,215,https://pabsa.impressicocrm.com/api/tournament/119922/players,1877,0,0
1680594026397,3818,Get tournamnent list ,200,,Knock_out_Thread Group 1-847,text,true,,58888,389,215,215,https://pabsa.impressicocrm.com/api/tournament?limit=12&pageNumber=1&sportType=&tournamentName=&tournamentStyle=,2360,0,0
1680594028444,1773,Get single knockout Player details,200,,Knock_out_Thread Group 1-731,text,true,,1210,326,215,215,https://pabsa.impressicocrm.com/api/player/110368,1773,0,0
1680594029853,371,Home page ,200,OK,Knock_out_Thread Group 1-909,text,true,,3033,309,215,215,https://pabsa.impressicocrm.com/,370,0,304
1680594028455,1773,Get single knockout Player details,200,,Knock_out_Thread Group 1-751,text,true,,1210,326,215,215,https://pabsa.impressicocrm.com/api/player/110368,1773,0,0
1680594025602,4632,Get Home page currency,200,,Knock_out_Thread Group 1-774,text,true,,9160,321,215,215,https://pabsa.impressicocrm.com/api/currency,4632,0,0
1680594028030,2222,Get Home page currency,200,,Knock_out_Thread Group 1-824,text,true,,9153,321,216,216,https://pabsa.impressicocrm.com/api/currency,2222,0,0
1680594027819,2433,Get tournament result,200,,Knock_out_Thread Group 1-655,text,true,,5441,338,216,216,https://pabsa.impressicocrm.com/api/tournament/119922/matches,2433,0,0
1680594028142,2110,Get Players list ,200,,Knock_out_Thread Group 1-797,text,true,,3218,338,216,216,https://pabsa.impressicocrm.com/api/tournament/119922/players,2110,0,0
1680594029352,930,Home page ,200,OK,Knock_out_Thread Group 1-904,text,true,,3033,309,216,216,https://pabsa.impressicocrm.com/,929,0,409
1680594025679,4608,Get tournamnent list ,200,,Knock_out_Thread Group 1-846,text,true,,58880,389,216,216,https://pabsa.impressicocrm.com/api/tournament?limit=12&pageNumber=1&sportType=&tournamentName=&tournamentStyle=,3481,0,0
1680594027866,2425,Get Players schedule,200,,Knock_out_Thread Group 1-759,text,true,,5441,338,216,216,https://pabsa.impressicocrm.com/api/tournament/119922/matches,2425,0,0
1680594027886,2438,Get Break list ,200,,Knock_out_Thread Group 1-800,text,true,,3218,338,216,216,https://pabsa.impressicocrm.com/api/tournament/119922/players,2438,0,0
1680594025546,4783,Get tournamnent list ,200,,Knock_out_Thread Group 1-829,text,true,,58880,389,216,216,https://pabsa.impressicocrm.com/api/tournament?limit=12&pageNumber=1&sportType=&tournamentName=&tournamentStyle=,2295,0,0
1680594028484,1849,Get knockout players list ,200,,Knock_out_Thread Group 1-763,text,true,,4598,340,216,216,https://pabsa.impressicocrm.com/api/tournament/118871/knockouts,1849,0,0
1680594028417,1919,Get Break list ,200,,Knock_out_Thread Group 1-784,text,true,,3218,338,216,216,https://pabsa.impressicocrm.com/api/tournament/119922/players,1919,0,0
1680594026115,4230,Get tournamnent list ,200,,Knock_out_Thread Group 1-840,text,true,,58865,389,216,216,https://pabsa.impressicocrm.com/api/tournament?limit=12&pageNumber=1&sportType=&tournamentName=&tournamentStyle=,2955,0,0
1680594028497,1866,Get playerA_Vs_playerB,200,,Knock_out_Thread Group 1-706,text,true,,1239,341,217,217,https://pabsa.impressicocrm.com/api/tournament/matchScore/147598,1866,0,0
1680594028497,1899,Get Players list ,200,,Knock_out_Thread Group 1-819,text,true,,3218,338,216,216,https://pabsa.impressicocrm.com/api/tournament/119922/players,1899,0,0
1680594028375,2023,Get single knockout Player details,200,,Knock_out_Thread Group 1-755,text,true,,1210,326,216,216,https://pabsa.impressicocrm.com/api/player/110368,2023,0,0
1680594028553,1888,Home page ,200,OK,Knock_out_Thread Group 1-896,text,true,,3033,309,216,216,https://pabsa.impressicocrm.com/,1887,0,1728
1680594028540,1907,Get single knockout Player details,200,,Knock_out_Thread Group 1-741,text,true,,1210,326,216,216,https://pabsa.impressicocrm.com/api/player/110368,1907,0,0
1680594028548,1930,Get single knockout Player details,200,,Knock_out_Thread Group 1-745,text,true,,1210,326,217,217,https://pabsa.impressicocrm.com/api/player/110368,1930,0,0
1680594028115,2404,Get Players schedule,200,,Knock_out_Thread Group 1-766,text,true,,5435,338,217,217,https://pabsa.impressicocrm.com/api/tournament/119922/matches,2404,0,0
1680594028537,1990,Get Players list ,200,,Knock_out_Thread Group 1-811,text,true,,3218,338,217,217,https://pabsa.impressicocrm.com/api/tournament/119922/players,1990,0,0
1680594026339,4188,Get Players list ,200,,Knock_out_Thread Group 1-804,text,true,,3218,338,217,217,https://pabsa.impressicocrm.com/api/tournament/119922/players,4188,0,0
1680594026885,3643,Get tournamnent list ,200,,Knock_out_Thread Group 1-848,text,true,,58880,389,217,217,https://pabsa.impressicocrm.com/api/tournament?limit=12&pageNumber=1&sportType=&tournamentName=&tournamentStyle=,2594,0,0
1680594028343,2192,Get Home page country ,200,,Knock_out_Thread Group 1-891,text,true,,17255,320,217,217,https://pabsa.impressicocrm.com/api/country,2192,0,0
1680594028594,1964,Get Home page country ,200,,Knock_out_Thread Group 1-892,text,true,,17270,320,218,218,https://pabsa.impressicocrm.com/api/country,1964,0,0
1680594029153,1420,Home page ,200,OK,Knock_out_Thread Group 1-902,text,true,,3033,309,218,218,https://pabsa.impressicocrm.com/,1420,0,1343
1680594028515,2075,Get Players list ,200,,Knock_out_Thread Group 1-810,text,true,,3218,338,218,218,https://pabsa.impressicocrm.com/api/tournament/119922/players,2075,0,0
1680594028433,2179,Get tournament result,200,,Knock_out_Thread Group 1-701,text,true,,5441,338,218,218,https://pabsa.impressicocrm.com/api/tournament/119922/matches,2179,0,0
1680594028954,1669,Home page ,200,OK,Knock_out_Thread Group 1-900,text,true,,3033,309,218,218,https://pabsa.impressicocrm.com/,1668,0,509
1680594028645,2038,Get Break list ,200,,Knock_out_Thread Group 1-788,text,true,,3218,338,219,219,https://pabsa.impressicocrm.com/api/tournament/119922/players,2038,0,0
1680594029252,1432,Home page ,200,OK,Knock_out_Thread Group 1-903,text,true,,3033,309,219,219,https://pabsa.impressicocrm.com/,1431,0,1292
1680594028387,2305,Get tournament result,200,,Knock_out_Thread Group 1-712,text,true,,5435,338,219,219,https://pabsa.impressicocrm.com/api/tournament/119922/matches,2305,0,0
1680594028649,2048,Get Break list ,200,,Knock_out_Thread Group 1-794,text,true,,3218,338,219,219,https://pabsa.impressicocrm.com/api/tournament/119922/players,2048,0,0
1680594028654,2050,Get Home page country ,200,,Knock_out_Thread Group 1-894,text,true,,17255,320,219,219,https://pabsa.impressicocrm.com/api/country,2043,0,0
1680594027652,3056,Get Home page country ,200,,Knock_out_Thread Group 1-876,text,true,,17270,320,219,219,https://pabsa.impressicocrm.com/api/country,3055,0,0
1680594030352,356,Home page ,200,OK,Knock_out_Thread Group 1-914,text,true,,3033,309,219,219,https://pabsa.impressicocrm.com/,355,0,270
1680594028688,2023,Get playerA_Vs_playerB,200,,Knock_out_Thread Group 1-707,text,true,,1239,341,219,219,https://pabsa.impressicocrm.com/api/tournament/matchScore/147598,2023,0,0
1680594029952,763,Home page ,200,OK,Knock_out_Thread Group 1-910,text,true,,3033,309,218,218,https://pabsa.impressicocrm.com/,763,0,205
1680594028741,1992,Get single knockout Player details,200,,Knock_out_Thread Group 1-762,text,true,,1210,326,218,218,https://pabsa.impressicocrm.com/api/player/110368,1992,0,0
1680594028160,2582,Get tournament result,200,,Knock_out_Thread Group 1-715,text,true,,5441,338,218,218,https://pabsa.impressicocrm.com/api/tournament/119922/matches,2582,0,0
1680594030052,700,Home page ,200,OK,Knock_out_Thread Group 1-911,text,true,,3033,309,219,219,https://pabsa.impressicocrm.com/,700,0,635
1680594029552,1220,Home page ,200,OK,Knock_out_Thread Group 1-906,text,true,,3033,309,219,219,https://pabsa.impressicocrm.com/,1220,0,1099
1680594028713,2067,Get Players list ,200,,Knock_out_Thread Group 1-818,text,true,,3218,338,219,219,https://pabsa.impressicocrm.com/api/tournament/119922/players,2067,0,0
1680594026843,3943,Get tournamnent list ,200,,Knock_out_Thread Group 1-825,text,true,,58880,389,219,219,https://pabsa.impressicocrm.com/api/tournament?limit=12&pageNumber=1&sportType=&tournamentName=&tournamentStyle=,2444,0,0
1680594030453,333,Home page ,200,OK,Knock_out_Thread Group 1-915,text,true,,3033,309,219,219,https://pabsa.impressicocrm.com/,333,0,255
1680594029652,1139,Home page ,200,OK,Knock_out_Thread Group 1-907,text,true,,3033,309,219,219,https://pabsa.impressicocrm.com/,1139,0,975
1680594028537,2258,Get tournament result,200,,Knock_out_Thread Group 1-723,text,true,,5435,338,219,219,https://pabsa.impressicocrm.com/api/tournament/119922/matches,2258,0,0
1680594028676,2131,Get Home page currency,200,,Knock_out_Thread Group 1-833,text,true,,9160,321,219,219,https://pabsa.impressicocrm.com/api/currency,2131,0,0
1680594028509,2305,Get Players list ,200,,Knock_out_Thread Group 1-806,text,true,,3218,338,219,219,https://pabsa.impressicocrm.com/api/tournament/119922/players,2305,0,0
1680594028336,2486,Get Break list ,200,,Knock_out_Thread Group 1-768,text,true,,3218,338,219,219,https://pabsa.impressicocrm.com/api/tournament/119922/players,2486,0,0
1680594025415,5410,Get tournamnent list ,200,,Knock_out_Thread Group 1-831,text,true,,58880,389,219,219,https://pabsa.impressicocrm.com/api/tournament?limit=12&pageNumber=1&sportType=&tournamentName=&tournamentStyle=,2229,0,0
1680594028580,2248,Get Players schedule,200,,Knock_out_Thread Group 1-786,text,true,,5441,338,219,219,https://pabsa.impressicocrm.com/api/tournament/119922/matches,2247,0,0
1680594028767,2066,Get Break list ,200,,Knock_out_Thread Group 1-799,text,true,,3218,338,219,219,https://pabsa.impressicocrm.com/api/tournament/119922/players,2066,0,0
1680594028591,2256,Get tournament result,200,,Knock_out_Thread Group 1-726,text,true,,5441,338,219,219,https://pabsa.impressicocrm.com/api/tournament/119922/matches,2256,0,0
1680594028798,2054,Get playerA_Vs_playerB,200,,Knock_out_Thread Group 1-709,text,true,,1239,341,220,220,https://pabsa.impressicocrm.com/api/tournament/matchScore/147598,2054,0,0
1680594028573,2279,Get tournament result,200,,Knock_out_Thread Group 1-724,text,true,,5441,338,220,220,https://pabsa.impressicocrm.com/api/tournament/119922/matches,2279,0,0
1680594028724,2148,Get Home page country ,200,,Knock_out_Thread Group 1-893,text,true,,17270,320,219,219,https://pabsa.impressicocrm.com/api/country,2148,0,0
1680594027538,3335,Get tournamnent list ,200,,Knock_out_Thread Group 1-862,text,true,,58888,389,219,219,https://pabsa.impressicocrm.com/api/tournament?limit=12&pageNumber=1&sportType=&tournamentName=&tournamentStyle=,2207,0,0
1680594027976,2907,Get single knockout Player details,200,,Knock_out_Thread Group 1-728,text,true,,1210,326,219,219,https://pabsa.impressicocrm.com/api/player/110368,2907,0,0
1680594028525,2366,Get tournament result,200,,Knock_out_Thread Group 1-700,text,true,,5441,338,219,219,https://pabsa.impressicocrm.com/api/tournament/119922/matches,2366,0,0
1680594019106,11789,Get Home page currency,200,,Knock_out_Thread Group 1-756,text,true,,9153,321,219,219,https://pabsa.impressicocrm.com/api/currency,11789,0,0
1680594028847,2083,Get single knockout Player details,200,,Knock_out_Thread Group 1-729,text,true,,1210,326,219,219,https://pabsa.impressicocrm.com/api/player/110368,2083,0,0
1680594030553,409,Home page ,200,OK,Knock_out_Thread Group 1-916,text,true,,3033,309,220,220,https://pabsa.impressicocrm.com/,409,0,233
1680594028885,2081,Get single knockout Player details,200,,Knock_out_Thread Group 1-721,text,true,,1210,326,220,220,https://pabsa.impressicocrm.com/api/player/110368,2081,0,0
1680594028825,2141,Get playerA_Vs_playerB,200,,Knock_out_Thread Group 1-658,text,true,,1239,341,220,220,https://pabsa.impressicocrm.com/api/tournament/matchScore/147598,2141,0,0
1680594028840,2126,Get Players list ,200,,Knock_out_Thread Group 1-815,text,true,,3218,338,220,220,https://pabsa.impressicocrm.com/api/tournament/119922/players,2126,0,0
1680594028798,2177,Get Break list ,200,,Knock_out_Thread Group 1-771,text,true,,3218,338,219,219,https://pabsa.impressicocrm.com/api/tournament/119922/players,2177,0,0
1680594028699,2287,Get tournament result,200,,Knock_out_Thread Group 1-673,text,true,,5441,338,219,219,https://pabsa.impressicocrm.com/api/tournament/119922/matches,2287,0,0
1680594028537,2449,Get knockout players list ,200,,Knock_out_Thread Group 1-761,text,true,,4598,340,219,219,https://pabsa.impressicocrm.com/api/tournament/118871/knockouts,2449,0,0
1680594030253,741,Home page ,200,OK,Knock_out_Thread Group 1-913,text,true,,3033,309,219,219,https://pabsa.impressicocrm.com/,741,0,661
1680594027409,3589,Get tournamnent list ,200,,Knock_out_Thread Group 1-859,text,true,,58880,389,219,219,https://pabsa.impressicocrm.com/api/tournament?limit=12&pageNumber=1&sportType=&tournamentName=&tournamentStyle=,2539,0,0
1680594026621,4384,Get tournamnent list ,200,,Knock_out_Thread Group 1-841,text,true,,58880,389,219,219,https://pabsa.impressicocrm.com/api/tournament?limit=12&pageNumber=1&sportType=&tournamentName=&tournamentStyle=,2842,0,0
1680594028866,2141,Get Home page currency,200,,Knock_out_Thread Group 1-826,text,true,,9153,321,219,219,https://pabsa.impressicocrm.com/api/currency,2141,0,0
1680594028757,2258,Get Break list ,200,,Knock_out_Thread Group 1-779,text,true,,3218,338,219,219,https://pabsa.impressicocrm.com/api/tournament/119922/players,2258,0,0
1680594028868,2201,Get Break list ,200,,Knock_out_Thread Group 1-781,text,true,,3218,338,220,220,https://pabsa.impressicocrm.com/api/tournament/119922/players,2201,0,0
1680594030753,334,Get Home page country ,200,,Knock_out_Thread Group 1-911,text,true,,17270,320,220,220,https://pabsa.impressicocrm.com/api/country,334,0,0
1680594028667,2430,Get tournament result,200,,Knock_out_Thread Group 1-737,text,true,,5441,338,220,220,https://pabsa.impressicocrm.com/api/tournament/119922/matches,2430,0,0
1680594030591,521,Get Break list ,200,,Knock_out_Thread Group 1-810,text,true,,3218,338,220,220,https://pabsa.impressicocrm.com/api/tournament/119922/players,521,0,0
1680594028919,2198,Get Players list ,200,,Knock_out_Thread Group 1-828,text,true,,3218,338,220,220,https://pabsa.impressicocrm.com/api/tournament/119922/players,2198,0,0
1680594026904,4248,Get tournament result,200,,Knock_out_Thread Group 1-710,text,true,,5441,338,220,220,https://pabsa.impressicocrm.com/api/tournament/119922/matches,4248,0,0
1680594028734,2442,Get tournament result,200,,Knock_out_Thread Group 1-676,text,true,,5441,338,221,221,https://pabsa.impressicocrm.com/api/tournament/119922/matches,2442,0,0
1680594029025,2188,Get Players list ,200,,Knock_out_Thread Group 1-765,text,true,,3218,338,221,221,https://pabsa.impressicocrm.com/api/tournament/119922/players,2188,0,0
1680594030986,235,Get playerA_Vs_playerB,200,,Knock_out_Thread Group 1-673,text,true,,1239,341,221,221,https://pabsa.impressicocrm.com/api/tournament/matchScore/147598,235,0,0
1680594029039,2187,Get single knockout Player details,200,,Knock_out_Thread Group 1-732,text,true,,1210,326,220,220,https://pabsa.impressicocrm.com/api/player/110368,2187,0,0
1680594028254,3005,Get tournamnent list ,200,,Knock_out_Thread Group 1-867,text,true,,58880,389,221,221,https://pabsa.impressicocrm.com/api/tournament?limit=12&pageNumber=1&sportType=&tournamentName=&tournamentStyle=,2062,0,0
1680594029084,2207,Get knockout players list ,200,,Knock_out_Thread Group 1-764,text,true,,4598,340,221,221,https://pabsa.impressicocrm.com/api/tournament/118871/knockouts,2207,0,0
1680594028779,2529,Get tournament result,200,,Knock_out_Thread Group 1-693,text,true,,5441,338,221,221,https://pabsa.impressicocrm.com/api/tournament/119922/matches,2529,0,0
1680594031053,267,Home page ,200,OK,Knock_out_Thread Group 1-921,text,true,,3033,309,221,221,https://pabsa.impressicocrm.com/,267,0,202
1680594030652,677,Home page ,200,OK,Knock_out_Thread Group 1-917,text,true,,3033,309,221,221,https://pabsa.impressicocrm.com/,677,0,591
1680594028801,2592,Get Break list ,200,,Knock_out_Thread Group 1-796,text,true,,3218,338,222,222,https://pabsa.impressicocrm.com/api/tournament/119922/players,2592,0,0
1680594029088,2311,Get Players list ,200,,Knock_out_Thread Group 1-837,text,true,,3218,338,222,222,https://pabsa.impressicocrm.com/api/tournament/119922/players,2311,0,0
1680594029995,1409,Get tournamnent list ,200,,Knock_out_Thread Group 1-889,text,true,,58880,389,222,222,https://pabsa.impressicocrm.com/api/tournament?limit=12&pageNumber=1&sportType=&tournamentName=&tournamentStyle=,540,0,0
1680594027154,4250,Get tournamnent list ,200,,Knock_out_Thread Group 1-851,text,true,,58880,389,222,222,https://pabsa.impressicocrm.com/api/tournament?limit=12&pageNumber=1&sportType=&tournamentName=&tournamentStyle=,2254,0,0
1680594029223,2182,Get knockout players list ,200,,Knock_out_Thread Group 1-753,text,true,,4598,340,222,222,https://pabsa.impressicocrm.com/api/tournament/118871/knockouts,2182,0,0
1680594029125,2279,Get Players list ,200,,Knock_out_Thread Group 1-821,text,true,,3218,338,222,222,https://pabsa.impressicocrm.com/api/tournament/119922/players,2279,0,0
1680594030751,670,Home page ,200,OK,Knock_out_Thread Group 1-918,text,true,,3033,309,222,222,https://pabsa.impressicocrm.com/,670,0,601
1680594029213,2220,Get single knockout Player details,200,,Knock_out_Thread Group 1-749,text,true,,1210,326,222,222,https://pabsa.impressicocrm.com/api/player/110368,2220,0,0
1680594030153,1301,Home page ,200,OK,Knock_out_Thread Group 1-912,text,true,,3033,309,223,223,https://pabsa.impressicocrm.com/,1301,0,205
1680594029219,2237,Get single knockout Player details,200,,Knock_out_Thread Group 1-718,text,true,,1210,326,223,223,https://pabsa.impressicocrm.com/api/player/110368,2237,0,0
1680594029030,2426,Get Players schedule,200,,Knock_out_Thread Group 1-754,text,true,,5441,338,223,223,https://pabsa.impressicocrm.com/api/tournament/119922/matches,2426,0,0
1680594029213,2251,Get knockout players list ,200,,Knock_out_Thread Group 1-785,text,true,,4598,340,223,223,https://pabsa.impressicocrm.com/api/tournament/118871/knockouts,2251,0,0
1680594029089,2381,Get Break list ,200,,Knock_out_Thread Group 1-795,text,true,,3218,338,223,223,https://pabsa.impressicocrm.com/api/tournament/119922/players,2381,0,0
1680594027549,3930,Get tournamnent list ,200,,Knock_out_Thread Group 1-855,text,true,,58880,389,223,223,https://pabsa.impressicocrm.com/api/tournament?limit=12&pageNumber=1&sportType=&tournamentName=&tournamentStyle=,2750,0,0
1680594029236,2246,Get Home page currency,200,,Knock_out_Thread Group 1-854,text,true,,9160,321,223,223,https://pabsa.impressicocrm.com/api/currency,2246,0,0
1680594029161,2325,Get Break list ,200,,Knock_out_Thread Group 1-808,text,true,,3218,338,223,223,https://pabsa.impressicocrm.com/api/tournament/119922/players,2325,0,0
1680594029213,2286,Get playerA_Vs_playerB,200,,Knock_out_Thread Group 1-679,text,true,,1239,341,223,223,https://pabsa.impressicocrm.com/api/tournament/matchScore/147598,2286,0,0
1680594029209,2304,Get playerA_Vs_playerB,200,,Knock_out_Thread Group 1-697,text,true,,1239,341,222,222,https://pabsa.impressicocrm.com/api/tournament/matchScore/147598,2304,0,0
1680594028444,3073,Get Players schedule,200,,Knock_out_Thread Group 1-747,text,true,,5441,338,221,221,https://pabsa.impressicocrm.com/api/tournament/119922/matches,3073,0,0
1680594028978,2542,Get Players schedule,200,,Knock_out_Thread Group 1-778,text,true,,5441,338,221,221,https://pabsa.impressicocrm.com/api/tournament/119922/matches,2542,0,0
1680594028188,3338,Get tournamnent list ,200,,Knock_out_Thread Group 1-868,text,true,,58888,389,221,221,https://pabsa.impressicocrm.com/api/tournament?limit=12&pageNumber=1&sportType=&tournamentName=&tournamentStyle=,2136,0,0
1680594028410,3116,Get tournamnent list ,200,,Knock_out_Thread Group 1-850,text,true,,58888,389,221,221,https://pabsa.impressicocrm.com/api/tournament?limit=12&pageNumber=1&sportType=&tournamentName=&tournamentStyle=,2406,0,0
1680594029004,2530,Get Break list ,200,,Knock_out_Thread Group 1-809,text,true,,3218,338,221,221,https://pabsa.impressicocrm.com/api/tournament/119922/players,2530,0,0
1680594029237,2297,Get Home page country ,200,,Knock_out_Thread Group 1-897,text,true,,17270,320,221,221,https://pabsa.impressicocrm.com/api/country,2297,0,0
1680594029062,2475,Get Home page currency,200,,Knock_out_Thread Group 1-812,text,true,,9160,321,221,221,https://pabsa.impressicocrm.com/api/currency,2475,0,0
1680594029146,2393,Get Home page currency,200,,Knock_out_Thread Group 1-823,text,true,,9160,321,221,221,https://pabsa.impressicocrm.com/api/currency,2393,0,0
1680594029045,2497,Get knockout players list ,200,,Knock_out_Thread Group 1-760,text,true,,4591,340,221,221,https://pabsa.impressicocrm.com/api/tournament/118871/knockouts,2497,0,0
1680594029084,2462,Get Players schedule,200,,Knock_out_Thread Group 1-770,text,true,,5435,338,221,221,https://pabsa.impressicocrm.com/api/tournament/119922/matches,2462,0,0
1680594029173,2373,Get Break list ,200,,Knock_out_Thread Group 1-802,text,true,,3218,338,221,221,https://pabsa.impressicocrm.com/api/tournament/119922/players,2373,0,0
1680594028509,3037,Get tournamnent list ,200,,Knock_out_Thread Group 1-866,text,true,,58888,389,221,221,https://pabsa.impressicocrm.com/api/tournament?limit=12&pageNumber=1&sportType=&tournamentName=&tournamentStyle=,2376,0,0
1680594029123,2429,Get Home page country ,200,,Knock_out_Thread Group 1-895,text,true,,17270,320,222,222,https://pabsa.impressicocrm.com/api/country,2425,0,0
1680594029251,2305,Get playerA_Vs_playerB,200,,Knock_out_Thread Group 1-735,text,true,,1239,341,222,222,https://pabsa.impressicocrm.com/api/tournament/matchScore/147598,2305,0,0
1680594026303,5253,Get tournamnent list ,200,,Knock_out_Thread Group 1-845,text,true,,58888,389,222,222,https://pabsa.impressicocrm.com/api/tournament?limit=12&pageNumber=1&sportType=&tournamentName=&tournamentStyle=,4050,0,0
1680594029335,2232,Get knockout players list ,200,,Knock_out_Thread Group 1-748,text,true,,4591,340,221,221,https://pabsa.impressicocrm.com/api/tournament/118871/knockouts,2232,0,0
1680594028286,3285,Get tournamnent list ,200,,Knock_out_Thread Group 1-864,text,true,,58888,389,221,221,https://pabsa.impressicocrm.com/api/tournament?limit=12&pageNumber=1&sportType=&tournamentName=&tournamentStyle=,2401,0,0
1680594029105,2468,Get tournament result,200,,Knock_out_Thread Group 1-720,text,true,,5441,338,221,221,https://pabsa.impressicocrm.com/api/tournament/119922/matches,2468,0,0
1680594029278,2304,Get playerA_Vs_playerB,200,,Knock_out_Thread Group 1-704,text,true,,1239,341,221,221,https://pabsa.impressicocrm.com/api/tournament/matchScore/147598,2304,0,0
1680594029358,2231,Get single knockout Player details,200,,Knock_out_Thread Group 1-742,text,true,,1210,326,220,220,https://pabsa.impressicocrm.com/api/player/110368,2231,0,0
1680594031252,359,Home page ,200,OK,Knock_out_Thread Group 1-923,text,true,,3033,309,220,220,https://pabsa.impressicocrm.com/,359,0,274
1680594031399,221,Get Break list ,200,,Knock_out_Thread Group 1-837,text,true,,3218,338,220,220,https://pabsa.impressicocrm.com/api/tournament/119922/players,221,0,0
1680594027597,4031,Get tournamnent list ,200,,Knock_out_Thread Group 1-861,text,true,,58880,389,220,220,https://pabsa.impressicocrm.com/api/tournament?limit=12&pageNumber=1&sportType=&tournamentName=&tournamentStyle=,2284,0,0
1680594029052,2592,Get Home page currency,200,,Knock_out_Thread Group 1-838,text,true,,9160,321,220,220,https://pabsa.impressicocrm.com/api/currency,2592,0,0
1680594028898,2746,Get knockout players list ,200,,Knock_out_Thread Group 1-750,text,true,,4598,340,220,220,https://pabsa.impressicocrm.com/api/tournament/118871/knockouts,2746,0,0
1680594029471,2228,Get Break list ,200,,Knock_out_Thread Group 1-805,text,true,,3218,338,221,221,https://pabsa.impressicocrm.com/api/tournament/119922/players,2228,0,0
1680594029365,2366,Get Home page country ,200,,Knock_out_Thread Group 1-901,text,true,,17255,320,221,221,https://pabsa.impressicocrm.com/api/country,2366,0,0
1680594028532,3205,Get tournamnent list ,200,,Knock_out_Thread Group 1-870,text,true,,58880,389,221,221,https://pabsa.impressicocrm.com/api/tournament?limit=12&pageNumber=1&sportType=&tournamentName=&tournamentStyle=,2369,0,0
1680594030853,885,Home page ,200,OK,Knock_out_Thread Group 1-919,text,true,,3033,309,221,221,https://pabsa.impressicocrm.com/,884,0,244
1680594027145,4597,Get Players schedule,200,,Knock_out_Thread Group 1-758,text,true,,5441,338,221,221,https://pabsa.impressicocrm.com/api/tournament/119922/matches,4597,0,0
1680594029219,2523,Get Break list ,200,,Knock_out_Thread Group 1-792,text,true,,3218,338,221,221,https://pabsa.impressicocrm.com/api/tournament/119922/players,2523,0,0
1680594031352,390,Home page ,200,OK,Knock_out_Thread Group 1-924,text,true,,3033,309,221,221,https://pabsa.impressicocrm.com/,390,0,276
1680594029333,2417,Get Home page country ,200,,Knock_out_Thread Group 1-899,text,true,,17270,320,221,221,https://pabsa.impressicocrm.com/api/country,2417,0,0
1680594029163,2587,Get Players schedule,200,,Knock_out_Thread Group 1-801,text,true,,5441,338,221,221,https://pabsa.impressicocrm.com/api/tournament/119922/matches,2587,0,0
1680594028489,3261,Get tournamnent list ,200,,Knock_out_Thread Group 1-869,text,true,,58865,389,221,221,https://pabsa.impressicocrm.com/api/tournament?limit=12&pageNumber=1&sportType=&tournamentName=&tournamentStyle=,2251,0,0
1680594029311,2505,Get single knockout Player details,200,,Knock_out_Thread Group 1-752,text,true,,1210,326,222,222,https://pabsa.impressicocrm.com/api/player/110368,2505,0,0
1680594029287,2529,Get Break list ,200,,Knock_out_Thread Group 1-782,text,true,,3218,338,222,222,https://pabsa.impressicocrm.com/api/tournament/119922/players,2529,0,0
1680594031452,372,Home page ,200,OK,Knock_out_Thread Group 1-925,text,true,,3033,309,222,222,https://pabsa.impressicocrm.com/,371,0,290
1680594029388,2441,Get Break list ,200,,Knock_out_Thread Group 1-791,text,true,,3218,338,222,222,https://pabsa.impressicocrm.com/api/tournament/119922/players,2441,0,0
1680594029223,2613,Get Home page country ,200,,Knock_out_Thread Group 1-887,text,true,,17270,320,222,222,https://pabsa.impressicocrm.com/api/country,2606,0,0
1680594029407,2432,Get Players schedule,200,,Knock_out_Thread Group 1-767,text,true,,5441,338,222,222,https://pabsa.impressicocrm.com/api/tournament/119922/matches,2432,0,0
1680594027141,4707,Get tournamnent list ,200,,Knock_out_Thread Group 1-860,text,true,,58880,389,222,222,https://pabsa.impressicocrm.com/api/tournament?limit=12&pageNumber=1&sportType=&tournamentName=&tournamentStyle=,4315,0,0
1680594029521,2347,Get Break list ,200,,Knock_out_Thread Group 1-789,text,true,,3218,338,223,223,https://pabsa.impressicocrm.com/api/tournament/119922/players,2347,0,0
1680594031486,394,Get Players schedule,200,,Knock_out_Thread Group 1-808,text,true,,5441,338,223,223,https://pabsa.impressicocrm.com/api/tournament/119922/matches,394,0,0
1680594031551,350,Home page ,200,OK,Knock_out_Thread Group 1-926,text,true,,3033,309,223,223,https://pabsa.impressicocrm.com/,350,0,273
1680594029149,2757,Get Home page currency,200,,Knock_out_Thread Group 1-834,text,true,,9160,321,223,223,https://pabsa.impressicocrm.com/api/currency,2757,0,0
1680594029658,2248,Get Players list ,200,,Knock_out_Thread Group 1-835,text,true,,3218,338,223,223,https://pabsa.impressicocrm.com/api/tournament/119922/players,2248,0,0
1680594031628,291,Get Home page currency,200,,Knock_out_Thread Group 1-861,text,true,,9160,321,223,223,https://pabsa.impressicocrm.com/api/currency,291,0,0
1680594029791,2139,Get single knockout Player details,200,,Knock_out_Thread Group 1-740,text,true,,1210,326,223,223,https://pabsa.impressicocrm.com/api/player/110368,2139,0,0
1680594029475,2455,Get single knockout Player details,200,,Knock_out_Thread Group 1-739,text,true,,1210,326,223,223,https://pabsa.impressicocrm.com/api/player/110368,2455,0,0
1680594031153,777,Home page ,200,OK,Knock_out_Thread Group 1-922,text,true,,3033,309,223,223,https://pabsa.impressicocrm.com/,777,0,681
1680594029743,2198,Get playerA_Vs_playerB,200,,Knock_out_Thread Group 1-730,text,true,,1239,341,223,223,https://pabsa.impressicocrm.com/api/tournament/matchScore/147598,2198,0,0
1680594029218,2741,Get tournamnent list ,200,,Knock_out_Thread Group 1-880,text,true,,58880,389,223,223,https://pabsa.impressicocrm.com/api/tournament?limit=12&pageNumber=1&sportType=&tournamentName=&tournamentStyle=,2508,0,0
1680594031470,493,Get Players schedule,200,,Knock_out_Thread Group 1-795,text,true,,5441,338,223,223,https://pabsa.impressicocrm.com/api/tournament/119922/matches,493,0,0
1680594029319,2644,Get Home page currency,200,,Knock_out_Thread Group 1-816,text,true,,9160,321,223,223,https://pabsa.impressicocrm.com/api/currency,2644,0,0
1680594029562,2401,Get Break list ,200,,Knock_out_Thread Group 1-787,text,true,,3218,338,223,223,https://pabsa.impressicocrm.com/api/tournament/119922/players,2401,0,0
1680594029476,2495,Get Home page country ,200,,Knock_out_Thread Group 1-898,text,true,,17270,320,223,223,https://pabsa.impressicocrm.com/api/country,2492,0,0
1680594029329,2647,Get Players schedule,200,,Knock_out_Thread Group 1-783,text,true,,5441,338,223,223,https://pabsa.impressicocrm.com/api/tournament/119922/matches,2647,0,0
1680594030952,1032,Home page ,200,OK,Knock_out_Thread Group 1-920,text,true,,3033,309,223,223,https://pabsa.impressicocrm.com/,1032,0,896
1680594029791,2214,Get Players list ,200,,Knock_out_Thread Group 1-830,text,true,,3218,338,223,223,https://pabsa.impressicocrm.com/api/tournament/119922/players,2214,0,0
1680594029646,2372,Get Players list ,200,,Knock_out_Thread Group 1-820,text,true,,3218,338,223,223,https://pabsa.impressicocrm.com/api/tournament/119922/players,2372,0,0
1680594031526,541,Get Home page currency,200,,Knock_out_Thread Group 1-850,text,true,,9160,321,224,224,https://pabsa.impressicocrm.com/api/currency,541,0,0
1680594031824,250,Get Home page country ,200,,Knock_out_Thread Group 1-925,text,true,,17270,320,224,224,https://pabsa.impressicocrm.com/api/country,250,0,0
1680594029743,2336,Get Home page currency,200,,Knock_out_Thread Group 1-839,text,true,,9160,321,224,224,https://pabsa.impressicocrm.com/api/currency,2336,0,0
1680594029471,2643,Get Players list ,200,,Knock_out_Thread Group 1-817,text,true,,3218,338,224,224,https://pabsa.impressicocrm.com/api/tournament/119922/players,2643,0,0
1680594027741,4385,Get Home page currency,200,,Knock_out_Thread Group 1-832,text,true,,9160,321,224,224,https://pabsa.impressicocrm.com/api/currency,4385,0,0
1680594029841,2296,Get Home page country ,200,,Knock_out_Thread Group 1-905,text,true,,17270,320,224,224,https://pabsa.impressicocrm.com/api/country,2296,0,0
1680594029903,2272,Get Break list ,200,,Knock_out_Thread Group 1-803,text,true,,3218,338,225,225,https://pabsa.impressicocrm.com/api/tournament/119922/players,2272,0,0
1680594029868,2307,Get Home page currency,200,,Knock_out_Thread Group 1-852,text,true,,9160,321,225,225,https://pabsa.impressicocrm.com/api/currency,2307,0,0
1680594029944,2241,Get playerA_Vs_playerB,200,,Knock_out_Thread Group 1-705,text,true,,1239,341,225,225,https://pabsa.impressicocrm.com/api/tournament/matchScore/147598,2241,0,0
1680594028877,3319,Get tournamnent list ,200,,Knock_out_Thread Group 1-873,text,true,,58880,389,224,224,https://pabsa.impressicocrm.com/api/tournament?limit=12&pageNumber=1&sportType=&tournamentName=&tournamentStyle=,2690,0,0
1680594028512,3706,Get tournamnent list ,200,,Knock_out_Thread Group 1-863,text,true,,58888,389,224,224,https://pabsa.impressicocrm.com/api/tournament?limit=12&pageNumber=1&sportType=&tournamentName=&tournamentStyle=,2669,0,0
1680594029768,2481,Get tournament result,200,,Knock_out_Thread Group 1-746,text,true,,5441,338,224,224,https://pabsa.impressicocrm.com/api/tournament/119922/matches,2481,0,0
1680594029980,2288,Get playerA_Vs_playerB,200,,Knock_out_Thread Group 1-699,text,true,,1239,341,225,225,https://pabsa.impressicocrm.com/api/tournament/matchScore/147598,2288,0,0
1680594029636,2635,Get Home page currency,200,,Knock_out_Thread Group 1-849,text,true,,9160,321,224,224,https://pabsa.impressicocrm.com/api/currency,2635,0,0
1680594028739,3552,Get tournamnent list ,200,,Knock_out_Thread Group 1-874,text,true,,58880,389,224,224,https://pabsa.impressicocrm.com/api/tournament?limit=12&pageNumber=1&sportType=&tournamentName=&tournamentStyle=,2535,0,0
1680594029963,2328,Get Players list ,200,,Knock_out_Thread Group 1-814,text,true,,3218,338,224,224,https://pabsa.impressicocrm.com/api/tournament/119922/players,2328,0,0
1680594028840,3476,Get tournamnent list ,200,,Knock_out_Thread Group 1-865,text,true,,58880,389,224,224,https://pabsa.impressicocrm.com/api/tournament?limit=12&pageNumber=1&sportType=&tournamentName=&tournamentStyle=,2650,0,0
1680594029823,2534,Get Players schedule,200,,Knock_out_Thread Group 1-757,text,true,,5441,338,225,225,https://pabsa.impressicocrm.com/api/tournament/119922/matches,2534,0,0
1680594030014,2346,Get Home page country ,200,,Knock_out_Thread Group 1-908,text,true,,17270,320,225,225,https://pabsa.impressicocrm.com/api/country,2346,0,0
1680594029868,2491,Get knockout players list ,200,,Knock_out_Thread Group 1-773,text,true,,4591,340,225,225,https://pabsa.impressicocrm.com/api/tournament/118871/knockouts,2491,0,0
1680594032053,320,Home page ,200,OK,Knock_out_Thread Group 1-931,text,true,,3033,309,225,225,https://pabsa.impressicocrm.com/,320,0,244
1680594029810,2586,Get Home page currency,200,,Knock_out_Thread Group 1-853,text,true,,9160,321,225,225,https://pabsa.impressicocrm.com/api/currency,2586,0,0
1680594029874,2534,Get tournament result,200,,Knock_out_Thread Group 1-733,text,true,,5441,338,225,225,https://pabsa.impressicocrm.com/api/tournament/119922/matches,2534,0,0
1680594029757,2665,Get Home page currency,200,,Knock_out_Thread Group 1-827,text,true,,9160,321,225,225,https://pabsa.impressicocrm.com/api/currency,2665,0,0
1680594029935,2508,Get playerA_Vs_playerB,200,,Knock_out_Thread Group 1-722,text,true,,1239,341,225,225,https://pabsa.impressicocrm.com/api/tournament/matchScore/147598,2508,0,0
1680594029821,2639,Get Home page currency,200,,Knock_out_Thread Group 1-843,text,true,,9153,321,225,225,https://pabsa.impressicocrm.com/api/currency,2639,0,0
1680594029939,2537,Get playerA_Vs_playerB,200,,Knock_out_Thread Group 1-713,text,true,,1239,341,225,225,https://pabsa.impressicocrm.com/api/tournament/matchScore/147598,2537,0,0
1680594029055,3428,Get tournamnent list ,200,,Knock_out_Thread Group 1-878,text,true,,58880,389,224,224,https://pabsa.impressicocrm.com/api/tournament?limit=12&pageNumber=1&sportType=&tournamentName=&tournamentStyle=,2682,0,0
1680594032153,362,Home page ,200,OK,Knock_out_Thread Group 1-932,text,true,,3033,309,224,224,https://pabsa.impressicocrm.com/,362,0,273
1680594029595,2949,Get Players schedule,200,,Knock_out_Thread Group 1-780,text,true,,5435,338,224,224,https://pabsa.impressicocrm.com/api/tournament/119922/matches,2949,0,0
1680594029867,2677,Get Home page currency,200,,Knock_out_Thread Group 1-844,text,true,,9160,321,224,224,https://pabsa.impressicocrm.com/api/currency,2677,0,0
1680594030075,2482,Get Players schedule,200,,Knock_out_Thread Group 1-775,text,true,,5441,338,225,225,https://pabsa.impressicocrm.com/api/tournament/119922/matches,2482,0,0
1680594030209,2365,Get playerA_Vs_playerB,200,,Knock_out_Thread Group 1-708,text,true,,1239,341,225,225,https://pabsa.impressicocrm.com/api/tournament/matchScore/147598,2365,0,0
1680594030106,2476,Get tournament result,200,,Knock_out_Thread Group 1-716,text,true,,5441,338,224,224,https://pabsa.impressicocrm.com/api/tournament/119922/matches,2476,0,0
1680594028819,3770,Get tournamnent list ,200,,Knock_out_Thread Group 1-871,text,true,,58880,389,224,224,https://pabsa.impressicocrm.com/api/tournament?limit=12&pageNumber=1&sportType=&tournamentName=&tournamentStyle=,2660,0,0
1680594029949,2649,Get Players schedule,200,,Knock_out_Thread Group 1-798,text,true,,5441,338,224,224,https://pabsa.impressicocrm.com/api/tournament/119922/matches,2649,0,0
1680594029868,2737,Get tournamnent list ,200,,Knock_out_Thread Group 1-888,text,true,,58880,389,224,224,https://pabsa.impressicocrm.com/api/tournament?limit=12&pageNumber=1&sportType=&tournamentName=&tournamentStyle=,2328,0,0
1680594030214,2422,Get Break list ,200,,Knock_out_Thread Group 1-822,text,true,,3218,338,224,224,https://pabsa.impressicocrm.com/api/tournament/119922/players,2422,0,0
1680594030069,2578,Get Players schedule,200,,Knock_out_Thread Group 1-776,text,true,,5441,338,224,224,https://pabsa.impressicocrm.com/api/tournament/119922/matches,2578,0,0
1680594032252,401,Home page ,200,OK,Knock_out_Thread Group 1-933,text,true,,3033,309,225,225,https://pabsa.impressicocrm.com/,401,0,230
1680594030252,2405,Get playerA_Vs_playerB,200,,Knock_out_Thread Group 1-655,text,true,,1239,341,225,225,https://pabsa.impressicocrm.com/api/tournament/matchScore/147598,2405,0,0
1680594030005,2671,Get Break list ,200,,Knock_out_Thread Group 1-807,text,true,,3218,338,224,224,https://pabsa.impressicocrm.com/api/tournament/119922/players,2671,0,0
1680594031752,924,Home page ,200,OK,Knock_out_Thread Group 1-928,text,true,,3033,309,224,224,https://pabsa.impressicocrm.com/,924,0,359
1680594030334,2353,Get single knockout Player details,200,,Knock_out_Thread Group 1-763,text,true,,1210,326,224,224,https://pabsa.impressicocrm.com/api/player/110368,2353,0,0
1680594030083,2652,Get Players schedule,200,,Knock_out_Thread Group 1-777,text,true,,5435,338,224,224,https://pabsa.impressicocrm.com/api/tournament/119922/matches,2652,0,0
1680594029556,3188,Get tournamnent list ,200,,Knock_out_Thread Group 1-879,text,true,,58880,389,224,224,https://pabsa.impressicocrm.com/api/tournament?limit=12&pageNumber=1&sportType=&tournamentName=&tournamentStyle=,2741,0,0
1680594030224,2523,Get Home page country ,200,,Knock_out_Thread Group 1-909,text,true,,17270,320,224,224,https://pabsa.impressicocrm.com/api/country,2523,0,0
1680594030253,2599,Get Break list ,200,,Knock_out_Thread Group 1-797,text,true,,3218,338,226,226,https://pabsa.impressicocrm.com/api/tournament/119922/players,2599,0,0
1680594030329,2523,Get Home page currency,200,,Knock_out_Thread Group 1-829,text,true,,9160,321,226,226,https://pabsa.impressicocrm.com/api/currency,2523,0,0
1680594030215,2637,Get Players schedule,200,,Knock_out_Thread Group 1-772,text,true,,5441,338,226,226,https://pabsa.impressicocrm.com/api/tournament/119922/matches,2637,0,0
1680594030218,2634,Get tournament result,200,,Knock_out_Thread Group 1-731,text,true,,5441,338,226,226,https://pabsa.impressicocrm.com/api/tournament/119922/matches,2634,0,0
1680594030235,2618,Get Players list ,200,,Knock_out_Thread Group 1-774,text,true,,3218,338,226,226,https://pabsa.impressicocrm.com/api/tournament/119922/players,2618,0,0
1680594028573,4280,Get tournamnent list ,200,,Knock_out_Thread Group 1-856,text,true,,58888,389,226,226,https://pabsa.impressicocrm.com/api/tournament?limit=12&pageNumber=1&sportType=&tournamentName=&tournamentStyle=,3177,0,0
1680594029859,3014,Get tournamnent list ,200,,Knock_out_Thread Group 1-884,text,true,,58880,389,226,226,https://pabsa.impressicocrm.com/api/tournament?limit=12&pageNumber=1&sportType=&tournamentName=&tournamentStyle=,2479,0,0
1680594030162,2712,Get playerA_Vs_playerB,200,,Knock_out_Thread Group 1-698,text,true,,1239,341,226,226,https://pabsa.impressicocrm.com/api/tournament/matchScore/147598,2712,0,0
1680594030178,2696,Get tournament result,200,,Knock_out_Thread Group 1-734,text,true,,5441,338,226,226,https://pabsa.impressicocrm.com/api/tournament/119922/matches,2696,0,0
1680594030398,2489,Get tournament result,200,,Knock_out_Thread Group 1-755,text,true,,5441,338,225,225,https://pabsa.impressicocrm.com/api/tournament/119922/matches,2489,0,0
1680594032647,259,Get knockout players list ,200,,Knock_out_Thread Group 1-776,text,true,,4598,340,225,225,https://pabsa.impressicocrm.com/api/tournament/118871/knockouts,259,0,0
1680594030346,2571,Get Home page currency,200,,Knock_out_Thread Group 1-840,text,true,,9160,321,225,225,https://pabsa.impressicocrm.com/api/currency,2571,0,0
1680594028705,4212,Get knockout players list ,200,,Knock_out_Thread Group 1-738,text,true,,4598,340,225,225,https://pabsa.impressicocrm.com/api/tournament/118871/knockouts,4212,0,0
1680594030397,2526,Get Break list ,200,,Knock_out_Thread Group 1-819,text,true,,3218,338,225,225,https://pabsa.impressicocrm.com/api/tournament/119922/players,2526,0,0
1680594030519,2409,Get knockout players list ,200,,Knock_out_Thread Group 1-766,text,true,,4598,340,225,225,https://pabsa.impressicocrm.com/api/tournament/118871/knockouts,2409,0,0
1680594032452,483,Home page ,200,OK,Knock_out_Thread Group 1-935,text,true,,3033,309,225,225,https://pabsa.impressicocrm.com/,482,0,401
1680594031953,999,Home page ,200,OK,Knock_out_Thread Group 1-930,text,true,,3033,309,226,226,https://pabsa.impressicocrm.com/,999,0,804
1680594030252,2705,Get Players list ,200,,Knock_out_Thread Group 1-824,text,true,,3218,338,226,226,https://pabsa.impressicocrm.com/api/tournament/119922/players,2705,0,0
1680594030282,2680,Get Home page country ,200,,Knock_out_Thread Group 1-904,text,true,,17270,320,226,226,https://pabsa.impressicocrm.com/api/country,2675,0,0
1680594030527,2447,Get Break list ,200,,Knock_out_Thread Group 1-804,text,true,,3218,338,226,226,https://pabsa.impressicocrm.com/api/tournament/119922/players,2447,0,0
1680594030529,2462,Get Home page currency,200,,Knock_out_Thread Group 1-848,text,true,,9160,321,226,226,https://pabsa.impressicocrm.com/api/currency,2462,0,0
1680594030288,2704,Get Home page currency,200,,Knock_out_Thread Group 1-846,text,true,,9160,321,226,226,https://pabsa.impressicocrm.com/api/currency,2703,0,0
1680594030692,2314,Get playerA_Vs_playerB,200,,Knock_out_Thread Group 1-712,text,true,,1239,341,226,226,https://pabsa.impressicocrm.com/api/tournament/matchScore/147598,2314,0,0
1680594030441,2582,Get Home page country ,200,,Knock_out_Thread Group 1-896,text,true,,17255,320,225,225,https://pabsa.impressicocrm.com/api/country,2561,0,0
1680594030613,2410,Get playerA_Vs_playerB,200,,Knock_out_Thread Group 1-701,text,true,,1239,341,225,225,https://pabsa.impressicocrm.com/api/tournament/matchScore/147598,2410,0,0
1680594030324,2701,Get Players schedule,200,,Knock_out_Thread Group 1-800,text,true,,5435,338,224,224,https://pabsa.impressicocrm.com/api/tournament/119922/matches,2701,0,0
1680594030337,2704,Get Players schedule,200,,Knock_out_Thread Group 1-784,text,true,,5441,338,224,224,https://pabsa.impressicocrm.com/api/tournament/119922/matches,2704,0,0
1680594030527,2513,Get Break list ,200,,Knock_out_Thread Group 1-811,text,true,,3218,338,224,224,https://pabsa.impressicocrm.com/api/tournament/119922/players,2513,0,0
1680594030229,2814,Get tournament result,200,,Knock_out_Thread Group 1-751,text,true,,5435,338,224,224,https://pabsa.impressicocrm.com/api/tournament/119922/matches,2814,0,0
1680594030291,2760,Get knockout players list ,200,,Knock_out_Thread Group 1-759,text,true,,4598,340,224,224,https://pabsa.impressicocrm.com/api/tournament/118871/knockouts,2760,0,0
1680594028287,4766,Get Home page country ,200,,Knock_out_Thread Group 1-885,text,true,,17255,320,225,225,https://pabsa.impressicocrm.com/api/country,4670,0,0
1680594030742,2331,Get playerA_Vs_playerB,200,,Knock_out_Thread Group 1-715,text,true,,1239,341,225,225,https://pabsa.impressicocrm.com/api/tournament/matchScore/147598,2331,0,0
1680594030037,3036,Get Players schedule,200,,Knock_out_Thread Group 1-790,text,true,,5441,338,225,225,https://pabsa.impressicocrm.com/api/tournament/119922/matches,3036,0,0
1680594030216,2866,Get Home page currency,200,,Knock_out_Thread Group 1-847,text,true,,9160,321,224,224,https://pabsa.impressicocrm.com/api/currency,2866,0,0
1680594030684,2417,Get Home page country ,200,,Knock_out_Thread Group 1-903,text,true,,17270,320,224,224,https://pabsa.impressicocrm.com/api/country,2389,0,0
1680594032751,360,Home page ,200,OK,Knock_out_Thread Group 1-938,text,true,,3033,309,224,224,https://pabsa.impressicocrm.com/,360,0,272
1680594030795,2324,Get playerA_Vs_playerB,200,,Knock_out_Thread Group 1-723,text,true,,1239,341,224,224,https://pabsa.impressicocrm.com/api/tournament/matchScore/147598,2324,0,0
1680594030184,2935,Get Home page currency,200,,Knock_out_Thread Group 1-842,text,true,,9160,321,224,224,https://pabsa.impressicocrm.com/api/currency,2935,0,0
1680594030448,2688,Get tournament result,200,,Knock_out_Thread Group 1-741,text,true,,5441,338,223,223,https://pabsa.impressicocrm.com/api/tournament/119922/matches,2688,0,0
1680594030708,2432,Get Home page country ,200,,Knock_out_Thread Group 1-914,text,true,,17270,320,223,223,https://pabsa.impressicocrm.com/api/country,2432,0,0
1680594032352,788,Home page ,200,OK,Knock_out_Thread Group 1-934,text,true,,3033,309,223,223,https://pabsa.impressicocrm.com/,788,0,712
1680594031651,1493,Home page ,200,OK,Knock_out_Thread Group 1-927,text,true,,3033,309,223,223,https://pabsa.impressicocrm.com/,1493,0,1400
1680594032651,501,Home page ,200,OK,Knock_out_Thread Group 1-937,text,true,,3033,309,223,223,https://pabsa.impressicocrm.com/,501,0,306
1680594032851,301,Home page ,200,OK,Knock_out_Thread Group 1-939,text,true,,3033,309,224,224,https://pabsa.impressicocrm.com/,301,0,231
1680594030786,2382,Get Home page country ,200,,Knock_out_Thread Group 1-915,text,true,,17270,320,224,224,https://pabsa.impressicocrm.com/api/country,2380,0,0
1680594030623,2612,Get Home page country ,200,,Knock_out_Thread Group 1-900,text,true,,17255,320,224,224,https://pabsa.impressicocrm.com/api/country,2612,0,0
1680594032992,243,Get Players list ,200,,Knock_out_Thread Group 1-846,text,true,,3218,338,224,224,https://pabsa.impressicocrm.com/api/tournament/119922/players,243,0,0
1680594030773,2465,Get Home page country ,200,,Knock_out_Thread Group 1-906,text,true,,17270,320,224,224,https://pabsa.impressicocrm.com/api/country,2462,0,0
1680594030791,2447,Get Home page country ,200,,Knock_out_Thread Group 1-907,text,true,,17270,320,224,224,https://pabsa.impressicocrm.com/api/country,2447,0,0
1680594030697,2546,Get Players schedule,200,,Knock_out_Thread Group 1-794,text,true,,5441,338,224,224,https://pabsa.impressicocrm.com/api/tournament/119922/matches,2546,0,0
1680594030848,2408,Get playerA_Vs_playerB,200,,Knock_out_Thread Group 1-726,text,true,,1239,341,225,225,https://pabsa.impressicocrm.com/api/tournament/matchScore/147598,2408,0,0
1680594030069,3205,Get tournament result,200,,Knock_out_Thread Group 1-744,text,true,,5441,338,224,224,https://pabsa.impressicocrm.com/api/tournament/119922/matches,3205,0,0
1680594030852,2446,Get playerA_Vs_playerB,200,,Knock_out_Thread Group 1-724,text,true,,1239,341,224,224,https://pabsa.impressicocrm.com/api/tournament/matchScore/147598,2446,0,0
1680594029475,3830,Get tournamnent list ,200,,Knock_out_Thread Group 1-882,text,true,,58880,389,223,223,https://pabsa.impressicocrm.com/api/tournament?limit=12&pageNumber=1&sportType=&tournamentName=&tournamentStyle=,2625,0,0
1680594032953,360,Home page ,200,OK,Knock_out_Thread Group 1-940,text,true,,3033,309,223,223,https://pabsa.impressicocrm.com/,360,0,268
1680594030814,2556,Get Break list ,200,,Knock_out_Thread Group 1-806,text,true,,3218,338,224,224,https://pabsa.impressicocrm.com/api/tournament/119922/players,2556,0,0
1680594030892,2491,Get playerA_Vs_playerB,200,,Knock_out_Thread Group 1-700,text,true,,1239,341,224,224,https://pabsa.impressicocrm.com/api/tournament/matchScore/147598,2491,0,0
1680594029944,3451,Get tournamnent list ,200,,Knock_out_Thread Group 1-886,text,true,,58880,389,223,223,https://pabsa.impressicocrm.com/api/tournament?limit=12&pageNumber=1&sportType=&tournamentName=&tournamentStyle=,2805,0,0
1680594033274,129,Get playerA_Vs_playerB,200,,Knock_out_Thread Group 1-744,text,true,,1239,341,223,223,https://pabsa.impressicocrm.com/api/tournament/matchScore/147598,128,0,0
1680594026157,7248,Get tournamnent list ,200,,Knock_out_Thread Group 1-836,text,true,,58880,389,222,222,https://pabsa.impressicocrm.com/api/tournament?limit=12&pageNumber=1&sportType=&tournamentName=&tournamentStyle=,4382,0,0
1680594028375,5030,Get tournamnent list ,200,,Knock_out_Thread Group 1-858,text,true,,58880,389,222,222,https://pabsa.impressicocrm.com/api/tournament?limit=12&pageNumber=1&sportType=&tournamentName=&tournamentStyle=,3018,0,0
1680594029571,3834,Get tournamnent list ,200,,Knock_out_Thread Group 1-877,text,true,,58880,389,222,222,https://pabsa.impressicocrm.com/api/tournament?limit=12&pageNumber=1&sportType=&tournamentName=&tournamentStyle=,2954,0,0
1680594030986,2430,Get single knockout Player details,200,,Knock_out_Thread Group 1-761,text,true,,1210,326,222,222,https://pabsa.impressicocrm.com/api/player/110368,2430,0,0
1680594029018,4419,Get playerA_Vs_playerB,200,,Knock_out_Thread Group 1-714,text,true,,1239,341,222,222,https://pabsa.impressicocrm.com/api/tournament/matchScore/147598,4419,0,0
1680594030825,2645,Get Home page currency,200,,Knock_out_Thread Group 1-831,text,true,,9153,321,222,222,https://pabsa.impressicocrm.com/api/currency,2645,0,0
1680594030962,2519,Get Home page country ,200,,Knock_out_Thread Group 1-916,text,true,,17270,320,222,222,https://pabsa.impressicocrm.com/api/country,2519,0,0
1680594030828,2653,Get knockout players list ,200,,Knock_out_Thread Group 1-786,text,true,,4598,340,222,222,https://pabsa.impressicocrm.com/api/tournament/118871/knockouts,2653,0,0
1680594030895,2586,Get Players list ,200,,Knock_out_Thread Group 1-756,text,true,,3218,338,222,222,https://pabsa.impressicocrm.com/api/tournament/119922/players,2586,0,0
1680594030822,2671,Get Players schedule,200,,Knock_out_Thread Group 1-768,text,true,,5441,338,222,222,https://pabsa.impressicocrm.com/api/tournament/119922/matches,2671,0,0
1680594029582,3913,Get Home page country ,200,,Knock_out_Thread Group 1-890,text,true,,17270,320,222,222,https://pabsa.impressicocrm.com/api/country,3794,0,0
1680594030733,2762,Get tournament result,200,,Knock_out_Thread Group 1-762,text,true,,5441,338,222,222,https://pabsa.impressicocrm.com/api/tournament/119922/matches,2762,0,0
1680594030558,2941,Get tournamnent list ,200,,Knock_out_Thread Group 1-892,text,true,,58888,389,222,222,https://pabsa.impressicocrm.com/api/tournament?limit=12&pageNumber=1&sportType=&tournamentName=&tournamentStyle=,2538,0,0
1680594031007,2502,Get Players list ,200,,Knock_out_Thread Group 1-826,text,true,,3218,338,222,222,https://pabsa.impressicocrm.com/api/tournament/119922/players,2502,0,0
1680594031098,2415,Get playerA_Vs_playerB,200,,Knock_out_Thread Group 1-737,text,true,,1239,341,222,222,https://pabsa.impressicocrm.com/api/tournament/matchScore/147598,2415,0,0
1680594030967,2553,Get Break list ,200,,Knock_out_Thread Group 1-815,text,true,,3218,338,221,221,https://pabsa.impressicocrm.com/api/tournament/119922/players,2553,0,0
1680594030833,2689,Get Players schedule,200,,Knock_out_Thread Group 1-799,text,true,,5441,338,221,221,https://pabsa.impressicocrm.com/api/tournament/119922/matches,2689,0,0
1680594030786,2778,Get Home page currency,200,,Knock_out_Thread Group 1-825,text,true,,9160,321,222,222,https://pabsa.impressicocrm.com/api/currency,2777,0,0
1680594031005,2561,Get Home page currency,200,,Knock_out_Thread Group 1-841,text,true,,9160,321,222,222,https://pabsa.impressicocrm.com/api/currency,2561,0,0
1680594030874,2704,Get Home page currency,200,,Knock_out_Thread Group 1-862,text,true,,9160,321,222,222,https://pabsa.impressicocrm.com/api/currency,2704,0,0
1680594030998,2588,Get Home page currency,200,,Knock_out_Thread Group 1-859,text,true,,9160,321,222,222,https://pabsa.impressicocrm.com/api/currency,2588,0,0
1680594031152,2454,Get playerA_Vs_playerB,200,,Knock_out_Thread Group 1-710,text,true,,1239,341,222,222,https://pabsa.impressicocrm.com/api/tournament/matchScore/147598,2454,0,0
1680594031117,2512,Get Break list ,200,,Knock_out_Thread Group 1-828,text,true,,3218,338,221,221,https://pabsa.impressicocrm.com/api/tournament/119922/players,2512,0,0
1680594031291,2338,Get single knockout Player details,200,,Knock_out_Thread Group 1-764,text,true,,1210,326,221,221,https://pabsa.impressicocrm.com/api/player/110368,2338,0,0
1680594030807,2836,Get Players list ,200,,Knock_out_Thread Group 1-833,text,true,,3218,338,221,221,https://pabsa.impressicocrm.com/api/tournament/119922/players,2836,0,0
1680594030883,2779,Get tournament result,200,,Knock_out_Thread Group 1-728,text,true,,5441,338,222,222,https://pabsa.impressicocrm.com/api/tournament/119922/matches,2779,0,0
1680594031405,2278,Get single knockout Player details,200,,Knock_out_Thread Group 1-753,text,true,,1210,326,222,222,https://pabsa.impressicocrm.com/api/player/110368,2278,0,0
1680594030704,2979,Get tournamnent list ,200,,Knock_out_Thread Group 1-894,text,true,,58880,389,222,222,https://pabsa.impressicocrm.com/api/tournament?limit=12&pageNumber=1&sportType=&tournamentName=&tournamentStyle=,2760,0,0
1680594030930,2765,Get tournament result,200,,Knock_out_Thread Group 1-729,text,true,,5441,338,222,222,https://pabsa.impressicocrm.com/api/tournament/119922/matches,2765,0,0
1680594031308,2397,Get playerA_Vs_playerB,200,,Knock_out_Thread Group 1-693,text,true,,1239,341,222,222,https://pabsa.impressicocrm.com/api/tournament/matchScore/147598,2397,0,0
1680594031213,2498,Get Break list ,200,,Knock_out_Thread Group 1-765,text,true,,3218,338,221,221,https://pabsa.impressicocrm.com/api/tournament/119922/players,2498,0,0
1680594031321,2397,Get Home page country ,200,,Knock_out_Thread Group 1-921,text,true,,17255,320,221,221,https://pabsa.impressicocrm.com/api/country,2397,0,0
1680594031465,2257,Get single knockout Player details,200,,Knock_out_Thread Group 1-785,text,true,,1210,326,221,221,https://pabsa.impressicocrm.com/api/player/110368,2257,0,0
1680594030536,3197,Get tournamnent list ,200,,Knock_out_Thread Group 1-891,text,true,,58880,389,221,221,https://pabsa.impressicocrm.com/api/tournament?limit=12&pageNumber=1&sportType=&tournamentName=&tournamentStyle=,2632,0,0
1680594031330,2410,Get Home page country ,200,,Knock_out_Thread Group 1-917,text,true,,17270,320,221,221,https://pabsa.impressicocrm.com/api/country,2410,0,0
1680594029335,4408,Get knockout players list ,200,,Knock_out_Thread Group 1-743,text,true,,4598,340,221,221,https://pabsa.impressicocrm.com/api/tournament/118871/knockouts,4408,0,0
1680594033053,690,Home page ,200,OK,Knock_out_Thread Group 1-941,text,true,,3033,309,221,221,https://pabsa.impressicocrm.com/,690,0,519
1680594031520,2264,Get knockout players list ,200,,Knock_out_Thread Group 1-778,text,true,,4598,340,222,222,https://pabsa.impressicocrm.com/api/tournament/118871/knockouts,2264,0,0
1680594029471,4321,Get tournamnent list ,200,,Knock_out_Thread Group 1-857,text,true,,58888,389,222,222,https://pabsa.impressicocrm.com/api/tournament?limit=12&pageNumber=1&sportType=&tournamentName=&tournamentStyle=,3173,0,0
1680594030975,2819,Get Players schedule,200,,Knock_out_Thread Group 1-771,text,true,,5441,338,222,222,https://pabsa.impressicocrm.com/api/tournament/119922/matches,2819,0,0
1680594032553,1250,Home page ,200,OK,Knock_out_Thread Group 1-936,text,true,,3033,309,222,222,https://pabsa.impressicocrm.com/,1249,0,399
1680594031482,2351,Get Players list ,200,,Knock_out_Thread Group 1-854,text,true,,3218,338,222,222,https://pabsa.impressicocrm.com/api/tournament/119922/players,2351,0,0
1680594031113,2734,Get Players schedule,200,,Knock_out_Thread Group 1-810,text,true,,5441,338,222,222,https://pabsa.impressicocrm.com/api/tournament/119922/matches,2734,0,0
1680594031421,2435,Get Home page country ,200,,Knock_out_Thread Group 1-918,text,true,,17270,320,223,223,https://pabsa.impressicocrm.com/api/country,2435,0,0
1680594030087,3771,Get tournamnent list ,200,,Knock_out_Thread Group 1-883,text,true,,58880,389,223,223,https://pabsa.impressicocrm.com/api/tournament?limit=12&pageNumber=1&sportType=&tournamentName=&tournamentStyle=,3000,0,0
1680594031405,2460,Get Home page currency,200,,Knock_out_Thread Group 1-851,text,true,,9160,321,223,223,https://pabsa.impressicocrm.com/api/currency,2460,0,0
1680594029246,4621,Get Players list ,200,,Knock_out_Thread Group 1-813,text,true,,3218,338,223,223,https://pabsa.impressicocrm.com/api/tournament/119922/players,4621,0,0
1680594031457,2448,Get knockout players list ,200,,Knock_out_Thread Group 1-754,text,true,,4598,340,223,223,https://pabsa.impressicocrm.com/api/tournament/118871/knockouts,2448,0,0
1680594031518,2391,Get knockout players list ,200,,Knock_out_Thread Group 1-747,text,true,,4598,340,223,223,https://pabsa.impressicocrm.com/api/tournament/118871/knockouts,2391,0,0
1680594031546,2363,Get knockout players list ,200,,Knock_out_Thread Group 1-770,text,true,,4598,340,223,223,https://pabsa.impressicocrm.com/api/tournament/118871/knockouts,2363,0,0
1680594033578,335,Get Players list ,200,,Knock_out_Thread Group 1-862,text,true,,3218,338,223,223,https://pabsa.impressicocrm.com/api/tournament/119922/players,335,0,0
1680594031405,2538,Get Home page currency,200,,Knock_out_Thread Group 1-889,text,true,,9153,321,223,223,https://pabsa.impressicocrm.com/api/currency,2538,0,0
1680594031479,2473,Get Home page currency,200,,Knock_out_Thread Group 1-855,text,true,,9160,321,224,224,https://pabsa.impressicocrm.com/api/currency,2473,0,0
1680594031015,2942,Get Players schedule,200,,Knock_out_Thread Group 1-779,text,true,,5441,338,224,224,https://pabsa.impressicocrm.com/api/tournament/119922/matches,2942,0,0
1680594028840,5131,Get tournamnent list ,200,,Knock_out_Thread Group 1-875,text,true,,58888,389,224,224,https://pabsa.impressicocrm.com/api/tournament?limit=12&pageNumber=1&sportType=&tournamentName=&tournamentStyle=,4562,0,0
1680594031176,2804,Get playerA_Vs_playerB,200,,Knock_out_Thread Group 1-676,text,true,,1239,341,224,224,https://pabsa.impressicocrm.com/api/tournament/matchScore/147598,2804,0,0
1680594031456,2544,Get tournament result,200,,Knock_out_Thread Group 1-718,text,true,,5441,338,223,223,https://pabsa.impressicocrm.com/api/tournament/119922/matches,2544,0,0
1680594030573,3444,Get Home page country ,200,,Knock_out_Thread Group 1-902,text,true,,17270,320,223,223,https://pabsa.impressicocrm.com/api/country,3374,0,0
1680594031454,2567,Get Home page country ,200,,Knock_out_Thread Group 1-912,text,true,,17270,320,223,223,https://pabsa.impressicocrm.com/api/country,2567,0,0
1680594031567,2462,Get single knockout Player details,200,,Knock_out_Thread Group 1-748,text,true,,1210,326,223,223,https://pabsa.impressicocrm.com/api/player/110368,2462,0,0
1680594031573,2517,Get playerA_Vs_playerB,200,,Knock_out_Thread Group 1-720,text,true,,1239,341,224,224,https://pabsa.impressicocrm.com/api/tournament/matchScore/147598,2517,0,0
1680594031539,2551,Get Players list ,200,,Knock_out_Thread Group 1-823,text,true,,3218,338,224,224,https://pabsa.impressicocrm.com/api/tournament/119922/players,2551,0,0
1680594031571,2526,Get Home page currency,200,,Knock_out_Thread Group 1-864,text,true,,9160,321,223,223,https://pabsa.impressicocrm.com/api/currency,2526,0,0
1680594033153,960,Home page ,200,OK,Knock_out_Thread Group 1-942,text,true,,3033,309,223,223,https://pabsa.impressicocrm.com/,959,0,572
1680594030994,3123,Get Home page country ,200,,Knock_out_Thread Group 1-913,text,true,,17270,320,223,223,https://pabsa.impressicocrm.com/api/country,2746,0,0
1680594031526,2591,Get Home page currency,200,,Knock_out_Thread Group 1-868,text,true,,9160,321,223,223,https://pabsa.impressicocrm.com/api/currency,2591,0,0
1680594030684,3433,Get Players schedule,200,,Knock_out_Thread Group 1-788,text,true,,5441,338,223,223,https://pabsa.impressicocrm.com/api/tournament/119922/matches,3433,0,0
1680594029340,4794,Get tournament result,200,,Knock_out_Thread Group 1-727,text,true,,5441,338,223,223,https://pabsa.impressicocrm.com/api/tournament/119922/matches,4794,0,0
1680594031611,2530,Get Home page country ,200,,Knock_out_Thread Group 1-923,text,true,,17270,320,223,223,https://pabsa.impressicocrm.com/api/country,2530,0,0
1680594029503,4644,Get Break list ,200,,Knock_out_Thread Group 1-769,text,true,,3218,338,223,223,https://pabsa.impressicocrm.com/api/tournament/119922/players,4644,0,0
1680594031751,2412,Get knockout players list ,200,,Knock_out_Thread Group 1-801,text,true,,4598,340,224,224,https://pabsa.impressicocrm.com/api/tournament/118871/knockouts,2412,0,0
1680594031534,2675,Get Players schedule,200,,Knock_out_Thread Group 1-809,text,true,,5441,338,224,224,https://pabsa.impressicocrm.com/api/tournament/119922/matches,2675,0,0
1680594031537,2676,Get Players list ,200,,Knock_out_Thread Group 1-812,text,true,,3218,338,224,224,https://pabsa.impressicocrm.com/api/tournament/119922/players,2676,0,0
1680594031644,2579,Get Players list ,200,,Knock_out_Thread Group 1-838,text,true,,3218,338,224,224,https://pabsa.impressicocrm.com/api/tournament/119922/players,2579,0,0
1680594031070,3158,Get Players schedule,200,,Knock_out_Thread Group 1-781,text,true,,5441,338,224,224,https://pabsa.impressicocrm.com/api/tournament/119922/matches,3158,0,0
1680594031543,2685,Get single knockout Player details,200,,Knock_out_Thread Group 1-760,text,true,,1210,326,224,224,https://pabsa.impressicocrm.com/api/player/110368,2685,0,0
1680594031546,2690,Get Players schedule,200,,Knock_out_Thread Group 1-802,text,true,,5441,338,224,224,https://pabsa.impressicocrm.com/api/tournament/119922/matches,2690,0,0
1680594031433,2803,Get tournament result,200,,Knock_out_Thread Group 1-749,text,true,,5441,338,224,224,https://pabsa.impressicocrm.com/api/tournament/119922/matches,2803,0,0
1680594031742,2522,Get Home page country ,200,,Knock_out_Thread Group 1-924,text,true,,17270,320,225,225,https://pabsa.impressicocrm.com/api/country,2512,0,0
1680594031394,2870,Get Players schedule,200,,Knock_out_Thread Group 1-796,text,true,,5435,338,225,225,https://pabsa.impressicocrm.com/api/tournament/119922/matches,2870,0,0
1680594031751,2516,Get Home page currency,200,,Knock_out_Thread Group 1-869,text,true,,9160,321,225,225,https://pabsa.impressicocrm.com/api/currency,2516,0,0
1680594031589,2678,Get tournament result,200,,Knock_out_Thread Group 1-742,text,true,,5441,338,225,225,https://pabsa.impressicocrm.com/api/tournament/119922/matches,2678,0,0
1680594031556,2725,Get Home page currency,200,,Knock_out_Thread Group 1-845,text,true,,9160,321,225,225,https://pabsa.impressicocrm.com/api/currency,2725,0,0
1680594031742,2579,Get knockout players list ,200,,Knock_out_Thread Group 1-758,text,true,,4598,340,225,225,https://pabsa.impressicocrm.com/api/tournament/118871/knockouts,2579,0,0
1680594029929,4413,Get tournamnent list ,200,,Knock_out_Thread Group 1-872,text,true,,58865,389,225,225,https://pabsa.impressicocrm.com/api/tournament?limit=12&pageNumber=1&sportType=&tournamentName=&tournamentStyle=,2812,0,0
1680594031620,2744,Get Players schedule,200,,Knock_out_Thread Group 1-837,text,true,,5441,338,226,226,https://pabsa.impressicocrm.com/api/tournament/119922/matches,2744,0,0
1680594031546,2818,Get Home page currency,200,,Knock_out_Thread Group 1-866,text,true,,9160,321,226,226,https://pabsa.impressicocrm.com/api/currency,2818,0,0
1680594031644,2720,Get single knockout Player details,200,,Knock_out_Thread Group 1-750,text,true,,1210,326,226,226,https://pabsa.impressicocrm.com/api/player/110368,2720,0,0
1680594031738,2654,Get Home page country ,200,,Knock_out_Thread Group 1-919,text,true,,17270,320,226,226,https://pabsa.impressicocrm.com/api/country,2626,0,0
1680594031849,2562,Get Home page currency,200,,Knock_out_Thread Group 1-860,text,true,,9160,321,226,226,https://pabsa.impressicocrm.com/api/currency,2562,0,0
1680594031880,2563,Get knockout players list ,200,,Knock_out_Thread Group 1-808,text,true,,4598,340,226,226,https://pabsa.impressicocrm.com/api/tournament/118871/knockouts,2563,0,0
1680594031839,2617,Get knockout players list ,200,,Knock_out_Thread Group 1-767,text,true,,4591,340,227,227,https://pabsa.impressicocrm.com/api/tournament/118871/knockouts,2617,0,0
1680594031816,2647,Get tournament result,200,,Knock_out_Thread Group 1-752,text,true,,5441,338,227,227,https://pabsa.impressicocrm.com/api/tournament/119922/matches,2647,0,0
1680594031901,2599,Get Home page country ,200,,Knock_out_Thread Group 1-926,text,true,,17270,320,227,227,https://pabsa.impressicocrm.com/api/country,2599,0,0
1680594031907,2619,Get Break list ,200,,Knock_out_Thread Group 1-835,text,true,,3218,338,227,227,https://pabsa.impressicocrm.com/api/tournament/119922/players,2619,0,0
1680594031742,2795,Get Players schedule,200,,Knock_out_Thread Group 1-792,text,true,,5441,338,227,227,https://pabsa.impressicocrm.com/api/tournament/119922/matches,2795,0,0
1680594029768,4769,Get Players schedule,200,,Knock_out_Thread Group 1-793,text,true,,5441,338,227,227,https://pabsa.impressicocrm.com/api/tournament/119922/matches,4769,0,0
1680594031976,2566,Get knockout players list ,200,,Knock_out_Thread Group 1-783,text,true,,4598,340,227,227,https://pabsa.impressicocrm.com/api/tournament/118871/knockouts,2566,0,0
1680594031087,3484,Get tournamnent list ,200,,Knock_out_Thread Group 1-911,text,true,,58880,389,228,228,https://pabsa.impressicocrm.com/api/tournament?limit=12&pageNumber=1&sportType=&tournamentName=&tournamentStyle=,2925,0,0
1680594031919,2652,Get Players list ,200,,Knock_out_Thread Group 1-861,text,true,,3218,338,228,228,https://pabsa.impressicocrm.com/api/tournament/119922/players,2652,0,0
1680594031738,2841,Get Home page currency,200,,Knock_out_Thread Group 1-870,text,true,,9160,321,228,228,https://pabsa.impressicocrm.com/api/currency,2841,0,0
1680594031963,2616,Get knockout players list ,200,,Knock_out_Thread Group 1-795,text,true,,4591,340,228,228,https://pabsa.impressicocrm.com/api/tournament/118871/knockouts,2616,0,0
1680594031829,2754,Get Players schedule,200,,Knock_out_Thread Group 1-791,text,true,,5441,338,228,228,https://pabsa.impressicocrm.com/api/tournament/119922/matches,2754,0,0
1680594031699,2903,Get Players schedule,200,,Knock_out_Thread Group 1-805,text,true,,5441,338,228,228,https://pabsa.impressicocrm.com/api/tournament/119922/matches,2903,0,0
1680594032018,2603,Get Break list ,200,,Knock_out_Thread Group 1-820,text,true,,3218,338,228,228,https://pabsa.impressicocrm.com/api/tournament/119922/players,2603,0,0
1680594032080,2543,Get Players list ,200,,Knock_out_Thread Group 1-839,text,true,,3218,338,228,228,https://pabsa.impressicocrm.com/api/tournament/119922/players,2543,0,0
1680594031963,2666,Get Players list ,200,,Knock_out_Thread Group 1-816,text,true,,3218,338,228,228,https://pabsa.impressicocrm.com/api/tournament/119922/players,2666,0,0
1680594032006,2631,Get Break list ,200,,Knock_out_Thread Group 1-830,text,true,,3218,338,228,228,https://pabsa.impressicocrm.com/api/tournament/119922/players,2631,0,0
1680594031816,2821,Get Players schedule,200,,Knock_out_Thread Group 1-782,text,true,,5441,338,228,228,https://pabsa.impressicocrm.com/api/tournament/119922/matches,2821,0,0
1680594031931,2743,Get Home page country ,200,,Knock_out_Thread Group 1-922,text,true,,17270,320,229,229,https://pabsa.impressicocrm.com/api/country,2743,0,0
1680594031930,2746,Get tournament result,200,,Knock_out_Thread Group 1-739,text,true,,5441,338,229,229,https://pabsa.impressicocrm.com/api/tournament/119922/matches,2746,0,0
1680594031984,2701,Get Home page country ,200,,Knock_out_Thread Group 1-920,text,true,,17270,320,229,229,https://pabsa.impressicocrm.com/api/country,2670,0,0
1680594032127,2570,Get Players list ,200,,Knock_out_Thread Group 1-832,text,true,,3218,338,229,229,https://pabsa.impressicocrm.com/api/tournament/119922/players,2570,0,0
1680594031959,2741,Get Home page currency,200,,Knock_out_Thread Group 1-880,text,true,,9160,321,229,229,https://pabsa.impressicocrm.com/api/currency,2741,0,0
1680594032176,2524,Get Players list ,200,,Knock_out_Thread Group 1-852,text,true,,3218,338,229,229,https://pabsa.impressicocrm.com/api/tournament/119922/players,2524,0,0
1680594031534,3170,Get tournamnent list ,200,,Knock_out_Thread Group 1-897,text,true,,58865,389,229,229,https://pabsa.impressicocrm.com/api/tournament?limit=12&pageNumber=1&sportType=&tournamentName=&tournamentStyle=,2636,0,0
1680594032250,2508,Get playerA_Vs_playerB,200,,Knock_out_Thread Group 1-746,text,true,,1239,341,230,230,https://pabsa.impressicocrm.com/api/tournament/matchScore/147598,2508,0,0
1680594032357,2401,Get knockout players list ,200,,Knock_out_Thread Group 1-757,text,true,,4598,340,230,230,https://pabsa.impressicocrm.com/api/tournament/118871/knockouts,2401,0,0
1680594032115,2677,Get Break list ,200,,Knock_out_Thread Group 1-817,text,true,,3218,338,229,229,https://pabsa.impressicocrm.com/api/tournament/119922/players,2677,0,0
1680594032291,2513,Get Break list ,200,,Knock_out_Thread Group 1-814,text,true,,3218,338,229,229,https://pabsa.impressicocrm.com/api/tournament/119922/players,2513,0,0
1680594032408,2406,Get playerA_Vs_playerB,200,,Knock_out_Thread Group 1-733,text,true,,1239,341,229,229,https://pabsa.impressicocrm.com/api/tournament/matchScore/147598,2406,0,0
1680594032557,2267,Get knockout players list ,200,,Knock_out_Thread Group 1-775,text,true,,4598,340,228,228,https://pabsa.impressicocrm.com/api/tournament/118871/knockouts,2267,0,0
1680594032422,2446,Get Players list ,200,,Knock_out_Thread Group 1-827,text,true,,3218,338,229,229,https://pabsa.impressicocrm.com/api/tournament/119922/players,2446,0,0
1680594032271,2597,Get Players list ,200,,Knock_out_Thread Group 1-849,text,true,,3218,338,229,229,https://pabsa.impressicocrm.com/api/tournament/119922/players,2597,0,0
1680594032544,2327,Get Players list ,200,,Knock_out_Thread Group 1-844,text,true,,3218,338,229,229,https://pabsa.impressicocrm.com/api/tournament/119922/players,2327,0,0
1680594032396,2484,Get Players list ,200,,Knock_out_Thread Group 1-853,text,true,,3218,338,229,229,https://pabsa.impressicocrm.com/api/tournament/119922/players,2484,0,0
1680594032516,2365,Get Home page country ,200,,Knock_out_Thread Group 1-932,text,true,,17270,320,229,229,https://pabsa.impressicocrm.com/api/country,2364,0,0
1680594032583,2308,Get playerA_Vs_playerB,200,,Knock_out_Thread Group 1-716,text,true,,1239,341,229,229,https://pabsa.impressicocrm.com/api/tournament/matchScore/147598,2308,0,0
1680594032544,2378,Get knockout players list ,200,,Knock_out_Thread Group 1-780,text,true,,4591,340,228,228,https://pabsa.impressicocrm.com/api/tournament/118871/knockouts,2378,0,0
1680594032853,2079,Get knockout players list ,200,,Knock_out_Thread Group 1-772,text,true,,4598,340,228,228,https://pabsa.impressicocrm.com/api/tournament/118871/knockouts,2079,0,0
1680594031907,3036,Get Players list ,200,,Knock_out_Thread Group 1-834,text,true,,3218,338,228,228,https://pabsa.impressicocrm.com/api/tournament/119922/players,3036,0,0
1680594032917,2045,Get single knockout Player details,200,,Knock_out_Thread Group 1-738,text,true,,1210,326,229,229,https://pabsa.impressicocrm.com/api/player/110368,2045,0,0
1680594032874,2102,Get playerA_Vs_playerB,200,,Knock_out_Thread Group 1-734,text,true,,1239,341,229,229,https://pabsa.impressicocrm.com/api/tournament/matchScore/147598,2102,0,0
1680594032735,2257,Get knockout players list ,200,,Knock_out_Thread Group 1-777,text,true,,4598,340,228,228,https://pabsa.impressicocrm.com/api/tournament/118871/knockouts,2257,0,0
1680594032887,2124,Get playerA_Vs_playerB,200,,Knock_out_Thread Group 1-755,text,true,,1239,341,228,228,https://pabsa.impressicocrm.com/api/tournament/matchScore/147598,2124,0,0
1680594032360,2675,Get single knockout Player details,200,,Knock_out_Thread Group 1-773,text,true,,1210,326,227,227,https://pabsa.impressicocrm.com/api/player/110368,2675,0,0
1680594032853,2217,Get Break list ,200,,Knock_out_Thread Group 1-774,text,true,,3218,338,228,228,https://pabsa.impressicocrm.com/api/tournament/119922/players,2217,0,0
1680594032958,2115,Get Break list ,200,,Knock_out_Thread Group 1-824,text,true,,3218,338,228,228,https://pabsa.impressicocrm.com/api/tournament/119922/players,2115,0,0
1680594032935,2143,Get Home page country ,200,,Knock_out_Thread Group 1-935,text,true,,17270,320,228,228,https://pabsa.impressicocrm.com/api/country,2143,0,0
1680594032676,2409,Get Home page country ,200,,Knock_out_Thread Group 1-928,text,true,,17255,320,228,228,https://pabsa.impressicocrm.com/api/country,2409,0,0
1680594032653,2432,Get Home page country ,200,,Knock_out_Thread Group 1-933,text,true,,17270,320,228,228,https://pabsa.impressicocrm.com/api/country,2432,0,0
1680594030872,4213,Get tournamnent list ,200,,Knock_out_Thread Group 1-893,text,true,,58880,389,228,228,https://pabsa.impressicocrm.com/api/tournament?limit=12&pageNumber=1&sportType=&tournamentName=&tournamentStyle=,2938,0,0
1680594032636,2457,Get Players schedule,200,,Knock_out_Thread Group 1-822,text,true,,5441,338,228,228,https://pabsa.impressicocrm.com/api/tournament/119922/matches,2457,0,0
1680594033025,2068,Get knockout players list ,200,,Knock_out_Thread Group 1-800,text,true,,4598,340,228,228,https://pabsa.impressicocrm.com/api/tournament/118871/knockouts,2068,0,0
1680594031930,3169,Get tournament result,200,,Knock_out_Thread Group 1-740,text,true,,5441,338,228,228,https://pabsa.impressicocrm.com/api/tournament/119922/matches,3169,0,0
1680594032991,2111,Get Players list ,200,,Knock_out_Thread Group 1-848,text,true,,3218,338,228,228,https://pabsa.impressicocrm.com/api/tournament/119922/players,2111,0,0
1680594031259,3852,Get Home page currency,200,,Knock_out_Thread Group 1-867,text,true,,9160,321,228,228,https://pabsa.impressicocrm.com/api/currency,3852,0,0
1680594032373,2742,Get Home page country ,200,,Knock_out_Thread Group 1-931,text,true,,17270,320,228,228,https://pabsa.impressicocrm.com/api/country,2742,0,0
1680594030780,4337,Get Break list ,200,,Knock_out_Thread Group 1-818,text,true,,3218,338,228,228,https://pabsa.impressicocrm.com/api/tournament/119922/players,4337,0,0
1680594030715,4407,Get Home page country ,200,,Knock_out_Thread Group 1-910,text,true,,17270,320,228,228,https://pabsa.impressicocrm.com/api/country,4370,0,0
1680594033041,2102,Get knockout players list ,200,,Knock_out_Thread Group 1-784,text,true,,4598,340,228,228,https://pabsa.impressicocrm.com/api/tournament/118871/knockouts,2102,0,0
1680594032917,2232,Get Players list ,200,,Knock_out_Thread Group 1-840,text,true,,3218,338,228,228,https://pabsa.impressicocrm.com/api/tournament/119922/players,2232,0,0
1680594032687,2469,Get tournament result,200,,Knock_out_Thread Group 1-763,text,true,,5441,338,229,229,https://pabsa.impressicocrm.com/api/tournament/119922/matches,2469,0,0
1680594032291,2879,Get Home page currency,200,,Knock_out_Thread Group 1-874,text,true,,9160,321,229,229,https://pabsa.impressicocrm.com/api/currency,2879,0,0
1680594032953,2220,Get Home page country ,200,,Knock_out_Thread Group 1-930,text,true,,17270,320,229,229,https://pabsa.impressicocrm.com/api/country,2217,0,0
1680594033051,2123,Get single knockout Player details,200,,Knock_out_Thread Group 1-759,text,true,,1210,326,229,229,https://pabsa.impressicocrm.com/api/player/110368,2123,0,0
1680594034264,910,Get knockout players list ,200,,Knock_out_Thread Group 1-796,text,true,,4591,340,229,229,https://pabsa.impressicocrm.com/api/tournament/118871/knockouts,909,0,0
1680594032176,3010,Get Players schedule,200,,Knock_out_Thread Group 1-803,text,true,,5435,338,229,229,https://pabsa.impressicocrm.com/api/tournament/119922/matches,3010,0,0
1680594033044,2145,Get playerA_Vs_playerB,200,,Knock_out_Thread Group 1-751,text,true,,1239,341,229,229,https://pabsa.impressicocrm.com/api/tournament/matchScore/147598,2145,0,0
1680594032599,2596,Get knockout players list ,200,,Knock_out_Thread Group 1-798,text,true,,4598,340,228,228,https://pabsa.impressicocrm.com/api/tournament/118871/knockouts,2596,0,0
1680594032676,2533,Get Players schedule,200,,Knock_out_Thread Group 1-807,text,true,,5441,338,228,228,https://pabsa.impressicocrm.com/api/tournament/119922/matches,2533,0,0
1680594033073,2179,Get knockout players list ,200,,Knock_out_Thread Group 1-790,text,true,,4598,340,228,228,https://pabsa.impressicocrm.com/api/tournament/118871/knockouts,2179,0,0
1680594032853,2402,Get Players list ,200,,Knock_out_Thread Group 1-829,text,true,,3218,338,229,229,https://pabsa.impressicocrm.com/api/tournament/119922/players,2402,0,0
1680594032907,2363,Get single knockout Player details,200,,Knock_out_Thread Group 1-776,text,true,,1210,326,229,229,https://pabsa.impressicocrm.com/api/player/110368,2363,0,0
1680594032929,2341,Get single knockout Player details,200,,Knock_out_Thread Group 1-766,text,true,,1210,326,229,229,https://pabsa.impressicocrm.com/api/player/110368,2341,0,0
1680594032853,2417,Get playerA_Vs_playerB,200,,Knock_out_Thread Group 1-731,text,true,,1239,341,229,229,https://pabsa.impressicocrm.com/api/tournament/matchScore/147598,2417,0,0
1680594032484,2789,Get Home page currency,200,,Knock_out_Thread Group 1-878,text,true,,9160,321,228,228,https://pabsa.impressicocrm.com/api/currency,2789,0,0
1680594032853,2427,Get Players schedule,200,,Knock_out_Thread Group 1-797,text,true,,5441,338,228,228,https://pabsa.impressicocrm.com/api/tournament/119922/matches,2427,0,0
1680594032460,2825,Get Players list ,200,,Knock_out_Thread Group 1-843,text,true,,3218,338,228,228,https://pabsa.impressicocrm.com/api/tournament/119922/players,2825,0,0
1680594033137,2150,Get playerA_Vs_playerB,200,,Knock_out_Thread Group 1-741,text,true,,1239,341,228,228,https://pabsa.impressicocrm.com/api/tournament/matchScore/147598,2150,0,0
1680594032924,2379,Get Players schedule,200,,Knock_out_Thread Group 1-819,text,true,,5441,338,227,227,https://pabsa.impressicocrm.com/api/tournament/119922/matches,2379,0,0
1680594030478,4829,Get tournament result,200,,Knock_out_Thread Group 1-745,text,true,,5441,338,227,227,https://pabsa.impressicocrm.com/api/tournament/119922/matches,4829,0,0
1680594033082,2228,Get Players list ,200,,Knock_out_Thread Group 1-847,text,true,,3218,338,227,227,https://pabsa.impressicocrm.com/api/tournament/119922/players,2228,0,0
1680594032744,2574,Get Home page currency,200,,Knock_out_Thread Group 1-879,text,true,,9160,321,227,227,https://pabsa.impressicocrm.com/api/currency,2574,0,0
1680594032317,3005,Get Home page currency,200,,Knock_out_Thread Group 1-865,text,true,,9160,321,227,227,https://pabsa.impressicocrm.com/api/currency,3005,0,0
1680594033153,2178,Get Home page country ,200,,Knock_out_Thread Group 1-939,text,true,,17270,320,227,227,https://pabsa.impressicocrm.com/api/country,2175,0,0
1680594033243,2107,Get knockout players list ,200,,Knock_out_Thread Group 1-794,text,true,,4598,340,227,227,https://pabsa.impressicocrm.com/api/tournament/118871/knockouts,2107,0,0
1680594033119,2238,Get Players list ,200,,Knock_out_Thread Group 1-842,text,true,,3218,338,228,228,https://pabsa.impressicocrm.com/api/tournament/119922/players,2238,0,0
1680594033111,2267,Get Home page country ,200,,Knock_out_Thread Group 1-938,text,true,,17270,320,228,228,https://pabsa.impressicocrm.com/api/country,2267,0,0
1680594035186,192,Get knockout players list ,200,,Knock_out_Thread Group 1-803,text,true,,4591,340,228,228,https://pabsa.impressicocrm.com/api/tournament/118871/knockouts,192,0,0
1680594032197,3199,Get Home page currency,200,,Knock_out_Thread Group 1-873,text,true,,9160,321,228,228,https://pabsa.impressicocrm.com/api/currency,3199,0,0
1680594032974,2430,Get Players schedule,200,,Knock_out_Thread Group 1-804,text,true,,5435,338,228,228,https://pabsa.impressicocrm.com/api/tournament/119922/matches,2430,0,0
1680594032605,2836,Get Home page currency,200,,Knock_out_Thread Group 1-888,text,true,,9160,321,228,228,https://pabsa.impressicocrm.com/api/currency,2836,0,0
1680594030708,4737,Get tournamnent list ,200,,Knock_out_Thread Group 1-876,text,true,,58865,389,228,228,https://pabsa.impressicocrm.com/api/tournament?limit=12&pageNumber=1&sportType=&tournamentName=&tournamentStyle=,3713,0,0
1680594033236,2224,Get Break list ,200,,Knock_out_Thread Group 1-846,text,true,,3218,338,229,229,https://pabsa.impressicocrm.com/api/tournament/119922/players,2224,0,0
1680594029392,6068,Get tournamnent list ,200,,Knock_out_Thread Group 1-881,text,true,,58880,389,229,229,https://pabsa.impressicocrm.com/api/tournament?limit=12&pageNumber=1&sportType=&tournamentName=&tournamentStyle=,5033,0,0
1680594032589,2877,Get Home page currency,200,,Knock_out_Thread Group 1-871,text,true,,9160,321,229,229,https://pabsa.impressicocrm.com/api/currency,2877,0,0
1680594033481,1996,Get single knockout Player details,200,,Knock_out_Thread Group 1-786,text,true,,1210,326,229,229,https://pabsa.impressicocrm.com/api/player/110368,1996,0,0
1680594033406,2097,Get Home page currency,200,,Knock_out_Thread Group 1-877,text,true,,9160,321,229,229,https://pabsa.impressicocrm.com/api/currency,2097,0,0
1680594033406,2113,Get Home page currency,200,,Knock_out_Thread Group 1-858,text,true,,9160,321,229,229,https://pabsa.impressicocrm.com/api/currency,2113,0,0
1680594033470,2065,Get Players list ,200,,Knock_out_Thread Group 1-831,text,true,,3218,338,229,229,https://pabsa.impressicocrm.com/api/tournament/119922/players,2065,0,0
1680594033313,2245,Get Home page country ,200,,Knock_out_Thread Group 1-940,text,true,,17270,320,230,230,https://pabsa.impressicocrm.com/api/country,2173,0,0
1680594033145,2419,Get Home page country ,200,,Knock_out_Thread Group 1-927,text,true,,17270,320,230,230,https://pabsa.impressicocrm.com/api/country,2419,0,0
1680594033495,2106,Get playerA_Vs_playerB,200,,Knock_out_Thread Group 1-762,text,true,,1239,341,230,230,https://pabsa.impressicocrm.com/api/tournament/matchScore/147598,2106,0,0
1680594032219,3390,Get Home page currency,200,,Knock_out_Thread Group 1-863,text,true,,9160,321,229,229,https://pabsa.impressicocrm.com/api/currency,3390,0,0
1680594033510,2145,Get Break list ,200,,Knock_out_Thread Group 1-826,text,true,,3218,338,230,230,https://pabsa.impressicocrm.com/api/tournament/119922/players,2145,0,0
1680594033523,2132,Get knockout players list ,200,,Knock_out_Thread Group 1-799,text,true,,4598,340,230,230,https://pabsa.impressicocrm.com/api/tournament/118871/knockouts,2132,0,0
1680594033305,2354,Get Home page currency,200,,Knock_out_Thread Group 1-882,text,true,,9160,321,230,230,https://pabsa.impressicocrm.com/api/currency,2354,0,0
1680594030966,4705,Get tournament result,200,,Knock_out_Thread Group 1-721,text,true,,5441,338,230,230,https://pabsa.impressicocrm.com/api/tournament/119922/matches,4705,0,0
1680594033586,2122,Get Players list ,200,,Knock_out_Thread Group 1-859,text,true,,3218,338,230,230,https://pabsa.impressicocrm.com/api/tournament/119922/players,2122,0,0
1680594032874,2843,Get Home page currency,200,,Knock_out_Thread Group 1-884,text,true,,9160,321,230,230,https://pabsa.impressicocrm.com/api/currency,2843,0,0
1680594031405,4317,Get Break list ,200,,Knock_out_Thread Group 1-821,text,true,,3218,338,230,230,https://pabsa.impressicocrm.com/api/tournament/119922/players,4317,0,0
1680594033141,2589,Get Home page country ,200,,Knock_out_Thread Group 1-934,text,true,,17255,320,230,230,https://pabsa.impressicocrm.com/api/country,2507,0,0
1680594033482,2288,Get Break list ,200,,Knock_out_Thread Group 1-756,text,true,,3218,338,231,231,https://pabsa.impressicocrm.com/api/tournament/119922/players,2288,0,0
1680594033493,2277,Get knockout players list ,200,,Knock_out_Thread Group 1-768,text,true,,4598,340,231,231,https://pabsa.impressicocrm.com/api/tournament/118871/knockouts,2277,0,0
1680594033663,2117,Get playerA_Vs_playerB,200,,Knock_out_Thread Group 1-728,text,true,,1239,341,231,231,https://pabsa.impressicocrm.com/api/tournament/matchScore/147598,2117,0,0
1680594033370,2410,Get Players schedule,200,,Knock_out_Thread Group 1-806,text,true,,5441,338,231,231,https://pabsa.impressicocrm.com/api/tournament/119922/matches,2410,0,0
1680594033520,2260,Get Players schedule,200,,Knock_out_Thread Group 1-815,text,true,,5441,338,231,231,https://pabsa.impressicocrm.com/api/tournament/119922/matches,2260,0,0
1680594031963,3817,Get Players schedule,200,,Knock_out_Thread Group 1-787,text,true,,5441,338,231,231,https://pabsa.impressicocrm.com/api/tournament/119922/matches,3817,0,0
1680594031731,4074,Get tournamnent list ,200,,Knock_out_Thread Group 1-901,text,true,,58880,389,230,230,https://pabsa.impressicocrm.com/api/tournament?limit=12&pageNumber=1&sportType=&tournamentName=&tournamentStyle=,2811,0,0
1680594033564,2244,Get Players list ,200,,Knock_out_Thread Group 1-825,text,true,,3218,338,230,230,https://pabsa.impressicocrm.com/api/tournament/119922/players,2244,0,0
1680594033785,2049,Get single knockout Player details,200,,Knock_out_Thread Group 1-778,text,true,,1210,326,230,230,https://pabsa.impressicocrm.com/api/player/110368,2049,0,0
1680594032853,2981,Get Home page currency,200,,Knock_out_Thread Group 1-856,text,true,,9160,321,230,230,https://pabsa.impressicocrm.com/api/currency,2981,0,0
1680594033416,2434,Get tournament result,200,,Knock_out_Thread Group 1-761,text,true,,5441,338,230,230,https://pabsa.impressicocrm.com/api/tournament/119922/matches,2434,0,0
1680594033566,2294,Get Players list ,200,,Knock_out_Thread Group 1-841,text,true,,3218,338,231,231,https://pabsa.impressicocrm.com/api/tournament/119922/players,2294,0,0
1680594033644,2224,Get Break list ,200,,Knock_out_Thread Group 1-833,text,true,,3218,338,231,231,https://pabsa.impressicocrm.com/api/tournament/119922/players,2224,0,0
1680594033794,2128,Get knockout players list ,200,,Knock_out_Thread Group 1-771,text,true,,4598,340,231,231,https://pabsa.impressicocrm.com/api/tournament/118871/knockouts,2128,0,0
1680594033909,2016,Get single knockout Player details,200,,Knock_out_Thread Group 1-770,text,true,,1210,326,231,231,https://pabsa.impressicocrm.com/api/player/110368,2016,0,0
1680594033905,2033,Get single knockout Player details,200,,Knock_out_Thread Group 1-754,text,true,,1210,326,231,231,https://pabsa.impressicocrm.com/api/player/110368,2033,0,0
1680594033865,2091,Get Players list ,200,,Knock_out_Thread Group 1-851,text,true,,3218,338,232,232,https://pabsa.impressicocrm.com/api/tournament/119922/players,2091,0,0
1680594033630,2336,Get Players schedule,200,,Knock_out_Thread Group 1-828,text,true,,5441,338,232,232,https://pabsa.impressicocrm.com/api/tournament/119922/matches,2336,0,0
1680594033041,2957,Get Players schedule,200,,Knock_out_Thread Group 1-811,text,true,,5435,338,232,232,https://pabsa.impressicocrm.com/api/tournament/119922/matches,2957,0,0
1680594033867,2131,Get Break list ,200,,Knock_out_Thread Group 1-813,text,true,,3218,338,232,232,https://pabsa.impressicocrm.com/api/tournament/119922/players,2131,0,0
1680594033858,2148,Get Home page currency,200,,Knock_out_Thread Group 1-883,text,true,,9160,321,232,232,https://pabsa.impressicocrm.com/api/currency,2148,0,0
1680594033972,2051,Get Home page currency,200,,Knock_out_Thread Group 1-875,text,true,,9160,321,232,232,https://pabsa.impressicocrm.com/api/currency,2051,0,0
1680594033847,2188,Get knockout players list ,200,,Knock_out_Thread Group 1-810,text,true,,4598,340,232,232,https://pabsa.impressicocrm.com/api/tournament/118871/knockouts,2188,0,0
1680594034000,2043,Get playerA_Vs_playerB,200,,Knock_out_Thread Group 1-718,text,true,,1239,341,232,232,https://pabsa.impressicocrm.com/api/tournament/matchScore/147598,2043,0,0
1680594033743,2348,Get single knockout Player details,200,,Knock_out_Thread Group 1-743,text,true,,1210,326,232,232,https://pabsa.impressicocrm.com/api/player/110368,2348,0,0
1680594033722,2369,Get tournament result,200,,Knock_out_Thread Group 1-785,text,true,,5441,338,232,232,https://pabsa.impressicocrm.com/api/tournament/119922/matches,2369,0,0
1680594033168,2940,Get tournamnent list ,200,,Knock_out_Thread Group 1-915,text,true,,58880,389,232,232,https://pabsa.impressicocrm.com/api/tournament?limit=12&pageNumber=1&sportType=&tournamentName=&tournamentStyle=,2554,0,0
1680594033834,2286,Get Break list ,200,,Knock_out_Thread Group 1-854,text,true,,3218,338,232,232,https://pabsa.impressicocrm.com/api/tournament/119922/players,2286,0,0
1680594034097,2023,Get Players list ,200,,Knock_out_Thread Group 1-864,text,true,,3218,338,232,232,https://pabsa.impressicocrm.com/api/tournament/119922/players,2023,0,0
1680594034210,1914,Get knockout players list ,200,,Knock_out_Thread Group 1-809,text,true,,4598,340,232,232,https://pabsa.impressicocrm.com/api/tournament/118871/knockouts,1914,0,0
1680594034163,1961,Get single knockout Player details,200,,Knock_out_Thread Group 1-801,text,true,,1210,326,232,232,https://pabsa.impressicocrm.com/api/player/110368,1961,0,0
1680594033695,2433,Get playerA_Vs_playerB,200,,Knock_out_Thread Group 1-729,text,true,,1239,341,232,232,https://pabsa.impressicocrm.com/api/tournament/matchScore/147598,2433,0,0
1680594034228,1903,Get knockout players list ,200,,Knock_out_Thread Group 1-781,text,true,,4598,340,231,231,https://pabsa.impressicocrm.com/api/tournament/118871/knockouts,1903,0,0
1680594034090,2055,Get Break list ,200,,Knock_out_Thread Group 1-823,text,true,,3218,338,231,231,https://pabsa.impressicocrm.com/api/tournament/119922/players,2055,0,0
1680594034134,2026,Get playerA_Vs_playerB,200,,Knock_out_Thread Group 1-727,text,true,,1239,341,232,232,https://pabsa.impressicocrm.com/api/tournament/matchScore/147598,2026,0,0
1680594033023,3150,Get tournamnent list ,200,,Knock_out_Thread Group 1-896,text,true,,58880,389,231,231,https://pabsa.impressicocrm.com/api/tournament?limit=12&pageNumber=1&sportType=&tournamentName=&tournamentStyle=,2583,0,0
1680594034117,2074,Get knockout players list ,200,,Knock_out_Thread Group 1-788,text,true,,4598,340,231,231,https://pabsa.impressicocrm.com/api/tournament/118871/knockouts,2074,0,0
1680594033913,2285,Get Break list ,200,,Knock_out_Thread Group 1-862,text,true,,3218,338,231,231,https://pabsa.impressicocrm.com/api/tournament/119922/players,2285,0,0
1680594033909,2313,Get single knockout Player details,200,,Knock_out_Thread Group 1-747,text,true,,1210,326,231,231,https://pabsa.impressicocrm.com/api/player/110368,2313,0,0
1680594034117,2148,Get Players list ,200,,Knock_out_Thread Group 1-868,text,true,,3218,338,232,232,https://pabsa.impressicocrm.com/api/tournament/119922/players,2148,0,0
1680594034268,2005,Get playerA_Vs_playerB,200,,Knock_out_Thread Group 1-742,text,true,,1239,341,232,232,https://pabsa.impressicocrm.com/api/tournament/matchScore/147598,2005,0,0
1680594033101,3175,Get tournamnent list ,200,,Knock_out_Thread Group 1-903,text,true,,58888,389,231,231,https://pabsa.impressicocrm.com/api/tournament?limit=12&pageNumber=1&sportType=&tournamentName=&tournamentStyle=,2546,0,0
1680594034322,1960,Get single knockout Player details,200,,Knock_out_Thread Group 1-758,text,true,,1210,326,231,231,https://pabsa.impressicocrm.com/api/player/110368,1960,0,0
1680594033733,2588,Get Home page currency,200,,Knock_out_Thread Group 1-891,text,true,,9160,321,231,231,https://pabsa.impressicocrm.com/api/currency,2588,0,0
1680594033792,2532,Get Home page currency,200,,Knock_out_Thread Group 1-857,text,true,,9160,321,231,231,https://pabsa.impressicocrm.com/api/currency,2532,0,0
1680594034147,2177,Get Players schedule,200,,Knock_out_Thread Group 1-769,text,true,,5441,338,231,231,https://pabsa.impressicocrm.com/api/tournament/119922/matches,2177,0,0
1680594033684,2647,Get Home page currency,200,,Knock_out_Thread Group 1-894,text,true,,9160,321,231,231,https://pabsa.impressicocrm.com/api/currency,2647,0,0
1680594034364,1967,Get knockout players list ,200,,Knock_out_Thread Group 1-837,text,true,,4598,340,231,231,https://pabsa.impressicocrm.com/api/tournament/118871/knockouts,1967,0,0
1680594034213,2119,Get Break list ,200,,Knock_out_Thread Group 1-812,text,true,,3218,338,231,231,https://pabsa.impressicocrm.com/api/tournament/119922/players,2119,0,0
1680594034236,2105,Get playerA_Vs_playerB,200,,Knock_out_Thread Group 1-749,text,true,,1239,341,231,231,https://pabsa.impressicocrm.com/api/tournament/matchScore/147598,2105,0,0
1680594033630,2715,Get tournament result,200,,Knock_out_Thread Group 1-764,text,true,,5441,338,230,230,https://pabsa.impressicocrm.com/api/tournament/119922/matches,2715,0,0
1680594034443,1911,Get single knockout Player details,200,,Knock_out_Thread Group 1-808,text,true,,1210,326,231,231,https://pabsa.impressicocrm.com/api/player/110368,1911,0,0
1680594034456,1902,Get single knockout Player details,200,,Knock_out_Thread Group 1-767,text,true,,1210,326,231,231,https://pabsa.impressicocrm.com/api/player/110368,1902,0,0
1680594034268,2110,Get Players list ,200,,Knock_out_Thread Group 1-869,text,true,,3218,338,231,231,https://pabsa.impressicocrm.com/api/tournament/119922/players,2110,0,0
1680594034463,1940,Get playerA_Vs_playerB,200,,Knock_out_Thread Group 1-752,text,true,,1239,341,231,231,https://pabsa.impressicocrm.com/api/tournament/matchScore/147598,1940,0,0
1680594034411,1995,Get Players list ,200,,Knock_out_Thread Group 1-860,text,true,,3218,338,230,230,https://pabsa.impressicocrm.com/api/tournament/119922/players,1995,0,0
1680594034579,1832,Get single knockout Player details,200,,Knock_out_Thread Group 1-795,text,true,,1210,326,230,230,https://pabsa.impressicocrm.com/api/player/110368,1832,0,0
1680594034228,2219,Get tournament result,200,,Knock_out_Thread Group 1-760,text,true,,5441,338,230,230,https://pabsa.impressicocrm.com/api/tournament/119922/matches,2219,0,0
1680594033943,2504,Get Players list ,200,,Knock_out_Thread Group 1-889,text,true,,3218,338,230,230,https://pabsa.impressicocrm.com/api/tournament/119922/players,2504,0,0
1680594031552,4906,Get tournamnent list ,200,,Knock_out_Thread Group 1-895,text,true,,58888,389,231,231,https://pabsa.impressicocrm.com/api/tournament?limit=12&pageNumber=1&sportType=&tournamentName=&tournamentStyle=,2939,0,0
1680594033952,2550,Get Players list ,200,,Knock_out_Thread Group 1-855,text,true,,3218,338,231,231,https://pabsa.impressicocrm.com/api/tournament/119922/players,2550,0,0
1680594034624,1894,Get Break list ,200,,Knock_out_Thread Group 1-839,text,true,,3218,338,231,231,https://pabsa.impressicocrm.com/api/tournament/119922/players,1894,0,0
1680594031751,4767,Get tournamnent list ,200,,Knock_out_Thread Group 1-899,text,true,,58888,389,231,231,https://pabsa.impressicocrm.com/api/tournament?limit=12&pageNumber=1&sportType=&tournamentName=&tournamentStyle=,2796,0,0
1680594034537,1981,Get knockout players list ,200,,Knock_out_Thread Group 1-793,text,true,,4598,340,231,231,https://pabsa.impressicocrm.com/api/tournament/118871/knockouts,1981,0,0
1680594034571,1959,Get Home page currency,200,,Knock_out_Thread Group 1-911,text,true,,9153,321,231,231,https://pabsa.impressicocrm.com/api/currency,1959,0,0
1680594034602,1956,Get knockout players list ,200,,Knock_out_Thread Group 1-805,text,true,,4598,340,232,232,https://pabsa.impressicocrm.com/api/tournament/118871/knockouts,1956,0,0
1680594034583,1980,Get knockout players list ,200,,Knock_out_Thread Group 1-791,text,true,,4598,340,232,232,https://pabsa.impressicocrm.com/api/tournament/118871/knockouts,1980,0,0
1680594034236,2341,Get knockout players list ,200,,Knock_out_Thread Group 1-802,text,true,,4598,340,232,232,https://pabsa.impressicocrm.com/api/tournament/118871/knockouts,2341,0,0
1680594031836,4744,Get tournamnent list ,200,,Knock_out_Thread Group 1-887,text,true,,58888,389,232,232,https://pabsa.impressicocrm.com/api/tournament?limit=12&pageNumber=1&sportType=&tournamentName=&tournamentStyle=,3363,0,0
1680594032138,4442,Get tournamnent list ,200,,Knock_out_Thread Group 1-905,text,true,,58880,389,232,232,https://pabsa.impressicocrm.com/api/tournament?limit=12&pageNumber=1&sportType=&tournamentName=&tournamentStyle=,2940,0,0
1680594036324,256,Get Players list ,200,,Knock_out_Thread Group 1-857,text,true,,3218,338,232,232,https://pabsa.impressicocrm.com/api/tournament/119922/players,256,0,0
1680594031869,4755,Get Players schedule,200,,Knock_out_Thread Group 1-789,text,true,,5441,338,232,232,https://pabsa.impressicocrm.com/api/tournament/119922/matches,4755,0,0
1680594034537,2087,Get knockout players list ,200,,Knock_out_Thread Group 1-792,text,true,,4598,340,232,232,https://pabsa.impressicocrm.com/api/tournament/118871/knockouts,2087,0,0
1680594034758,1870,Get single knockout Player details,200,,Knock_out_Thread Group 1-757,text,true,,1210,326,232,232,https://pabsa.impressicocrm.com/api/player/110368,1870,0,0
1680594034824,1810,Get single knockout Player details,200,,Knock_out_Thread Group 1-775,text,true,,1210,326,232,232,https://pabsa.impressicocrm.com/api/player/110368,1810,0,0
1680594034282,2372,Get Players list ,200,,Knock_out_Thread Group 1-845,text,true,,3218,338,233,233,https://pabsa.impressicocrm.com/api/tournament/119922/players,2372,0,0
1680594034700,1958,Get Break list ,200,,Knock_out_Thread Group 1-852,text,true,,3218,338,233,233,https://pabsa.impressicocrm.com/api/tournament/119922/players,1958,0,0
1680594034698,1965,Get Break list ,200,,Knock_out_Thread Group 1-832,text,true,,3218,338,233,233,https://pabsa.impressicocrm.com/api/tournament/119922/players,1965,0,0
1680594034029,2674,Get tournament result,200,,Knock_out_Thread Group 1-748,text,true,,5441,338,233,233,https://pabsa.impressicocrm.com/api/tournament/119922/matches,2674,0,0
1680594036354,352,Get tournament result,200,,Knock_out_Thread Group 1-808,text,true,,5435,338,233,233,https://pabsa.impressicocrm.com/api/tournament/119922/matches,351,0,0
1680594034542,2166,Get single knockout Player details,200,,Knock_out_Thread Group 1-783,text,true,,1210,326,233,233,https://pabsa.impressicocrm.com/api/player/110368,2166,0,0
1680594033684,3026,Get tournament result,200,,Knock_out_Thread Group 1-753,text,true,,5441,338,233,233,https://pabsa.impressicocrm.com/api/tournament/119922/matches,3026,0,0
1680594034933,1792,Get single knockout Player details,200,,Knock_out_Thread Group 1-772,text,true,,1210,326,233,233,https://pabsa.impressicocrm.com/api/player/110368,1792,0,0
1680594033957,2777,Get knockout players list ,200,,Knock_out_Thread Group 1-779,text,true,,4598,340,233,233,https://pabsa.impressicocrm.com/api/tournament/118871/knockouts,2777,0,0
1680594034993,1747,Get single knockout Player details,200,,Knock_out_Thread Group 1-777,text,true,,1210,326,233,233,https://pabsa.impressicocrm.com/api/player/110368,1747,0,0
1680594034923,1826,Get single knockout Player details,200,,Knock_out_Thread Group 1-780,text,true,,1210,326,233,233,https://pabsa.impressicocrm.com/api/player/110368,1826,0,0
1680594033718,3042,Get tournamnent list ,200,,Knock_out_Thread Group 1-921,text,true,,58880,389,234,234,https://pabsa.impressicocrm.com/api/tournament?limit=12&pageNumber=1&sportType=&tournamentName=&tournamentStyle=,2393,0,0
1680594032067,4697,Get Players list ,200,,Knock_out_Thread Group 1-850,text,true,,3218,338,234,234,https://pabsa.impressicocrm.com/api/tournament/119922/players,4697,0,0
1680594034705,2098,Get Home page currency,200,,Knock_out_Thread Group 1-897,text,true,,9153,321,234,234,https://pabsa.impressicocrm.com/api/currency,2098,0,0
1680594034868,1940,Get Break list ,200,,Knock_out_Thread Group 1-849,text,true,,3218,338,234,234,https://pabsa.impressicocrm.com/api/tournament/119922/players,1940,0,0
1680594033711,3097,Get Players schedule,200,,Knock_out_Thread Group 1-765,text,true,,5441,338,234,234,https://pabsa.impressicocrm.com/api/tournament/119922/matches,3097,0,0
1680594034871,1945,Get Break list ,200,,Knock_out_Thread Group 1-844,text,true,,3218,338,234,234,https://pabsa.impressicocrm.com/api/tournament/119922/players,1945,0,0
1680594033803,3013,Get Home page country ,200,,Knock_out_Thread Group 1-936,text,true,,17270,320,234,234,https://pabsa.impressicocrm.com/api/country,3013,0,0
1680594034880,1970,Get Break list ,200,,Knock_out_Thread Group 1-853,text,true,,3218,338,234,234,https://pabsa.impressicocrm.com/api/tournament/119922/players,1970,0,0
1680594033396,3478,Get Home page currency,200,,Knock_out_Thread Group 1-886,text,true,,9160,321,235,235,https://pabsa.impressicocrm.com/api/currency,3478,0,0
1680594034364,2524,Get tournament result,200,,Knock_out_Thread Group 1-750,text,true,,5435,338,235,235,https://pabsa.impressicocrm.com/api/tournament/119922/matches,2524,0,0
1680594035094,1794,Get knockout players list ,200,,Knock_out_Thread Group 1-822,text,true,,4598,340,235,235,https://pabsa.impressicocrm.com/api/tournament/118871/knockouts,1794,0,0
1680594032747,4147,Get tournamnent list ,200,,Knock_out_Thread Group 1-909,text,true,,58880,389,235,235,https://pabsa.impressicocrm.com/api/tournament?limit=12&pageNumber=1&sportType=&tournamentName=&tournamentStyle=,2454,0,0
1680594034629,2267,Get Break list ,200,,Knock_out_Thread Group 1-816,text,true,,3218,338,235,235,https://pabsa.impressicocrm.com/api/tournament/119922/players,2267,0,0
1680594035379,1517,Get tournamnent list ,200,,Knock_out_Thread Group 1-938,text,true,,58880,389,235,235,https://pabsa.impressicocrm.com/api/tournament?limit=12&pageNumber=1&sportType=&tournamentName=&tournamentStyle=,401,0,0
1680594034224,2706,Get Break list ,200,,Knock_out_Thread Group 1-838,text,true,,3218,338,235,235,https://pabsa.impressicocrm.com/api/tournament/119922/players,2706,0,0
1680594034944,1996,Get Break list ,200,,Knock_out_Thread Group 1-834,text,true,,3218,338,235,235,https://pabsa.impressicocrm.com/api/tournament/119922/players,1996,0,0
1680594035100,1840,Get playerA_Vs_playerB,200,,Knock_out_Thread Group 1-740,text,true,,1239,341,235,235,https://pabsa.impressicocrm.com/api/tournament/matchScore/147598,1840,0,0
1680594031971,5005,Get tournamnent list ,200,,Knock_out_Thread Group 1-898,text,true,,58880,389,235,235,https://pabsa.impressicocrm.com/api/tournament?limit=12&pageNumber=1&sportType=&tournamentName=&tournamentStyle=,3635,0,0
1680594034792,2187,Get Players schedule,200,,Knock_out_Thread Group 1-817,text,true,,5441,338,235,235,https://pabsa.impressicocrm.com/api/tournament/119922/matches,2187,0,0
1680594033238,3750,Get tournamnent list ,200,,Knock_out_Thread Group 1-907,text,true,,58880,389,235,235,https://pabsa.impressicocrm.com/api/tournament?limit=12&pageNumber=1&sportType=&tournamentName=&tournamentStyle=,2532,0,0
1680594035102,1930,Get Break list ,200,,Knock_out_Thread Group 1-848,text,true,,3218,338,235,235,https://pabsa.impressicocrm.com/api/tournament/119922/players,1930,0,0
1680594035035,1997,Get tournament result,200,,Knock_out_Thread Group 1-773,text,true,,5441,338,235,235,https://pabsa.impressicocrm.com/api/tournament/119922/matches,1997,0,0
1680594035143,1894,Get single knockout Player details,200,,Knock_out_Thread Group 1-784,text,true,,1210,326,235,235,https://pabsa.impressicocrm.com/api/player/110368,1894,0,0
1680594034700,2336,Get Players list ,200,,Knock_out_Thread Group 1-880,text,true,,3218,338,235,235,https://pabsa.impressicocrm.com/api/tournament/119922/players,2336,0,0
1680594034264,2778,Get tournamnent list ,200,,Knock_out_Thread Group 1-924,text,true,,58880,389,235,235,https://pabsa.impressicocrm.com/api/tournament?limit=12&pageNumber=1&sportType=&tournamentName=&tournamentStyle=,2272,0,0
1680594034527,2525,Get Players schedule,200,,Knock_out_Thread Group 1-835,text,true,,5441,338,235,235,https://pabsa.impressicocrm.com/api/tournament/119922/matches,2525,0,0
1680594032075,4987,Get tournamnent list ,200,,Knock_out_Thread Group 1-925,text,true,,58880,389,236,236,https://pabsa.impressicocrm.com/api/tournament?limit=12&pageNumber=1&sportType=&tournamentName=&tournamentStyle=,3225,0,0
1680594035195,1897,Get single knockout Player details,200,,Knock_out_Thread Group 1-798,text,true,,1210,326,236,236,https://pabsa.impressicocrm.com/api/player/110368,1897,0,0
1680594035253,1859,Get single knockout Player details,200,,Knock_out_Thread Group 1-790,text,true,,1210,326,236,236,https://pabsa.impressicocrm.com/api/player/110368,1859,0,0
1680594034868,2248,Get Break list ,200,,Knock_out_Thread Group 1-827,text,true,,3218,338,236,236,https://pabsa.impressicocrm.com/api/tournament/119922/players,2248,0,0
1680594034637,2481,Get Players schedule,200,,Knock_out_Thread Group 1-830,text,true,,5441,338,236,236,https://pabsa.impressicocrm.com/api/tournament/119922/matches,2481,0,0
1680594035150,1975,Get Break list ,200,,Knock_out_Thread Group 1-840,text,true,,3218,338,236,236,https://pabsa.impressicocrm.com/api/tournament/119922/players,1974,0,0
1680594035111,2031,Get Players list ,200,,Knock_out_Thread Group 1-867,text,true,,3218,338,236,236,https://pabsa.impressicocrm.com/api/tournament/119922/players,2031,0,0
1680594035094,2057,Get single knockout Player details,200,,Knock_out_Thread Group 1-800,text,true,,1210,326,236,236,https://pabsa.impressicocrm.com/api/player/110368,2057,0,0
1680594035073,2078,Get Players schedule,200,,Knock_out_Thread Group 1-824,text,true,,5441,338,236,236,https://pabsa.impressicocrm.com/api/tournament/119922/matches,2078,0,0
1680594034963,2194,Get tournament result,200,,Knock_out_Thread Group 1-738,text,true,,5441,338,237,237,https://pabsa.impressicocrm.com/api/tournament/119922/matches,2194,0,0
1680594034677,2503,Get playerA_Vs_playerB,200,,Knock_out_Thread Group 1-739,text,true,,1239,341,237,237,https://pabsa.impressicocrm.com/api/tournament/matchScore/147598,2503,0,0
1680594034113,3077,Get Home page country ,200,,Knock_out_Thread Group 1-942,text,true,,17270,320,236,236,https://pabsa.impressicocrm.com/api/country,3077,0,0
1680594035209,1988,Get knockout players list ,200,,Knock_out_Thread Group 1-807,text,true,,4598,340,236,236,https://pabsa.impressicocrm.com/api/tournament/118871/knockouts,1988,0,0
1680594035280,1947,Get knockout players list ,200,,Knock_out_Thread Group 1-797,text,true,,4598,340,236,236,https://pabsa.impressicocrm.com/api/tournament/118871/knockouts,1947,0,0
1680594033053,4181,Get tournamnent list ,200,,Knock_out_Thread Group 1-885,text,true,,58888,389,236,236,https://pabsa.impressicocrm.com/api/tournament?limit=12&pageNumber=1&sportType=&tournamentName=&tournamentStyle=,2655,0,0
1680594033238,4005,Get tournamnent list ,200,,Knock_out_Thread Group 1-906,text,true,,58865,389,236,236,https://pabsa.impressicocrm.com/api/tournament?limit=12&pageNumber=1&sportType=&tournamentName=&tournamentStyle=,2788,0,0
1680594034579,2664,Get Players list ,200,,Knock_out_Thread Group 1-870,text,true,,3218,338,236,236,https://pabsa.impressicocrm.com/api/tournament/119922/players,2664,0,0
1680594035255,2018,Get Break list ,200,,Knock_out_Thread Group 1-829,text,true,,3218,338,237,237,https://pabsa.impressicocrm.com/api/tournament/119922/players,2018,0,0
1680594035170,2110,Get Players list ,200,,Knock_out_Thread Group 1-874,text,true,,3218,338,237,237,https://pabsa.impressicocrm.com/api/tournament/119922/players,2110,0,0
1680594035307,1976,Get playerA_Vs_playerB,200,,Knock_out_Thread Group 1-745,text,true,,1239,341,237,237,https://pabsa.impressicocrm.com/api/tournament/matchScore/147598,1976,0,0
1680594033743,3558,Get Home page country ,200,,Knock_out_Thread Group 1-941,text,true,,17270,320,236,236,https://pabsa.impressicocrm.com/api/country,3471,0,0
1680594035350,1951,Get single knockout Player details,200,,Knock_out_Thread Group 1-794,text,true,,1210,326,236,236,https://pabsa.impressicocrm.com/api/player/110368,1951,0,0
1680594035274,2048,Get Players list ,200,,Knock_out_Thread Group 1-878,text,true,,3218,338,236,236,https://pabsa.impressicocrm.com/api/tournament/119922/players,2048,0,0
1680594035310,2016,Get Break list ,200,,Knock_out_Thread Group 1-847,text,true,,3218,338,236,236,https://pabsa.impressicocrm.com/api/tournament/119922/players,2016,0,0
1680594035379,1953,Get single knockout Player details,200,,Knock_out_Thread Group 1-803,text,true,,1210,326,236,236,https://pabsa.impressicocrm.com/api/player/110368,1953,0,0
1680594035404,1936,Get knockout players list ,200,,Knock_out_Thread Group 1-804,text,true,,4598,340,236,236,https://pabsa.impressicocrm.com/api/tournament/118871/knockouts,1936,0,0
1680594035174,2178,Get single knockout Player details,200,,Knock_out_Thread Group 1-796,text,true,,1210,326,237,237,https://pabsa.impressicocrm.com/api/player/110368,2178,0,0
1680594035270,2090,Get tournament result,200,,Knock_out_Thread Group 1-766,text,true,,5441,338,237,237,https://pabsa.impressicocrm.com/api/tournament/119922/matches,2090,0,0
1680594035285,2080,Get Break list ,200,,Knock_out_Thread Group 1-843,text,true,,3218,338,237,237,https://pabsa.impressicocrm.com/api/tournament/119922/players,2080,0,0
1680594034141,3229,Get tournamnent list ,200,,Knock_out_Thread Group 1-923,text,true,,58880,389,237,237,https://pabsa.impressicocrm.com/api/tournament?limit=12&pageNumber=1&sportType=&tournamentName=&tournamentStyle=,2325,0,0
1680594035156,2222,Get playerA_Vs_playerB,200,,Knock_out_Thread Group 1-763,text,true,,1239,341,237,237,https://pabsa.impressicocrm.com/api/tournament/matchScore/147598,2222,0,0
1680594035396,1992,Get Players list ,200,,Knock_out_Thread Group 1-873,text,true,,3218,338,236,236,https://pabsa.impressicocrm.com/api/tournament/119922/players,1992,0,0
1680594035319,2075,Get Players list ,200,,Knock_out_Thread Group 1-879,text,true,,3218,338,236,236,https://pabsa.impressicocrm.com/api/tournament/119922/players,2075,0,0
1680594035086,2320,Get Home page currency,200,,Knock_out_Thread Group 1-893,text,true,,9160,321,236,236,https://pabsa.impressicocrm.com/api/currency,2320,0,0
1680594033141,4265,Get tournamnent list ,200,,Knock_out_Thread Group 1-914,text,true,,58888,389,236,236,https://pabsa.impressicocrm.com/api/tournament?limit=12&pageNumber=1&sportType=&tournamentName=&tournamentStyle=,2336,0,0
1680594032962,4469,Get tournamnent list ,200,,Knock_out_Thread Group 1-904,text,true,,58880,389,236,236,https://pabsa.impressicocrm.com/api/tournament?limit=12&pageNumber=1&sportType=&tournamentName=&tournamentStyle=,2515,0,0
1680594035503,1930,Get Players list ,200,,Knock_out_Thread Group 1-877,text,true,,3218,338,236,236,https://pabsa.impressicocrm.com/api/tournament/119922/players,1930,0,0
1680594034364,3074,Get Players list ,200,,Knock_out_Thread Group 1-866,text,true,,3218,338,236,236,https://pabsa.impressicocrm.com/api/tournament/119922/players,3074,0,0
1680594035174,2266,Get tournament result,200,,Knock_out_Thread Group 1-759,text,true,,5441,338,236,236,https://pabsa.impressicocrm.com/api/tournament/119922/matches,2266,0,0
1680594035655,1788,Get single knockout Player details,200,,Knock_out_Thread Group 1-799,text,true,,1210,326,236,236,https://pabsa.impressicocrm.com/api/player/110368,1788,0,0
1680594035357,2104,Get Break list ,200,,Knock_out_Thread Group 1-842,text,true,,3218,338,237,237,https://pabsa.impressicocrm.com/api/tournament/119922/players,2104,0,0
1680594035536,1925,Get Break list ,200,,Knock_out_Thread Group 1-831,text,true,,3218,338,237,237,https://pabsa.impressicocrm.com/api/tournament/119922/players,1925,0,0
1680594035441,2040,Get Players list ,200,,Knock_out_Thread Group 1-888,text,true,,3218,338,237,237,https://pabsa.impressicocrm.com/api/tournament/119922/players,2040,0,0
1680594034500,3000,Get tournamnent list ,200,,Knock_out_Thread Group 1-926,text,true,,58888,389,237,237,https://pabsa.impressicocrm.com/api/tournament?limit=12&pageNumber=1&sportType=&tournamentName=&tournamentStyle=,2225,0,0
1680594035323,2180,Get Players list ,200,,Knock_out_Thread Group 1-865,text,true,,3218,338,237,237,https://pabsa.impressicocrm.com/api/tournament/119922/players,2180,0,0
1680594035466,2043,Get Players list ,200,,Knock_out_Thread Group 1-871,text,true,,3218,338,237,237,https://pabsa.impressicocrm.com/api/tournament/119922/players,2043,0,0
1680594035070,2445,Get Players schedule,200,,Knock_out_Thread Group 1-774,text,true,,5441,338,237,237,https://pabsa.impressicocrm.com/api/tournament/119922/matches,2445,0,0
1680594034637,2896,Get knockout players list ,200,,Knock_out_Thread Group 1-782,text,true,,4598,340,237,237,https://pabsa.impressicocrm.com/api/tournament/118871/knockouts,2896,0,0
1680594035461,2082,Get Home page currency,200,,Knock_out_Thread Group 1-881,text,true,,9160,321,237,237,https://pabsa.impressicocrm.com/api/currency,2082,0,0
1680594035609,1958,Get Players list ,200,,Knock_out_Thread Group 1-863,text,true,,3218,338,238,238,https://pabsa.impressicocrm.com/api/tournament/119922/players,1958,0,0
1680594035671,1901,Get playerA_Vs_playerB,200,,Knock_out_Thread Group 1-721,text,true,,1239,341,238,238,https://pabsa.impressicocrm.com/api/tournament/matchScore/147598,1901,0,0
1680594035270,2309,Get tournament result,200,,Knock_out_Thread Group 1-776,text,true,,5441,338,237,237,https://pabsa.impressicocrm.com/api/tournament/119922/matches,2309,0,0
1680594035659,1931,Get Players list ,200,,Knock_out_Thread Group 1-882,text,true,,3218,338,237,237,https://pabsa.impressicocrm.com/api/tournament/119922/players,1931,0,0
1680594035770,1823,Get single knockout Player details,200,,Knock_out_Thread Group 1-768,text,true,,1210,326,237,237,https://pabsa.impressicocrm.com/api/player/110368,1823,0,0
1680594032360,5237,Get tournamnent list ,200,,Knock_out_Thread Group 1-908,text,true,,58880,389,237,237,https://pabsa.impressicocrm.com/api/tournament?limit=12&pageNumber=1&sportType=&tournamentName=&tournamentStyle=,3933,0,0
1680594034685,2949,Get tournamnent list ,200,,Knock_out_Thread Group 1-920,text,true,,58880,389,237,237,https://pabsa.impressicocrm.com/api/tournament?limit=12&pageNumber=1&sportType=&tournamentName=&tournamentStyle=,2477,0,0
1680594033740,3909,Get tournamnent list ,200,,Knock_out_Thread Group 1-917,text,true,,58880,389,237,237,https://pabsa.impressicocrm.com/api/tournament?limit=12&pageNumber=1&sportType=&tournamentName=&tournamentStyle=,2479,0,0
1680594035922,1751,Get single knockout Player details,200,,Knock_out_Thread Group 1-771,text,true,,1210,326,238,238,https://pabsa.impressicocrm.com/api/player/110368,1751,0,0
1680594035780,1913,Get knockout players list ,200,,Knock_out_Thread Group 1-787,text,true,,4598,340,238,238,https://pabsa.impressicocrm.com/api/tournament/118871/knockouts,1913,0,0
1680594035717,1976,Get Players list ,200,,Knock_out_Thread Group 1-884,text,true,,3218,338,238,238,https://pabsa.impressicocrm.com/api/tournament/119922/players,1976,0,0
1680594033500,4203,Get Home page currency,200,,Knock_out_Thread Group 1-892,text,true,,9160,321,238,238,https://pabsa.impressicocrm.com/api/currency,4203,0,0
1680594033236,4467,Get tournamnent list ,200,,Knock_out_Thread Group 1-900,text,true,,58888,389,238,238,https://pabsa.impressicocrm.com/api/tournament?limit=12&pageNumber=1&sportType=&tournamentName=&tournamentStyle=,3155,0,0
1680594035850,1856,Get playerA_Vs_playerB,200,,Knock_out_Thread Group 1-761,text,true,,1239,341,238,238,https://pabsa.impressicocrm.com/api/tournament/matchScore/147598,1856,0,0
1680594034117,3610,Get tournamnent list ,200,,Knock_out_Thread Group 1-913,text,true,,58888,389,237,237,https://pabsa.impressicocrm.com/api/tournament?limit=12&pageNumber=1&sportType=&tournamentName=&tournamentStyle=,2511,0,0
1680594035118,2612,Get Players schedule,200,,Knock_out_Thread Group 1-818,text,true,,5435,338,237,237,https://pabsa.impressicocrm.com/api/tournament/119922/matches,2612,0,0
1680594035809,1929,Get Break list ,200,,Knock_out_Thread Group 1-825,text,true,,3218,338,237,237,https://pabsa.impressicocrm.com/api/tournament/119922/players,1929,0,0
1680594035655,2122,Get Players schedule,200,,Knock_out_Thread Group 1-826,text,true,,5441,338,238,238,https://pabsa.impressicocrm.com/api/tournament/119922/matches,2121,0,0
1680594033152,4638,Get Home page country ,200,,Knock_out_Thread Group 1-937,text,true,,17270,320,238,238,https://pabsa.impressicocrm.com/api/country,4638,0,0
1680594035860,1954,Get Break list ,200,,Knock_out_Thread Group 1-841,text,true,,3218,338,238,238,https://pabsa.impressicocrm.com/api/tournament/119922/players,1954,0,0
1680594036035,1779,Get single knockout Player details,200,,Knock_out_Thread Group 1-810,text,true,,1210,326,238,238,https://pabsa.impressicocrm.com/api/player/110368,1779,0,0
1680594035780,2034,Get knockout players list ,200,,Knock_out_Thread Group 1-815,text,true,,4598,340,238,238,https://pabsa.impressicocrm.com/api/tournament/118871/knockouts,2034,0,0
1680594035957,1871,Get Break list ,200,,Knock_out_Thread Group 1-851,text,true,,3218,338,238,238,https://pabsa.impressicocrm.com/api/tournament/119922/players,1871,0,0
1680594035966,1862,Get knockout players list ,200,,Knock_out_Thread Group 1-828,text,true,,4598,340,238,238,https://pabsa.impressicocrm.com/api/tournament/118871/knockouts,1862,0,0
1680594035304,2529,Get knockout players list ,200,,Knock_out_Thread Group 1-819,text,true,,4598,340,238,238,https://pabsa.impressicocrm.com/api/tournament/118871/knockouts,2529,0,0
1680594035477,2356,Get tournament result,200,,Knock_out_Thread Group 1-786,text,true,,5441,338,238,238,https://pabsa.impressicocrm.com/api/tournament/119922/matches,2356,0,0
1680594035780,2060,Get knockout players list ,200,,Knock_out_Thread Group 1-806,text,true,,4598,340,238,238,https://pabsa.impressicocrm.com/api/tournament/118871/knockouts,2060,0,0
1680594037503,356,Get Break list ,200,,Knock_out_Thread Group 1-865,text,true,,3218,338,239,239,https://pabsa.impressicocrm.com/api/tournament/119922/players,356,0,0
1680594036006,1853,Get Players list ,200,,Knock_out_Thread Group 1-883,text,true,,3218,338,239,239,https://pabsa.impressicocrm.com/api/tournament/119922/players,1853,0,0
1680594035174,2687,Get tournamnent list ,200,,Knock_out_Thread Group 1-930,text,true,,58888,389,239,239,https://pabsa.impressicocrm.com/api/tournament?limit=12&pageNumber=1&sportType=&tournamentName=&tournamentStyle=,2220,0,0
1680594033495,4371,Get tournamnent list ,200,,Knock_out_Thread Group 1-890,text,true,,58888,389,239,239,https://pabsa.impressicocrm.com/api/tournament?limit=12&pageNumber=1&sportType=&tournamentName=&tournamentStyle=,2716,0,0
1680594035519,2347,Get Players list ,200,,Knock_out_Thread Group 1-858,text,true,,3218,338,239,239,https://pabsa.impressicocrm.com/api/tournament/119922/players,2347,0,0
1680594036023,1850,Get Players list ,200,,Knock_out_Thread Group 1-875,text,true,,3218,338,239,239,https://pabsa.impressicocrm.com/api/tournament/119922/players,1850,0,0
1680594035926,1951,Get tournament result,200,,Knock_out_Thread Group 1-770,text,true,,5441,338,239,239,https://pabsa.impressicocrm.com/api/tournament/119922/matches,1951,0,0
1680594036131,1750,Get single knockout Player details,200,,Knock_out_Thread Group 1-781,text,true,,1210,326,239,239,https://pabsa.impressicocrm.com/api/player/110368,1750,0,0
1680594036191,1754,Get single knockout Player details,200,,Knock_out_Thread Group 1-788,text,true,,1210,326,239,239,https://pabsa.impressicocrm.com/api/player/110368,1754,0,0
1680594035461,2484,Get Players schedule,200,,Knock_out_Thread Group 1-846,text,true,,5441,338,239,239,https://pabsa.impressicocrm.com/api/tournament/119922/matches,2484,0,0
1680594035998,1947,Get knockout players list ,200,,Knock_out_Thread Group 1-811,text,true,,4598,340,239,239,https://pabsa.impressicocrm.com/api/tournament/118871/knockouts,1947,0,0
1680594034342,3604,Get Home page currency,200,,Knock_out_Thread Group 1-872,text,true,,9160,321,239,239,https://pabsa.impressicocrm.com/api/currency,3604,0,0
1680594035834,2112,Get Players list ,200,,Knock_out_Thread Group 1-856,text,true,,3218,338,239,239,https://pabsa.impressicocrm.com/api/tournament/119922/players,2112,0,0
1680594035938,2039,Get tournament result,200,,Knock_out_Thread Group 1-754,text,true,,5441,338,240,240,https://pabsa.impressicocrm.com/api/tournament/119922/matches,2039,0,0
1680594036324,1673,Get knockout players list ,200,,Knock_out_Thread Group 1-769,text,true,,4598,340,240,240,https://pabsa.impressicocrm.com/api/tournament/118871/knockouts,1673,0,0
1680594036331,1673,Get single knockout Player details,200,,Knock_out_Thread Group 1-837,text,true,,1210,326,240,240,https://pabsa.impressicocrm.com/api/player/110368,1673,0,0
1680594036276,1739,Get Home page currency,200,,Knock_out_Thread Group 1-903,text,true,,9160,321,240,240,https://pabsa.impressicocrm.com/api/currency,1739,0,0
1680594035834,2181,Get tournament result,200,,Knock_out_Thread Group 1-778,text,true,,5435,338,240,240,https://pabsa.impressicocrm.com/api/tournament/119922/matches,2181,0,0
1680594035708,2320,Get Break list ,200,,Knock_out_Thread Group 1-859,text,true,,3218,338,240,240,https://pabsa.impressicocrm.com/api/tournament/119922/players,2320,0,0
1680594035122,2906,Get tournamnent list ,200,,Knock_out_Thread Group 1-910,text,true,,58880,389,240,240,https://pabsa.impressicocrm.com/api/tournament?limit=12&pageNumber=1&sportType=&tournamentName=&tournamentStyle=,2264,0,0
1680594034571,3469,Get Break list ,200,,Knock_out_Thread Group 1-861,text,true,,3218,338,240,240,https://pabsa.impressicocrm.com/api/tournament/119922/players,3469,0,0
1680594035998,2048,Get Players schedule,200,,Knock_out_Thread Group 1-813,text,true,,5441,338,240,240,https://pabsa.impressicocrm.com/api/tournament/119922/matches,2048,0,0
1680594034804,3246,Get Players schedule,200,,Knock_out_Thread Group 1-814,text,true,,5435,338,240,240,https://pabsa.impressicocrm.com/api/tournament/119922/matches,3246,0,0
1680594035078,2974,Get tournamnent list ,200,,Knock_out_Thread Group 1-935,text,true,,58888,389,240,240,https://pabsa.impressicocrm.com/api/tournament?limit=12&pageNumber=1&sportType=&tournamentName=&tournamentStyle=,2225,0,0
1680594036265,1796,Get Break list ,200,,Knock_out_Thread Group 1-868,text,true,,3218,338,241,241,https://pabsa.impressicocrm.com/api/tournament/119922/players,1796,0,0
1680594036345,1716,Get playerA_Vs_playerB,200,,Knock_out_Thread Group 1-764,text,true,,1239,341,241,241,https://pabsa.impressicocrm.com/api/tournament/matchScore/147598,1716,0,0
1680594036321,1740,Get Players list ,200,,Knock_out_Thread Group 1-891,text,true,,3218,338,241,241,https://pabsa.impressicocrm.com/api/tournament/119922/players,1740,0,0
1680594035722,2390,Get Players schedule,200,,Knock_out_Thread Group 1-821,text,true,,5441,338,240,240,https://pabsa.impressicocrm.com/api/tournament/119922/matches,2390,0,0
1680594036124,1992,Get single knockout Player details,200,,Knock_out_Thread Group 1-809,text,true,,1210,326,240,240,https://pabsa.impressicocrm.com/api/player/110368,1992,0,0
1680594033856,4260,Get tournamnent list ,200,,Knock_out_Thread Group 1-918,text,true,,58880,389,240,240,https://pabsa.impressicocrm.com/api/tournament?limit=12&pageNumber=1&sportType=&tournamentName=&tournamentStyle=,2668,0,0
1680594035770,2356,Get Players schedule,200,,Knock_out_Thread Group 1-756,text,true,,5441,338,240,240,https://pabsa.impressicocrm.com/api/tournament/119922/matches,2355,0,0
1680594036174,1953,Get Home page currency,200,,Knock_out_Thread Group 1-896,text,true,,9160,321,240,240,https://pabsa.impressicocrm.com/api/currency,1953,0,0
1680594036120,2014,Get Break list ,200,,Knock_out_Thread Group 1-864,text,true,,3218,338,240,240,https://pabsa.impressicocrm.com/api/tournament/119922/players,2014,0,0
1680594036092,2042,Get tournament result,200,,Knock_out_Thread Group 1-743,text,true,,5441,338,240,240,https://pabsa.impressicocrm.com/api/tournament/119922/matches,2042,0,0
1680594036092,2046,Get playerA_Vs_playerB,200,,Knock_out_Thread Group 1-785,text,true,,1239,341,240,240,https://pabsa.impressicocrm.com/api/tournament/matchScore/147598,2046,0,0
1680594034022,4118,Get tournamnent list ,200,,Knock_out_Thread Group 1-912,text,true,,58888,389,239,239,https://pabsa.impressicocrm.com/api/tournament?limit=12&pageNumber=1&sportType=&tournamentName=&tournamentStyle=,2397,0,0
1680594033406,4741,Get Home page currency,200,,Knock_out_Thread Group 1-836,text,true,,9160,321,239,239,https://pabsa.impressicocrm.com/api/currency,4741,0,0
1680594036120,2044,Get Players schedule,200,,Knock_out_Thread Group 1-854,text,true,,5441,338,240,240,https://pabsa.impressicocrm.com/api/tournament/119922/matches,2044,0,0
1680594035445,2735,Get Home page currency,200,,Knock_out_Thread Group 1-876,text,true,,9160,321,240,240,https://pabsa.impressicocrm.com/api/currency,2735,0,0
1680594036124,2069,Get tournament result,200,,Knock_out_Thread Group 1-801,text,true,,5441,338,240,240,https://pabsa.impressicocrm.com/api/tournament/119922/matches,2069,0,0
1680594034622,3583,Get Players schedule,200,,Knock_out_Thread Group 1-820,text,true,,5441,338,240,240,https://pabsa.impressicocrm.com/api/tournament/119922/matches,3583,0,0
1680594036145,2070,Get Players schedule,200,,Knock_out_Thread Group 1-823,text,true,,5441,338,240,240,https://pabsa.impressicocrm.com/api/tournament/119922/matches,2070,0,0
1680594036519,1707,Get single knockout Player details,200,,Knock_out_Thread Group 1-793,text,true,,1210,326,240,240,https://pabsa.impressicocrm.com/api/player/110368,1707,0,0
1680594036378,1850,Get Break list ,200,,Knock_out_Thread Group 1-869,text,true,,3218,338,240,240,https://pabsa.impressicocrm.com/api/tournament/119922/players,1850,0,0
1680594036577,1652,Get single knockout Player details,200,,Knock_out_Thread Group 1-802,text,true,,1210,326,240,240,https://pabsa.impressicocrm.com/api/player/110368,1652,0,0
1680594036558,1671,Get single knockout Player details,200,,Knock_out_Thread Group 1-805,text,true,,1210,326,240,240,https://pabsa.impressicocrm.com/api/player/110368,1671,0,0
1680594036448,1788,Get playerA_Vs_playerB,200,,Knock_out_Thread Group 1-760,text,true,,1239,341,240,240,https://pabsa.impressicocrm.com/api/tournament/matchScore/147598,1788,0,0
1680594036222,2017,Get tournament result,200,,Knock_out_Thread Group 1-747,text,true,,5441,338,239,239,https://pabsa.impressicocrm.com/api/tournament/119922/matches,2017,0,0
1680594036564,1677,Get single knockout Player details,200,,Knock_out_Thread Group 1-791,text,true,,1210,326,239,239,https://pabsa.impressicocrm.com/api/player/110368,1677,0,0
1680594035331,2919,Get tournamnent list ,200,,Knock_out_Thread Group 1-939,text,true,,58880,389,239,239,https://pabsa.impressicocrm.com/api/tournament?limit=12&pageNumber=1&sportType=&tournamentName=&tournamentStyle=,2375,0,0
1680594036624,1634,Get single knockout Player details,200,,Knock_out_Thread Group 1-792,text,true,,1210,326,240,240,https://pabsa.impressicocrm.com/api/player/110368,1633,0,0
1680594036198,2067,Get Players schedule,200,,Knock_out_Thread Group 1-862,text,true,,5441,338,240,240,https://pabsa.impressicocrm.com/api/tournament/119922/matches,2067,0,0
1680594036530,1735,Get Players list ,200,,Knock_out_Thread Group 1-911,text,true,,3218,338,240,240,https://pabsa.impressicocrm.com/api/tournament/119922/players,1735,0,0
1680594036407,1866,Get Break list ,200,,Knock_out_Thread Group 1-860,text,true,,3218,338,240,240,https://pabsa.impressicocrm.com/api/tournament/119922/players,1866,0,0
1680594035868,2408,Get Players schedule,200,,Knock_out_Thread Group 1-833,text,true,,5441,338,240,240,https://pabsa.impressicocrm.com/api/tournament/119922/matches,2408,0,0
1680594036581,1736,Get Break list ,200,,Knock_out_Thread Group 1-857,text,true,,3218,338,240,240,https://pabsa.impressicocrm.com/api/tournament/119922/players,1736,0,0
1680594036282,2035,Get tournament result,200,,Knock_out_Thread Group 1-758,text,true,,5441,338,240,240,https://pabsa.impressicocrm.com/api/tournament/119922/matches,2035,0,0
1680594036624,1693,Get knockout players list ,200,,Knock_out_Thread Group 1-789,text,true,,4598,340,240,240,https://pabsa.impressicocrm.com/api/tournament/118871/knockouts,1693,0,0
1680594035115,3215,Get tournamnent list ,200,,Knock_out_Thread Group 1-931,text,true,,58888,389,240,240,https://pabsa.impressicocrm.com/api/tournament?limit=12&pageNumber=1&sportType=&tournamentName=&tournamentStyle=,2245,0,0
1680594035085,3275,Get tournamnent list ,200,,Knock_out_Thread Group 1-928,text,true,,58888,389,241,241,https://pabsa.impressicocrm.com/api/tournament?limit=12&pageNumber=1&sportType=&tournamentName=&tournamentStyle=,2411,0,0
1680594036448,1925,Get Break list ,200,,Knock_out_Thread Group 1-889,text,true,,3218,338,241,241,https://pabsa.impressicocrm.com/api/tournament/119922/players,1925,0,0
1680594036412,1985,Get tournament result,200,,Knock_out_Thread Group 1-795,text,true,,5441,338,241,241,https://pabsa.impressicocrm.com/api/tournament/119922/matches,1985,0,0
1680594036706,1716,Get playerA_Vs_playerB,200,,Knock_out_Thread Group 1-808,text,true,,1239,341,241,241,https://pabsa.impressicocrm.com/api/tournament/matchScore/147598,1716,0,0
1680594036503,1919,Get Break list ,200,,Knock_out_Thread Group 1-855,text,true,,3218,338,241,241,https://pabsa.impressicocrm.com/api/tournament/119922/players,1919,0,0
1680594036711,1716,Get playerA_Vs_playerB,200,,Knock_out_Thread Group 1-753,text,true,,1239,341,240,240,https://pabsa.impressicocrm.com/api/tournament/matchScore/147598,1716,0,0
1680594036734,1693,Get single knockout Player details,200,,Knock_out_Thread Group 1-779,text,true,,1210,326,240,240,https://pabsa.impressicocrm.com/api/player/110368,1693,0,0
1680594038317,116,Get single knockout Player details,200,,Knock_out_Thread Group 1-789,text,true,,1210,326,239,239,https://pabsa.impressicocrm.com/api/player/110368,116,0,0
1680594036359,2082,Get tournament result,200,,Knock_out_Thread Group 1-767,text,true,,5441,338,239,239,https://pabsa.impressicocrm.com/api/tournament/119922/matches,2082,0,0
1680594036331,2129,Get Players list ,200,,Knock_out_Thread Group 1-894,text,true,,3218,338,240,240,https://pabsa.impressicocrm.com/api/tournament/119922/players,2129,0,0
1680594036108,2357,Get Home page currency,200,,Knock_out_Thread Group 1-915,text,true,,9153,321,240,240,https://pabsa.impressicocrm.com/api/currency,2357,0,0
1680594035558,2909,Get tournamnent list ,200,,Knock_out_Thread Group 1-940,text,true,,58880,389,240,240,https://pabsa.impressicocrm.com/api/tournament?limit=12&pageNumber=1&sportType=&tournamentName=&tournamentStyle=,2185,0,0
1680594036332,2145,Get Players schedule,200,,Knock_out_Thread Group 1-812,text,true,,5441,338,240,240,https://pabsa.impressicocrm.com/api/tournament/119922/matches,2145,0,0
1680594036654,1847,Get Break list ,200,,Knock_out_Thread Group 1-845,text,true,,3218,338,240,240,https://pabsa.impressicocrm.com/api/tournament/119922/players,1847,0,0
1680594036629,1890,Get tournament result,200,,Knock_out_Thread Group 1-757,text,true,,5435,338,240,240,https://pabsa.impressicocrm.com/api/tournament/119922/matches,1890,0,0
1680594036580,1984,Get Home page currency,200,,Knock_out_Thread Group 1-887,text,true,,9160,321,241,241,https://pabsa.impressicocrm.com/api/currency,1984,0,0
1680594036760,1804,Get Home page currency,200,,Knock_out_Thread Group 1-921,text,true,,9160,321,241,241,https://pabsa.impressicocrm.com/api/currency,1804,0,0
1680594036804,1797,Get Players list ,200,,Knock_out_Thread Group 1-897,text,true,,3218,338,241,241,https://pabsa.impressicocrm.com/api/tournament/119922/players,1797,0,0
1680594036663,1958,Get Players schedule,200,,Knock_out_Thread Group 1-832,text,true,,5435,338,241,241,https://pabsa.impressicocrm.com/api/tournament/119922/matches,1958,0,0
1680594036888,1741,Get single knockout Player details,200,,Knock_out_Thread Group 1-822,text,true,,1210,326,241,241,https://pabsa.impressicocrm.com/api/player/110368,1741,0,0
1680594036764,1865,Get Break list ,200,,Knock_out_Thread Group 1-850,text,true,,3218,338,241,241,https://pabsa.impressicocrm.com/api/tournament/119922/players,1865,0,0
1680594033481,5166,Get tournamnent list ,200,,Knock_out_Thread Group 1-916,text,true,,58880,389,241,241,https://pabsa.impressicocrm.com/api/tournament?limit=12&pageNumber=1&sportType=&tournamentName=&tournamentStyle=,4491,0,0
1680594036888,1800,Get playerA_Vs_playerB,200,,Knock_out_Thread Group 1-750,text,true,,1239,341,242,242,https://pabsa.impressicocrm.com/api/tournament/matchScore/147598,1800,0,0
1680594035952,2769,Home page ,200,OK,Knock_out_Thread Group 1-970,text,true,,3033,309,241,241,https://pabsa.impressicocrm.com/,2769,0,2669
1680594037854,867,Home page ,200,OK,Knock_out_Thread Group 1-989,text,true,,3033,309,241,241,https://pabsa.impressicocrm.com/,867,0,754
1680594036809,1917,Get knockout players list ,200,,Knock_out_Thread Group 1-765,text,true,,4591,340,241,241,https://pabsa.impressicocrm.com/api/tournament/118871/knockouts,1917,0,0
1680594036704,2027,Get playerA_Vs_playerB,200,,Knock_out_Thread Group 1-748,text,true,,1239,341,241,241,https://pabsa.impressicocrm.com/api/tournament/matchScore/147598,2027,0,0
1680594036979,1752,Get knockout players list ,200,,Knock_out_Thread Group 1-817,text,true,,4591,340,241,241,https://pabsa.impressicocrm.com/api/tournament/118871/knockouts,1752,0,0
1680594033451,5281,Home page ,200,OK,Knock_out_Thread Group 1-945,text,true,,3033,309,241,241,https://pabsa.impressicocrm.com/,5281,0,5174
1680594035652,3079,Home page ,200,OK,Knock_out_Thread Group 1-967,text,true,,3033,309,241,241,https://pabsa.impressicocrm.com/,3079,0,2998
1680594034052,4679,Home page ,200,OK,Knock_out_Thread Group 1-951,text,true,,3033,309,241,241,https://pabsa.impressicocrm.com/,4679,0,4592
1680594036580,2152,Get Home page currency,200,,Knock_out_Thread Group 1-905,text,true,,9160,321,241,241,https://pabsa.impressicocrm.com/api/currency,2152,0,0
1680594034652,4089,Home page ,200,OK,Knock_out_Thread Group 1-957,text,true,,3033,309,240,240,https://pabsa.impressicocrm.com/,4089,0,4011
1680594035052,3693,Home page ,200,OK,Knock_out_Thread Group 1-961,text,true,,3033,309,240,240,https://pabsa.impressicocrm.com/,3693,0,3620
1680594034393,4361,Get tournamnent list ,200,,Knock_out_Thread Group 1-919,text,true,,58880,389,241,241,https://pabsa.impressicocrm.com/api/tournament?limit=12&pageNumber=1&sportType=&tournamentName=&tournamentStyle=,2332,0,0
1680594033352,5402,Home page ,200,OK,Knock_out_Thread Group 1-944,text,true,,3033,309,241,241,https://pabsa.impressicocrm.com/,5402,0,5336
1680594036518,2262,Get Home page currency,200,,Knock_out_Thread Group 1-899,text,true,,9160,321,241,241,https://pabsa.impressicocrm.com/api/currency,2262,0,0
1680594036875,1916,Get Players list ,200,,Knock_out_Thread Group 1-886,text,true,,3218,338,241,241,https://pabsa.impressicocrm.com/api/tournament/119922/players,1916,0,0
1680594034252,4540,Home page ,200,OK,Knock_out_Thread Group 1-953,text,true,,3033,309,241,241,https://pabsa.impressicocrm.com/,4539,0,4479
1680594036552,2240,Home page ,200,OK,Knock_out_Thread Group 1-976,text,true,,3033,309,241,241,https://pabsa.impressicocrm.com/,2239,0,2179
1680594035085,3708,Get tournamnent list ,200,,Knock_out_Thread Group 1-933,text,true,,58880,389,241,241,https://pabsa.impressicocrm.com/api/tournament?limit=12&pageNumber=1&sportType=&tournamentName=&tournamentStyle=,2105,0,0
1680594036751,2045,Home page ,200,OK,Knock_out_Thread Group 1-978,text,true,,3033,309,241,241,https://pabsa.impressicocrm.com/,2045,0,1980
1680594033251,5545,Home page ,200,OK,Knock_out_Thread Group 1-943,text,true,,3033,309,241,241,https://pabsa.impressicocrm.com/,5545,0,5481
1680594036052,2744,Home page ,200,OK,Knock_out_Thread Group 1-971,text,true,,3033,309,241,241,https://pabsa.impressicocrm.com/,2744,0,2669
1680594035153,3649,Home page ,200,OK,Knock_out_Thread Group 1-962,text,true,,3033,309,241,241,https://pabsa.impressicocrm.com/,3649,0,3585
1680594034852,3950,Home page ,200,OK,Knock_out_Thread Group 1-959,text,true,,3033,309,241,241,https://pabsa.impressicocrm.com/,3950,0,3886
1680594035753,3053,Home page ,200,OK,Knock_out_Thread Group 1-968,text,true,,3033,309,241,241,https://pabsa.impressicocrm.com/,3053,0,2985
1680594034752,4102,Home page ,200,OK,Knock_out_Thread Group 1-958,text,true,,3033,309,242,242,https://pabsa.impressicocrm.com/,4102,0,4000
1680594036852,2007,Home page ,200,OK,Knock_out_Thread Group 1-979,text,true,,3033,309,242,242,https://pabsa.impressicocrm.com/,2007,0,1939
1680594037952,912,Home page ,200,OK,Knock_out_Thread Group 1-990,text,true,,3033,309,242,242,https://pabsa.impressicocrm.com/,911,0,839
1680594037037,1833,Get Break list ,200,,Knock_out_Thread Group 1-880,text,true,,3218,338,242,242,https://pabsa.impressicocrm.com/api/tournament/119922/players,1833,0,0
1680594037052,1818,Get knockout players list ,200,,Knock_out_Thread Group 1-835,text,true,,4591,340,242,242,https://pabsa.impressicocrm.com/api/tournament/118871/knockouts,1818,0,0
1680594036897,1985,Get Home page currency,200,,Knock_out_Thread Group 1-938,text,true,,9153,321,242,242,https://pabsa.impressicocrm.com/api/currency,1985,0,0
1680594036740,2152,Get tournament result,200,,Knock_out_Thread Group 1-777,text,true,,5435,338,242,242,https://pabsa.impressicocrm.com/api/tournament/119922/matches,2152,0,0
1680594033953,4943,Home page ,200,OK,Knock_out_Thread Group 1-950,text,true,,3033,309,242,242,https://pabsa.impressicocrm.com/,4943,0,4785
1680594037032,1869,Get playerA_Vs_playerB,200,,Knock_out_Thread Group 1-773,text,true,,1239,341,242,242,https://pabsa.impressicocrm.com/api/tournament/matchScore/147598,1869,0,0
1680594036897,2027,Get Players schedule,200,,Knock_out_Thread Group 1-816,text,true,,5441,338,241,241,https://pabsa.impressicocrm.com/api/tournament/119922/matches,2027,0,0
1680594034952,4009,Home page ,200,OK,Knock_out_Thread Group 1-960,text,true,,3033,309,242,242,https://pabsa.impressicocrm.com/,4009,0,3706
1680594036894,2074,Get Home page currency,200,,Knock_out_Thread Group 1-909,text,true,,9153,321,242,242,https://pabsa.impressicocrm.com/api/currency,2074,0,0
1680594036808,2160,Get Players schedule,200,,Knock_out_Thread Group 1-849,text,true,,5441,338,242,242,https://pabsa.impressicocrm.com/api/tournament/119922/matches,2160,0,0
1680594037753,1215,Home page ,200,OK,Knock_out_Thread Group 1-988,text,true,,3033,309,242,242,https://pabsa.impressicocrm.com/,1215,0,992
1680594036816,2156,Get Players schedule,200,,Knock_out_Thread Group 1-844,text,true,,5441,338,242,242,https://pabsa.impressicocrm.com/api/tournament/119922/matches,2156,0,0
1680594036850,2126,Get Players schedule,200,,Knock_out_Thread Group 1-853,text,true,,5441,338,242,242,https://pabsa.impressicocrm.com/api/tournament/119922/matches,2126,0,0
1680594037553,1450,Home page ,200,OK,Knock_out_Thread Group 1-986,text,true,,3033,309,242,242,https://pabsa.impressicocrm.com/,1450,0,1377
1680594037151,1858,Get knockout players list ,200,,Knock_out_Thread Group 1-824,text,true,,4598,340,242,242,https://pabsa.impressicocrm.com/api/tournament/118871/knockouts,1858,0,0
1680594036635,2380,Get tournament result,200,,Knock_out_Thread Group 1-775,text,true,,5435,338,242,242,https://pabsa.impressicocrm.com/api/tournament/119922/matches,2380,0,0
1680594037197,1837,Get single knockout Player details,200,,Knock_out_Thread Group 1-807,text,true,,1210,326,242,242,https://pabsa.impressicocrm.com/api/player/110368,1837,0,0
1680594031227,7807,Get tournament result,200,,Knock_out_Thread Group 1-732,text,true,,5441,338,242,242,https://pabsa.impressicocrm.com/api/tournament/119922/matches,7807,0,0
1680594037228,1830,Get single knockout Player details,200,,Knock_out_Thread Group 1-797,text,true,,1210,326,243,243,https://pabsa.impressicocrm.com/api/player/110368,1830,0,0
1680594037118,1950,Get knockout players list ,200,,Knock_out_Thread Group 1-830,text,true,,4598,340,243,243,https://pabsa.impressicocrm.com/api/tournament/118871/knockouts,1950,0,0
1680594037157,1914,Get playerA_Vs_playerB,200,,Knock_out_Thread Group 1-738,text,true,,1239,341,243,243,https://pabsa.impressicocrm.com/api/tournament/matchScore/147598,1914,0,0
1680594036453,2639,Home page ,200,OK,Knock_out_Thread Group 1-975,text,true,,3033,309,242,242,https://pabsa.impressicocrm.com/,2639,0,2556
1680594037153,1939,Home page ,200,OK,Knock_out_Thread Group 1-982,text,true,,3033,309,242,242,https://pabsa.impressicocrm.com/,1939,0,1505
1680594037032,2074,Get Players schedule,200,,Knock_out_Thread Group 1-848,text,true,,5435,338,242,242,https://pabsa.impressicocrm.com/api/tournament/119922/matches,2074,0,0
1680594037063,2052,Get Home page currency,200,,Knock_out_Thread Group 1-925,text,true,,9153,321,242,242,https://pabsa.impressicocrm.com/api/currency,2052,0,0
1680594037143,1980,Get Break list ,200,,Knock_out_Thread Group 1-867,text,true,,3218,338,242,242,https://pabsa.impressicocrm.com/api/tournament/119922/players,1980,0,0
1680594038053,1080,Home page ,200,OK,Knock_out_Thread Group 1-991,text,true,,3033,309,242,242,https://pabsa.impressicocrm.com/,1080,0,1000
1680594037341,1797,Get single knockout Player details,200,,Knock_out_Thread Group 1-804,text,true,,1210,326,242,242,https://pabsa.impressicocrm.com/api/player/110368,1797,0,0
1680594034018,5120,Get tournamnent list ,200,,Knock_out_Thread Group 1-902,text,true,,58880,389,242,242,https://pabsa.impressicocrm.com/api/tournament?limit=12&pageNumber=1&sportType=&tournamentName=&tournamentStyle=,3833,0,0
1680594036252,2891,Home page ,200,OK,Knock_out_Thread Group 1-973,text,true,,3033,309,242,242,https://pabsa.impressicocrm.com/,2891,0,2819
1680594036930,2216,Get Players schedule,200,,Knock_out_Thread Group 1-838,text,true,,5441,338,242,242,https://pabsa.impressicocrm.com/api/tournament/119922/matches,2216,0,0
1680594036152,2994,Home page ,200,OK,Knock_out_Thread Group 1-972,text,true,,3033,309,242,242,https://pabsa.impressicocrm.com/,2994,0,2919
1680594036708,2444,Get tournament result,200,,Knock_out_Thread Group 1-783,text,true,,5435,338,243,243,https://pabsa.impressicocrm.com/api/tournament/119922/matches,2444,0,0
1680594037037,2115,Get tournament result,200,,Knock_out_Thread Group 1-784,text,true,,5441,338,243,243,https://pabsa.impressicocrm.com/api/tournament/119922/matches,2115,0,0
1680594033652,5531,Home page ,200,OK,Knock_out_Thread Group 1-947,text,true,,3033,309,243,243,https://pabsa.impressicocrm.com/,5531,0,5312
1680594037360,1847,Get playerA_Vs_playerB,200,,Knock_out_Thread Group 1-766,text,true,,1239,341,243,243,https://pabsa.impressicocrm.com/api/tournament/matchScore/147598,1847,0,0
1680594037243,1979,Get Home page currency,200,,Knock_out_Thread Group 1-906,text,true,,9160,321,242,242,https://pabsa.impressicocrm.com/api/currency,1979,0,0
1680594037352,1870,Home page ,200,OK,Knock_out_Thread Group 1-984,text,true,,3033,309,242,242,https://pabsa.impressicocrm.com/,1870,0,1719
1680594035853,3377,Home page ,200,OK,Knock_out_Thread Group 1-969,text,true,,3033,309,242,242,https://pabsa.impressicocrm.com/,3377,0,3280
1680594037043,2191,Get Home page currency,200,,Knock_out_Thread Group 1-924,text,true,,9153,321,242,242,https://pabsa.impressicocrm.com/api/currency,2191,0,0
1680594038254,987,Home page ,200,OK,Knock_out_Thread Group 1-993,text,true,,3033,309,242,242,https://pabsa.impressicocrm.com/,986,0,404
1680594037323,1929,Get Break list ,200,,Knock_out_Thread Group 1-878,text,true,,3218,338,242,242,https://pabsa.impressicocrm.com/api/tournament/119922/players,1929,0,0
1680594038152,1104,Home page ,200,OK,Knock_out_Thread Group 1-992,text,true,,3033,309,243,243,https://pabsa.impressicocrm.com/,1104,0,461
1680594036989,2278,Get Home page currency,200,,Knock_out_Thread Group 1-907,text,true,,9153,321,243,243,https://pabsa.impressicocrm.com/api/currency,2278,0,0
1680594037389,1884,Get Break list ,200,,Knock_out_Thread Group 1-873,text,true,,3218,338,243,243,https://pabsa.impressicocrm.com/api/tournament/119922/players,1884,0,0
1680594037280,2017,Get Break list ,200,,Knock_out_Thread Group 1-874,text,true,,3218,338,243,243,https://pabsa.impressicocrm.com/api/tournament/119922/players,2017,0,0
1680594037394,1917,Get Break list ,200,,Knock_out_Thread Group 1-879,text,true,,3218,338,243,243,https://pabsa.impressicocrm.com/api/tournament/119922/players,1917,0,0
1680594037434,1928,Get Break list ,200,,Knock_out_Thread Group 1-877,text,true,,3218,338,244,244,https://pabsa.impressicocrm.com/api/tournament/119922/players,1928,0,0
1680594036953,2410,Home page ,200,OK,Knock_out_Thread Group 1-980,text,true,,3033,309,244,244,https://pabsa.impressicocrm.com/,2409,0,2300
1680594036658,2707,Get Players schedule,200,,Knock_out_Thread Group 1-852,text,true,,5435,338,244,244,https://pabsa.impressicocrm.com/api/tournament/119922/matches,2707,0,0
1680594036977,2402,Get Home page currency,200,,Knock_out_Thread Group 1-898,text,true,,9160,321,244,244,https://pabsa.impressicocrm.com/api/currency,2402,0,0
1680594037406,1981,Get Players list ,200,,Knock_out_Thread Group 1-893,text,true,,3218,338,244,244,https://pabsa.impressicocrm.com/api/tournament/119922/players,1981,0,0
1680594037301,2087,Get tournament result,200,,Knock_out_Thread Group 1-794,text,true,,5441,338,244,244,https://pabsa.impressicocrm.com/api/tournament/119922/matches,2087,0,0
1680594037533,1866,Get single knockout Player details,200,,Knock_out_Thread Group 1-782,text,true,,1210,326,244,244,https://pabsa.impressicocrm.com/api/player/110368,1866,0,0
1680594037053,2360,Home page ,200,OK,Knock_out_Thread Group 1-981,text,true,,3033,309,244,244,https://pabsa.impressicocrm.com/,2359,0,2062
1680594038353,1064,Home page ,200,OK,Knock_out_Thread Group 1-994,text,true,,3033,309,244,244,https://pabsa.impressicocrm.com/,1064,0,837
1680594038553,874,Home page ,200,OK,Knock_out_Thread Group 1-996,text,true,,3033,309,244,244,https://pabsa.impressicocrm.com/,874,0,605
1680594037092,2341,Get tournament result,200,,Knock_out_Thread Group 1-798,text,true,,5441,338,244,244,https://pabsa.impressicocrm.com/api/tournament/119922/matches,2341,0,0
1680594037431,2013,Get Home page currency,200,,Knock_out_Thread Group 1-904,text,true,,9160,321,244,244,https://pabsa.impressicocrm.com/api/currency,2013,0,0
1680594037482,2012,Get Break list ,200,,Knock_out_Thread Group 1-888,text,true,,3218,338,245,245,https://pabsa.impressicocrm.com/api/tournament/119922/players,2012,0,0
1680594036518,2977,Get Players schedule,200,,Knock_out_Thread Group 1-839,text,true,,5435,338,245,245,https://pabsa.impressicocrm.com/api/tournament/119922/matches,2977,0,0
1680594036458,3037,Get Home page currency,200,,Knock_out_Thread Group 1-895,text,true,,9153,321,245,245,https://pabsa.impressicocrm.com/api/currency,3037,0,0
1680594037326,2169,Get Players schedule,200,,Knock_out_Thread Group 1-847,text,true,,5435,338,245,245,https://pabsa.impressicocrm.com/api/tournament/119922/matches,2169,0,0
1680594036652,2843,Home page ,200,OK,Knock_out_Thread Group 1-977,text,true,,3033,309,245,245,https://pabsa.impressicocrm.com/,2842,0,2459
1680594037693,1805,Get single knockout Player details,200,,Knock_out_Thread Group 1-787,text,true,,1210,326,245,245,https://pabsa.impressicocrm.com/api/player/110368,1805,0,0
1680594038852,665,Home page ,200,OK,Knock_out_Thread Group 1-999,text,true,,3033,309,245,245,https://pabsa.impressicocrm.com/,665,0,243
1680594037406,2114,Get Home page currency,200,,Knock_out_Thread Group 1-914,text,true,,9160,321,245,245,https://pabsa.impressicocrm.com/api/currency,2114,0,0
1680594037731,1789,Get knockout players list ,200,,Knock_out_Thread Group 1-818,text,true,,4591,340,245,245,https://pabsa.impressicocrm.com/api/tournament/118871/knockouts,1789,0,0
1680594037243,2280,Get Break list ,200,,Knock_out_Thread Group 1-870,text,true,,3218,338,245,245,https://pabsa.impressicocrm.com/api/tournament/119922/players,2280,0,0
1680594036725,2801,Get tournament result,200,,Knock_out_Thread Group 1-772,text,true,,5441,338,245,245,https://pabsa.impressicocrm.com/api/tournament/119922/matches,2801,0,0
1680594037777,1749,Get knockout players list ,200,,Knock_out_Thread Group 1-826,text,true,,4591,340,245,245,https://pabsa.impressicocrm.com/api/tournament/118871/knockouts,1749,0,0
1680594037353,2187,Get tournament result,200,,Knock_out_Thread Group 1-796,text,true,,5441,338,245,245,https://pabsa.impressicocrm.com/api/tournament/119922/matches,2187,0,0
1680594037500,2059,Get Home page currency,200,,Knock_out_Thread Group 1-926,text,true,,9160,321,246,246,https://pabsa.impressicocrm.com/api/currency,2059,0,0
1680594037112,2455,Get tournament result,200,,Knock_out_Thread Group 1-790,text,true,,5441,338,246,246,https://pabsa.impressicocrm.com/api/tournament/119922/matches,2455,0,0
1680594037273,2297,Get Players schedule,200,,Knock_out_Thread Group 1-829,text,true,,5441,338,246,246,https://pabsa.impressicocrm.com/api/tournament/119922/matches,2297,0,0
1680594037703,1867,Get Home page currency,200,,Knock_out_Thread Group 1-900,text,true,,9153,321,246,246,https://pabsa.impressicocrm.com/api/currency,1867,0,0
1680594037653,1918,Home page ,200,OK,Knock_out_Thread Group 1-987,text,true,,3033,309,246,246,https://pabsa.impressicocrm.com/,1917,0,1311
1680594037833,1743,Get single knockout Player details,200,,Knock_out_Thread Group 1-819,text,true,,1210,326,246,246,https://pabsa.impressicocrm.com/api/player/110368,1743,0,0
1680594038654,923,Home page ,200,OK,Knock_out_Thread Group 1-997,text,true,,3033,309,246,246,https://pabsa.impressicocrm.com/,923,0,668
1680594037815,1766,Get single knockout Player details,200,,Knock_out_Thread Group 1-815,text,true,,1210,326,246,246,https://pabsa.impressicocrm.com/api/player/110368,1766,0,0
1680594037509,2072,Get Break list ,200,,Knock_out_Thread Group 1-871,text,true,,3218,338,246,246,https://pabsa.impressicocrm.com/api/tournament/119922/players,2072,0,0
1680594036940,2645,Get Players schedule,200,,Knock_out_Thread Group 1-834,text,true,,5441,338,246,246,https://pabsa.impressicocrm.com/api/tournament/119922/matches,2645,0,0
1680594038753,835,Home page ,200,OK,Knock_out_Thread Group 1-998,text,true,,3033,309,246,246,https://pabsa.impressicocrm.com/,835,0,742
1680594037544,2050,Get Players list ,200,,Knock_out_Thread Group 1-881,text,true,,3218,338,246,246,https://pabsa.impressicocrm.com/api/tournament/119922/players,2050,0,0
1680594037634,1961,Get Home page currency,200,,Knock_out_Thread Group 1-920,text,true,,9153,321,246,246,https://pabsa.impressicocrm.com/api/currency,1961,0,0
1680594037694,1903,Get Break list ,200,,Knock_out_Thread Group 1-884,text,true,,3218,338,246,246,https://pabsa.impressicocrm.com/api/tournament/119922/players,1903,0,0
1680594035552,4053,Home page ,200,OK,Knock_out_Thread Group 1-966,text,true,,3033,309,246,246,https://pabsa.impressicocrm.com/,4052,0,3960
1680594037444,2169,Get tournament result,200,,Knock_out_Thread Group 1-799,text,true,,5435,338,246,246,https://pabsa.impressicocrm.com/api/tournament/119922/matches,2169,0,0
1680594037841,1778,Get single knockout Player details,200,,Knock_out_Thread Group 1-806,text,true,,1210,326,246,246,https://pabsa.impressicocrm.com/api/player/110368,1778,0,0
1680594037441,2184,Get playerA_Vs_playerB,200,,Knock_out_Thread Group 1-759,text,true,,1239,341,246,246,https://pabsa.impressicocrm.com/api/tournament/matchScore/147598,2184,0,0
1680594037833,1805,Get playerA_Vs_playerB,200,,Knock_out_Thread Group 1-786,text,true,,1239,341,245,245,https://pabsa.impressicocrm.com/api/tournament/matchScore/147598,1805,0,0
1680594035806,3834,Get Home page currency,200,,Knock_out_Thread Group 1-901,text,true,,9160,321,244,244,https://pabsa.impressicocrm.com/api/currency,3834,0,0
1680594037597,2045,Get Home page currency,200,,Knock_out_Thread Group 1-908,text,true,,9160,321,244,244,https://pabsa.impressicocrm.com/api/currency,2045,0,0
1680594037462,2186,Get Players schedule,200,,Knock_out_Thread Group 1-842,text,true,,5441,338,244,244,https://pabsa.impressicocrm.com/api/tournament/119922/matches,2186,0,0
1680594037125,2526,Get Players schedule,200,,Knock_out_Thread Group 1-840,text,true,,5441,338,245,245,https://pabsa.impressicocrm.com/api/tournament/119922/matches,2526,0,0
1680594035352,4299,Home page ,200,OK,Knock_out_Thread Group 1-964,text,true,,3033,309,245,245,https://pabsa.impressicocrm.com/,4299,0,4165
1680594034453,5199,Home page ,200,OK,Knock_out_Thread Group 1-955,text,true,,3033,309,245,245,https://pabsa.impressicocrm.com/,5198,0,5124
1680594033853,5799,Home page ,200,OK,Knock_out_Thread Group 1-949,text,true,,3033,309,245,245,https://pabsa.impressicocrm.com/,5798,0,5724
1680594035452,4202,Home page ,200,OK,Knock_out_Thread Group 1-965,text,true,,3033,309,245,245,https://pabsa.impressicocrm.com/,4202,0,3516
1680594037649,2011,Get Home page currency,200,,Knock_out_Thread Group 1-917,text,true,,9153,321,245,245,https://pabsa.impressicocrm.com/api/currency,2011,0,0
1680594034352,5314,Home page ,200,OK,Knock_out_Thread Group 1-954,text,true,,3033,309,245,245,https://pabsa.impressicocrm.com/,5314,0,4970
1680594037703,1972,Get Players list ,200,,Knock_out_Thread Group 1-892,text,true,,3218,338,245,245,https://pabsa.impressicocrm.com/api/tournament/119922/players,1972,0,0
1680594037234,2446,Get Home page currency,200,,Knock_out_Thread Group 1-885,text,true,,9160,321,245,245,https://pabsa.impressicocrm.com/api/currency,2445,0,0
1680594037590,2090,Get Break list ,200,,Knock_out_Thread Group 1-882,text,true,,3218,338,245,245,https://pabsa.impressicocrm.com/api/tournament/119922/players,2090,0,0
1680594037116,2572,Get Players schedule,200,,Knock_out_Thread Group 1-827,text,true,,5441,338,245,245,https://pabsa.impressicocrm.com/api/tournament/119922/matches,2572,0,0
1680594037453,2238,Home page ,200,OK,Knock_out_Thread Group 1-985,text,true,,3033,309,245,245,https://pabsa.impressicocrm.com/,2237,0,2147
1680594034553,5142,Home page ,200,OK,Knock_out_Thread Group 1-956,text,true,,3033,309,245,245,https://pabsa.impressicocrm.com/,5142,0,5065
1680594039452,292,Home page ,200,OK,Knock_out_Thread Group 1-1005,text,true,,3033,309,245,245,https://pabsa.impressicocrm.com/,292,0,223
1680594037860,1913,Get Break list ,200,,Knock_out_Thread Group 1-883,text,true,,3218,338,246,246,https://pabsa.impressicocrm.com/api/tournament/119922/players,1913,0,0
1680594037462,2311,Get Players schedule,200,,Knock_out_Thread Group 1-831,text,true,,5435,338,246,246,https://pabsa.impressicocrm.com/api/tournament/119922/matches,2311,0,0
1680594037580,2201,Get playerA_Vs_playerB,200,,Knock_out_Thread Group 1-776,text,true,,1239,341,246,246,https://pabsa.impressicocrm.com/api/tournament/matchScore/147598,2201,0,0
1680594037946,1837,Get single knockout Player details,200,,Knock_out_Thread Group 1-811,text,true,,1210,326,245,245,https://pabsa.impressicocrm.com/api/player/110368,1837,0,0
1680594037877,1911,Get playerA_Vs_playerB,200,,Knock_out_Thread Group 1-770,text,true,,1239,341,245,245,https://pabsa.impressicocrm.com/api/tournament/matchScore/147598,1911,0,0
1680594037593,2199,Get tournament result,200,,Knock_out_Thread Group 1-768,text,true,,5441,338,244,244,https://pabsa.impressicocrm.com/api/tournament/119922/matches,2199,0,0
1680594037866,1958,Get Break list ,200,,Knock_out_Thread Group 1-858,text,true,,3218,338,244,244,https://pabsa.impressicocrm.com/api/tournament/119922/players,1958,0,0
1680594037332,2492,Get tournament result,200,,Knock_out_Thread Group 1-803,text,true,,5435,338,244,244,https://pabsa.impressicocrm.com/api/tournament/119922/matches,2492,0,0
1680594039552,283,Home page ,200,OK,Knock_out_Thread Group 1-1006,text,true,,3033,309,244,244,https://pabsa.impressicocrm.com/,283,0,226
1680594037998,1846,Get single knockout Player details,200,,Knock_out_Thread Group 1-769,text,true,,1210,326,244,244,https://pabsa.impressicocrm.com/api/player/110368,1846,0,0
1680594037873,1971,Get Break list ,200,,Knock_out_Thread Group 1-875,text,true,,3218,338,244,244,https://pabsa.impressicocrm.com/api/tournament/119922/players,1971,0,0
1680594037738,2106,Get Players schedule,200,,Knock_out_Thread Group 1-825,text,true,,5441,338,244,244,https://pabsa.impressicocrm.com/api/tournament/119922/matches,2106,0,0
1680594037814,2033,Get tournament result,200,,Knock_out_Thread Group 1-810,text,true,,5441,338,244,244,https://pabsa.impressicocrm.com/api/tournament/119922/matches,2033,0,0
1680594037829,2022,Get Players schedule,200,,Knock_out_Thread Group 1-851,text,true,,5441,338,244,244,https://pabsa.impressicocrm.com/api/tournament/119922/matches,2022,0,0
1680594037861,1994,Get Home page currency,200,,Knock_out_Thread Group 1-930,text,true,,9160,321,245,245,https://pabsa.impressicocrm.com/api/currency,1994,0,0
1680594037673,2182,Get tournament result,200,,Knock_out_Thread Group 1-771,text,true,,5441,338,245,245,https://pabsa.impressicocrm.com/api/tournament/119922/matches,2182,0,0
1680594037978,1880,Get playerA_Vs_playerB,200,,Knock_out_Thread Group 1-754,text,true,,1239,341,245,245,https://pabsa.impressicocrm.com/api/tournament/matchScore/147598,1880,0,0
1680594036352,3520,Home page ,200,OK,Knock_out_Thread Group 1-974,text,true,,3033,309,244,244,https://pabsa.impressicocrm.com/,3520,0,3328
1680594037829,2050,Get single knockout Player details,200,,Knock_out_Thread Group 1-828,text,true,,1210,326,244,244,https://pabsa.impressicocrm.com/api/player/110368,2050,0,0
1680594037438,2441,Get Break list ,200,,Knock_out_Thread Group 1-866,text,true,,3218,338,244,244,https://pabsa.impressicocrm.com/api/tournament/119922/players,2441,0,0
1680594038015,1884,Get Players list ,200,,Knock_out_Thread Group 1-903,text,true,,3218,338,244,244,https://pabsa.impressicocrm.com/api/tournament/119922/players,1884,0,0
1680594037370,2537,Get Home page currency,200,,Knock_out_Thread Group 1-923,text,true,,9160,321,244,244,https://pabsa.impressicocrm.com/api/currency,2537,0,0
1680594037814,2109,Get Players schedule,200,,Knock_out_Thread Group 1-841,text,true,,5441,338,244,244,https://pabsa.impressicocrm.com/api/tournament/119922/matches,2109,0,0
1680594037946,1989,Get knockout players list ,200,,Knock_out_Thread Group 1-846,text,true,,4598,340,244,244,https://pabsa.impressicocrm.com/api/tournament/118871/knockouts,1989,0,0
1680594037365,2596,Get Players schedule,200,,Knock_out_Thread Group 1-843,text,true,,5435,338,245,245,https://pabsa.impressicocrm.com/api/tournament/119922/matches,2595,0,0
1680594037866,2123,Get Home page currency,200,,Knock_out_Thread Group 1-890,text,true,,9160,321,245,245,https://pabsa.impressicocrm.com/api/currency,2123,0,0
1680594038112,1877,Get knockout players list ,200,,Knock_out_Thread Group 1-821,text,true,,4598,340,245,245,https://pabsa.impressicocrm.com/api/tournament/118871/knockouts,1877,0,0
1680594038452,1547,Home page ,200,OK,Knock_out_Thread Group 1-995,text,true,,3033,309,245,245,https://pabsa.impressicocrm.com/,1547,0,1399
1680594037947,2055,Get Break list ,200,,Knock_out_Thread Group 1-856,text,true,,3218,338,245,245,https://pabsa.impressicocrm.com/api/tournament/119922/players,2055,0,0
1680594037728,2280,Get Home page currency,200,,Knock_out_Thread Group 1-913,text,true,,9160,321,245,245,https://pabsa.impressicocrm.com/api/currency,2280,0,0
1680594033552,6486,Home page ,200,OK,Knock_out_Thread Group 1-946,text,true,,3033,309,245,245,https://pabsa.impressicocrm.com/,6485,0,6409
1680594038061,1981,Get Break list ,200,,Knock_out_Thread Group 1-891,text,true,,3218,338,245,245,https://pabsa.impressicocrm.com/api/tournament/119922/players,1981,0,0
1680594038126,1916,Get knockout players list ,200,,Knock_out_Thread Group 1-756,text,true,,4598,340,245,245,https://pabsa.impressicocrm.com/api/tournament/118871/knockouts,1916,0,0
1680594039751,291,Home page ,200,OK,Knock_out_Thread Group 1-1008,text,true,,3033,309,245,245,https://pabsa.impressicocrm.com/,291,0,220
1680594038046,2033,Get knockout players list ,200,,Knock_out_Thread Group 1-813,text,true,,4598,340,246,246,https://pabsa.impressicocrm.com/api/tournament/118871/knockouts,2033,0,0
1680594037859,2226,Get Players schedule,200,,Knock_out_Thread Group 1-865,text,true,,5441,338,246,246,https://pabsa.impressicocrm.com/api/tournament/119922/matches,2226,0,0
1680594038116,1969,Get Home page currency,200,,Knock_out_Thread Group 1-918,text,true,,9160,321,246,246,https://pabsa.impressicocrm.com/api/currency,1969,0,0
1680594038134,1965,Get playerA_Vs_playerB,200,,Knock_out_Thread Group 1-743,text,true,,1239,341,246,246,https://pabsa.impressicocrm.com/api/tournament/matchScore/147598,1965,0,0
1680594038205,1920,Get knockout players list ,200,,Knock_out_Thread Group 1-820,text,true,,4591,340,245,245,https://pabsa.impressicocrm.com/api/tournament/118871/knockouts,1920,0,0
1680594037301,2854,Get tournamnent list ,200,,Knock_out_Thread Group 1-941,text,true,,58880,389,246,246,https://pabsa.impressicocrm.com/api/tournament?limit=12&pageNumber=1&sportType=&tournamentName=&tournamentStyle=,2194,0,0
1680594039824,336,Get Players schedule,200,,Knock_out_Thread Group 1-858,text,true,,5441,338,246,246,https://pabsa.impressicocrm.com/api/tournament/119922/matches,336,0,0
1680594038004,2167,Get tournament result,200,,Knock_out_Thread Group 1-837,text,true,,5441,338,246,246,https://pabsa.impressicocrm.com/api/tournament/119922/matches,2167,0,0
1680594037881,2298,Get tournament result,200,,Knock_out_Thread Group 1-781,text,true,,5441,338,246,246,https://pabsa.impressicocrm.com/api/tournament/119922/matches,2298,0,0
1680594038181,1998,Get Players list ,200,,Knock_out_Thread Group 1-876,text,true,,3218,338,246,246,https://pabsa.impressicocrm.com/api/tournament/119922/players,1998,0,0
1680594035564,4620,Get tournamnent list ,200,,Knock_out_Thread Group 1-927,text,true,,58888,389,246,246,https://pabsa.impressicocrm.com/api/tournament?limit=12&pageNumber=1&sportType=&tournamentName=&tournamentStyle=,2726,0,0
1680594038028,2163,Get Players schedule,200,,Knock_out_Thread Group 1-859,text,true,,5435,338,246,246,https://pabsa.impressicocrm.com/api/tournament/119922/matches,2163,0,0
1680594038193,2001,Get playerA_Vs_playerB,200,,Knock_out_Thread Group 1-801,text,true,,1239,341,246,246,https://pabsa.impressicocrm.com/api/tournament/matchScore/147598,2001,0,0
1680594038015,2182,Get playerA_Vs_playerB,200,,Knock_out_Thread Group 1-778,text,true,,1239,341,245,245,https://pabsa.impressicocrm.com/api/tournament/matchScore/147598,2182,0,0
1680594038215,1990,Get knockout players list ,200,,Knock_out_Thread Group 1-823,text,true,,4591,340,244,244,https://pabsa.impressicocrm.com/api/tournament/118871/knockouts,1990,0,0
1680594037946,2264,Get tournament result,200,,Knock_out_Thread Group 1-788,text,true,,5435,338,244,244,https://pabsa.impressicocrm.com/api/tournament/119922/matches,2264,0,0
1680594037151,3062,Get tournament result,200,,Knock_out_Thread Group 1-800,text,true,,5441,338,244,244,https://pabsa.impressicocrm.com/api/tournament/119922/matches,3062,0,0
1680594038239,1981,Get playerA_Vs_playerB,200,,Knock_out_Thread Group 1-747,text,true,,1239,341,244,244,https://pabsa.impressicocrm.com/api/tournament/matchScore/147598,1981,0,0
1680594035253,4968,Home page ,200,OK,Knock_out_Thread Group 1-963,text,true,,3033,309,243,243,https://pabsa.impressicocrm.com/,4968,0,4609
1680594039652,574,Home page ,200,OK,Knock_out_Thread Group 1-1007,text,true,,3033,309,243,243,https://pabsa.impressicocrm.com/,574,0,508
1680594037516,2717,Get knockout players list ,200,,Knock_out_Thread Group 1-774,text,true,,4598,340,243,243,https://pabsa.impressicocrm.com/api/tournament/118871/knockouts,2717,0,0
1680594039352,909,Home page ,200,OK,Knock_out_Thread Group 1-1004,text,true,,3033,309,244,244,https://pabsa.impressicocrm.com/,909,0,761
1680594037946,2319,Get Players list ,200,,Knock_out_Thread Group 1-872,text,true,,3218,338,244,244,https://pabsa.impressicocrm.com/api/tournament/119922/players,2319,0,0
1680594038041,2257,Get Players schedule,200,,Knock_out_Thread Group 1-861,text,true,,5441,338,244,244,https://pabsa.impressicocrm.com/api/tournament/119922/matches,2257,0,0
1680594038147,2151,Get Players list ,200,,Knock_out_Thread Group 1-836,text,true,,3218,338,244,244,https://pabsa.impressicocrm.com/api/tournament/119922/players,2151,0,0
1680594038266,2039,Get knockout players list ,200,,Knock_out_Thread Group 1-862,text,true,,4598,340,244,244,https://pabsa.impressicocrm.com/api/tournament/118871/knockouts,2039,0,0
1680594038134,2173,Get Players schedule,200,,Knock_out_Thread Group 1-864,text,true,,5441,338,244,244,https://pabsa.impressicocrm.com/api/tournament/119922/matches,2172,0,0
1680594039953,360,Home page ,200,OK,Knock_out_Thread Group 1-1010,text,true,,3033,309,244,244,https://pabsa.impressicocrm.com/,360,0,274
1680594038952,1365,Home page ,200,OK,Knock_out_Thread Group 1-1000,text,true,,3033,309,244,244,https://pabsa.impressicocrm.com/,1365,0,1218
1680594040054,270,Home page ,200,OK,Knock_out_Thread Group 1-1011,text,true,,3033,309,244,244,https://pabsa.impressicocrm.com/,269,0,201
1680594038266,2065,Get Break list ,200,,Knock_out_Thread Group 1-911,text,true,,3218,338,244,244,https://pabsa.impressicocrm.com/api/tournament/119922/players,2065,0,0
1680594038276,2087,Get knockout players list ,200,,Knock_out_Thread Group 1-833,text,true,,4598,340,245,245,https://pabsa.impressicocrm.com/api/tournament/118871/knockouts,2087,0,0
1680594038116,2249,Get tournament result,200,,Knock_out_Thread Group 1-809,text,true,,5441,338,245,245,https://pabsa.impressicocrm.com/api/tournament/119922/matches,2249,0,0
1680594038028,2348,Get Home page currency,200,,Knock_out_Thread Group 1-910,text,true,,9153,321,245,245,https://pabsa.impressicocrm.com/api/currency,2348,0,0
1680594038061,2319,Get Players schedule,200,,Knock_out_Thread Group 1-868,text,true,,5435,338,245,245,https://pabsa.impressicocrm.com/api/tournament/119922/matches,2319,0,0
1680594037567,2827,Get Break list ,200,,Knock_out_Thread Group 1-863,text,true,,3218,338,245,245,https://pabsa.impressicocrm.com/api/tournament/119922/players,2827,0,0
1680594038226,2192,Get tournament result,200,,Knock_out_Thread Group 1-793,text,true,,5441,338,245,245,https://pabsa.impressicocrm.com/api/tournament/119922/matches,2192,0,0
1680594038397,2042,Get playerA_Vs_playerB,200,,Knock_out_Thread Group 1-795,text,true,,1239,341,245,245,https://pabsa.impressicocrm.com/api/tournament/matchScore/147598,2042,0,0
1680594038230,2219,Get tournament result,200,,Knock_out_Thread Group 1-802,text,true,,5441,338,244,244,https://pabsa.impressicocrm.com/api/tournament/119922/matches,2219,0,0
1680594038128,2321,Get Players list ,200,,Knock_out_Thread Group 1-896,text,true,,3218,338,244,244,https://pabsa.impressicocrm.com/api/tournament/119922/players,2321,0,0
1680594039852,598,Home page ,200,OK,Knock_out_Thread Group 1-1009,text,true,,3033,309,244,244,https://pabsa.impressicocrm.com/,598,0,524
1680594038165,2288,Get knockout players list ,200,,Knock_out_Thread Group 1-854,text,true,,4598,340,245,245,https://pabsa.impressicocrm.com/api/tournament/118871/knockouts,2288,0,0
1680594038273,2191,Get Players schedule,200,,Knock_out_Thread Group 1-860,text,true,,5441,338,245,245,https://pabsa.impressicocrm.com/api/tournament/119922/matches,2191,0,0
1680594038441,2029,Get playerA_Vs_playerB,200,,Knock_out_Thread Group 1-767,text,true,,1239,341,245,245,https://pabsa.impressicocrm.com/api/tournament/matchScore/147598,2029,0,0
1680594038230,2240,Get tournament result,200,,Knock_out_Thread Group 1-805,text,true,,5435,338,245,245,https://pabsa.impressicocrm.com/api/tournament/119922/matches,2240,0,0
1680594038361,2116,Get Home page currency,200,,Knock_out_Thread Group 1-928,text,true,,9160,321,244,244,https://pabsa.impressicocrm.com/api/currency,2116,0,0
1680594038140,2367,Get Home page currency,200,,Knock_out_Thread Group 1-912,text,true,,9160,321,244,244,https://pabsa.impressicocrm.com/api/currency,2367,0,0
1680594039153,1361,Home page ,200,OK,Knock_out_Thread Group 1-1002,text,true,,3033,309,244,244,https://pabsa.impressicocrm.com/,1361,0,1145
1680594038465,2067,Get Players list ,200,,Knock_out_Thread Group 1-915,text,true,,3218,338,244,244,https://pabsa.impressicocrm.com/api/tournament/119922/players,2067,0,0
1680594038622,1915,Get knockout players list ,200,,Knock_out_Thread Group 1-832,text,true,,4598,340,244,244,https://pabsa.impressicocrm.com/api/tournament/118871/knockouts,1915,0,0
1680594038519,2032,Get playerA_Vs_playerB,200,,Knock_out_Thread Group 1-757,text,true,,1239,341,244,244,https://pabsa.impressicocrm.com/api/tournament/matchScore/147598,2032,0,0
1680594036749,3805,Get tournament result,200,,Knock_out_Thread Group 1-780,text,true,,5441,338,244,244,https://pabsa.impressicocrm.com/api/tournament/119922/matches,3805,0,0
1680594038461,2100,Get Break list ,200,,Knock_out_Thread Group 1-894,text,true,,3218,338,244,244,https://pabsa.impressicocrm.com/api/tournament/119922/players,2100,0,0
1680594040252,336,Home page ,200,OK,Knock_out_Thread Group 1-1013,text,true,,3033,309,244,244,https://pabsa.impressicocrm.com/,336,0,255
1680594038317,2294,Get Players schedule,200,,Knock_out_Thread Group 1-857,text,true,,5441,338,244,244,https://pabsa.impressicocrm.com/api/tournament/119922/matches,2294,0,0
1680594038251,2360,Get Home page currency,200,,Knock_out_Thread Group 1-939,text,true,,9160,321,244,244,https://pabsa.impressicocrm.com/api/currency,2360,0,0
1680594038564,2047,Get Players list ,200,,Knock_out_Thread Group 1-921,text,true,,3218,338,244,244,https://pabsa.impressicocrm.com/api/tournament/119922/players,2047,0,0
1680594038317,2297,Get playerA_Vs_playerB,200,,Knock_out_Thread Group 1-758,text,true,,1239,341,244,244,https://pabsa.impressicocrm.com/api/tournament/matchScore/147598,2297,0,0
1680594038602,2012,Get Break list ,200,,Knock_out_Thread Group 1-897,text,true,,3218,338,244,244,https://pabsa.impressicocrm.com/api/tournament/119922/players,2012,0,0
1680594038727,1906,Get single knockout Player details,200,,Knock_out_Thread Group 1-765,text,true,,1210,326,243,243,https://pabsa.impressicocrm.com/api/player/110368,1906,0,0
1680594038331,2317,Get Home page currency,200,,Knock_out_Thread Group 1-931,text,true,,9160,321,243,243,https://pabsa.impressicocrm.com/api/currency,2317,0,0
1680594037190,3493,Get tournamnent list ,200,,Knock_out_Thread Group 1-942,text,true,,58865,389,244,244,https://pabsa.impressicocrm.com/api/tournament?limit=12&pageNumber=1&sportType=&tournamentName=&tournamentStyle=,2313,0,0
1680594040352,375,Home page ,200,OK,Knock_out_Thread Group 1-1014,text,true,,3033,309,244,244,https://pabsa.impressicocrm.com/,375,0,278
1680594040153,602,Home page ,200,OK,Knock_out_Thread Group 1-1012,text,true,,3033,309,245,245,https://pabsa.impressicocrm.com/,602,0,526
1680594038732,2024,Get Home page country ,200,,Knock_out_Thread Group 1-951,text,true,,17270,320,245,245,https://pabsa.impressicocrm.com/api/country,2024,0,0
1680594038892,1891,Get playerA_Vs_playerB,200,,Knock_out_Thread Group 1-777,text,true,,1239,341,245,245,https://pabsa.impressicocrm.com/api/tournament/matchScore/147598,1891,0,0
1680594038732,2055,Get Home page country ,200,,Knock_out_Thread Group 1-967,text,true,,17270,320,244,244,https://pabsa.impressicocrm.com/api/country,2054,0,0
1680594039069,1728,Get single knockout Player details,200,,Knock_out_Thread Group 1-830,text,true,,1210,326,244,244,https://pabsa.impressicocrm.com/api/player/110368,1728,0,0
1680594039034,1822,Get playerA_Vs_playerB,200,,Knock_out_Thread Group 1-732,text,true,,1239,341,245,245,https://pabsa.impressicocrm.com/api/tournament/matchScore/147598,1822,0,0
1680594039147,1717,Get knockout players list ,200,,Knock_out_Thread Group 1-838,text,true,,4598,340,244,244,https://pabsa.impressicocrm.com/api/tournament/118871/knockouts,1717,0,0
1680594038422,2456,Get Players schedule,200,,Knock_out_Thread Group 1-855,text,true,,5441,338,244,244,https://pabsa.impressicocrm.com/api/tournament/119922/matches,2456,0,0
1680594039092,1802,Get Home page country ,200,,Knock_out_Thread Group 1-982,text,true,,17270,320,244,244,https://pabsa.impressicocrm.com/api/country,1802,0,0
1680594038477,2428,Get knockout players list ,200,,Knock_out_Thread Group 1-812,text,true,,4598,340,244,244,https://pabsa.impressicocrm.com/api/tournament/118871/knockouts,2428,0,0
1680594038629,2281,Get Players schedule,200,,Knock_out_Thread Group 1-850,text,true,,5441,338,244,244,https://pabsa.impressicocrm.com/api/tournament/119922/matches,2281,0,0
1680594040552,358,Home page ,200,OK,Knock_out_Thread Group 1-1016,text,true,,3033,309,244,244,https://pabsa.impressicocrm.com/,358,0,265
1680594038797,2118,Get Home page country ,200,,Knock_out_Thread Group 1-971,text,true,,17270,320,244,244,https://pabsa.impressicocrm.com/api/country,2118,0,0
1680594039153,1762,Get playerA_Vs_playerB,200,,Knock_out_Thread Group 1-784,text,true,,1239,341,244,244,https://pabsa.impressicocrm.com/api/tournament/matchScore/147598,1762,0,0
1680594038968,1971,Get Players list ,200,,Knock_out_Thread Group 1-909,text,true,,3218,338,243,243,https://pabsa.impressicocrm.com/api/tournament/119922/players,1971,0,0
1680594038803,2140,Get Home page country ,200,,Knock_out_Thread Group 1-959,text,true,,17255,320,243,243,https://pabsa.impressicocrm.com/api/country,2081,0,0
1680594038797,2153,Get Home page country ,200,,Knock_out_Thread Group 1-978,text,true,,17270,320,243,243,https://pabsa.impressicocrm.com/api/country,2153,0,0
1680594039153,1802,Get playerA_Vs_playerB,200,,Knock_out_Thread Group 1-783,text,true,,1239,341,244,244,https://pabsa.impressicocrm.com/api/tournament/matchScore/147598,1802,0,0
1680594038229,2726,Get Players schedule,200,,Knock_out_Thread Group 1-869,text,true,,5441,338,244,244,https://pabsa.impressicocrm.com/api/tournament/119922/matches,2726,0,0
1680594039106,1872,Get knockout players list ,200,,Knock_out_Thread Group 1-848,text,true,,4598,340,243,243,https://pabsa.impressicocrm.com/api/tournament/118871/knockouts,1872,0,0
1680594038629,2358,Get tournament result,200,,Knock_out_Thread Group 1-822,text,true,,5441,338,243,243,https://pabsa.impressicocrm.com/api/tournament/119922/matches,2357,0,0
1680594039234,1753,Get Players list ,200,,Knock_out_Thread Group 1-924,text,true,,3218,338,243,243,https://pabsa.impressicocrm.com/api/tournament/119922/players,1753,0,0
1680594038870,2118,Get single knockout Player details,200,,Knock_out_Thread Group 1-835,text,true,,1210,326,243,243,https://pabsa.impressicocrm.com/api/player/110368,2118,0,0
1680594039134,1877,Get Home page country ,200,,Knock_out_Thread Group 1-991,text,true,,17270,320,243,243,https://pabsa.impressicocrm.com/api/country,1877,0,0
1680594039144,1867,Get Home page country ,200,,Knock_out_Thread Group 1-973,text,true,,17270,320,243,243,https://pabsa.impressicocrm.com/api/country,1867,0,0
1680594039222,1789,Get Players list ,200,,Knock_out_Thread Group 1-906,text,true,,3218,338,243,243,https://pabsa.impressicocrm.com/api/tournament/119922/players,1789,0,0
1680594039058,1987,Get tournament result,200,,Knock_out_Thread Group 1-797,text,true,,5441,338,243,243,https://pabsa.impressicocrm.com/api/tournament/119922/matches,1987,0,0
1680594039138,1907,Get tournament result,200,,Knock_out_Thread Group 1-804,text,true,,5441,338,243,243,https://pabsa.impressicocrm.com/api/tournament/119922/matches,1907,0,0
1680594037790,3267,Get tournamnent list ,200,,Knock_out_Thread Group 1-937,text,true,,58880,389,244,244,https://pabsa.impressicocrm.com/api/tournament?limit=12&pageNumber=1&sportType=&tournamentName=&tournamentStyle=,2226,0,0
1680594038924,2134,Get knockout players list ,200,,Knock_out_Thread Group 1-816,text,true,,4598,340,244,244,https://pabsa.impressicocrm.com/api/tournament/118871/knockouts,2134,0,0
1680594039009,2058,Get single knockout Player details,200,,Knock_out_Thread Group 1-824,text,true,,1210,326,244,244,https://pabsa.impressicocrm.com/api/player/110368,2058,0,0
1680594039123,1946,Get Players schedule,200,,Knock_out_Thread Group 1-867,text,true,,5435,338,244,244,https://pabsa.impressicocrm.com/api/tournament/119922/matches,1946,0,0
1680594038242,2873,Get tournament result,200,,Knock_out_Thread Group 1-791,text,true,,5441,338,244,244,https://pabsa.impressicocrm.com/api/tournament/119922/matches,2873,0,0
1680594038721,2403,Get Home page country ,200,,Knock_out_Thread Group 1-970,text,true,,17270,320,244,244,https://pabsa.impressicocrm.com/api/country,2403,0,0
1680594039387,1757,Get Break list ,200,,Knock_out_Thread Group 1-893,text,true,,3218,338,244,244,https://pabsa.impressicocrm.com/api/tournament/119922/players,1757,0,0
1680594038467,2678,Get Home page currency,200,,Knock_out_Thread Group 1-940,text,true,,9160,321,244,244,https://pabsa.impressicocrm.com/api/currency,2678,0,0
1680594038427,2732,Get tournament result,200,,Knock_out_Thread Group 1-779,text,true,,5441,338,245,245,https://pabsa.impressicocrm.com/api/tournament/119922/matches,2732,0,0
1680594039253,1906,Get Players schedule,200,,Knock_out_Thread Group 1-878,text,true,,5441,338,245,245,https://pabsa.impressicocrm.com/api/tournament/119922/matches,1906,0,0
1680594038793,2366,Get Home page currency,200,,Knock_out_Thread Group 1-933,text,true,,9160,321,245,245,https://pabsa.impressicocrm.com/api/currency,2366,0,0
1680594038807,2372,Get Home page country ,200,,Knock_out_Thread Group 1-968,text,true,,17270,320,245,245,https://pabsa.impressicocrm.com/api/country,2372,0,0
1680594038780,2402,Get Players list ,200,,Knock_out_Thread Group 1-899,text,true,,3218,338,245,245,https://pabsa.impressicocrm.com/api/tournament/119922/players,2402,0,0
1680594038258,2930,Get tournament result,200,,Knock_out_Thread Group 1-792,text,true,,5441,338,245,245,https://pabsa.impressicocrm.com/api/tournament/119922/matches,2930,0,0
1680594039379,1828,Get Players list ,200,,Knock_out_Thread Group 1-898,text,true,,3218,338,245,245,https://pabsa.impressicocrm.com/api/tournament/119922/players,1828,0,0
1680594038976,2237,Get knockout players list ,200,,Knock_out_Thread Group 1-853,text,true,,4598,340,245,245,https://pabsa.impressicocrm.com/api/tournament/118871/knockouts,2237,0,0
1680594039444,1773,Get Players list ,200,,Knock_out_Thread Group 1-904,text,true,,3218,338,245,245,https://pabsa.impressicocrm.com/api/tournament/119922/players,1773,0,0
1680594039116,2104,Get Players list ,200,,Knock_out_Thread Group 1-925,text,true,,3218,338,245,245,https://pabsa.impressicocrm.com/api/tournament/119922/players,2104,0,0
1680594039526,1740,Get single knockout Player details,200,,Knock_out_Thread Group 1-826,text,true,,1210,326,246,246,https://pabsa.impressicocrm.com/api/player/110368,1740,0,0
1680594038864,2402,Get Home page country ,200,,Knock_out_Thread Group 1-990,text,true,,17270,320,246,246,https://pabsa.impressicocrm.com/api/country,2402,0,0
1680594039253,2013,Home page ,200,OK,Knock_out_Thread Group 1-1003,text,true,,3033,309,246,246,https://pabsa.impressicocrm.com/,2013,0,1867
1680594039521,1749,Get single knockout Player details,200,,Knock_out_Thread Group 1-818,text,true,,1210,326,246,246,https://pabsa.impressicocrm.com/api/player/110368,1749,0,0
1680594038052,3218,Get Home page currency,200,,Knock_out_Thread Group 1-935,text,true,,9153,321,246,246,https://pabsa.impressicocrm.com/api/currency,3218,0,0
1680594039413,1857,Get Home page country ,200,,Knock_out_Thread Group 1-981,text,true,,17270,320,246,246,https://pabsa.impressicocrm.com/api/country,1857,0,0
1680594038732,2538,Get single knockout Player details,200,,Knock_out_Thread Group 1-817,text,true,,1210,326,246,246,https://pabsa.impressicocrm.com/api/player/110368,2538,0,0
1680594036816,4454,Get tournamnent list ,200,,Knock_out_Thread Group 1-936,text,true,,58880,389,246,246,https://pabsa.impressicocrm.com/api/tournament?limit=12&pageNumber=1&sportType=&tournamentName=&tournamentStyle=,2809,0,0
1680594035730,5540,Get tournamnent list ,200,,Knock_out_Thread Group 1-934,text,true,,58880,389,246,246,https://pabsa.impressicocrm.com/api/tournament?limit=12&pageNumber=1&sportType=&tournamentName=&tournamentStyle=,4509,0,0
1680594039363,1907,Get Home page country ,200,,Knock_out_Thread Group 1-980,text,true,,17270,320,246,246,https://pabsa.impressicocrm.com/api/country,1907,0,0
1680594039311,1964,Get Players schedule,200,,Knock_out_Thread Group 1-879,text,true,,5441,338,246,246,https://pabsa.impressicocrm.com/api/tournament/119922/matches,1964,0,0
1680594039183,2092,Get Home page country ,200,,Knock_out_Thread Group 1-947,text,true,,17270,320,246,246,https://pabsa.impressicocrm.com/api/country,2092,0,0
1680594039092,2183,Get Home page country ,200,,Knock_out_Thread Group 1-975,text,true,,17270,320,246,246,https://pabsa.impressicocrm.com/api/country,2183,0,0
1680594038373,2906,Get Players schedule,200,,Knock_out_Thread Group 1-889,text,true,,5441,338,246,246,https://pabsa.impressicocrm.com/api/tournament/119922/matches,2906,0,0
1680594039495,1784,Get Players schedule,200,,Knock_out_Thread Group 1-888,text,true,,5441,338,246,246,https://pabsa.impressicocrm.com/api/tournament/119922/matches,1784,0,0
1680594038961,2326,Get Home page country ,200,,Knock_out_Thread Group 1-960,text,true,,17270,320,246,246,https://pabsa.impressicocrm.com/api/country,1960,0,0
1680594039496,1797,Get knockout players list ,200,,Knock_out_Thread Group 1-847,text,true,,4598,340,246,246,https://pabsa.impressicocrm.com/api/tournament/118871/knockouts,1797,0,0
1680594039363,1940,Get Players schedule,200,,Knock_out_Thread Group 1-877,text,true,,5441,338,246,246,https://pabsa.impressicocrm.com/api/tournament/119922/matches,1940,0,0
1680594038792,2517,Get Home page country ,200,,Knock_out_Thread Group 1-953,text,true,,17270,320,246,246,https://pabsa.impressicocrm.com/api/country,2163,0,0
1680594038797,2526,Get Home page country ,200,,Knock_out_Thread Group 1-943,text,true,,17270,320,246,246,https://pabsa.impressicocrm.com/api/country,2526,0,0
1680594039257,2066,Get Home page country ,200,,Knock_out_Thread Group 1-992,text,true,,17270,320,246,246,https://pabsa.impressicocrm.com/api/country,2066,0,0
1680594038859,2470,Get Home page country ,200,,Knock_out_Thread Group 1-979,text,true,,17270,320,246,246,https://pabsa.impressicocrm.com/api/country,2470,0,0
1680594039526,1803,Get playerA_Vs_playerB,200,,Knock_out_Thread Group 1-772,text,true,,1239,341,246,246,https://pabsa.impressicocrm.com/api/tournament/matchScore/147598,1803,0,0
1680594038896,2445,Get Home page country ,200,,Knock_out_Thread Group 1-950,text,true,,17270,320,245,245,https://pabsa.impressicocrm.com/api/country,2444,0,0
1680594039495,1850,Get Players list ,200,,Knock_out_Thread Group 1-895,text,true,,3218,338,245,245,https://pabsa.impressicocrm.com/api/tournament/119922/players,1850,0,0
1680594039366,1982,Get knockout players list ,200,,Knock_out_Thread Group 1-852,text,true,,4591,340,245,245,https://pabsa.impressicocrm.com/api/tournament/118871/knockouts,1982,0,0
1680594038754,2598,Get Home page country ,200,,Knock_out_Thread Group 1-944,text,true,,17270,320,246,246,https://pabsa.impressicocrm.com/api/country,2598,0,0
1680594038792,2560,Get Break list ,200,,Knock_out_Thread Group 1-886,text,true,,3218,338,246,246,https://pabsa.impressicocrm.com/api/tournament/119922/players,2560,0,0
1680594039267,2088,Get Players list ,200,,Knock_out_Thread Group 1-907,text,true,,3218,338,246,246,https://pabsa.impressicocrm.com/api/tournament/119922/players,2088,0,0
1680594040452,903,Home page ,200,OK,Knock_out_Thread Group 1-1015,text,true,,3033,309,246,246,https://pabsa.impressicocrm.com/,903,0,270
1680594039541,1816,Get playerA_Vs_playerB,200,,Knock_out_Thread Group 1-796,text,true,,1239,341,246,246,https://pabsa.impressicocrm.com/api/tournament/matchScore/147598,1816,0,0
1680594039231,2144,Get Home page country ,200,,Knock_out_Thread Group 1-969,text,true,,17270,320,245,245,https://pabsa.impressicocrm.com/api/country,2048,0,0
1680594039495,1880,Get knockout players list ,200,,Knock_out_Thread Group 1-839,text,true,,4598,340,245,245,https://pabsa.impressicocrm.com/api/tournament/118871/knockouts,1880,0,0
1680594039273,2116,Get Players schedule,200,,Knock_out_Thread Group 1-873,text,true,,5441,338,245,245,https://pabsa.impressicocrm.com/api/tournament/119922/matches,2116,0,0
1680594039571,1818,Get knockout players list ,200,,Knock_out_Thread Group 1-829,text,true,,4598,340,245,245,https://pabsa.impressicocrm.com/api/tournament/118871/knockouts,1818,0,0
1680594039298,2094,Get Players schedule,200,,Knock_out_Thread Group 1-874,text,true,,5441,338,245,245,https://pabsa.impressicocrm.com/api/tournament/119922/matches,2094,0,0
1680594039571,1821,Get Players list ,200,,Knock_out_Thread Group 1-900,text,true,,3218,338,245,245,https://pabsa.impressicocrm.com/api/tournament/119922/players,1821,0,0
1680594038501,2903,Get Players schedule,200,,Knock_out_Thread Group 1-845,text,true,,5441,338,245,245,https://pabsa.impressicocrm.com/api/tournament/119922/matches,2903,0,0
1680594039560,1844,Get Players list ,200,,Knock_out_Thread Group 1-926,text,true,,3218,338,245,245,https://pabsa.impressicocrm.com/api/tournament/119922/players,1844,0,0
1680594039388,2022,Get playerA_Vs_playerB,200,,Knock_out_Thread Group 1-794,text,true,,1239,341,245,245,https://pabsa.impressicocrm.com/api/tournament/matchScore/147598,2022,0,0
1680594038870,2540,Get Players schedule,200,,Knock_out_Thread Group 1-880,text,true,,5441,338,245,245,https://pabsa.impressicocrm.com/api/tournament/119922/matches,2540,0,0
1680594039433,1977,Get playerA_Vs_playerB,200,,Knock_out_Thread Group 1-798,text,true,,1239,341,245,245,https://pabsa.impressicocrm.com/api/tournament/matchScore/147598,1977,0,0
1680594039496,1918,Get Home page country ,200,,Knock_out_Thread Group 1-977,text,true,,17255,320,243,243,https://pabsa.impressicocrm.com/api/country,1849,0,0
1680594038741,2678,Get Home page country ,200,,Knock_out_Thread Group 1-957,text,true,,17270,320,243,243,https://pabsa.impressicocrm.com/api/country,2678,0,0
1680594039518,1902,Get Home page country ,200,,Knock_out_Thread Group 1-999,text,true,,17270,320,243,243,https://pabsa.impressicocrm.com/api/country,1902,0,0
1680594039498,1922,Get tournament result,200,,Knock_out_Thread Group 1-787,text,true,,5441,338,243,243,https://pabsa.impressicocrm.com/api/tournament/119922/matches,1922,0,0
1680594039521,1905,Get Players list ,200,,Knock_out_Thread Group 1-914,text,true,,3218,338,243,243,https://pabsa.impressicocrm.com/api/tournament/119922/players,1905,0,0
1680594038803,2636,Get Home page country ,200,,Knock_out_Thread Group 1-962,text,true,,17270,320,243,243,https://pabsa.impressicocrm.com/api/country,2574,0,0
1680594038968,2471,Get knockout players list ,200,,Knock_out_Thread Group 1-849,text,true,,4598,340,243,243,https://pabsa.impressicocrm.com/api/tournament/118871/knockouts,2471,0,0
1680594041152,290,Home page ,200,OK,Knock_out_Thread Group 1-1022,text,true,,3033,309,243,243,https://pabsa.impressicocrm.com/,290,0,221
1680594038754,2698,Get Home page currency,200,,Knock_out_Thread Group 1-919,text,true,,9160,321,243,243,https://pabsa.impressicocrm.com/api/currency,2698,0,0
1680594040853,599,Home page ,200,OK,Knock_out_Thread Group 1-1019,text,true,,3033,309,244,244,https://pabsa.impressicocrm.com/,599,0,522
1680594039571,1900,Get Home page country ,200,,Knock_out_Thread Group 1-987,text,true,,17270,320,244,244,https://pabsa.impressicocrm.com/api/country,1900,0,0
1680594039613,1873,Get playerA_Vs_playerB,200,,Knock_out_Thread Group 1-799,text,true,,1239,341,244,244,https://pabsa.impressicocrm.com/api/tournament/matchScore/147598,1873,0,0
1680594039586,1909,Get knockout players list ,200,,Knock_out_Thread Group 1-834,text,true,,4598,340,243,243,https://pabsa.impressicocrm.com/api/tournament/118871/knockouts,1909,0,0
1680594039649,1851,Get knockout players list ,200,,Knock_out_Thread Group 1-842,text,true,,4598,340,243,243,https://pabsa.impressicocrm.com/api/tournament/118871/knockouts,1851,0,0
1680594039595,1961,Get Break list ,200,,Knock_out_Thread Group 1-881,text,true,,3218,338,244,244,https://pabsa.impressicocrm.com/api/tournament/119922/players,1961,0,0
1680594038854,2702,Get Home page country ,200,,Knock_out_Thread Group 1-958,text,true,,17270,320,244,244,https://pabsa.impressicocrm.com/api/country,2702,0,0
1680594039222,2334,Get Home page country ,200,,Knock_out_Thread Group 1-984,text,true,,17270,320,244,244,https://pabsa.impressicocrm.com/api/country,2334,0,0
1680594041500,73,Get single knockout Player details,200,,Knock_out_Thread Group 1-842,text,true,,1210,326,244,244,https://pabsa.impressicocrm.com/api/player/110368,73,0,0
1680594039642,1931,Get Players list ,200,,Knock_out_Thread Group 1-908,text,true,,3218,338,244,244,https://pabsa.impressicocrm.com/api/tournament/119922/players,1931,0,0
1680594034674,6910,Get tournamnent list ,200,,Knock_out_Thread Group 1-922,text,true,,58880,389,244,244,https://pabsa.impressicocrm.com/api/tournament?limit=12&pageNumber=1&sportType=&tournamentName=&tournamentStyle=,3042,0,0
1680594039675,1925,Get Break list ,200,,Knock_out_Thread Group 1-892,text,true,,3218,338,244,244,https://pabsa.impressicocrm.com/api/tournament/119922/players,1925,0,0
1680594041053,547,Home page ,200,OK,Knock_out_Thread Group 1-1021,text,true,,3033,309,244,244,https://pabsa.impressicocrm.com/,547,0,476
1680594039577,2036,Get tournament result,200,,Knock_out_Thread Group 1-819,text,true,,5441,338,244,244,https://pabsa.impressicocrm.com/api/tournament/119922/matches,2036,0,0
1680594039640,1977,Get Players list ,200,,Knock_out_Thread Group 1-901,text,true,,3218,338,244,244,https://pabsa.impressicocrm.com/api/tournament/119922/players,1977,0,0
1680594038745,2881,Get Home page country ,200,,Knock_out_Thread Group 1-961,text,true,,17270,320,244,244,https://pabsa.impressicocrm.com/api/country,2880,0,0
1680594039660,1965,Get Players list ,200,,Knock_out_Thread Group 1-917,text,true,,3218,338,244,244,https://pabsa.impressicocrm.com/api/tournament/119922/players,1965,0,0
1680594039597,2044,Get Players schedule,200,,Knock_out_Thread Group 1-884,text,true,,5441,338,244,244,https://pabsa.impressicocrm.com/api/tournament/119922/matches,2044,0,0
1680594039399,2242,Get tournament result,200,,Knock_out_Thread Group 1-782,text,true,,5441,338,244,244,https://pabsa.impressicocrm.com/api/tournament/119922/matches,2241,0,0
1680594039652,1989,Get knockout players list ,200,,Knock_out_Thread Group 1-840,text,true,,4598,340,244,244,https://pabsa.impressicocrm.com/api/tournament/118871/knockouts,1988,0,0
1680594039688,1960,Get knockout players list ,200,,Knock_out_Thread Group 1-827,text,true,,4598,340,244,244,https://pabsa.impressicocrm.com/api/tournament/118871/knockouts,1960,0,0
1680594039582,2068,Get tournament result,200,,Knock_out_Thread Group 1-815,text,true,,5441,338,244,244,https://pabsa.impressicocrm.com/api/tournament/119922/matches,2068,0,0
1680594039792,1860,Get playerA_Vs_playerB,200,,Knock_out_Thread Group 1-768,text,true,,1239,341,245,245,https://pabsa.impressicocrm.com/api/tournament/matchScore/147598,1860,0,0
1680594039053,2607,Home page ,200,OK,Knock_out_Thread Group 1-1001,text,true,,3033,309,244,244,https://pabsa.impressicocrm.com/,2607,0,2062
1680594039138,2524,Get Home page currency,200,,Knock_out_Thread Group 1-902,text,true,,9160,321,244,244,https://pabsa.impressicocrm.com/api/currency,2524,0,0
1680594039523,2146,Get Players schedule,200,,Knock_out_Thread Group 1-870,text,true,,5441,338,244,244,https://pabsa.impressicocrm.com/api/tournament/119922/matches,2146,0,0
1680594040754,918,Home page ,200,OK,Knock_out_Thread Group 1-1018,text,true,,3033,309,244,244,https://pabsa.impressicocrm.com/,918,0,827
1680594039824,1863,Get playerA_Vs_playerB,200,,Knock_out_Thread Group 1-803,text,true,,1239,341,244,244,https://pabsa.impressicocrm.com/api/tournament/matchScore/147598,1863,0,0
1680594039589,2125,Get Home page country ,200,,Knock_out_Thread Group 1-998,text,true,,17270,320,243,243,https://pabsa.impressicocrm.com/api/country,2125,0,0
1680594039847,1874,Get playerA_Vs_playerB,200,,Knock_out_Thread Group 1-810,text,true,,1239,341,243,243,https://pabsa.impressicocrm.com/api/tournament/matchScore/147598,1874,0,0
1680594039652,2069,Get Home page country ,200,,Knock_out_Thread Group 1-955,text,true,,17270,320,243,243,https://pabsa.impressicocrm.com/api/country,2069,0,0
1680594039680,2044,Get Players list ,200,,Knock_out_Thread Group 1-885,text,true,,3218,338,242,242,https://pabsa.impressicocrm.com/api/tournament/119922/players,2044,0,0
1680594039015,2718,Get playerA_Vs_playerB,200,,Knock_out_Thread Group 1-775,text,true,,1239,341,242,242,https://pabsa.impressicocrm.com/api/tournament/matchScore/147598,2718,0,0
1680594039034,2703,Get tournament result,200,,Knock_out_Thread Group 1-807,text,true,,5441,338,241,241,https://pabsa.impressicocrm.com/api/tournament/119922/matches,2703,0,0
1680594039605,2178,Get Home page country ,200,,Knock_out_Thread Group 1-966,text,true,,17270,320,242,242,https://pabsa.impressicocrm.com/api/country,2171,0,0
1680594039691,2094,Get Home page country ,200,,Knock_out_Thread Group 1-985,text,true,,17270,320,242,242,https://pabsa.impressicocrm.com/api/country,2094,0,0
1680594039923,1877,Get knockout players list ,200,,Knock_out_Thread Group 1-841,text,true,,4598,340,242,242,https://pabsa.impressicocrm.com/api/tournament/118871/knockouts,1877,0,0
1680594039582,2223,Get Players schedule,200,,Knock_out_Thread Group 1-871,text,true,,5435,338,242,242,https://pabsa.impressicocrm.com/api/tournament/119922/matches,2223,0,0
1680594039990,1818,Get single knockout Player details,200,,Knock_out_Thread Group 1-821,text,true,,1210,326,242,242,https://pabsa.impressicocrm.com/api/player/110368,1818,0,0
1680594038972,2857,Get knockout players list ,200,,Knock_out_Thread Group 1-844,text,true,,4598,340,242,242,https://pabsa.impressicocrm.com/api/tournament/118871/knockouts,2857,0,0
1680594039620,2211,Get tournament result,200,,Knock_out_Thread Group 1-806,text,true,,5441,338,242,242,https://pabsa.impressicocrm.com/api/tournament/119922/matches,2211,0,0
1680594038882,2978,Get Players list ,200,,Knock_out_Thread Group 1-938,text,true,,3218,338,243,243,https://pabsa.impressicocrm.com/api/tournament/119922/players,2978,0,0
1680594039417,2447,Get Home page country ,200,,Knock_out_Thread Group 1-994,text,true,,17270,320,243,243,https://pabsa.impressicocrm.com/api/country,2348,0,0
1680594038732,3162,Get Players list ,200,,Knock_out_Thread Group 1-905,text,true,,3218,338,243,243,https://pabsa.impressicocrm.com/api/tournament/119922/players,3162,0,0
1680594039961,1943,Get knockout players list ,200,,Knock_out_Thread Group 1-843,text,true,,4598,340,243,243,https://pabsa.impressicocrm.com/api/tournament/118871/knockouts,1943,0,0
1680594039595,2319,Get Players list ,200,,Knock_out_Thread Group 1-920,text,true,,3218,338,243,243,https://pabsa.impressicocrm.com/api/tournament/119922/players,2319,0,0
1680594039783,2151,Get tournament result,200,,Knock_out_Thread Group 1-811,text,true,,5441,338,243,243,https://pabsa.impressicocrm.com/api/tournament/119922/matches,2151,0,0
1680594040172,1771,Get playerA_Vs_playerB,200,,Knock_out_Thread Group 1-837,text,true,,1239,341,243,243,https://pabsa.impressicocrm.com/api/tournament/matchScore/147598,1771,0,0
1680594040179,1775,Get playerA_Vs_playerB,200,,Knock_out_Thread Group 1-781,text,true,,1239,341,243,243,https://pabsa.impressicocrm.com/api/tournament/matchScore/147598,1775,0,0
1680594040306,1658,Get single knockout Player details,200,,Knock_out_Thread Group 1-862,text,true,,1210,326,242,242,https://pabsa.impressicocrm.com/api/player/110368,1658,0,0
1680594040160,1808,Get knockout players list ,200,,Knock_out_Thread Group 1-858,text,true,,4598,340,242,242,https://pabsa.impressicocrm.com/api/tournament/118871/knockouts,1808,0,0
1680594039836,2138,Get Home page country ,200,,Knock_out_Thread Group 1-1006,text,true,,17270,320,242,242,https://pabsa.impressicocrm.com/api/country,2073,0,0
1680594040307,1671,Get knockout players list ,200,,Knock_out_Thread Group 1-864,text,true,,4591,340,242,242,https://pabsa.impressicocrm.com/api/tournament/118871/knockouts,1671,0,0
1680594038433,3551,Get tournament result,200,,Knock_out_Thread Group 1-789,text,true,,5441,338,242,242,https://pabsa.impressicocrm.com/api/tournament/119922/matches,3551,0,0
1680594039241,2750,Get Home page country ,200,,Knock_out_Thread Group 1-993,text,true,,17270,320,242,242,https://pabsa.impressicocrm.com/api/country,2750,0,0
1680594039577,2417,Get Home page country ,200,,Knock_out_Thread Group 1-997,text,true,,17270,320,242,242,https://pabsa.impressicocrm.com/api/country,2010,0,0
1680594040085,1909,Get knockout players list ,200,,Knock_out_Thread Group 1-865,text,true,,4598,340,242,242,https://pabsa.impressicocrm.com/api/tournament/118871/knockouts,1909,0,0
1680594040363,1635,Get single knockout Player details,200,,Knock_out_Thread Group 1-833,text,true,,1210,326,242,242,https://pabsa.impressicocrm.com/api/player/110368,1635,0,0
1680594039845,2159,Get tournament result,200,,Knock_out_Thread Group 1-769,text,true,,5441,338,242,242,https://pabsa.impressicocrm.com/api/tournament/119922/matches,2159,0,0
1680594040155,1853,Get Home page currency,200,,Knock_out_Thread Group 1-941,text,true,,9160,321,242,242,https://pabsa.impressicocrm.com/api/currency,1853,0,0
1680594041453,556,Home page ,200,OK,Knock_out_Thread Group 1-1025,text,true,,3033,309,242,242,https://pabsa.impressicocrm.com/,556,0,497
1680594040214,1831,Get playerA_Vs_playerB,200,,Knock_out_Thread Group 1-800,text,true,,1239,341,242,242,https://pabsa.impressicocrm.com/api/tournament/matchScore/147598,1831,0,0
1680594040324,1728,Get Home page country ,200,,Knock_out_Thread Group 1-1011,text,true,,17270,320,242,242,https://pabsa.impressicocrm.com/api/country,1728,0,0
1680594040042,2011,Get Home page country ,200,,Knock_out_Thread Group 1-1008,text,true,,17270,320,242,242,https://pabsa.impressicocrm.com/api/country,2010,0,0
1680594039652,2410,Get Home page country ,200,,Knock_out_Thread Group 1-949,text,true,,17255,320,242,242,https://pabsa.impressicocrm.com/api/country,2409,0,0
1680594040453,1609,Get single knockout Player details,200,,Knock_out_Thread Group 1-854,text,true,,1210,326,242,242,https://pabsa.impressicocrm.com/api/player/110368,1608,0,0
1680594041011,1051,Get tournamnent list ,200,,Knock_out_Thread Group 1-973,text,true,,58880,389,242,242,https://pabsa.impressicocrm.com/api/tournament?limit=12&pageNumber=1&sportType=&tournamentName=&tournamentStyle=,425,0,0
1680594040464,1598,Get knockout players list ,200,,Knock_out_Thread Group 1-860,text,true,,4598,340,242,242,https://pabsa.impressicocrm.com/api/tournament/118871/knockouts,1597,0,0
1680594040191,1871,Get knockout players list ,200,,Knock_out_Thread Group 1-859,text,true,,4591,340,242,242,https://pabsa.impressicocrm.com/api/tournament/118871/knockouts,1871,0,0
1680594040365,1707,Get playerA_Vs_playerB,200,,Knock_out_Thread Group 1-809,text,true,,1239,341,242,242,https://pabsa.impressicocrm.com/api/tournament/matchScore/147598,1707,0,0
1680594039845,2231,Get knockout players list ,200,,Knock_out_Thread Group 1-825,text,true,,4598,340,241,241,https://pabsa.impressicocrm.com/api/tournament/118871/knockouts,2231,0,0
1680594040419,1660,Get playerA_Vs_playerB,200,,Knock_out_Thread Group 1-793,text,true,,1239,341,241,241,https://pabsa.impressicocrm.com/api/tournament/matchScore/147598,1660,0,0
1680594039879,2200,Get tournament result,200,,Knock_out_Thread Group 1-828,text,true,,5441,338,241,241,https://pabsa.impressicocrm.com/api/tournament/119922/matches,2200,0,0
1680594040537,1552,Get single knockout Player details,200,,Knock_out_Thread Group 1-832,text,true,,1210,326,240,240,https://pabsa.impressicocrm.com/api/player/110368,1552,0,0
1680594040450,1645,Get playerA_Vs_playerB,200,,Knock_out_Thread Group 1-802,text,true,,1239,341,240,240,https://pabsa.impressicocrm.com/api/tournament/matchScore/147598,1645,0,0
1680594040227,1881,Get Home page country ,200,,Knock_out_Thread Group 1-1007,text,true,,17270,320,239,239,https://pabsa.impressicocrm.com/api/country,1878,0,0
1680594040470,1638,Get playerA_Vs_playerB,200,,Knock_out_Thread Group 1-805,text,true,,1239,341,239,239,https://pabsa.impressicocrm.com/api/tournament/matchScore/147598,1638,0,0
1680594039845,2263,Get Players schedule,200,,Knock_out_Thread Group 1-875,text,true,,5435,338,239,239,https://pabsa.impressicocrm.com/api/tournament/119922/matches,2263,0,0
1680594040313,1795,Get Home page country ,200,,Knock_out_Thread Group 1-1010,text,true,,17270,320,239,239,https://pabsa.impressicocrm.com/api/country,1795,0,0
1680594040450,1665,Get Break list ,200,,Knock_out_Thread Group 1-896,text,true,,3218,338,238,238,https://pabsa.impressicocrm.com/api/tournament/119922/players,1665,0,0
1680594039652,2463,Get Home page country ,200,,Knock_out_Thread Group 1-964,text,true,,17270,320,238,238,https://pabsa.impressicocrm.com/api/country,2463,0,0
1680594034152,7966,Home page ,200,OK,Knock_out_Thread Group 1-952,text,true,,3033,309,238,238,https://pabsa.impressicocrm.com/,7966,0,7798
1680594039936,2204,Get single knockout Player details,200,,Knock_out_Thread Group 1-846,text,true,,1210,326,238,238,https://pabsa.impressicocrm.com/api/player/110368,2204,0,0
1680594039990,2150,Get Players list ,200,,Knock_out_Thread Group 1-890,text,true,,3218,338,238,238,https://pabsa.impressicocrm.com/api/tournament/119922/players,2150,0,0
1680594040003,2166,Get Players schedule,200,,Knock_out_Thread Group 1-856,text,true,,5441,338,239,239,https://pabsa.impressicocrm.com/api/tournament/119922/matches,2166,0,0
1680594040532,1644,Get Break list ,200,,Knock_out_Thread Group 1-915,text,true,,3218,338,239,239,https://pabsa.impressicocrm.com/api/tournament/119922/players,1644,0,0
1680594040080,2106,Get single knockout Player details,200,,Knock_out_Thread Group 1-813,text,true,,1210,326,239,239,https://pabsa.impressicocrm.com/api/player/110368,2106,0,0
1680594034881,7305,Get tournamnent list ,200,,Knock_out_Thread Group 1-932,text,true,,58888,389,239,239,https://pabsa.impressicocrm.com/api/tournament?limit=12&pageNumber=1&sportType=&tournamentName=&tournamentStyle=,2073,0,0
1680594038968,3225,Get Home page country ,200,,Knock_out_Thread Group 1-988,text,true,,17270,320,239,239,https://pabsa.impressicocrm.com/api/country,3225,0,0
1680594040554,1641,Get playerA_Vs_playerB,200,,Knock_out_Thread Group 1-780,text,true,,1239,341,239,239,https://pabsa.impressicocrm.com/api/tournament/matchScore/147598,1641,0,0
1680594041554,647,Home page ,200,OK,Knock_out_Thread Group 1-1026,text,true,,3033,309,238,238,https://pabsa.impressicocrm.com/,647,0,579
1680594039851,2357,Get knockout players list ,200,,Knock_out_Thread Group 1-851,text,true,,4598,340,238,238,https://pabsa.impressicocrm.com/api/tournament/118871/knockouts,2357,0,0
1680594040478,1730,Get Players list ,200,,Knock_out_Thread Group 1-928,text,true,,3218,338,238,238,https://pabsa.impressicocrm.com/api/tournament/119922/players,1730,0,0
1680594040611,1597,Get Players list ,200,,Knock_out_Thread Group 1-939,text,true,,3218,338,238,238,https://pabsa.impressicocrm.com/api/tournament/119922/players,1597,0,0
1680594040864,1348,Get single knockout Player details,200,,Knock_out_Thread Group 1-838,text,true,,1210,326,238,238,https://pabsa.impressicocrm.com/api/player/110368,1348,0,0
1680594039907,2310,Get Players list ,200,,Knock_out_Thread Group 1-923,text,true,,3218,338,238,238,https://pabsa.impressicocrm.com/api/tournament/119922/players,2310,0,0
1680594040298,1928,Get Break list ,200,,Knock_out_Thread Group 1-836,text,true,,3218,338,238,238,https://pabsa.impressicocrm.com/api/tournament/119922/players,1928,0,0
1680594038564,3668,Get Players list ,200,,Knock_out_Thread Group 1-887,text,true,,3218,338,238,238,https://pabsa.impressicocrm.com/api/tournament/119922/players,3668,0,0
1680594040906,1330,Get single knockout Player details,200,,Knock_out_Thread Group 1-812,text,true,,1210,326,238,238,https://pabsa.impressicocrm.com/api/player/110368,1330,0,0
1680594040507,1729,Get Players list ,200,,Knock_out_Thread Group 1-912,text,true,,3218,338,238,238,https://pabsa.impressicocrm.com/api/tournament/119922/players,1729,0,0
1680594040205,2038,Get single knockout Player details,200,,Knock_out_Thread Group 1-823,text,true,,1210,326,238,238,https://pabsa.impressicocrm.com/api/player/110368,2038,0,0
1680594039773,2470,Get Players schedule,200,,Knock_out_Thread Group 1-883,text,true,,5441,338,238,238,https://pabsa.impressicocrm.com/api/tournament/119922/matches,2470,0,0
1680594040085,2168,Get Players list ,200,,Knock_out_Thread Group 1-918,text,true,,3218,338,239,239,https://pabsa.impressicocrm.com/api/tournament/119922/players,2168,0,0
1680594040298,1965,Get knockout players list ,200,,Knock_out_Thread Group 1-861,text,true,,4598,340,239,239,https://pabsa.impressicocrm.com/api/tournament/118871/knockouts,1965,0,0
1680594039880,2390,Get Players schedule,200,,Knock_out_Thread Group 1-866,text,true,,5441,338,239,239,https://pabsa.impressicocrm.com/api/tournament/119922/matches,2390,0,0
1680594040653,1617,Home page ,200,OK,Knock_out_Thread Group 1-1017,text,true,,3033,309,239,239,https://pabsa.impressicocrm.com/,1617,0,1462
1680594040684,1589,Get Home page currency,200,,Knock_out_Thread Group 1-942,text,true,,9160,321,239,239,https://pabsa.impressicocrm.com/api/currency,1589,0,0
1680594040953,1329,Home page ,200,OK,Knock_out_Thread Group 1-1020,text,true,,3033,309,239,239,https://pabsa.impressicocrm.com/,1329,0,1259
1680594040233,2050,Get single knockout Player details,200,,Knock_out_Thread Group 1-774,text,true,,1210,326,239,239,https://pabsa.impressicocrm.com/api/player/110368,2050,0,0
1680594040221,2063,Get Home page country ,200,,Knock_out_Thread Group 1-963,text,true,,17270,320,239,239,https://pabsa.impressicocrm.com/api/country,2062,0,0
1680594040910,1385,Get knockout players list ,200,,Knock_out_Thread Group 1-850,text,true,,4598,340,239,239,https://pabsa.impressicocrm.com/api/tournament/118871/knockouts,1385,0,0
1680594041653,644,Home page ,200,OK,Knock_out_Thread Group 1-1027,text,true,,3033,309,239,239,https://pabsa.impressicocrm.com/,644,0,559
1680594040727,1573,Get Home page country ,200,,Knock_out_Thread Group 1-1014,text,true,,17270,320,239,239,https://pabsa.impressicocrm.com/api/country,1570,0,0
1680594039856,2444,Get playerA_Vs_playerB,200,,Knock_out_Thread Group 1-771,text,true,,1239,341,239,239,https://pabsa.impressicocrm.com/api/tournament/matchScore/147598,2444,0,0
1680594039695,2614,Get Home page country ,200,,Knock_out_Thread Group 1-956,text,true,,17255,320,238,238,https://pabsa.impressicocrm.com/api/country,2613,0,0
1680594040000,2335,Get Home page country ,200,,Knock_out_Thread Group 1-995,text,true,,17270,320,238,238,https://pabsa.impressicocrm.com/api/country,2335,0,0
1680594040261,2074,Get Home page country ,200,,Knock_out_Thread Group 1-1004,text,true,,17270,320,238,238,https://pabsa.impressicocrm.com/api/country,2074,0,0
1680594040910,1425,Get Home page country ,200,,Knock_out_Thread Group 1-1016,text,true,,17270,320,238,238,https://pabsa.impressicocrm.com/api/country,1425,0,0
1680594040648,1687,Get Players list ,200,,Knock_out_Thread Group 1-931,text,true,,3218,338,238,238,https://pabsa.impressicocrm.com/api/tournament/119922/players,1687,0,0
1680594040211,2129,Get playerA_Vs_playerB,200,,Knock_out_Thread Group 1-788,text,true,,1239,341,238,238,https://pabsa.impressicocrm.com/api/tournament/matchScore/147598,2129,0,0
1680594040042,2300,Get Players schedule,200,,Knock_out_Thread Group 1-891,text,true,,5441,338,237,237,https://pabsa.impressicocrm.com/api/tournament/119922/matches,2300,0,0
1680594040756,1612,Get Home page country ,200,,Knock_out_Thread Group 1-1012,text,true,,17270,320,238,238,https://pabsa.impressicocrm.com/api/country,1612,0,0
1680594040611,1771,Get knockout players list ,200,,Knock_out_Thread Group 1-857,text,true,,4598,340,238,238,https://pabsa.impressicocrm.com/api/tournament/118871/knockouts,1771,0,0
1680594040879,1532,Get knockout players list ,200,,Knock_out_Thread Group 1-855,text,true,,4598,340,238,238,https://pabsa.impressicocrm.com/api/tournament/118871/knockouts,1532,0,0
1680594040939,1483,Get Break list ,200,,Knock_out_Thread Group 1-909,text,true,,3218,338,238,238,https://pabsa.impressicocrm.com/api/tournament/119922/players,1483,0,0
1680594040376,2057,Get Players list ,200,,Knock_out_Thread Group 1-910,text,true,,3218,338,238,238,https://pabsa.impressicocrm.com/api/tournament/119922/players,2057,0,0
1680594040515,1926,Get Home page country ,200,,Knock_out_Thread Group 1-1002,text,true,,17270,320,238,238,https://pabsa.impressicocrm.com/api/country,1832,0,0
1680594040394,2062,Get Players schedule,200,,Knock_out_Thread Group 1-863,text,true,,5441,338,239,239,https://pabsa.impressicocrm.com/api/tournament/119922/matches,2062,0,0
1680594040380,2081,Get knockout players list ,200,,Knock_out_Thread Group 1-868,text,true,,4598,340,239,239,https://pabsa.impressicocrm.com/api/tournament/118871/knockouts,2081,0,0
1680594039856,2605,Get Players list ,200,,Knock_out_Thread Group 1-930,text,true,,3218,338,239,239,https://pabsa.impressicocrm.com/api/tournament/119922/players,2605,0,0
1680594039568,2906,Get playerA_Vs_playerB,200,,Knock_out_Thread Group 1-790,text,true,,1239,341,239,239,https://pabsa.impressicocrm.com/api/tournament/matchScore/147598,2906,0,0
1680594040125,2377,Get single knockout Player details,200,,Knock_out_Thread Group 1-820,text,true,,1210,326,238,238,https://pabsa.impressicocrm.com/api/player/110368,2377,0,0
1680594040956,1556,Get knockout players list ,200,,Knock_out_Thread Group 1-869,text,true,,4598,340,238,238,https://pabsa.impressicocrm.com/api/tournament/118871/knockouts,1556,0,0
1680594040008,2539,Get Players list ,200,,Knock_out_Thread Group 1-913,text,true,,3218,338,238,238,https://pabsa.impressicocrm.com/api/tournament/119922/players,2539,0,0
1680594040332,2228,Get Players schedule,200,,Knock_out_Thread Group 1-911,text,true,,5441,338,239,239,https://pabsa.impressicocrm.com/api/tournament/119922/matches,2228,0,0
1680594038647,3919,Get Home page currency,200,,Knock_out_Thread Group 1-916,text,true,,9160,321,239,239,https://pabsa.impressicocrm.com/api/currency,3919,0,0
1680594040987,1579,Get Break list ,200,,Knock_out_Thread Group 1-924,text,true,,3218,338,239,239,https://pabsa.impressicocrm.com/api/tournament/119922/players,1579,0,0
1680594041045,1548,Get playerA_Vs_playerB,200,,Knock_out_Thread Group 1-804,text,true,,1239,341,239,239,https://pabsa.impressicocrm.com/api/tournament/matchScore/147598,1548,0,0
1680594039667,2934,Get Home page country ,200,,Knock_out_Thread Group 1-954,text,true,,17270,320,238,238,https://pabsa.impressicocrm.com/api/country,2871,0,0
1680594040589,2023,Get Home page country ,200,,Knock_out_Thread Group 1-1013,text,true,,17270,320,238,238,https://pabsa.impressicocrm.com/api/country,2023,0,0
1680594039655,2972,Get Home page country ,200,,Knock_out_Thread Group 1-965,text,true,,17270,320,238,238,https://pabsa.impressicocrm.com/api/country,2970,0,0
1680594039680,2947,Get Players schedule,200,,Knock_out_Thread Group 1-882,text,true,,5441,338,238,238,https://pabsa.impressicocrm.com/api/tournament/119922/matches,2947,0,0
1680594041115,1514,Get playerA_Vs_playerB,200,,Knock_out_Thread Group 1-791,text,true,,1239,341,238,238,https://pabsa.impressicocrm.com/api/tournament/matchScore/147598,1514,0,0
1680594040633,2013,Get tournament result,200,,Knock_out_Thread Group 1-765,text,true,,5441,338,237,237,https://pabsa.impressicocrm.com/api/tournament/119922/matches,2013,0,0
1680594040450,2203,Get Home page country ,200,,Knock_out_Thread Group 1-1009,text,true,,17270,320,238,238,https://pabsa.impressicocrm.com/api/country,2203,0,0
1680594040318,2339,Get Home page country ,200,,Knock_out_Thread Group 1-1000,text,true,,17270,320,238,238,https://pabsa.impressicocrm.com/api/country,2339,0,0
1680594040266,2393,Get Break list ,200,,Knock_out_Thread Group 1-872,text,true,,3218,338,238,238,https://pabsa.impressicocrm.com/api/tournament/119922/players,2393,0,0
1680594038050,4609,Get knockout players list ,200,,Knock_out_Thread Group 1-814,text,true,,4591,340,238,238,https://pabsa.impressicocrm.com/api/tournament/118871/knockouts,4609,0,0
1680594040797,1866,Get tournament result,200,,Knock_out_Thread Group 1-830,text,true,,5435,338,238,238,https://pabsa.impressicocrm.com/api/tournament/119922/matches,1866,0,0
1680594040978,1707,Get single knockout Player details,200,,Knock_out_Thread Group 1-848,text,true,,1210,326,238,238,https://pabsa.impressicocrm.com/api/player/110368,1707,0,0
1680594041069,1616,Get knockout players list ,200,,Knock_out_Thread Group 1-867,text,true,,4598,340,238,238,https://pabsa.impressicocrm.com/api/tournament/118871/knockouts,1616,0,0
1680594041145,1548,Get Players list ,200,,Knock_out_Thread Group 1-940,text,true,,3218,338,238,238,https://pabsa.impressicocrm.com/api/tournament/119922/players,1548,0,0
1680594041189,1543,Get playerA_Vs_playerB,200,,Knock_out_Thread Group 1-792,text,true,,1239,341,238,238,https://pabsa.impressicocrm.com/api/tournament/matchScore/147598,1543,0,0
1680594040989,1743,Get tournament result,200,,Knock_out_Thread Group 1-835,text,true,,5441,338,238,238,https://pabsa.impressicocrm.com/api/tournament/119922/matches,1743,0,0
1680594040179,2553,Get Break list ,200,,Knock_out_Thread Group 1-876,text,true,,3218,338,238,238,https://pabsa.impressicocrm.com/api/tournament/119922/players,2553,0,0
1680594041213,1519,Get single knockout Player details,200,,Knock_out_Thread Group 1-853,text,true,,1210,326,238,238,https://pabsa.impressicocrm.com/api/player/110368,1519,0,0
1680594041160,1584,Get playerA_Vs_playerB,200,,Knock_out_Thread Group 1-779,text,true,,1239,341,237,237,https://pabsa.impressicocrm.com/api/tournament/matchScore/147598,1584,0,0
1680594040614,2132,Get Players schedule,200,,Knock_out_Thread Group 1-897,text,true,,5435,338,236,236,https://pabsa.impressicocrm.com/api/tournament/119922/matches,2132,0,0
1680594039900,2853,Get Break list ,200,,Knock_out_Thread Group 1-903,text,true,,3218,338,237,237,https://pabsa.impressicocrm.com/api/tournament/119922/players,2853,0,0
1680594042659,94,Get single knockout Player details,200,,Knock_out_Thread Group 1-814,text,true,,1210,326,237,237,https://pabsa.impressicocrm.com/api/player/110368,94,0,0
1680594041207,1564,Get Break list ,200,,Knock_out_Thread Group 1-898,text,true,,3218,338,237,237,https://pabsa.impressicocrm.com/api/tournament/119922/players,1564,0,0
1680594040612,2201,Get Break list ,200,,Knock_out_Thread Group 1-921,text,true,,3218,338,237,237,https://pabsa.impressicocrm.com/api/tournament/119922/players,2201,0,0
1680594040987,1829,Get playerA_Vs_playerB,200,,Knock_out_Thread Group 1-822,text,true,,1239,341,237,237,https://pabsa.impressicocrm.com/api/tournament/matchScore/147598,1829,0,0
1680594042733,93,Get playerA_Vs_playerB,200,,Knock_out_Thread Group 1-835,text,true,,1239,341,236,236,https://pabsa.impressicocrm.com/api/tournament/matchScore/147598,93,0,0
1680594041160,1666,Get Players list ,200,,Knock_out_Thread Group 1-933,text,true,,3218,338,236,236,https://pabsa.impressicocrm.com/api/tournament/119922/players,1666,0,0
1680594040185,2649,Get Home page currency,200,,Knock_out_Thread Group 1-927,text,true,,9160,321,235,235,https://pabsa.impressicocrm.com/api/currency,2649,0,0
1680594041058,1788,Get single knockout Player details,200,,Knock_out_Thread Group 1-816,text,true,,1210,326,235,235,https://pabsa.impressicocrm.com/api/player/110368,1788,0,0
1680594040562,2284,Get Players schedule,200,,Knock_out_Thread Group 1-894,text,true,,5441,338,235,235,https://pabsa.impressicocrm.com/api/tournament/119922/matches,2284,0,0
1680594041275,1575,Get knockout players list ,200,,Knock_out_Thread Group 1-879,text,true,,4598,340,235,235,https://pabsa.impressicocrm.com/api/tournament/118871/knockouts,1575,0,0
1680594041182,1691,Get Break list ,200,,Knock_out_Thread Group 1-899,text,true,,3218,338,236,236,https://pabsa.impressicocrm.com/api/tournament/119922/players,1691,0,0
1680594039147,3748,Get Home page country ,200,,Knock_out_Thread Group 1-972,text,true,,17270,320,236,236,https://pabsa.impressicocrm.com/api/country,3746,0,0
1680594041218,1692,Get Break list ,200,,Knock_out_Thread Group 1-904,text,true,,3218,338,236,236,https://pabsa.impressicocrm.com/api/tournament/119922/players,1691,0,0
1680594040038,2872,Get Home page country ,200,,Knock_out_Thread Group 1-946,text,true,,17270,320,236,236,https://pabsa.impressicocrm.com/api/country,2871,0,0
1680594041266,1650,Get Home page country ,200,,Knock_out_Thread Group 1-1003,text,true,,17270,320,236,236,https://pabsa.impressicocrm.com/api/country,1648,0,0
1680594041303,1614,Get knockout players list ,200,,Knock_out_Thread Group 1-877,text,true,,4598,340,236,236,https://pabsa.impressicocrm.com/api/tournament/118871/knockouts,1614,0,0
1680594041221,1711,Get Break list ,200,,Knock_out_Thread Group 1-925,text,true,,3218,338,236,236,https://pabsa.impressicocrm.com/api/tournament/119922/players,1711,0,0
1680594041279,1671,Get knockout players list ,200,,Knock_out_Thread Group 1-889,text,true,,4598,340,236,236,https://pabsa.impressicocrm.com/api/tournament/118871/knockouts,1671,0,0
1680594041012,1959,Get Break list ,200,,Knock_out_Thread Group 1-906,text,true,,3218,338,237,237,https://pabsa.impressicocrm.com/api/tournament/119922/players,1959,0,0
1680594041045,1926,Get playerA_Vs_playerB,200,,Knock_out_Thread Group 1-797,text,true,,1239,341,237,237,https://pabsa.impressicocrm.com/api/tournament/matchScore/147598,1926,0,0
1680594042252,720,Home page ,200,OK,Knock_out_Thread Group 1-1033,text,true,,3033,309,237,237,https://pabsa.impressicocrm.com/,719,0,657
1680594039872,3109,Get Home page country ,200,,Knock_out_Thread Group 1-974,text,true,,17270,320,236,236,https://pabsa.impressicocrm.com/api/country,3005,0,0
1680594039003,3983,Get Home page country ,200,,Knock_out_Thread Group 1-986,text,true,,17270,320,236,236,https://pabsa.impressicocrm.com/api/country,3913,0,0
1680594040042,3018,Get single knockout Player details,200,,Knock_out_Thread Group 1-756,text,true,,1210,326,237,237,https://pabsa.impressicocrm.com/api/player/110368,3018,0,0
1680594041144,1917,Get Players schedule,200,,Knock_out_Thread Group 1-893,text,true,,5441,338,237,237,https://pabsa.impressicocrm.com/api/tournament/119922/matches,1917,0,0
1680594041057,2015,Get Home page currency,200,,Knock_out_Thread Group 1-937,text,true,,9160,321,237,237,https://pabsa.impressicocrm.com/api/currency,2015,0,0
1680594041348,1749,Get single knockout Player details,200,,Knock_out_Thread Group 1-852,text,true,,1210,326,237,237,https://pabsa.impressicocrm.com/api/player/110368,1749,0,0
1680594041270,1848,Get tournament result,200,,Knock_out_Thread Group 1-818,text,true,,5441,338,237,237,https://pabsa.impressicocrm.com/api/tournament/119922/matches,1848,0,0
1680594038792,4341,Get Home page country ,200,,Knock_out_Thread Group 1-976,text,true,,17270,320,237,237,https://pabsa.impressicocrm.com/api/country,4341,0,0
1680594041375,1765,Get single knockout Player details,200,,Knock_out_Thread Group 1-839,text,true,,1210,326,237,237,https://pabsa.impressicocrm.com/api/player/110368,1765,0,0
1680594041390,1761,Get single knockout Player details,200,,Knock_out_Thread Group 1-829,text,true,,1210,326,238,238,https://pabsa.impressicocrm.com/api/player/110368,1761,0,0
1680594041160,1996,Get knockout players list ,200,,Knock_out_Thread Group 1-878,text,true,,4598,340,238,238,https://pabsa.impressicocrm.com/api/tournament/118871/knockouts,1996,0,0
1680594042453,703,Home page ,200,OK,Knock_out_Thread Group 1-1035,text,true,,3033,309,238,238,https://pabsa.impressicocrm.com/,703,0,608
1680594041270,1889,Get tournament result,200,,Knock_out_Thread Group 1-817,text,true,,5441,338,238,238,https://pabsa.impressicocrm.com/api/tournament/119922/matches,1889,0,0
1680594041067,2106,Get tournament result,200,,Knock_out_Thread Group 1-824,text,true,,5441,338,238,238,https://pabsa.impressicocrm.com/api/tournament/119922/matches,2106,0,0
1680594042552,631,Home page ,200,OK,Knock_out_Thread Group 1-1036,text,true,,3033,309,238,238,https://pabsa.impressicocrm.com/,631,0,562
1680594041293,1901,Get single knockout Player details,200,,Knock_out_Thread Group 1-847,text,true,,1210,326,238,238,https://pabsa.impressicocrm.com/api/player/110368,1901,0,0
1680594041345,1849,Get Break list ,200,,Knock_out_Thread Group 1-895,text,true,,3218,338,238,238,https://pabsa.impressicocrm.com/api/tournament/119922/players,1849,0,0
1680594041392,1806,Get knockout players list ,200,,Knock_out_Thread Group 1-874,text,true,,4598,340,238,238,https://pabsa.impressicocrm.com/api/tournament/118871/knockouts,1806,0,0
1680594041952,1251,Home page ,200,OK,Knock_out_Thread Group 1-1030,text,true,,3033,309,238,238,https://pabsa.impressicocrm.com/,1251,0,611
1680594041390,1827,Get knockout players list ,200,,Knock_out_Thread Group 1-873,text,true,,4598,340,238,238,https://pabsa.impressicocrm.com/api/tournament/118871/knockouts,1827,0,0
1680594041392,1858,Get Break list ,200,,Knock_out_Thread Group 1-900,text,true,,3218,338,238,238,https://pabsa.impressicocrm.com/api/tournament/119922/players,1858,0,0
1680594043157,97,Get single knockout Player details,200,,Knock_out_Thread Group 1-878,text,true,,1210,326,239,239,https://pabsa.impressicocrm.com/api/player/110368,97,0,0
1680594041266,2000,Get tournament result,200,,Knock_out_Thread Group 1-826,text,true,,5441,338,239,239,https://pabsa.impressicocrm.com/api/tournament/119922/matches,2000,0,0
1680594041439,1846,Get single knockout Player details,200,,Knock_out_Thread Group 1-849,text,true,,1210,326,239,239,https://pabsa.impressicocrm.com/api/player/110368,1846,0,0
1680594041270,2015,Get Players list ,200,,Knock_out_Thread Group 1-935,text,true,,3218,338,239,239,https://pabsa.impressicocrm.com/api/tournament/119922/players,2015,0,0
1680594041420,1873,Get playerA_Vs_playerB,200,,Knock_out_Thread Group 1-787,text,true,,1239,341,239,239,https://pabsa.impressicocrm.com/api/tournament/matchScore/147598,1873,0,0
1680594041356,1943,Get Break list ,200,,Knock_out_Thread Group 1-907,text,true,,3218,338,238,238,https://pabsa.impressicocrm.com/api/tournament/119922/players,1943,0,0
1680594041411,1888,Get knockout players list ,200,,Knock_out_Thread Group 1-880,text,true,,4591,340,238,238,https://pabsa.impressicocrm.com/api/tournament/118871/knockouts,1888,0,0
1680594042852,447,Home page ,200,OK,Knock_out_Thread Group 1-1039,text,true,,3033,309,238,238,https://pabsa.impressicocrm.com/,447,0,377
1680594042652,664,Home page ,200,OK,Knock_out_Thread Group 1-1037,text,true,,3033,309,238,238,https://pabsa.impressicocrm.com/,664,0,253
1680594042052,1275,Home page ,200,OK,Knock_out_Thread Group 1-1031,text,true,,3033,309,238,238,https://pabsa.impressicocrm.com/,1275,0,1203
1680594042752,587,Home page ,200,OK,Knock_out_Thread Group 1-1038,text,true,,3033,309,238,238,https://pabsa.impressicocrm.com/,587,0,510
1680594041405,1942,Get Break list ,200,,Knock_out_Thread Group 1-926,text,true,,3218,338,238,238,https://pabsa.impressicocrm.com/api/tournament/119922/players,1942,0,0
1680594041356,1992,Get Home page country ,200,,Knock_out_Thread Group 1-1015,text,true,,17270,320,238,238,https://pabsa.impressicocrm.com/api/country,1991,0,0
1680594041352,2006,Get Players schedule,200,,Knock_out_Thread Group 1-886,text,true,,5441,338,239,239,https://pabsa.impressicocrm.com/api/tournament/119922/matches,2006,0,0
1680594041270,2122,Get Home page currency,200,,Knock_out_Thread Group 1-934,text,true,,9160,321,239,239,https://pabsa.impressicocrm.com/api/currency,2122,0,0
1680594041405,2008,Get knockout players list ,200,,Knock_out_Thread Group 1-845,text,true,,4598,340,239,239,https://pabsa.impressicocrm.com/api/tournament/118871/knockouts,2008,0,0
1680594041751,1674,Home page ,200,OK,Knock_out_Thread Group 1-1028,text,true,,3033,309,239,239,https://pabsa.impressicocrm.com/,1674,0,774
1680594041426,2002,Get Break list ,200,,Knock_out_Thread Group 1-914,text,true,,3218,338,239,239,https://pabsa.impressicocrm.com/api/tournament/119922/players,2002,0,0
1680594043152,283,Home page ,200,OK,Knock_out_Thread Group 1-1042,text,true,,3033,309,239,239,https://pabsa.impressicocrm.com/,283,0,218
1680594040943,2496,Get tournamnent list ,200,,Knock_out_Thread Group 1-959,text,true,,58888,389,239,239,https://pabsa.impressicocrm.com/api/tournament?limit=12&pageNumber=1&sportType=&tournamentName=&tournamentStyle=,1742,0,0
1680594038732,4712,Get Home page country ,200,,Knock_out_Thread Group 1-945,text,true,,17270,320,239,239,https://pabsa.impressicocrm.com/api/country,4633,0,0
1680594041353,2100,Home page ,200,OK,Knock_out_Thread Group 1-1024,text,true,,3033,309,240,240,https://pabsa.impressicocrm.com/,2100,0,1816
1680594039428,4035,Get Home page country ,200,,Knock_out_Thread Group 1-996,text,true,,17270,320,240,240,https://pabsa.impressicocrm.com/api/country,4035,0,0
1680594041453,2014,Get Home page country ,200,,Knock_out_Thread Group 1-1019,text,true,,17270,320,240,240,https://pabsa.impressicocrm.com/api/country,2013,0,0
1680594040915,2570,Get tournamnent list ,200,,Knock_out_Thread Group 1-971,text,true,,58880,389,240,240,https://pabsa.impressicocrm.com/api/tournament?limit=12&pageNumber=1&sportType=&tournamentName=&tournamentStyle=,1742,0,0
1680594040787,2703,Get tournamnent list ,200,,Knock_out_Thread Group 1-967,text,true,,58888,389,240,240,https://pabsa.impressicocrm.com/api/tournament?limit=12&pageNumber=1&sportType=&tournamentName=&tournamentStyle=,2087,0,0
1680594043358,134,Get knockout players list ,200,,Knock_out_Thread Group 1-886,text,true,,4598,340,240,240,https://pabsa.impressicocrm.com/api/tournament/118871/knockouts,134,0,0
1680594039744,3756,Get Home page country ,200,,Knock_out_Thread Group 1-1005,text,true,,17270,320,240,240,https://pabsa.impressicocrm.com/api/country,3755,0,0
1680594041574,1928,Get Break list ,200,,Knock_out_Thread Group 1-908,text,true,,3218,338,240,240,https://pabsa.impressicocrm.com/api/tournament/119922/players,1928,0,0
1680594040756,2784,Get tournamnent list ,200,,Knock_out_Thread Group 1-951,text,true,,58888,389,240,240,https://pabsa.impressicocrm.com/api/tournament?limit=12&pageNumber=1&sportType=&tournamentName=&tournamentStyle=,1982,0,0
1680594041452,2100,Get Players list ,200,,Knock_out_Thread Group 1-919,text,true,,3218,338,241,241,https://pabsa.impressicocrm.com/api/tournament/119922/players,2100,0,0
1680594041601,1965,Get Home page country ,200,,Knock_out_Thread Group 1-1021,text,true,,17270,320,241,241,https://pabsa.impressicocrm.com/api/country,1965,0,0
1680594040894,2679,Get tournamnent list ,200,,Knock_out_Thread Group 1-982,text,true,,58888,389,241,241,https://pabsa.impressicocrm.com/api/tournament?limit=12&pageNumber=1&sportType=&tournamentName=&tournamentStyle=,1932,0,0
1680594041270,2304,Get Home page currency,200,,Knock_out_Thread Group 1-936,text,true,,9160,321,241,241,https://pabsa.impressicocrm.com/api/currency,2303,0,0
1680594041641,1933,Get knockout players list ,200,,Knock_out_Thread Group 1-884,text,true,,4598,340,241,241,https://pabsa.impressicocrm.com/api/tournament/118871/knockouts,1933,0,0
1680594041648,1962,Get single knockout Player details,200,,Knock_out_Thread Group 1-827,text,true,,1210,326,241,241,https://pabsa.impressicocrm.com/api/player/110368,1962,0,0
1680594040951,2670,Get tournamnent list ,200,,Knock_out_Thread Group 1-978,text,true,,58880,389,241,241,https://pabsa.impressicocrm.com/api/tournament?limit=12&pageNumber=1&sportType=&tournamentName=&tournamentStyle=,1848,0,0
1680594041626,1998,Get Break list ,200,,Knock_out_Thread Group 1-917,text,true,,3218,338,241,241,https://pabsa.impressicocrm.com/api/tournament/119922/players,1998,0,0
1680594041641,1990,Get playerA_Vs_playerB,200,,Knock_out_Thread Group 1-782,text,true,,1239,341,241,241,https://pabsa.impressicocrm.com/api/tournament/matchScore/147598,1990,0,0
1680594041266,2371,Get tournamnent list ,200,,Knock_out_Thread Group 1-990,text,true,,58880,389,240,240,https://pabsa.impressicocrm.com/api/tournament?limit=12&pageNumber=1&sportType=&tournamentName=&tournamentStyle=,1955,0,0
1680594041651,1994,Get playerA_Vs_playerB,200,,Knock_out_Thread Group 1-815,text,true,,1239,341,240,240,https://pabsa.impressicocrm.com/api/tournament/matchScore/147598,1994,0,0
1680594041495,2187,Get single knockout Player details,200,,Knock_out_Thread Group 1-834,text,true,,1210,326,240,240,https://pabsa.impressicocrm.com/api/player/110368,2187,0,0
1680594041618,2072,Get Break list ,200,,Knock_out_Thread Group 1-901,text,true,,3218,338,240,240,https://pabsa.impressicocrm.com/api/tournament/119922/players,2072,0,0
1680594041673,2039,Get Home page country ,200,,Knock_out_Thread Group 1-1018,text,true,,17270,320,240,240,https://pabsa.impressicocrm.com/api/country,2039,0,0
1680594041829,1909,Get single knockout Player details,200,,Knock_out_Thread Group 1-844,text,true,,1210,326,240,240,https://pabsa.impressicocrm.com/api/player/110368,1909,0,0
1680594041669,2069,Get knockout players list ,200,,Knock_out_Thread Group 1-870,text,true,,4598,340,240,240,https://pabsa.impressicocrm.com/api/tournament/118871/knockouts,2069,0,0
1680594033751,10020,Home page ,200,OK,Knock_out_Thread Group 1-948,text,true,,3033,309,241,241,https://pabsa.impressicocrm.com/,10020,0,9346
1680594041556,2223,Get Players schedule,200,,Knock_out_Thread Group 1-881,text,true,,5441,338,241,241,https://pabsa.impressicocrm.com/api/tournament/119922/matches,2223,0,0
1680594041288,2504,Get tournamnent list ,200,,Knock_out_Thread Group 1-960,text,true,,58880,389,241,241,https://pabsa.impressicocrm.com/api/tournament?limit=12&pageNumber=1&sportType=&tournamentName=&tournamentStyle=,1868,0,0
1680594043452,345,Home page ,200,OK,Knock_out_Thread Group 1-1045,text,true,,3033,309,241,241,https://pabsa.impressicocrm.com/,345,0,262
1680594041832,1969,Get playerA_Vs_playerB,200,,Knock_out_Thread Group 1-806,text,true,,1239,341,241,241,https://pabsa.impressicocrm.com/api/tournament/matchScore/147598,1969,0,0
1680594041905,1898,Get single knockout Player details,200,,Knock_out_Thread Group 1-843,text,true,,1210,326,240,240,https://pabsa.impressicocrm.com/api/player/110368,1898,0,0
1680594041443,2360,Get Home page country ,200,,Knock_out_Thread Group 1-1022,text,true,,17270,320,240,240,https://pabsa.impressicocrm.com/api/country,2360,0,0
1680594041662,2146,Get Players list ,200,,Knock_out_Thread Group 1-902,text,true,,3218,338,240,240,https://pabsa.impressicocrm.com/api/tournament/119922/players,2146,0,0
1680594043553,260,Get Break list ,200,,Knock_out_Thread Group 1-919,text,true,,3218,338,240,240,https://pabsa.impressicocrm.com/api/tournament/119922/players,260,0,0
1680594041935,1903,Get playerA_Vs_playerB,200,,Knock_out_Thread Group 1-811,text,true,,1239,341,240,240,https://pabsa.impressicocrm.com/api/tournament/matchScore/147598,1903,0,0
1680594043252,586,Home page ,200,OK,Knock_out_Thread Group 1-1043,text,true,,3033,309,240,240,https://pabsa.impressicocrm.com/,586,0,523
1680594041613,2234,Get playerA_Vs_playerB,200,,Knock_out_Thread Group 1-819,text,true,,1239,341,239,239,https://pabsa.impressicocrm.com/api/tournament/matchScore/147598,2233,0,0
1680594041805,2042,Get knockout players list ,200,,Knock_out_Thread Group 1-871,text,true,,4598,340,239,239,https://pabsa.impressicocrm.com/api/tournament/118871/knockouts,2042,0,0
1680594041724,2128,Get Break list ,200,,Knock_out_Thread Group 1-885,text,true,,3218,338,239,239,https://pabsa.impressicocrm.com/api/tournament/119922/players,2128,0,0
1680594041600,2262,Get Players schedule,200,,Knock_out_Thread Group 1-892,text,true,,5441,338,239,239,https://pabsa.impressicocrm.com/api/tournament/119922/matches,2262,0,0
1680594043053,819,Home page ,200,OK,Knock_out_Thread Group 1-1041,text,true,,3033,309,239,239,https://pabsa.impressicocrm.com/,819,0,317
1680594041969,1912,Get single knockout Player details,200,,Knock_out_Thread Group 1-858,text,true,,1210,326,239,239,https://pabsa.impressicocrm.com/api/player/110368,1912,0,0
1680594042353,1550,Home page ,200,OK,Knock_out_Thread Group 1-1034,text,true,,3033,309,239,239,https://pabsa.impressicocrm.com/,1550,0,1400
1680594041979,1934,Get single knockout Player details,200,,Knock_out_Thread Group 1-864,text,true,,1210,326,239,239,https://pabsa.impressicocrm.com/api/player/110368,1934,0,0
1680594043552,364,Home page ,200,OK,Knock_out_Thread Group 1-1046,text,true,,3033,309,239,239,https://pabsa.impressicocrm.com/,363,0,278
1680594041861,2065,Get Break list ,200,,Knock_out_Thread Group 1-938,text,true,,3218,338,239,239,https://pabsa.impressicocrm.com/api/tournament/119922/players,2065,0,0
1680594041994,1932,Get single knockout Player details,200,,Knock_out_Thread Group 1-865,text,true,,1210,326,239,239,https://pabsa.impressicocrm.com/api/player/110368,1932,0,0
1680594041584,2361,Get Home page currency,200,,Knock_out_Thread Group 1-922,text,true,,9160,321,239,239,https://pabsa.impressicocrm.com/api/currency,2361,0,0
1680594041894,2053,Get Break list ,200,,Knock_out_Thread Group 1-905,text,true,,3218,338,239,239,https://pabsa.impressicocrm.com/api/tournament/119922/players,2053,0,0
1680594039773,4191,Get knockout players list ,200,,Knock_out_Thread Group 1-831,text,true,,4598,340,240,240,https://pabsa.impressicocrm.com/api/tournament/118871/knockouts,4191,0,0
1680594042004,1968,Get playerA_Vs_playerB,200,,Knock_out_Thread Group 1-769,text,true,,1239,341,240,240,https://pabsa.impressicocrm.com/api/tournament/matchScore/147598,1968,0,0
1680594041985,1987,Get playerA_Vs_playerB,200,,Knock_out_Thread Group 1-789,text,true,,1239,341,240,240,https://pabsa.impressicocrm.com/api/tournament/matchScore/147598,1987,0,0
1680594042062,1931,Get single knockout Player details,200,,Knock_out_Thread Group 1-860,text,true,,1210,326,238,238,https://pabsa.impressicocrm.com/api/player/110368,1931,0,0
1680594041915,2083,Get Break list ,200,,Knock_out_Thread Group 1-920,text,true,,3218,338,238,238,https://pabsa.impressicocrm.com/api/tournament/119922/players,2083,0,0
1680594042152,1851,Home page ,200,OK,Knock_out_Thread Group 1-1032,text,true,,3033,309,238,238,https://pabsa.impressicocrm.com/,1851,0,1011
1680594041737,2269,Get playerA_Vs_playerB,200,,Knock_out_Thread Group 1-807,text,true,,1239,341,238,238,https://pabsa.impressicocrm.com/api/tournament/matchScore/147598,2269,0,0
1680594042062,1944,Get single knockout Player details,200,,Knock_out_Thread Group 1-859,text,true,,1210,326,238,238,https://pabsa.impressicocrm.com/api/player/110368,1944,0,0
1680594042077,1956,Get single knockout Player details,200,,Knock_out_Thread Group 1-825,text,true,,1210,326,237,237,https://pabsa.impressicocrm.com/api/player/110368,1956,0,0
1680594043752,281,Home page ,200,OK,Knock_out_Thread Group 1-1048,text,true,,3033,309,237,237,https://pabsa.impressicocrm.com/,281,0,221
1680594041808,2233,Get tournament result,200,,Knock_out_Thread Group 1-821,text,true,,5441,338,237,237,https://pabsa.impressicocrm.com/api/tournament/119922/matches,2233,0,0
1680594043653,389,Home page ,200,OK,Knock_out_Thread Group 1-1047,text,true,,3033,309,237,237,https://pabsa.impressicocrm.com/,388,0,295
1680594041309,2741,Get tournamnent list ,200,,Knock_out_Thread Group 1-953,text,true,,58888,389,237,237,https://pabsa.impressicocrm.com/api/tournament?limit=12&pageNumber=1&sportType=&tournamentName=&tournamentStyle=,2126,0,0
1680594042080,2001,Get playerA_Vs_playerB,200,,Knock_out_Thread Group 1-828,text,true,,1239,341,238,238,https://pabsa.impressicocrm.com/api/tournament/matchScore/147598,2001,0,0
1680594041125,2960,Get tournamnent list ,200,,Knock_out_Thread Group 1-970,text,true,,58888,389,237,237,https://pabsa.impressicocrm.com/api/tournament?limit=12&pageNumber=1&sportType=&tournamentName=&tournamentStyle=,1935,0,0
1680594042009,2083,Get Home page country ,200,,Knock_out_Thread Group 1-1025,text,true,,17270,320,237,237,https://pabsa.impressicocrm.com/api/country,2083,0,0
1680594041341,2815,Get tournamnent list ,200,,Knock_out_Thread Group 1-950,text,true,,58880,389,238,238,https://pabsa.impressicocrm.com/api/tournament?limit=12&pageNumber=1&sportType=&tournamentName=&tournamentStyle=,2122,0,0
1680594041275,2888,Get tournamnent list ,200,,Knock_out_Thread Group 1-975,text,true,,58880,389,238,238,https://pabsa.impressicocrm.com/api/tournament?limit=12&pageNumber=1&sportType=&tournamentName=&tournamentStyle=,2178,0,0
1680594041999,2191,Get tournament result,200,,Knock_out_Thread Group 1-833,text,true,,5441,338,238,238,https://pabsa.impressicocrm.com/api/tournament/119922/matches,2191,0,0
1680594041641,2586,Get single knockout Player details,200,,Knock_out_Thread Group 1-840,text,true,,1210,326,238,238,https://pabsa.impressicocrm.com/api/player/110368,2586,0,0
1680594041323,2914,Get tournamnent list ,200,,Knock_out_Thread Group 1-992,text,true,,58880,389,238,238,https://pabsa.impressicocrm.com/api/tournament?limit=12&pageNumber=1&sportType=&tournamentName=&tournamentStyle=,1993,0,0
1680594041323,2931,Get tournamnent list ,200,,Knock_out_Thread Group 1-943,text,true,,58888,389,239,239,https://pabsa.impressicocrm.com/api/tournament?limit=12&pageNumber=1&sportType=&tournamentName=&tournamentStyle=,2067,0,0
1680594041965,2291,Get tournament result,200,,Knock_out_Thread Group 1-862,text,true,,5441,338,239,239,https://pabsa.impressicocrm.com/api/tournament/119922/matches,2291,0,0
1680594042008,2305,Get Players list ,200,,Knock_out_Thread Group 1-941,text,true,,3218,338,239,239,https://pabsa.impressicocrm.com/api/tournament/119922/players,2305,0,0
1680594041179,3138,Get tournamnent list ,200,,Knock_out_Thread Group 1-968,text,true,,58888,389,239,239,https://pabsa.impressicocrm.com/api/tournament?limit=12&pageNumber=1&sportType=&tournamentName=&tournamentStyle=,1961,0,0
1680594042089,2232,Get tournament result,200,,Knock_out_Thread Group 1-832,text,true,,5441,338,239,239,https://pabsa.impressicocrm.com/api/tournament/119922/matches,2232,0,0
1680594041660,2687,Get Home page country ,200,,Knock_out_Thread Group 1-1001,text,true,,17270,320,239,239,https://pabsa.impressicocrm.com/api/country,2202,0,0
1680594044052,306,Home page ,200,OK,Knock_out_Thread Group 1-1051,text,true,,3033,309,240,240,https://pabsa.impressicocrm.com/,306,0,233
1680594042209,2152,Get single knockout Player details,200,,Knock_out_Thread Group 1-851,text,true,,1210,326,240,240,https://pabsa.impressicocrm.com/api/player/110368,2152,0,0
1680594042141,2220,Get Break list ,200,,Knock_out_Thread Group 1-890,text,true,,3218,338,240,240,https://pabsa.impressicocrm.com/api/tournament/119922/players,2220,0,0
1680594041270,3111,Get tournamnent list ,200,,Knock_out_Thread Group 1-981,text,true,,58888,389,240,240,https://pabsa.impressicocrm.com/api/tournament?limit=12&pageNumber=1&sportType=&tournamentName=&tournamentStyle=,2069,0,0
1680594042201,2190,Get Home page country ,200,,Knock_out_Thread Group 1-1026,text,true,,17270,320,240,240,https://pabsa.impressicocrm.com/api/country,2188,0,0
1680594042119,2282,Get Home page country ,200,,Knock_out_Thread Group 1-952,text,true,,17270,320,240,240,https://pabsa.impressicocrm.com/api/country,2282,0,0
1680594044190,213,Get playerA_Vs_playerB,200,,Knock_out_Thread Group 1-833,text,true,,1239,341,240,240,https://pabsa.impressicocrm.com/api/tournament/matchScore/147598,213,0,0
1680594044152,268,Home page ,200,OK,Knock_out_Thread Group 1-1052,text,true,,3033,309,239,239,https://pabsa.impressicocrm.com/,267,0,200
1680594042952,1474,Home page ,200,OK,Knock_out_Thread Group 1-1040,text,true,,3033,309,239,239,https://pabsa.impressicocrm.com/,1474,0,1320
1680594041439,2992,Get tournamnent list ,200,,Knock_out_Thread Group 1-962,text,true,,58865,389,239,239,https://pabsa.impressicocrm.com/api/tournament?limit=12&pageNumber=1&sportType=&tournamentName=&tournamentStyle=,2394,0,0
1680594042244,2194,Get knockout players list ,200,,Knock_out_Thread Group 1-883,text,true,,4591,340,239,239,https://pabsa.impressicocrm.com/api/tournament/118871/knockouts,2194,0,0
1680594041352,3098,Get tournamnent list ,200,,Knock_out_Thread Group 1-944,text,true,,58888,389,239,239,https://pabsa.impressicocrm.com/api/tournament?limit=12&pageNumber=1&sportType=&tournamentName=&tournamentStyle=,2269,0,0
1680594041786,2683,Get tournamnent list ,200,,Knock_out_Thread Group 1-985,text,true,,58888,389,240,240,https://pabsa.impressicocrm.com/api/tournament?limit=12&pageNumber=1&sportType=&tournamentName=&tournamentStyle=,2230,0,0
1680594042108,2368,Get knockout players list ,200,,Knock_out_Thread Group 1-875,text,true,,4598,340,240,240,https://pabsa.impressicocrm.com/api/tournament/118871/knockouts,2368,0,0
1680594042209,2274,Get Break list ,200,,Knock_out_Thread Group 1-928,text,true,,3218,338,240,240,https://pabsa.impressicocrm.com/api/tournament/119922/players,2274,0,0
1680594042263,2235,Get single knockout Player details,200,,Knock_out_Thread Group 1-861,text,true,,1210,326,240,240,https://pabsa.impressicocrm.com/api/player/110368,2235,0,0
1680594042295,2220,Get single knockout Player details,200,,Knock_out_Thread Group 1-850,text,true,,1210,326,240,240,https://pabsa.impressicocrm.com/api/player/110368,2220,0,0
1680594041472,3046,Get tournamnent list ,200,,Knock_out_Thread Group 1-987,text,true,,58888,389,240,240,https://pabsa.impressicocrm.com/api/tournament?limit=12&pageNumber=1&sportType=&tournamentName=&tournamentStyle=,2249,0,0
1680594042209,2313,Get Break list ,200,,Knock_out_Thread Group 1-939,text,true,,3218,338,240,240,https://pabsa.impressicocrm.com/api/tournament/119922/players,2313,0,0
1680594042226,2298,Get Players schedule,200,,Knock_out_Thread Group 1-836,text,true,,5441,338,240,240,https://pabsa.impressicocrm.com/api/tournament/119922/matches,2298,0,0
1680594041329,3229,Get tournamnent list ,200,,Knock_out_Thread Group 1-979,text,true,,58880,389,241,241,https://pabsa.impressicocrm.com/api/tournament?limit=12&pageNumber=1&sportType=&tournamentName=&tournamentStyle=,2292,0,0
1680594042217,2348,Get Break list ,200,,Knock_out_Thread Group 1-923,text,true,,3218,338,241,241,https://pabsa.impressicocrm.com/api/tournament/119922/players,2348,0,0
1680594042062,2503,Get tournament result,200,,Knock_out_Thread Group 1-854,text,true,,5435,338,241,241,https://pabsa.impressicocrm.com/api/tournament/119922/matches,2503,0,0
1680594042236,2329,Get Break list ,200,,Knock_out_Thread Group 1-912,text,true,,3218,338,241,241,https://pabsa.impressicocrm.com/api/tournament/119922/players,2329,0,0
1680594042176,2393,Get Players schedule,200,,Knock_out_Thread Group 1-915,text,true,,5441,338,241,241,https://pabsa.impressicocrm.com/api/tournament/119922/matches,2393,0,0
1680594042053,2516,Get tournamnent list ,200,,Knock_out_Thread Group 1-1011,text,true,,58880,389,241,241,https://pabsa.impressicocrm.com/api/tournament?limit=12&pageNumber=1&sportType=&tournamentName=&tournamentStyle=,2129,0,0
1680594042282,2298,Get Home page country ,200,,Knock_out_Thread Group 1-1020,text,true,,17270,320,241,241,https://pabsa.impressicocrm.com/api/country,2296,0,0
1680594042212,2368,Get tournament result,200,,Knock_out_Thread Group 1-838,text,true,,5441,338,241,241,https://pabsa.impressicocrm.com/api/tournament/119922/matches,2368,0,0
1680594041011,3569,Get tournamnent list ,200,,Knock_out_Thread Group 1-991,text,true,,58880,389,241,241,https://pabsa.impressicocrm.com/api/tournament?limit=12&pageNumber=1&sportType=&tournamentName=&tournamentStyle=,2049,0,0
1680594042232,2375,Get Break list ,200,,Knock_out_Thread Group 1-887,text,true,,3218,338,241,241,https://pabsa.impressicocrm.com/api/tournament/119922/players,2375,0,0
1680594042062,2545,Get Home page currency,200,,Knock_out_Thread Group 1-973,text,true,,9153,321,241,241,https://pabsa.impressicocrm.com/api/currency,2545,0,0
1680594041721,2886,Get tournamnent list ,200,,Knock_out_Thread Group 1-955,text,true,,58880,389,241,241,https://pabsa.impressicocrm.com/api/tournament?limit=12&pageNumber=1&sportType=&tournamentName=&tournamentStyle=,2418,0,0
1680594044352,283,Home page ,200,OK,Knock_out_Thread Group 1-1054,text,true,,3033,309,241,241,https://pabsa.impressicocrm.com/,283,0,213
1680594041420,3219,Get tournamnent list ,200,,Knock_out_Thread Group 1-999,text,true,,58880,389,241,241,https://pabsa.impressicocrm.com/api/tournament?limit=12&pageNumber=1&sportType=&tournamentName=&tournamentStyle=,2445,0,0
1680594042273,2365,Get Players list ,200,,Knock_out_Thread Group 1-942,text,true,,3218,338,241,241,https://pabsa.impressicocrm.com/api/tournament/119922/players,2365,0,0
1680594042253,2391,Get Break list ,200,,Knock_out_Thread Group 1-918,text,true,,3218,338,241,241,https://pabsa.impressicocrm.com/api/tournament/119922/players,2391,0,0
1680594042298,2356,Get Home page country ,200,,Knock_out_Thread Group 1-1027,text,true,,17270,320,242,242,https://pabsa.impressicocrm.com/api/country,2354,0,0
1680594042169,2504,Get knockout players list ,200,,Knock_out_Thread Group 1-856,text,true,,4591,340,242,242,https://pabsa.impressicocrm.com/api/tournament/118871/knockouts,2504,0,0
1680594042342,2333,Get knockout players list ,200,,Knock_out_Thread Group 1-891,text,true,,4598,340,242,242,https://pabsa.impressicocrm.com/api/tournament/118871/knockouts,2333,0,0
1680594042335,2353,Get Break list ,200,,Knock_out_Thread Group 1-931,text,true,,3218,338,242,242,https://pabsa.impressicocrm.com/api/tournament/119922/players,2353,0,0
1680594042140,2575,Get tournament result,200,,Knock_out_Thread Group 1-846,text,true,,5441,338,242,242,https://pabsa.impressicocrm.com/api/tournament/119922/matches,2575,0,0
1680594042383,2345,Get single knockout Player details,200,,Knock_out_Thread Group 1-857,text,true,,1210,326,242,242,https://pabsa.impressicocrm.com/api/player/110368,2345,0,0
1680594041270,3482,Get tournamnent list ,200,,Knock_out_Thread Group 1-980,text,true,,58880,389,243,243,https://pabsa.impressicocrm.com/api/tournament?limit=12&pageNumber=1&sportType=&tournamentName=&tournamentStyle=,2361,0,0
1680594042411,2345,Get single knockout Player details,200,,Knock_out_Thread Group 1-855,text,true,,1210,326,243,243,https://pabsa.impressicocrm.com/api/player/110368,2345,0,0
1680594044453,309,Home page ,200,OK,Knock_out_Thread Group 1-1055,text,true,,3033,309,243,243,https://pabsa.impressicocrm.com/,309,0,231
1680594042271,2497,Get Home page country ,200,,Knock_out_Thread Group 1-1017,text,true,,17270,320,243,243,https://pabsa.impressicocrm.com/api/country,2497,0,0
1680594041415,3358,Get tournamnent list ,200,,Knock_out_Thread Group 1-977,text,true,,58880,389,243,243,https://pabsa.impressicocrm.com/api/tournament?limit=12&pageNumber=1&sportType=&tournamentName=&tournamentStyle=,2362,0,0
1680594043352,1513,Home page ,200,OK,Knock_out_Thread Group 1-1044,text,true,,3033,309,244,244,https://pabsa.impressicocrm.com/,1513,0,1371
1680594042456,2409,Get knockout players list ,200,,Knock_out_Thread Group 1-863,text,true,,4598,340,244,244,https://pabsa.impressicocrm.com/api/tournament/118871/knockouts,2409,0,0
1680594042244,2629,Get tournament result,200,,Knock_out_Thread Group 1-823,text,true,,5441,338,244,244,https://pabsa.impressicocrm.com/api/tournament/119922/matches,2629,0,0
1680594042434,2495,Get Break list ,200,,Knock_out_Thread Group 1-910,text,true,,3218,338,244,244,https://pabsa.impressicocrm.com/api/tournament/119922/players,2495,0,0
1680594042115,2822,Get Players schedule,200,,Knock_out_Thread Group 1-896,text,true,,5441,338,244,244,https://pabsa.impressicocrm.com/api/tournament/119922/matches,2822,0,0
1680594042284,2662,Get tournament result,200,,Knock_out_Thread Group 1-774,text,true,,5441,338,244,244,https://pabsa.impressicocrm.com/api/tournament/119922/matches,2662,0,0
1680594044652,316,Home page ,200,OK,Knock_out_Thread Group 1-1057,text,true,,3033,309,245,245,https://pabsa.impressicocrm.com/,316,0,233
1680594042461,2519,Get Break list ,200,,Knock_out_Thread Group 1-930,text,true,,3218,338,245,245,https://pabsa.impressicocrm.com/api/tournament/119922/players,2519,0,0
1680594042186,2796,Get Home page currency,200,,Knock_out_Thread Group 1-932,text,true,,9160,321,245,245,https://pabsa.impressicocrm.com/api/currency,2796,0,0
1680594042560,2427,Get knockout players list ,200,,Knock_out_Thread Group 1-911,text,true,,4598,340,245,245,https://pabsa.impressicocrm.com/api/tournament/118871/knockouts,2426,0,0
1680594042548,2454,Get Break list ,200,,Knock_out_Thread Group 1-913,text,true,,3218,338,245,245,https://pabsa.impressicocrm.com/api/tournament/119922/players,2454,0,0
1680594042108,2896,Get tournamnent list ,200,,Knock_out_Thread Group 1-1007,text,true,,58880,389,245,245,https://pabsa.impressicocrm.com/api/tournament?limit=12&pageNumber=1&sportType=&tournamentName=&tournamentStyle=,2356,0,0
1680594042567,2467,Get Players list ,200,,Knock_out_Thread Group 1-916,text,true,,3218,338,245,245,https://pabsa.impressicocrm.com/api/tournament/119922/players,2467,0,0
1680594042423,2626,Get Players schedule,200,,Knock_out_Thread Group 1-909,text,true,,5441,338,245,245,https://pabsa.impressicocrm.com/api/tournament/119922/matches,2626,0,0
1680594042461,2591,Get single knockout Player details,200,,Knock_out_Thread Group 1-868,text,true,,1210,326,245,245,https://pabsa.impressicocrm.com/api/player/110368,2591,0,0
1680594042663,2398,Get playerA_Vs_playerB,200,,Knock_out_Thread Group 1-830,text,true,,1239,341,246,246,https://pabsa.impressicocrm.com/api/tournament/matchScore/147598,2398,0,0
1680594042647,2414,Get playerA_Vs_playerB,200,,Knock_out_Thread Group 1-765,text,true,,1239,341,246,246,https://pabsa.impressicocrm.com/api/tournament/matchScore/147598,2414,0,0
1680594042108,2962,Get tournamnent list ,200,,Knock_out_Thread Group 1-1010,text,true,,58888,389,244,244,https://pabsa.impressicocrm.com/api/tournament?limit=12&pageNumber=1&sportType=&tournamentName=&tournamentStyle=,2327,0,0
1680594042627,2444,Get knockout players list ,200,,Knock_out_Thread Group 1-882,text,true,,4598,340,244,244,https://pabsa.impressicocrm.com/api/tournament/118871/knockouts,2444,0,0
1680594043852,1254,Home page ,200,OK,Knock_out_Thread Group 1-1049,text,true,,3033,309,244,244,https://pabsa.impressicocrm.com/,1254,0,897
1680594044752,354,Home page ,200,OK,Knock_out_Thread Group 1-1058,text,true,,3033,309,244,244,https://pabsa.impressicocrm.com/,354,0,276
1680594041375,3752,Get tournamnent list ,200,,Knock_out_Thread Group 1-969,text,true,,58888,389,244,244,https://pabsa.impressicocrm.com/api/tournament?limit=12&pageNumber=1&sportType=&tournamentName=&tournamentStyle=,2528,0,0
1680594042512,2635,Get single knockout Player details,200,,Knock_out_Thread Group 1-869,text,true,,1210,326,244,244,https://pabsa.impressicocrm.com/api/player/110368,2635,0,0
1680594044852,308,Home page ,200,OK,Knock_out_Thread Group 1-1059,text,true,,3033,309,245,245,https://pabsa.impressicocrm.com/,308,0,219
1680594042236,2941,Get tournament result,200,,Knock_out_Thread Group 1-812,text,true,,5441,338,245,245,https://pabsa.impressicocrm.com/api/tournament/119922/matches,2941,0,0
1680594042747,2433,Get knockout players list ,200,,Knock_out_Thread Group 1-897,text,true,,4598,340,245,245,https://pabsa.impressicocrm.com/api/tournament/118871/knockouts,2433,0,0
1680594042300,2885,Get tournamnent list ,200,,Knock_out_Thread Group 1-1014,text,true,,58880,389,245,245,https://pabsa.impressicocrm.com/api/tournament?limit=12&pageNumber=1&sportType=&tournamentName=&tournamentStyle=,2623,0,0
1680594041626,3570,Get tournamnent list ,200,,Knock_out_Thread Group 1-961,text,true,,58880,389,245,245,https://pabsa.impressicocrm.com/api/tournament?limit=12&pageNumber=1&sportType=&tournamentName=&tournamentStyle=,2439,0,0
1680594042567,2636,Get Players schedule,200,,Knock_out_Thread Group 1-924,text,true,,5435,338,245,245,https://pabsa.impressicocrm.com/api/tournament/119922/matches,2636,0,0
1680594042053,3158,Get tournamnent list ,200,,Knock_out_Thread Group 1-1008,text,true,,58865,389,245,245,https://pabsa.impressicocrm.com/api/tournament?limit=12&pageNumber=1&sportType=&tournamentName=&tournamentStyle=,2333,0,0
1680594041279,3958,Get knockout players list ,200,,Knock_out_Thread Group 1-888,text,true,,4598,340,245,245,https://pabsa.impressicocrm.com/api/tournament/118871/knockouts,3958,0,0
1680594041556,3731,Get tournamnent list ,200,,Knock_out_Thread Group 1-984,text,true,,58888,389,246,246,https://pabsa.impressicocrm.com/api/tournament?limit=12&pageNumber=1&sportType=&tournamentName=&tournamentStyle=,2509,0,0
1680594042850,2442,Get single knockout Player details,200,,Knock_out_Thread Group 1-879,text,true,,1210,326,246,246,https://pabsa.impressicocrm.com/api/player/110368,2442,0,0
1680594042502,2804,Get tournament result,200,,Knock_out_Thread Group 1-820,text,true,,5441,338,246,246,https://pabsa.impressicocrm.com/api/tournament/119922/matches,2804,0,0
1680594042693,2663,Get Break list ,200,,Knock_out_Thread Group 1-940,text,true,,3218,338,247,247,https://pabsa.impressicocrm.com/api/tournament/119922/players,2663,0,0
1680594043952,1421,Home page ,200,OK,Knock_out_Thread Group 1-1050,text,true,,3033,309,247,247,https://pabsa.impressicocrm.com/,1421,0,1272
1680594042685,2698,Get single knockout Player details,200,,Knock_out_Thread Group 1-867,text,true,,1210,326,247,247,https://pabsa.impressicocrm.com/api/player/110368,2698,0,0
1680594042659,2731,Get Players schedule,200,,Knock_out_Thread Group 1-872,text,true,,5441,338,247,247,https://pabsa.impressicocrm.com/api/tournament/119922/matches,2731,0,0
1680594042827,2590,Get Break list ,200,,Knock_out_Thread Group 1-933,text,true,,3218,338,247,247,https://pabsa.impressicocrm.com/api/tournament/119922/players,2590,0,0
1680594042917,2508,Get single knockout Player details,200,,Knock_out_Thread Group 1-877,text,true,,1210,326,247,247,https://pabsa.impressicocrm.com/api/player/110368,2508,0,0
1680594042733,2777,Get Players schedule,200,,Knock_out_Thread Group 1-876,text,true,,5435,338,248,248,https://pabsa.impressicocrm.com/api/tournament/119922/matches,2777,0,0
1680594042754,2769,Get tournament result,200,,Knock_out_Thread Group 1-814,text,true,,5441,338,248,248,https://pabsa.impressicocrm.com/api/tournament/119922/matches,2769,0,0
1680594041556,3981,Get tournamnent list ,200,,Knock_out_Thread Group 1-958,text,true,,58880,389,248,248,https://pabsa.impressicocrm.com/api/tournament?limit=12&pageNumber=1&sportType=&tournamentName=&tournamentStyle=,3317,0,0
1680594042950,2589,Get single knockout Player details,200,,Knock_out_Thread Group 1-889,text,true,,1210,326,248,248,https://pabsa.impressicocrm.com/api/player/110368,2589,0,0
1680594042846,2763,Get knockout players list ,200,,Knock_out_Thread Group 1-894,text,true,,4598,340,249,249,https://pabsa.impressicocrm.com/api/tournament/118871/knockouts,2763,0,0
1680594043061,2579,Get knockout players list ,200,,Knock_out_Thread Group 1-893,text,true,,4598,340,249,249,https://pabsa.impressicocrm.com/api/tournament/118871/knockouts,2579,0,0
1680594038721,6922,Get Home page country ,200,,Knock_out_Thread Group 1-989,text,true,,17270,320,249,249,https://pabsa.impressicocrm.com/api/country,6922,0,0
1680594044252,1419,Home page ,200,OK,Knock_out_Thread Group 1-1053,text,true,,3033,309,250,250,https://pabsa.impressicocrm.com/,1419,0,702
1680594043118,2563,Get playerA_Vs_playerB,200,,Knock_out_Thread Group 1-818,text,true,,1239,341,250,250,https://pabsa.impressicocrm.com/api/tournament/matchScore/147598,2563,0,0
1680594041714,3976,Get tournamnent list ,200,,Knock_out_Thread Group 1-998,text,true,,58888,389,249,249,https://pabsa.impressicocrm.com/api/tournament?limit=12&pageNumber=1&sportType=&tournamentName=&tournamentStyle=,2769,0,0
1680594045161,565,Get Home page country ,200,,Knock_out_Thread Group 1-1059,text,true,,17270,320,249,249,https://pabsa.impressicocrm.com/api/country,565,0,0
1680594042685,3052,Get tournament result,200,,Knock_out_Thread Group 1-848,text,true,,5441,338,249,249,https://pabsa.impressicocrm.com/api/tournament/119922/matches,3052,0,0
1680594045053,684,Home page ,200,OK,Knock_out_Thread Group 1-1061,text,true,,3033,309,249,249,https://pabsa.impressicocrm.com/,684,0,613
1680594042846,2927,Get tournament result,200,,Knock_out_Thread Group 1-816,text,true,,5441,338,250,250,https://pabsa.impressicocrm.com/api/tournament/119922/matches,2927,0,0
1680594043160,2657,Get playerA_Vs_playerB,200,,Knock_out_Thread Group 1-817,text,true,,1239,341,250,250,https://pabsa.impressicocrm.com/api/tournament/matchScore/147598,2657,0,0
1680594043217,2616,Get single knockout Player details,200,,Knock_out_Thread Group 1-873,text,true,,1210,326,249,249,https://pabsa.impressicocrm.com/api/player/110368,2616,0,0
1680594043198,2635,Get single knockout Player details,200,,Knock_out_Thread Group 1-874,text,true,,1210,326,249,249,https://pabsa.impressicocrm.com/api/player/110368,2635,0,0
1680594042932,2920,Get Players schedule,200,,Knock_out_Thread Group 1-925,text,true,,5441,338,249,249,https://pabsa.impressicocrm.com/api/tournament/119922/matches,2920,0,0
1680594041991,3889,Get tournamnent list ,200,,Knock_out_Thread Group 1-993,text,true,,58888,389,250,250,https://pabsa.impressicocrm.com/api/tournament?limit=12&pageNumber=1&sportType=&tournamentName=&tournamentStyle=,2487,0,0
1680594043299,2583,Get single knockout Player details,200,,Knock_out_Thread Group 1-880,text,true,,1210,326,250,250,https://pabsa.impressicocrm.com/api/player/110368,2583,0,0
1680594044952,976,Home page ,200,OK,Knock_out_Thread Group 1-1060,text,true,,3033,309,250,250,https://pabsa.impressicocrm.com/,976,0,780
1680594041864,4073,Get tournamnent list ,200,,Knock_out_Thread Group 1-994,text,true,,58888,389,250,250,https://pabsa.impressicocrm.com/api/tournament?limit=12&pageNumber=1&sportType=&tournamentName=&tournamentStyle=,2721,0,0
1680594042753,3195,Get Players schedule,200,,Knock_out_Thread Group 1-903,text,true,,5441,338,250,250,https://pabsa.impressicocrm.com/api/tournament/119922/matches,3195,0,0
1680594042972,3006,Get Home page country ,200,,Knock_out_Thread Group 1-1033,text,true,,17270,320,251,251,https://pabsa.impressicocrm.com/api/country,2944,0,0
1680594042733,3278,Get tournament result,200,,Knock_out_Thread Group 1-853,text,true,,5435,338,251,251,https://pabsa.impressicocrm.com/api/tournament/119922/matches,3278,0,0
1680594043340,2681,Get Home page country ,200,,Knock_out_Thread Group 1-1038,text,true,,17270,320,251,251,https://pabsa.impressicocrm.com/api/country,2681,0,0
1680594042910,3145,Get Players schedule,200,,Knock_out_Thread Group 1-904,text,true,,5441,338,252,252,https://pabsa.impressicocrm.com/api/tournament/119922/matches,3145,0,0
1680594043097,2960,Get tournament result,200,,Knock_out_Thread Group 1-852,text,true,,5441,338,252,252,https://pabsa.impressicocrm.com/api/tournament/119922/matches,2960,0,0
1680594043195,2866,Get Players schedule,200,,Knock_out_Thread Group 1-895,text,true,,5441,338,252,252,https://pabsa.impressicocrm.com/api/tournament/119922/matches,2866,0,0
1680594043414,2653,Get single knockout Player details,200,,Knock_out_Thread Group 1-845,text,true,,1210,326,252,252,https://pabsa.impressicocrm.com/api/player/110368,2653,0,0
1680594042971,3109,Get Players schedule,200,,Knock_out_Thread Group 1-906,text,true,,5441,338,252,252,https://pabsa.impressicocrm.com/api/tournament/119922/matches,3109,0,0
1680594043393,2705,Get Players list ,200,,Knock_out_Thread Group 1-934,text,true,,3218,338,252,252,https://pabsa.impressicocrm.com/api/tournament/119922/players,2705,0,0
1680594043141,2960,Get tournament result,200,,Knock_out_Thread Group 1-839,text,true,,5435,338,252,252,https://pabsa.impressicocrm.com/api/tournament/119922/matches,2960,0,0
1680594043195,2922,Get tournament result,200,,Knock_out_Thread Group 1-847,text,true,,5441,338,252,252,https://pabsa.impressicocrm.com/api/tournament/119922/matches,2921,0,0
1680594042814,3319,Get Players schedule,200,,Knock_out_Thread Group 1-921,text,true,,5441,338,252,252,https://pabsa.impressicocrm.com/api/tournament/119922/matches,3319,0,0
1680594043492,2643,Get single knockout Player details,200,,Knock_out_Thread Group 1-886,text,true,,1210,326,252,252,https://pabsa.impressicocrm.com/api/player/110368,2643,0,0
1680594043286,2852,Get Break list ,200,,Knock_out_Thread Group 1-935,text,true,,3218,338,252,252,https://pabsa.impressicocrm.com/api/tournament/119922/players,2852,0,0
1680594045452,689,Home page ,200,OK,Knock_out_Thread Group 1-1065,text,true,,3033,309,252,252,https://pabsa.impressicocrm.com/,689,0,620
1680594043299,2844,Get Home page country ,200,,Knock_out_Thread Group 1-1039,text,true,,17270,320,252,252,https://pabsa.impressicocrm.com/api/country,2785,0,0
1680594043317,2843,Get Home page country ,200,,Knock_out_Thread Group 1-1037,text,true,,17270,320,253,253,https://pabsa.impressicocrm.com/api/country,2843,0,0
1680594042115,4054,Get tournamnent list ,200,,Knock_out_Thread Group 1-964,text,true,,58880,389,253,253,https://pabsa.impressicocrm.com/api/tournament?limit=12&pageNumber=1&sportType=&tournamentName=&tournamentStyle=,2461,0,0
1680594041252,4925,Home page ,200,OK,Knock_out_Thread Group 1-1023,text,true,,3033,309,253,253,https://pabsa.impressicocrm.com/,4925,0,4702
1680594041783,4405,Get tournamnent list ,200,,Knock_out_Thread Group 1-966,text,true,,58880,389,253,253,https://pabsa.impressicocrm.com/api/tournament?limit=12&pageNumber=1&sportType=&tournamentName=&tournamentStyle=,2782,0,0
1680594043255,2934,Get tournament result,200,,Knock_out_Thread Group 1-878,text,true,,5435,338,253,253,https://pabsa.impressicocrm.com/api/tournament/119922/matches,2934,0,0
1680594043267,2937,Get playerA_Vs_playerB,200,,Knock_out_Thread Group 1-826,text,true,,1239,341,253,253,https://pabsa.impressicocrm.com/api/tournament/matchScore/147598,2937,0,0
1680594043490,2714,Get Home page currency,200,,Knock_out_Thread Group 1-967,text,true,,9160,321,253,253,https://pabsa.impressicocrm.com/api/currency,2714,0,0
1680594044553,1655,Home page ,200,OK,Knock_out_Thread Group 1-1056,text,true,,3033,309,252,252,https://pabsa.impressicocrm.com/,1655,0,1504
1680594043250,2958,Get Players schedule,200,,Knock_out_Thread Group 1-900,text,true,,5441,338,252,252,https://pabsa.impressicocrm.com/api/tournament/119922/matches,2958,0,0
1680594042771,3443,Get Players schedule,200,,Knock_out_Thread Group 1-898,text,true,,5441,338,252,252,https://pabsa.impressicocrm.com/api/tournament/119922/matches,3443,0,0
1680594043574,2640,Get single knockout Player details,200,,Knock_out_Thread Group 1-884,text,true,,1210,326,252,252,https://pabsa.impressicocrm.com/api/player/110368,2640,0,0
1680594045153,1082,Home page ,200,OK,Knock_out_Thread Group 1-1062,text,true,,3033,309,252,252,https://pabsa.impressicocrm.com/,1081,0,579
1680594043436,2815,Get Home page country ,200,,Knock_out_Thread Group 1-1042,text,true,,17270,320,252,252,https://pabsa.impressicocrm.com/api/country,2815,0,0
1680594045653,623,Home page ,200,OK,Knock_out_Thread Group 1-1067,text,true,,3033,309,253,253,https://pabsa.impressicocrm.com/,622,0,555
1680594043152,3127,Get tournament result,200,,Knock_out_Thread Group 1-829,text,true,,5441,338,253,253,https://pabsa.impressicocrm.com/api/tournament/119922/matches,3127,0,0
1680594043573,2727,Get Home page currency,200,,Knock_out_Thread Group 1-982,text,true,,9160,321,253,253,https://pabsa.impressicocrm.com/api/currency,2727,0,0
1680594043428,2872,Get Players schedule,200,,Knock_out_Thread Group 1-914,text,true,,5435,338,253,253,https://pabsa.impressicocrm.com/api/tournament/119922/matches,2872,0,0
1680594041574,4730,Get tournament result,200,,Knock_out_Thread Group 1-842,text,true,,5435,338,253,253,https://pabsa.impressicocrm.com/api/tournament/119922/matches,4730,0,0
1680594045552,756,Home page ,200,OK,Knock_out_Thread Group 1-1066,text,true,,3033,309,253,253,https://pabsa.impressicocrm.com/,755,0,653
1680594043739,2591,Get single knockout Player details,200,,Knock_out_Thread Group 1-870,text,true,,1210,326,253,253,https://pabsa.impressicocrm.com/api/player/110368,2591,0,0
1680594042335,3995,Get tournamnent list ,200,,Knock_out_Thread Group 1-1016,text,true,,58880,389,253,253,https://pabsa.impressicocrm.com/api/tournament?limit=12&pageNumber=1&sportType=&tournamentName=&tournamentStyle=,2649,0,0
1680594042873,3463,Get Players schedule,200,,Knock_out_Thread Group 1-899,text,true,,5441,338,253,253,https://pabsa.impressicocrm.com/api/tournament/119922/matches,3463,0,0
1680594043285,3060,Get tournament result,200,,Knock_out_Thread Group 1-849,text,true,,5441,338,253,253,https://pabsa.impressicocrm.com/api/tournament/119922/matches,3060,0,0
1680594043299,3070,Get Players schedule,200,,Knock_out_Thread Group 1-907,text,true,,5435,338,254,254,https://pabsa.impressicocrm.com/api/tournament/119922/matches,3070,0,0
1680594043637,2743,Get Home page currency,200,,Knock_out_Thread Group 1-990,text,true,,9153,321,254,254,https://pabsa.impressicocrm.com/api/currency,2743,0,0
1680594042193,4199,Get tournamnent list ,200,,Knock_out_Thread Group 1-988,text,true,,58888,389,254,254,https://pabsa.impressicocrm.com/api/tournament?limit=12&pageNumber=1&sportType=&tournamentName=&tournamentStyle=,2680,0,0
1680594043348,3081,Get Players schedule,200,,Knock_out_Thread Group 1-926,text,true,,5441,338,254,254,https://pabsa.impressicocrm.com/api/tournament/119922/matches,3081,0,0
1680594042601,3833,Get tournamnent list ,200,,Knock_out_Thread Group 1-954,text,true,,58880,389,254,254,https://pabsa.impressicocrm.com/api/tournament?limit=12&pageNumber=1&sportType=&tournamentName=&tournamentStyle=,2812,0,0
1680594043184,3260,Get Home page country ,200,,Knock_out_Thread Group 1-1036,text,true,,17270,320,254,254,https://pabsa.impressicocrm.com/api/country,3188,0,0
1680594042653,3791,Get tournamnent list ,200,,Knock_out_Thread Group 1-1009,text,true,,58880,389,254,254,https://pabsa.impressicocrm.com/api/tournament?limit=12&pageNumber=1&sportType=&tournamentName=&tournamentStyle=,2906,0,0
1680594045853,591,Home page ,200,OK,Knock_out_Thread Group 1-1069,text,true,,3033,309,254,254,https://pabsa.impressicocrm.com/,591,0,341
1680594043426,3060,Get Home page country ,200,,Knock_out_Thread Group 1-1028,text,true,,17255,320,255,255,https://pabsa.impressicocrm.com/api/country,3060,0,0
1680594043502,3002,Get Players schedule,200,,Knock_out_Thread Group 1-908,text,true,,5441,338,255,255,https://pabsa.impressicocrm.com/api/tournament/119922/matches,3002,0,0
1680594043682,2822,Get tournament result,200,,Knock_out_Thread Group 1-834,text,true,,5441,338,255,255,https://pabsa.impressicocrm.com/api/tournament/119922/matches,2822,0,0
1680594043847,2707,Get single knockout Player details,200,,Knock_out_Thread Group 1-871,text,true,,1210,326,256,256,https://pabsa.impressicocrm.com/api/player/110368,2707,0,0
1680594045952,609,Home page ,200,OK,Knock_out_Thread Group 1-1070,text,true,,3033,309,256,256,https://pabsa.impressicocrm.com/,608,0,225
1680594043862,2701,Get knockout players list ,200,,Knock_out_Thread Group 1-892,text,true,,4591,340,256,256,https://pabsa.impressicocrm.com/api/tournament/118871/knockouts,2701,0,0
1680594041994,4569,Get tournamnent list ,200,,Knock_out_Thread Group 1-997,text,true,,58880,389,256,256,https://pabsa.impressicocrm.com/api/tournament?limit=12&pageNumber=1&sportType=&tournamentName=&tournamentStyle=,3223,0,0
1680594043453,3116,Get Home page country ,200,,Knock_out_Thread Group 1-1024,text,true,,17255,320,256,256,https://pabsa.impressicocrm.com/api/country,3029,0,0
1680594043809,2801,Get Break list ,200,,Knock_out_Thread Group 1-902,text,true,,3218,338,256,256,https://pabsa.impressicocrm.com/api/tournament/119922/players,2801,0,0
1680594043204,3410,Get Home page country ,200,,Knock_out_Thread Group 1-1030,text,true,,17270,320,256,256,https://pabsa.impressicocrm.com/api/country,3410,0,0
1680594043621,3001,Get Home page currency,200,,Knock_out_Thread Group 1-978,text,true,,9160,321,256,256,https://pabsa.impressicocrm.com/api/currency,3001,0,0
1680594043439,3216,Get Home page currency,200,,Knock_out_Thread Group 1-959,text,true,,9153,321,257,257,https://pabsa.impressicocrm.com/api/currency,3216,0,0
1680594043485,3170,Get Home page currency,200,,Knock_out_Thread Group 1-971,text,true,,9160,321,257,257,https://pabsa.impressicocrm.com/api/currency,3170,0,0
1680594043061,3605,Get tournament result,200,,Knock_out_Thread Group 1-756,text,true,,5441,338,257,257,https://pabsa.impressicocrm.com/api/tournament/119922/matches,3605,0,0
1680594043803,2863,Get tournament result,200,,Knock_out_Thread Group 1-843,text,true,,5435,338,257,257,https://pabsa.impressicocrm.com/api/tournament/119922/matches,2863,0,0
1680594045252,1435,Home page ,200,OK,Knock_out_Thread Group 1-1063,text,true,,3033,309,257,257,https://pabsa.impressicocrm.com/,1435,0,820
1680594043964,2733,Get single knockout Player details,200,,Knock_out_Thread Group 1-831,text,true,,1210,326,257,257,https://pabsa.impressicocrm.com/api/player/110368,2733,0,0
1680594046352,358,Home page ,200,OK,Knock_out_Thread Group 1-1074,text,true,,3033,309,257,257,https://pabsa.impressicocrm.com/,357,0,295
1680594043792,2919,Get Home page currency,200,,Knock_out_Thread Group 1-960,text,true,,9160,321,257,257,https://pabsa.impressicocrm.com/api/currency,2919,0,0
1680594045753,968,Home page ,200,OK,Knock_out_Thread Group 1-1068,text,true,,3033,309,257,257,https://pabsa.impressicocrm.com/,968,0,892
1680594046152,593,Home page ,200,OK,Knock_out_Thread Group 1-1072,text,true,,3033,309,257,257,https://pabsa.impressicocrm.com/,592,0,514
1680594042627,4126,Get tournamnent list ,200,,Knock_out_Thread Group 1-965,text,true,,58880,389,258,258,https://pabsa.impressicocrm.com/api/tournament?limit=12&pageNumber=1&sportType=&tournamentName=&tournamentStyle=,2817,0,0
1680594043739,3014,Get tournament result,200,,Knock_out_Thread Group 1-844,text,true,,5441,338,258,258,https://pabsa.impressicocrm.com/api/tournament/119922/matches,3014,0,0
1680594043690,3072,Get Players schedule,200,,Knock_out_Thread Group 1-901,text,true,,5441,338,258,258,https://pabsa.impressicocrm.com/api/tournament/119922/matches,3072,0,0
1680594043913,2865,Get tournament result,200,,Knock_out_Thread Group 1-864,text,true,,5441,338,258,258,https://pabsa.impressicocrm.com/api/tournament/119922/matches,2865,0,0
1680594042335,4483,Get tournamnent list ,200,,Knock_out_Thread Group 1-1004,text,true,,58880,389,258,258,https://pabsa.impressicocrm.com/api/tournament?limit=12&pageNumber=1&sportType=&tournamentName=&tournamentStyle=,2967,0,0
1680594043540,3285,Get Home page currency,200,,Knock_out_Thread Group 1-951,text,true,,9160,321,258,258,https://pabsa.impressicocrm.com/api/currency,3285,0,0
1680594043881,2951,Get tournament result,200,,Knock_out_Thread Group 1-858,text,true,,5441,338,258,258,https://pabsa.impressicocrm.com/api/tournament/119922/matches,2951,0,0
1680594043610,3242,Get tournament result,200,,Knock_out_Thread Group 1-827,text,true,,5441,338,259,259,https://pabsa.impressicocrm.com/api/tournament/119922/matches,3242,0,0
1680594043852,3009,Get Players schedule,200,,Knock_out_Thread Group 1-885,text,true,,5441,338,259,259,https://pabsa.impressicocrm.com/api/tournament/119922/matches,3009,0,0
1680594043574,3299,Get Players list ,200,,Knock_out_Thread Group 1-936,text,true,,3218,338,259,259,https://pabsa.impressicocrm.com/api/tournament/119922/players,3299,0,0
1680594044042,2832,Get playerA_Vs_playerB,200,,Knock_out_Thread Group 1-821,text,true,,1239,341,259,259,https://pabsa.impressicocrm.com/api/tournament/matchScore/147598,2832,0,0
1680594044033,2855,Get Home page country ,200,,Knock_out_Thread Group 1-1048,text,true,,17270,320,258,258,https://pabsa.impressicocrm.com/api/country,2855,0,0
1680594042062,4832,Get tournamnent list ,200,,Knock_out_Thread Group 1-949,text,true,,58880,389,258,258,https://pabsa.impressicocrm.com/api/tournament?limit=12&pageNumber=1&sportType=&tournamentName=&tournamentStyle=,2545,0,0
1680594043157,3753,Get Home page country ,200,,Knock_out_Thread Group 1-1035,text,true,,17270,320,258,258,https://pabsa.impressicocrm.com/api/country,3753,0,0
1680594043624,3286,Get Players schedule,200,,Knock_out_Thread Group 1-917,text,true,,5435,338,258,258,https://pabsa.impressicocrm.com/api/tournament/119922/matches,3286,0,0
1680594043779,3131,Get knockout players list ,200,,Knock_out_Thread Group 1-881,text,true,,4598,340,258,258,https://pabsa.impressicocrm.com/api/tournament/118871/knockouts,3131,0,0
1680594043814,3102,Get Players schedule,200,,Knock_out_Thread Group 1-919,text,true,,5441,338,258,258,https://pabsa.impressicocrm.com/api/tournament/119922/matches,3102,0,0
1680594043904,3018,Get Home page country ,200,,Knock_out_Thread Group 1-1034,text,true,,17270,320,258,258,https://pabsa.impressicocrm.com/api/country,3017,0,0
1680594046454,468,Home page ,200,OK,Knock_out_Thread Group 1-1075,text,true,,3033,309,258,258,https://pabsa.impressicocrm.com/,468,0,269
1680594043927,3006,Get Players schedule,200,,Knock_out_Thread Group 1-938,text,true,,5441,338,258,258,https://pabsa.impressicocrm.com/api/tournament/119922/matches,3006,0,0
1680594044257,2694,Get playerA_Vs_playerB,200,,Knock_out_Thread Group 1-862,text,true,,1239,341,258,258,https://pabsa.impressicocrm.com/api/tournament/matchScore/147598,2694,0,0
1680594043072,3886,Get Players list ,200,,Knock_out_Thread Group 1-937,text,true,,3218,338,258,258,https://pabsa.impressicocrm.com/api/tournament/119922/players,3886,0,0
1680594042916,4074,Get tournamnent list ,200,,Knock_out_Thread Group 1-1003,text,true,,58888,389,258,258,https://pabsa.impressicocrm.com/api/tournament?limit=12&pageNumber=1&sportType=&tournamentName=&tournamentStyle=,2965,0,0
1680594043993,3010,Get tournament result,200,,Knock_out_Thread Group 1-860,text,true,,5441,338,258,258,https://pabsa.impressicocrm.com/api/tournament/119922/matches,3010,0,0
1680594043948,3078,Get Players schedule,200,,Knock_out_Thread Group 1-905,text,true,,5441,338,258,258,https://pabsa.impressicocrm.com/api/tournament/119922/matches,3078,0,0
1680594044438,2608,Get single knockout Player details,200,,Knock_out_Thread Group 1-883,text,true,,1210,326,258,258,https://pabsa.impressicocrm.com/api/player/110368,2608,0,0
1680594044321,2728,Get playerA_Vs_playerB,200,,Knock_out_Thread Group 1-832,text,true,,1239,341,258,258,https://pabsa.impressicocrm.com/api/tournament/matchScore/147598,2728,0,0
1680594044476,2577,Get single knockout Player details,200,,Knock_out_Thread Group 1-875,text,true,,1210,326,258,258,https://pabsa.impressicocrm.com/api/player/110368,2577,0,0
1680594044317,2742,Get Home page currency,200,,Knock_out_Thread Group 1-968,text,true,,9160,321,258,258,https://pabsa.impressicocrm.com/api/currency,2742,0,0
1680594043999,3100,Get Players schedule,200,,Knock_out_Thread Group 1-920,text,true,,5435,338,258,258,https://pabsa.impressicocrm.com/api/tournament/119922/matches,3100,0,0
1680594046053,1046,Home page ,200,OK,Knock_out_Thread Group 1-1071,text,true,,3033,309,258,258,https://pabsa.impressicocrm.com/,1046,0,332
1680594044420,2685,Get Home page country ,200,,Knock_out_Thread Group 1-1052,text,true,,17270,320,258,258,https://pabsa.impressicocrm.com/api/country,2685,0,0
1680594046252,861,Home page ,200,OK,Knock_out_Thread Group 1-1073,text,true,,3033,309,258,258,https://pabsa.impressicocrm.com/,861,0,695
1680594044451,2664,Get Home page currency,200,,Knock_out_Thread Group 1-944,text,true,,9160,321,258,258,https://pabsa.impressicocrm.com/api/currency,2663,0,0
1680594042284,4834,Get tournamnent list ,200,,Knock_out_Thread Group 1-963,text,true,,58888,389,258,258,https://pabsa.impressicocrm.com/api/tournament?limit=12&pageNumber=1&sportType=&tournamentName=&tournamentStyle=,3022,0,0
1680594044432,2695,Get Home page currency,200,,Knock_out_Thread Group 1-962,text,true,,9153,321,258,258,https://pabsa.impressicocrm.com/api/currency,2695,0,0
1680594042613,4542,Get tournamnent list ,200,,Knock_out_Thread Group 1-1013,text,true,,58880,389,259,259,https://pabsa.impressicocrm.com/api/tournament?limit=12&pageNumber=1&sportType=&tournamentName=&tournamentStyle=,3153,0,0
1680594043839,3333,Get Home page country ,200,,Knock_out_Thread Group 1-1043,text,true,,17270,320,259,259,https://pabsa.impressicocrm.com/api/country,2969,0,0
1680594041275,5914,Get tournamnent list ,200,,Knock_out_Thread Group 1-947,text,true,,58888,389,259,259,https://pabsa.impressicocrm.com/api/tournament?limit=12&pageNumber=1&sportType=&tournamentName=&tournamentStyle=,4471,0,0
1680594044228,2964,Get tournament result,200,,Knock_out_Thread Group 1-840,text,true,,5441,338,259,259,https://pabsa.impressicocrm.com/api/tournament/119922/matches,2964,0,0
1680594044381,2814,Get Home page currency,200,,Knock_out_Thread Group 1-981,text,true,,9160,321,259,259,https://pabsa.impressicocrm.com/api/currency,2814,0,0
1680594042270,4935,Get knockout players list ,200,,Knock_out_Thread Group 1-866,text,true,,4598,340,259,259,https://pabsa.impressicocrm.com/api/tournament/118871/knockouts,4935,0,0
1680594043873,3342,Get Home page country ,200,,Knock_out_Thread Group 1-1041,text,true,,17255,320,259,259,https://pabsa.impressicocrm.com/api/country,3342,0,0
1680594042442,4773,Get tournamnent list ,200,,Knock_out_Thread Group 1-1002,text,true,,58880,389,259,259,https://pabsa.impressicocrm.com/api/tournament?limit=12&pageNumber=1&sportType=&tournamentName=&tournamentStyle=,2986,0,0
1680594043945,3298,Get Players list ,200,,Knock_out_Thread Group 1-922,text,true,,3218,338,259,259,https://pabsa.impressicocrm.com/api/tournament/119922/players,3298,0,0
1680594042657,4591,Get tournamnent list ,200,,Knock_out_Thread Group 1-1000,text,true,,58888,389,259,259,https://pabsa.impressicocrm.com/api/tournament?limit=12&pageNumber=1&sportType=&tournamentName=&tournamentStyle=,3220,0,0
1680594046652,603,Home page ,200,OK,Knock_out_Thread Group 1-1077,text,true,,3033,309,260,260,https://pabsa.impressicocrm.com/,603,0,540
1680594044525,2768,Get knockout players list ,200,,Knock_out_Thread Group 1-836,text,true,,4598,340,260,260,https://pabsa.impressicocrm.com/api/tournament/118871/knockouts,2768,0,0
1680594044313,2988,Get Break list ,200,,Knock_out_Thread Group 1-941,text,true,,3218,338,260,260,https://pabsa.impressicocrm.com/api/tournament/119922/players,2988,0,0
1680594046552,749,Home page ,200,OK,Knock_out_Thread Group 1-1076,text,true,,3033,309,260,260,https://pabsa.impressicocrm.com/,749,0,280
1680594044570,2734,Get knockout players list ,200,,Knock_out_Thread Group 1-915,text,true,,4598,340,260,260,https://pabsa.impressicocrm.com/api/tournament/118871/knockouts,2734,0,0
1680594043916,3429,Get Home page country ,200,,Knock_out_Thread Group 1-1046,text,true,,17270,320,260,260,https://pabsa.impressicocrm.com/api/country,3429,0,0
1680594044565,2792,Get playerA_Vs_playerB,200,,Knock_out_Thread Group 1-854,text,true,,1239,341,261,261,https://pabsa.impressicocrm.com/api/tournament/matchScore/147598,2792,0,0
1680594041801,5564,Get single knockout Player details,200,,Knock_out_Thread Group 1-841,text,true,,1210,326,260,260,https://pabsa.impressicocrm.com/api/player/110368,5564,0,0
1680594044570,2795,Get Home page currency,200,,Knock_out_Thread Group 1-1011,text,true,,9160,321,260,260,https://pabsa.impressicocrm.com/api/currency,2795,0,0
1680594044581,2784,Get playerA_Vs_playerB,200,,Knock_out_Thread Group 1-838,text,true,,1239,341,260,260,https://pabsa.impressicocrm.com/api/tournament/matchScore/147598,2784,0,0
1680594044483,2882,Get Players schedule,200,,Knock_out_Thread Group 1-928,text,true,,5441,338,260,260,https://pabsa.impressicocrm.com/api/tournament/119922/matches,2882,0,0
1680594044254,3111,Get Home page currency,200,,Knock_out_Thread Group 1-943,text,true,,9160,321,260,260,https://pabsa.impressicocrm.com/api/currency,3111,0,0
1680594044362,3008,Get Players schedule,200,,Knock_out_Thread Group 1-890,text,true,,5441,338,259,259,https://pabsa.impressicocrm.com/api/tournament/119922/matches,3008,0,0
1680594046953,417,Home page ,200,OK,Knock_out_Thread Group 1-1080,text,true,,3033,309,259,259,https://pabsa.impressicocrm.com/,417,0,340
1680594044581,2790,Get Home page currency,200,,Knock_out_Thread Group 1-991,text,true,,9160,321,259,259,https://pabsa.impressicocrm.com/api/currency,2790,0,0
1680594044006,3367,Get tournament result,200,,Knock_out_Thread Group 1-859,text,true,,5441,338,259,259,https://pabsa.impressicocrm.com/api/tournament/119922/matches,3367,0,0
1680594044085,3290,Get Home page currency,200,,Knock_out_Thread Group 1-970,text,true,,9160,321,259,259,https://pabsa.impressicocrm.com/api/currency,3290,0,0
1680594047052,327,Home page ,200,OK,Knock_out_Thread Group 1-1081,text,true,,3033,309,259,259,https://pabsa.impressicocrm.com/,327,0,249
1680594044676,2708,Get single knockout Player details,200,,Knock_out_Thread Group 1-891,text,true,,1210,326,259,259,https://pabsa.impressicocrm.com/api/player/110368,2708,0,0
1680594044362,3022,Get tournament result,200,,Knock_out_Thread Group 1-851,text,true,,5441,338,259,259,https://pabsa.impressicocrm.com/api/tournament/119922/matches,3022,0,0
1680594044673,2723,Get single knockout Player details,200,,Knock_out_Thread Group 1-856,text,true,,1210,326,259,259,https://pabsa.impressicocrm.com/api/player/110368,2723,0,0
1680594043927,3474,Get tournament result,200,,Knock_out_Thread Group 1-865,text,true,,5441,338,259,259,https://pabsa.impressicocrm.com/api/tournament/119922/matches,3474,0,0
1680594042369,5039,Get tournamnent list ,200,,Knock_out_Thread Group 1-1012,text,true,,58880,389,259,259,https://pabsa.impressicocrm.com/api/tournament?limit=12&pageNumber=1&sportType=&tournamentName=&tournamentStyle=,2824,0,0
1680594043501,3921,Get tournamnent list ,200,,Knock_out_Thread Group 1-1005,text,true,,58880,389,259,259,https://pabsa.impressicocrm.com/api/tournament?limit=12&pageNumber=1&sportType=&tournamentName=&tournamentStyle=,3189,0,0
1680594044515,2917,Get tournament result,200,,Knock_out_Thread Group 1-850,text,true,,5441,338,259,259,https://pabsa.impressicocrm.com/api/tournament/119922/matches,2917,0,0
1680594042896,4543,Get tournamnent list ,200,,Knock_out_Thread Group 1-972,text,true,,58880,389,259,259,https://pabsa.impressicocrm.com/api/tournament?limit=12&pageNumber=1&sportType=&tournamentName=&tournamentStyle=,3350,0,0
1680594041974,5465,Get tournamnent list ,200,,Knock_out_Thread Group 1-1006,text,true,,58888,389,259,259,https://pabsa.impressicocrm.com/api/tournament?limit=12&pageNumber=1&sportType=&tournamentName=&tournamentStyle=,4878,0,0
1680594044639,2808,Get Home page currency,200,,Knock_out_Thread Group 1-999,text,true,,9160,321,259,259,https://pabsa.impressicocrm.com/api/currency,2808,0,0
1680594044426,3026,Get Home page country ,200,,Knock_out_Thread Group 1-1040,text,true,,17270,320,259,259,https://pabsa.impressicocrm.com/api/country,2944,0,0
1680594044237,3216,Get Home page currency,200,,Knock_out_Thread Group 1-992,text,true,,9160,321,260,260,https://pabsa.impressicocrm.com/api/currency,3216,0,0
1680594044636,2817,Get Home page country ,200,,Knock_out_Thread Group 1-1054,text,true,,17270,320,260,260,https://pabsa.impressicocrm.com/api/country,2817,0,0
1680594043566,3887,Get tournamnent list ,200,,Knock_out_Thread Group 1-1021,text,true,,58880,389,260,260,https://pabsa.impressicocrm.com/api/tournament?limit=12&pageNumber=1&sportType=&tournamentName=&tournamentStyle=,3028,0,0
1680594045352,2112,Home page ,200,OK,Knock_out_Thread Group 1-1064,text,true,,3033,309,260,260,https://pabsa.impressicocrm.com/,2112,0,1993
1680594044607,2869,Get Players list ,200,,Knock_out_Thread Group 1-973,text,true,,3218,338,260,260,https://pabsa.impressicocrm.com/api/tournament/119922/players,2869,0,0
1680594044639,2842,Get Break list ,200,,Knock_out_Thread Group 1-942,text,true,,3218,338,260,260,https://pabsa.impressicocrm.com/api/tournament/119922/players,2841,0,0
1680594044716,2777,Get playerA_Vs_playerB,200,,Knock_out_Thread Group 1-846,text,true,,1239,341,260,260,https://pabsa.impressicocrm.com/api/tournament/matchScore/147598,2777,0,0
1680594044033,3482,Get tournament result,200,,Knock_out_Thread Group 1-825,text,true,,5441,338,259,259,https://pabsa.impressicocrm.com/api/tournament/119922/matches,3482,0,0
1680594044003,3523,Get Home page country ,200,,Knock_out_Thread Group 1-1032,text,true,,17270,320,259,259,https://pabsa.impressicocrm.com/api/country,3523,0,0
1680594044866,2682,Get single knockout Player details,200,,Knock_out_Thread Group 1-863,text,true,,1210,326,259,259,https://pabsa.impressicocrm.com/api/player/110368,2682,0,0
1680594044156,3413,Get Home page currency,200,,Knock_out_Thread Group 1-950,text,true,,9153,321,260,260,https://pabsa.impressicocrm.com/api/currency,3413,0,0
1680594044987,2592,Get single knockout Player details,200,,Knock_out_Thread Group 1-911,text,true,,1210,326,260,260,https://pabsa.impressicocrm.com/api/player/110368,2592,0,0
1680594043771,3808,Get Home page country ,200,,Knock_out_Thread Group 1-948,text,true,,17270,320,260,260,https://pabsa.impressicocrm.com/api/country,3703,0,0
1680594044873,2706,Get playerA_Vs_playerB,200,,Knock_out_Thread Group 1-823,text,true,,1239,341,260,260,https://pabsa.impressicocrm.com/api/tournament/matchScore/147598,2706,0,0
1680594044946,2642,Get playerA_Vs_playerB,200,,Knock_out_Thread Group 1-774,text,true,,1239,341,259,259,https://pabsa.impressicocrm.com/api/tournament/matchScore/147598,2642,0,0
1680594042335,5310,Get tournamnent list ,200,,Knock_out_Thread Group 1-995,text,true,,58888,389,258,258,https://pabsa.impressicocrm.com/api/tournament?limit=12&pageNumber=1&sportType=&tournamentName=&tournamentStyle=,2924,0,0
1680594044392,3258,Get tournamnent list ,200,,Knock_out_Thread Group 1-1026,text,true,,58880,389,258,258,https://pabsa.impressicocrm.com/api/tournament?limit=12&pageNumber=1&sportType=&tournamentName=&tournamentStyle=,2909,0,0
1680594044519,3143,Get Home page currency,200,,Knock_out_Thread Group 1-987,text,true,,9160,321,259,259,https://pabsa.impressicocrm.com/api/currency,3143,0,0
1680594042910,4755,Get tournamnent list ,200,,Knock_out_Thread Group 1-946,text,true,,58880,389,259,259,https://pabsa.impressicocrm.com/api/tournament?limit=12&pageNumber=1&sportType=&tournamentName=&tournamentStyle=,3588,0,0
1680594044763,2903,Get Home page country ,200,,Knock_out_Thread Group 1-1055,text,true,,17270,320,259,259,https://pabsa.impressicocrm.com/api/country,2903,0,0
1680594045071,2597,Get single knockout Player details,200,,Knock_out_Thread Group 1-882,text,true,,1210,326,259,259,https://pabsa.impressicocrm.com/api/player/110368,2597,0,0
1680594044565,3115,Get Players schedule,200,,Knock_out_Thread Group 1-923,text,true,,5441,338,259,259,https://pabsa.impressicocrm.com/api/tournament/119922/matches,3115,0,0
1680594043133,4562,Get tournamnent list ,200,,Knock_out_Thread Group 1-976,text,true,,58880,389,259,259,https://pabsa.impressicocrm.com/api/tournament?limit=12&pageNumber=1&sportType=&tournamentName=&tournamentStyle=,3477,0,0
1680594044050,3691,Get Home page currency,200,,Knock_out_Thread Group 1-953,text,true,,9160,321,259,259,https://pabsa.impressicocrm.com/api/currency,3691,0,0
1680594044607,3142,Get Players schedule,200,,Knock_out_Thread Group 1-887,text,true,,5441,338,259,259,https://pabsa.impressicocrm.com/api/tournament/119922/matches,3142,0,0
1680594045049,2700,Get knockout players list ,200,,Knock_out_Thread Group 1-909,text,true,,4598,340,259,259,https://pabsa.impressicocrm.com/api/tournament/118871/knockouts,2700,0,0
1680594045005,2747,Get Home page currency,200,,Knock_out_Thread Group 1-1007,text,true,,9160,321,259,259,https://pabsa.impressicocrm.com/api/currency,2747,0,0
1680594045034,2727,Get Break list ,200,,Knock_out_Thread Group 1-916,text,true,,3218,338,260,260,https://pabsa.impressicocrm.com/api/tournament/119922/players,2727,0,0
1680594044688,3079,Get Players schedule,200,,Knock_out_Thread Group 1-931,text,true,,5435,338,260,260,https://pabsa.impressicocrm.com/api/tournament/119922/matches,3079,0,0
1680594045212,2557,Get Home page currency,200,,Knock_out_Thread Group 1-1008,text,true,,9160,321,260,260,https://pabsa.impressicocrm.com/api/currency,2557,0,0
1680594044982,2790,Get Players list ,200,,Knock_out_Thread Group 1-932,text,true,,3218,338,260,260,https://pabsa.impressicocrm.com/api/tournament/119922/players,2790,0,0
1680594045071,2704,Get Home page currency,200,,Knock_out_Thread Group 1-1010,text,true,,9160,321,260,260,https://pabsa.impressicocrm.com/api/currency,2704,0,0
1680594045177,2604,Get playerA_Vs_playerB,200,,Knock_out_Thread Group 1-812,text,true,,1239,341,260,260,https://pabsa.impressicocrm.com/api/tournament/matchScore/147598,2604,0,0
1680594045307,2480,Get playerA_Vs_playerB,200,,Knock_out_Thread Group 1-820,text,true,,1239,341,259,259,https://pabsa.impressicocrm.com/api/tournament/matchScore/147598,2480,0,0
1680594045390,2407,Get knockout players list ,200,,Knock_out_Thread Group 1-872,text,true,,4598,340,258,258,https://pabsa.impressicocrm.com/api/tournament/118871/knockouts,2407,0,0
1680594044358,3452,Get Home page country ,200,,Knock_out_Thread Group 1-1051,text,true,,17270,320,258,258,https://pabsa.impressicocrm.com/api/country,3452,0,0
1680594044608,3207,Get Home page currency,200,,Knock_out_Thread Group 1-955,text,true,,9160,321,258,258,https://pabsa.impressicocrm.com/api/currency,3207,0,0
1680594045203,2618,Get knockout players list ,200,,Knock_out_Thread Group 1-924,text,true,,4598,340,258,258,https://pabsa.impressicocrm.com/api/tournament/118871/knockouts,2618,0,0
1680594045640,2228,Get single knockout Player details,200,,Knock_out_Thread Group 1-893,text,true,,1210,326,259,259,https://pabsa.impressicocrm.com/api/player/110368,2228,0,0
1680594045609,2259,Get single knockout Player details,200,,Knock_out_Thread Group 1-894,text,true,,1210,326,259,259,https://pabsa.impressicocrm.com/api/player/110368,2259,0,0
1680594045196,2672,Get Home page currency,200,,Knock_out_Thread Group 1-961,text,true,,9160,321,259,259,https://pabsa.impressicocrm.com/api/currency,2672,0,0
1680594043445,4423,Get tournamnent list ,200,,Knock_out_Thread Group 1-945,text,true,,58888,389,259,259,https://pabsa.impressicocrm.com/api/tournament?limit=12&pageNumber=1&sportType=&tournamentName=&tournamentStyle=,3317,0,0
1680594043467,4401,Get tournamnent list ,200,,Knock_out_Thread Group 1-1019,text,true,,58888,389,259,259,https://pabsa.impressicocrm.com/api/tournament?limit=12&pageNumber=1&sportType=&tournamentName=&tournamentStyle=,3162,0,0
1680594046752,1116,Home page ,200,OK,Knock_out_Thread Group 1-1078,text,true,,3033,309,259,259,https://pabsa.impressicocrm.com/,1116,0,644
1680594044469,3399,Get Home page currency,200,,Knock_out_Thread Group 1-985,text,true,,9153,321,259,259,https://pabsa.impressicocrm.com/api/currency,3399,0,0
1680594042834,5034,Get Players list ,200,,Knock_out_Thread Group 1-927,text,true,,3218,338,259,259,https://pabsa.impressicocrm.com/api/tournament/119922/players,5034,0,0
1680594044929,2943,Get Players schedule,200,,Knock_out_Thread Group 1-910,text,true,,5435,338,259,259,https://pabsa.impressicocrm.com/api/tournament/119922/matches,2943,0,0
1680594044558,3314,Get Home page currency,200,,Knock_out_Thread Group 1-979,text,true,,9160,321,259,259,https://pabsa.impressicocrm.com/api/currency,3314,0,0
1680594042981,4891,Get tournamnent list ,200,,Knock_out_Thread Group 1-974,text,true,,58880,389,259,259,https://pabsa.impressicocrm.com/api/tournament?limit=12&pageNumber=1&sportType=&tournamentName=&tournamentStyle=,3505,0,0
1680594045524,2351,Get playerA_Vs_playerB,200,,Knock_out_Thread Group 1-814,text,true,,1239,341,259,259,https://pabsa.impressicocrm.com/api/tournament/matchScore/147598,2351,0,0
1680594044163,3728,Get Home page currency,200,,Knock_out_Thread Group 1-975,text,true,,9160,321,258,258,https://pabsa.impressicocrm.com/api/currency,3728,0,0
1680594045002,2897,Get Players schedule,200,,Knock_out_Thread Group 1-913,text,true,,5441,338,258,258,https://pabsa.impressicocrm.com/api/tournament/119922/matches,2897,0,0
1680594043174,4743,Get playerA_Vs_playerB,200,,Knock_out_Thread Group 1-824,text,true,,1239,341,258,258,https://pabsa.impressicocrm.com/api/tournament/matchScore/147598,4743,0,0
1680594045738,2187,Get playerA_Vs_playerB,200,,Knock_out_Thread Group 1-848,text,true,,1239,341,257,257,https://pabsa.impressicocrm.com/api/tournament/matchScore/147598,2187,0,0
1680594045511,2414,Get knockout players list ,200,,Knock_out_Thread Group 1-876,text,true,,4598,340,257,257,https://pabsa.impressicocrm.com/api/tournament/118871/knockouts,2414,0,0
1680594043798,4134,Get Home page country ,200,,Knock_out_Thread Group 1-1045,text,true,,17270,320,256,256,https://pabsa.impressicocrm.com/api/country,4131,0,0
1680594044980,2952,Get Players schedule,200,,Knock_out_Thread Group 1-930,text,true,,5435,338,256,256,https://pabsa.impressicocrm.com/api/tournament/119922/matches,2952,0,0
1680594044938,3008,Get knockout players list ,200,,Knock_out_Thread Group 1-896,text,true,,4598,340,256,256,https://pabsa.impressicocrm.com/api/tournament/118871/knockouts,3008,0,0
1680594045052,2897,Get tournament result,200,,Knock_out_Thread Group 1-868,text,true,,5441,338,256,256,https://pabsa.impressicocrm.com/api/tournament/119922/matches,2897,0,0
1680594044654,3297,Get tournamnent list ,200,,Knock_out_Thread Group 1-1027,text,true,,58888,389,256,256,https://pabsa.impressicocrm.com/api/tournament?limit=12&pageNumber=1&sportType=&tournamentName=&tournamentStyle=,2925,0,0
1680594041420,6536,Get tournamnent list ,200,,Knock_out_Thread Group 1-957,text,true,,58888,389,257,257,https://pabsa.impressicocrm.com/api/tournament?limit=12&pageNumber=1&sportType=&tournamentName=&tournamentStyle=,5277,0,0
1680594045537,2421,Get Home page currency,200,,Knock_out_Thread Group 1-958,text,true,,9153,321,257,257,https://pabsa.impressicocrm.com/api/currency,2421,0,0
1680594045180,2786,Get single knockout Player details,200,,Knock_out_Thread Group 1-897,text,true,,1210,326,257,257,https://pabsa.impressicocrm.com/api/player/110368,2786,0,0
1680594047253,713,Home page ,200,OK,Knock_out_Thread Group 1-1083,text,true,,3033,309,257,257,https://pabsa.impressicocrm.com/,713,0,642
1680594044644,3327,Get Players schedule,200,,Knock_out_Thread Group 1-918,text,true,,5441,338,257,257,https://pabsa.impressicocrm.com/api/tournament/119922/matches,3327,0,0
1680594045773,2208,Get playerA_Vs_playerB,200,,Knock_out_Thread Group 1-816,text,true,,1239,341,257,257,https://pabsa.impressicocrm.com/api/tournament/matchScore/147598,2208,0,0
1680594044581,3405,Get tournamnent list ,200,,Knock_out_Thread Group 1-1020,text,true,,58880,389,256,256,https://pabsa.impressicocrm.com/api/tournament?limit=12&pageNumber=1&sportType=&tournamentName=&tournamentStyle=,2998,0,0
1680594044522,3466,Get Players schedule,200,,Knock_out_Thread Group 1-939,text,true,,5441,338,256,256,https://pabsa.impressicocrm.com/api/tournament/119922/matches,3466,0,0
1680594045238,2758,Get single knockout Player details,200,,Knock_out_Thread Group 1-888,text,true,,1210,326,256,256,https://pabsa.impressicocrm.com/api/player/110368,2758,0,0
1680594045853,2143,Get knockout players list ,200,,Knock_out_Thread Group 1-925,text,true,,4598,340,256,256,https://pabsa.impressicocrm.com/api/tournament/118871/knockouts,2143,0,0
1680594045738,2290,Get Home page country ,200,,Knock_out_Thread Group 1-1061,text,true,,17270,320,256,256,https://pabsa.impressicocrm.com/api/country,2289,0,0
1680594047153,875,Home page ,200,OK,Knock_out_Thread Group 1-1082,text,true,,3033,309,256,256,https://pabsa.impressicocrm.com/,875,0,271
1680594044498,3532,Get tournament result,200,,Knock_out_Thread Group 1-861,text,true,,5441,338,256,256,https://pabsa.impressicocrm.com/api/tournament/119922/matches,3532,0,0
1680594043713,4317,Get tournamnent list ,200,,Knock_out_Thread Group 1-1018,text,true,,58888,389,256,256,https://pabsa.impressicocrm.com/api/tournament?limit=12&pageNumber=1&sportType=&tournamentName=&tournamentStyle=,3049,0,0
1680594047552,478,Home page ,200,OK,Knock_out_Thread Group 1-1086,text,true,,3033,309,256,256,https://pabsa.impressicocrm.com/,478,0,347
1680594047753,282,Home page ,200,OK,Knock_out_Thread Group 1-1088,text,true,,3033,309,256,256,https://pabsa.impressicocrm.com/,282,0,205
1680594047653,382,Home page ,200,OK,Knock_out_Thread Group 1-1087,text,true,,3033,309,256,256,https://pabsa.impressicocrm.com/,382,0,298
1680594044756,3296,Get tournament result,200,,Knock_out_Thread Group 1-855,text,true,,5441,338,257,257,https://pabsa.impressicocrm.com/api/tournament/119922/matches,3296,0,0
1680594042986,5068,Get tournamnent list ,200,,Knock_out_Thread Group 1-986,text,true,,58880,389,257,257,https://pabsa.impressicocrm.com/api/tournament?limit=12&pageNumber=1&sportType=&tournamentName=&tournamentStyle=,3031,0,0
1680594044752,3306,Get Home page currency,200,,Knock_out_Thread Group 1-980,text,true,,9160,321,257,257,https://pabsa.impressicocrm.com/api/currency,3306,0,0
1680594044728,3340,Get tournament result,200,,Knock_out_Thread Group 1-857,text,true,,5441,338,257,257,https://pabsa.impressicocrm.com/api/tournament/119922/matches,3340,0,0
1680594044565,3533,Get Players schedule,200,,Knock_out_Thread Group 1-912,text,true,,5441,338,257,257,https://pabsa.impressicocrm.com/api/tournament/119922/matches,3533,0,0
1680594044968,3138,Get Home page country ,200,,Knock_out_Thread Group 1-1057,text,true,,17270,320,257,257,https://pabsa.impressicocrm.com/api/country,3135,0,0
1680594045186,2920,Get Home page currency,200,,Knock_out_Thread Group 1-1014,text,true,,9160,321,257,257,https://pabsa.impressicocrm.com/api/currency,2920,0,0
1680594046012,2100,Get playerA_Vs_playerB,200,,Knock_out_Thread Group 1-853,text,true,,1239,341,257,257,https://pabsa.impressicocrm.com/api/tournament/matchScore/147598,2100,0,0
1680594045671,2441,Get Home page country ,200,,Knock_out_Thread Group 1-1053,text,true,,17270,320,257,257,https://pabsa.impressicocrm.com/api/country,2441,0,0
1680594045356,2756,Get Players schedule,200,,Knock_out_Thread Group 1-940,text,true,,5441,338,257,257,https://pabsa.impressicocrm.com/api/tournament/119922/matches,2756,0,0
1680594047352,783,Home page ,200,OK,Knock_out_Thread Group 1-1084,text,true,,3033,309,256,256,https://pabsa.impressicocrm.com/,783,0,690
1680594045287,2856,Get Home page currency,200,,Knock_out_Thread Group 1-984,text,true,,9153,321,256,256,https://pabsa.impressicocrm.com/api/currency,2856,0,0
1680594045948,2195,Get knockout players list ,200,,Knock_out_Thread Group 1-903,text,true,,4598,340,256,256,https://pabsa.impressicocrm.com/api/tournament/118871/knockouts,2195,0,0
1680594046058,2086,Get playerA_Vs_playerB,200,,Knock_out_Thread Group 1-852,text,true,,1239,341,256,256,https://pabsa.impressicocrm.com/api/tournament/matchScore/147598,2086,0,0
1680594031853,16291,Home page ,200,OK,Knock_out_Thread Group 1-929,text,true,,3033,309,256,256,https://pabsa.impressicocrm.com/,16291,0,16182
1680594046062,2094,Get knockout players list ,200,,Knock_out_Thread Group 1-895,text,true,,4598,340,256,256,https://pabsa.impressicocrm.com/api/tournament/118871/knockouts,2094,0,0
1680594045425,2734,Get tournament result,200,,Knock_out_Thread Group 1-877,text,true,,5441,338,256,256,https://pabsa.impressicocrm.com/api/tournament/119922/matches,2734,0,0
1680594045833,2329,Get tournament result,200,,Knock_out_Thread Group 1-874,text,true,,5441,338,256,256,https://pabsa.impressicocrm.com/api/tournament/119922/matches,2329,0,0
1680594045383,2786,Get tournament result,200,,Knock_out_Thread Group 1-867,text,true,,5435,338,256,256,https://pabsa.impressicocrm.com/api/tournament/119922/matches,2786,0,0
1680594045880,2317,Get Home page currency,200,,Knock_out_Thread Group 1-993,text,true,,9160,321,256,256,https://pabsa.impressicocrm.com/api/currency,2317,0,0
1680594042309,5888,Get tournamnent list ,200,,Knock_out_Thread Group 1-956,text,true,,58888,389,256,256,https://pabsa.impressicocrm.com/api/tournament?limit=12&pageNumber=1&sportType=&tournamentName=&tournamentStyle=,2782,0,0
1680594045417,2783,Get Players schedule,200,,Knock_out_Thread Group 1-933,text,true,,5441,338,256,256,https://pabsa.impressicocrm.com/api/tournament/119922/matches,2783,0,0
1680594046080,2130,Get knockout players list ,200,,Knock_out_Thread Group 1-906,text,true,,4598,340,256,256,https://pabsa.impressicocrm.com/api/tournament/118871/knockouts,2130,0,0
1680594046117,2102,Get playerA_Vs_playerB,200,,Knock_out_Thread Group 1-847,text,true,,1239,341,256,256,https://pabsa.impressicocrm.com/api/tournament/matchScore/147598,2102,0,0
1680594045127,3098,Get Home page currency,200,,Knock_out_Thread Group 1-969,text,true,,9160,321,255,255,https://pabsa.impressicocrm.com/api/currency,3098,0,0
1680594037252,10973,Home page ,200,OK,Knock_out_Thread Group 1-983,text,true,,3033,309,255,255,https://pabsa.impressicocrm.com/,10973,0,1411
1680594046133,2096,Get knockout players list ,200,,Knock_out_Thread Group 1-921,text,true,,4598,340,255,255,https://pabsa.impressicocrm.com/api/tournament/118871/knockouts,2095,0,0
1680594045833,2412,Get tournament result,200,,Knock_out_Thread Group 1-873,text,true,,5435,338,255,255,https://pabsa.impressicocrm.com/api/tournament/119922/matches,2412,0,0
1680594046142,2106,Get Home page country ,200,,Knock_out_Thread Group 1-1065,text,true,,17255,320,255,255,https://pabsa.impressicocrm.com/api/country,2104,0,0
1680594045107,3150,Get Home page country ,200,,Knock_out_Thread Group 1-1058,text,true,,17270,320,256,256,https://pabsa.impressicocrm.com/api/country,3150,0,0
1680594047852,405,Home page ,200,OK,Knock_out_Thread Group 1-1089,text,true,,3033,309,256,256,https://pabsa.impressicocrm.com/,405,0,340
1680594046099,2167,Get Break list ,200,,Knock_out_Thread Group 1-934,text,true,,3218,338,256,256,https://pabsa.impressicocrm.com/api/tournament/119922/players,2167,0,0
1680594045929,2350,Get Home page country ,200,,Knock_out_Thread Group 1-1060,text,true,,17270,320,256,256,https://pabsa.impressicocrm.com/api/country,2349,0,0
1680594047952,332,Home page ,200,OK,Knock_out_Thread Group 1-1090,text,true,,3033,309,256,256,https://pabsa.impressicocrm.com/,332,0,251
1680594045107,3216,Get Home page country ,200,,Knock_out_Thread Group 1-1049,text,true,,17255,320,256,256,https://pabsa.impressicocrm.com/api/country,3216,0,0
1680594044866,3469,Get Home page country ,200,,Knock_out_Thread Group 1-1044,text,true,,17270,320,256,256,https://pabsa.impressicocrm.com/api/country,3469,0,0
1680594045539,2802,Get tournament result,200,,Knock_out_Thread Group 1-889,text,true,,5441,338,256,256,https://pabsa.impressicocrm.com/api/tournament/119922/matches,2802,0,0
1680594046190,2153,Get playerA_Vs_playerB,200,,Knock_out_Thread Group 1-878,text,true,,1239,341,256,256,https://pabsa.impressicocrm.com/api/tournament/matchScore/147598,2153,0,0
1680594046209,2134,Get knockout players list ,200,,Knock_out_Thread Group 1-900,text,true,,4598,340,256,256,https://pabsa.impressicocrm.com/api/tournament/118871/knockouts,2134,0,0
1680594048052,312,Home page ,200,OK,Knock_out_Thread Group 1-1091,text,true,,3033,309,256,256,https://pabsa.impressicocrm.com/,312,0,232
1680594048156,210,Get single knockout Player details,200,,Knock_out_Thread Group 1-895,text,true,,1210,326,256,256,https://pabsa.impressicocrm.com/api/player/110368,210,0,0
1680594046170,2204,Get Home page currency,200,,Knock_out_Thread Group 1-964,text,true,,9153,321,256,256,https://pabsa.impressicocrm.com/api/currency,2204,0,0
1680594045937,2443,Get Home page currency,200,,Knock_out_Thread Group 1-994,text,true,,9160,321,256,256,https://pabsa.impressicocrm.com/api/currency,2443,0,0
1680594046300,2092,Get knockout players list ,200,,Knock_out_Thread Group 1-914,text,true,,4598,340,256,256,https://pabsa.impressicocrm.com/api/tournament/118871/knockouts,2092,0,0
1680594046205,2187,Get Players list ,200,,Knock_out_Thread Group 1-967,text,true,,3218,338,256,256,https://pabsa.impressicocrm.com/api/tournament/119922/players,2187,0,0
1680594045690,2704,Get Home page currency,200,,Knock_out_Thread Group 1-998,text,true,,9160,321,256,256,https://pabsa.impressicocrm.com/api/currency,2704,0,0
1680594045293,3122,Get tournament result,200,,Knock_out_Thread Group 1-879,text,true,,5441,338,256,256,https://pabsa.impressicocrm.com/api/tournament/119922/matches,3122,0,0
1680594046305,2113,Get playerA_Vs_playerB,200,,Knock_out_Thread Group 1-842,text,true,,1239,341,256,256,https://pabsa.impressicocrm.com/api/tournament/matchScore/147598,2113,0,0
1680594046300,2118,Get Players list ,200,,Knock_out_Thread Group 1-982,text,true,,3218,338,256,256,https://pabsa.impressicocrm.com/api/tournament/119922/players,2118,0,0
1680594046067,2377,Get tournament result,200,,Knock_out_Thread Group 1-845,text,true,,5441,338,255,255,https://pabsa.impressicocrm.com/api/tournament/119922/matches,2377,0,0
1680594045643,2801,Get tournamnent list ,200,,Knock_out_Thread Group 1-989,text,true,,58888,389,255,255,https://pabsa.impressicocrm.com/api/tournament?limit=12&pageNumber=1&sportType=&tournamentName=&tournamentStyle=,2501,0,0
1680594046214,2230,Get knockout players list ,200,,Knock_out_Thread Group 1-898,text,true,,4598,340,255,255,https://pabsa.impressicocrm.com/api/tournament/118871/knockouts,2230,0,0
1680594044092,4380,Get tournamnent list ,200,,Knock_out_Thread Group 1-1025,text,true,,58880,389,256,256,https://pabsa.impressicocrm.com/api/tournament?limit=12&pageNumber=1&sportType=&tournamentName=&tournamentStyle=,3718,0,0
1680594046279,2201,Get playerA_Vs_playerB,200,,Knock_out_Thread Group 1-829,text,true,,1239,341,256,256,https://pabsa.impressicocrm.com/api/tournament/matchScore/147598,2201,0,0
1680594046214,2266,Get tournament result,200,,Knock_out_Thread Group 1-884,text,true,,5441,338,256,256,https://pabsa.impressicocrm.com/api/tournament/119922/matches,2266,0,0
1680594046209,2287,Get Home page country ,200,,Knock_out_Thread Group 1-1056,text,true,,17270,320,255,255,https://pabsa.impressicocrm.com/api/country,2287,0,0
1680594045883,2613,Get tournament result,200,,Knock_out_Thread Group 1-880,text,true,,5441,338,255,255,https://pabsa.impressicocrm.com/api/tournament/119922/matches,2613,0,0
1680594048152,344,Home page ,200,OK,Knock_out_Thread Group 1-1092,text,true,,3033,309,255,255,https://pabsa.impressicocrm.com/,344,0,244
1680594046276,2224,Get Home page country ,200,,Knock_out_Thread Group 1-1067,text,true,,17270,320,255,255,https://pabsa.impressicocrm.com/api/country,2220,0,0
1680594044401,4099,Get tournamnent list ,200,,Knock_out_Thread Group 1-952,text,true,,58880,389,255,255,https://pabsa.impressicocrm.com/api/tournament?limit=12&pageNumber=1&sportType=&tournamentName=&tournamentStyle=,3052,0,0
1680594046055,2445,Get knockout players list ,200,,Knock_out_Thread Group 1-904,text,true,,4598,340,255,255,https://pabsa.impressicocrm.com/api/tournament/118871/knockouts,2445,0,0
1680594046345,2161,Get playerA_Vs_playerB,200,,Knock_out_Thread Group 1-849,text,true,,1239,341,255,255,https://pabsa.impressicocrm.com/api/tournament/matchScore/147598,2161,0,0
1680594046505,2001,Get knockout players list ,200,,Knock_out_Thread Group 1-908,text,true,,4598,340,255,255,https://pabsa.impressicocrm.com/api/tournament/118871/knockouts,2001,0,0
1680594046564,1973,Get single knockout Player details,200,,Knock_out_Thread Group 1-892,text,true,,1210,326,254,254,https://pabsa.impressicocrm.com/api/player/110368,1973,0,0
1680594046380,2162,Get Players list ,200,,Knock_out_Thread Group 1-990,text,true,,3218,338,254,254,https://pabsa.impressicocrm.com/api/tournament/119922/players,2162,0,0
1680594048253,296,Home page ,200,OK,Knock_out_Thread Group 1-1093,text,true,,3033,309,254,254,https://pabsa.impressicocrm.com/,296,0,227
1680594046505,2049,Get playerA_Vs_playerB,200,,Knock_out_Thread Group 1-834,text,true,,1239,341,255,255,https://pabsa.impressicocrm.com/api/tournament/matchScore/147598,2049,0,0
1680594046308,2246,Get Home page country ,200,,Knock_out_Thread Group 1-1066,text,true,,17270,320,255,255,https://pabsa.impressicocrm.com/api/country,2246,0,0
1680594045373,3187,Get Home page country ,200,,Knock_out_Thread Group 1-1050,text,true,,17270,320,254,254,https://pabsa.impressicocrm.com/api/country,3184,0,0
1680594046370,2190,Get knockout players list ,200,,Knock_out_Thread Group 1-907,text,true,,4598,340,254,254,https://pabsa.impressicocrm.com/api/tournament/118871/knockouts,2190,0,0
1680594045726,2840,Get tournamnent list ,200,,Knock_out_Thread Group 1-1059,text,true,,58880,389,254,254,https://pabsa.impressicocrm.com/api/tournament?limit=12&pageNumber=1&sportType=&tournamentName=&tournamentStyle=,2525,0,0
1680594046429,2142,Get knockout players list ,200,,Knock_out_Thread Group 1-926,text,true,,4598,340,254,254,https://pabsa.impressicocrm.com/api/tournament/118871/knockouts,2142,0,0
1680594044768,3811,Get tournamnent list ,200,,Knock_out_Thread Group 1-1017,text,true,,58888,389,254,254,https://pabsa.impressicocrm.com/api/tournament?limit=12&pageNumber=1&sportType=&tournamentName=&tournamentStyle=,3260,0,0
1680594046337,2246,Get knockout players list ,200,,Knock_out_Thread Group 1-899,text,true,,4591,340,254,254,https://pabsa.impressicocrm.com/api/tournament/118871/knockouts,2246,0,0
1680594046561,2064,Get Home page country ,200,,Knock_out_Thread Group 1-1070,text,true,,17270,320,254,254,https://pabsa.impressicocrm.com/api/country,2061,0,0
1680594043348,5277,Get tournamnent list ,200,,Knock_out_Thread Group 1-1015,text,true,,58880,389,254,254,https://pabsa.impressicocrm.com/api/tournament?limit=12&pageNumber=1&sportType=&tournamentName=&tournamentStyle=,3684,0,0
1680594046393,2236,Get Home page currency,200,,Knock_out_Thread Group 1-988,text,true,,9160,321,254,254,https://pabsa.impressicocrm.com/api/currency,2236,0,0
1680594046655,1986,Get Players list ,200,,Knock_out_Thread Group 1-959,text,true,,3218,338,254,254,https://pabsa.impressicocrm.com/api/tournament/119922/players,1986,0,0
1680594046136,2505,Get tournament result,200,,Knock_out_Thread Group 1-886,text,true,,5435,338,254,254,https://pabsa.impressicocrm.com/api/tournament/119922/matches,2505,0,0
1680594046445,2201,Get Home page country ,200,,Knock_out_Thread Group 1-1069,text,true,,17270,320,254,254,https://pabsa.impressicocrm.com/api/country,2198,0,0
1680594042186,6462,Get tournament result,200,,Knock_out_Thread Group 1-813,text,true,,5441,338,254,254,https://pabsa.impressicocrm.com/api/tournament/119922/matches,6462,0,0
1680594046139,2511,Get Players schedule,200,,Knock_out_Thread Group 1-935,text,true,,5441,338,254,254,https://pabsa.impressicocrm.com/api/tournament/119922/matches,2511,0,0
1680594046444,2214,Get Home page currency,200,,Knock_out_Thread Group 1-1009,text,true,,9160,321,255,255,https://pabsa.impressicocrm.com/api/currency,2214,0,0
1680594045147,3519,Get tournament result,200,,Knock_out_Thread Group 1-869,text,true,,5441,338,255,255,https://pabsa.impressicocrm.com/api/tournament/119922/matches,3519,0,0
1680594046235,2455,Get Home page country ,200,,Knock_out_Thread Group 1-1062,text,true,,17270,320,255,255,https://pabsa.impressicocrm.com/api/country,2394,0,0
1680594046622,2068,Get Players list ,200,,Knock_out_Thread Group 1-978,text,true,,3218,338,255,255,https://pabsa.impressicocrm.com/api/tournament/119922/players,2068,0,0
1680594046666,2030,Get playerA_Vs_playerB,200,,Knock_out_Thread Group 1-843,text,true,,1239,341,255,255,https://pabsa.impressicocrm.com/api/tournament/matchScore/147598,2030,0,0
1680594046655,2075,Get Players list ,200,,Knock_out_Thread Group 1-971,text,true,,3218,338,254,254,https://pabsa.impressicocrm.com/api/tournament/119922/players,2075,0,0
1680594046666,2068,Get playerA_Vs_playerB,200,,Knock_out_Thread Group 1-756,text,true,,1239,341,254,254,https://pabsa.impressicocrm.com/api/tournament/matchScore/147598,2068,0,0
1680594046177,2557,Get Home page country ,200,,Knock_out_Thread Group 1-1023,text,true,,17270,320,254,254,https://pabsa.impressicocrm.com/api/country,2557,0,0
1680594048354,380,Home page ,200,OK,Knock_out_Thread Group 1-1094,text,true,,3033,309,254,254,https://pabsa.impressicocrm.com/,380,0,287
1680594046852,1882,Home page ,200,OK,Knock_out_Thread Group 1-1079,text,true,,3033,309,254,254,https://pabsa.impressicocrm.com/,1882,0,1714
1680594048452,319,Home page ,200,OK,Knock_out_Thread Group 1-1095,text,true,,3033,309,254,254,https://pabsa.impressicocrm.com/,318,0,238
1680594046710,2065,Get Home page country ,200,,Knock_out_Thread Group 1-1074,text,true,,17270,320,254,254,https://pabsa.impressicocrm.com/api/country,2060,0,0
1680594048481,294,Get playerA_Vs_playerB,200,,Knock_out_Thread Group 1-884,text,true,,1239,341,254,254,https://pabsa.impressicocrm.com/api/tournament/matchScore/147598,294,0,0
1680594046189,2586,Get Home page currency,200,,Knock_out_Thread Group 1-966,text,true,,9160,321,254,254,https://pabsa.impressicocrm.com/api/currency,2586,0,0
1680594046610,2174,Get Players schedule,200,,Knock_out_Thread Group 1-902,text,true,,5441,338,253,253,https://pabsa.impressicocrm.com/api/tournament/119922/matches,2174,0,0
1680594046910,1879,Get single knockout Player details,200,,Knock_out_Thread Group 1-881,text,true,,1210,326,253,253,https://pabsa.impressicocrm.com/api/player/110368,1879,0,0
1680594046753,2036,Get playerA_Vs_playerB,200,,Knock_out_Thread Group 1-844,text,true,,1239,341,253,253,https://pabsa.impressicocrm.com/api/tournament/matchScore/147598,2036,0,0
1680594046778,2014,Get playerA_Vs_playerB,200,,Knock_out_Thread Group 1-864,text,true,,1239,341,252,252,https://pabsa.impressicocrm.com/api/tournament/matchScore/147598,2014,0,0
1680594048571,224,Get single knockout Player details,200,,Knock_out_Thread Group 1-926,text,true,,1210,326,251,251,https://pabsa.impressicocrm.com/api/player/110368,224,0,0
1680594046833,1964,Get playerA_Vs_playerB,200,,Knock_out_Thread Group 1-858,text,true,,1239,341,251,251,https://pabsa.impressicocrm.com/api/tournament/matchScore/147598,1964,0,0
1680594046330,2487,Get tournament result,200,,Knock_out_Thread Group 1-870,text,true,,5441,338,250,250,https://pabsa.impressicocrm.com/api/tournament/119922/matches,2487,0,0
1680594047452,1365,Home page ,200,OK,Knock_out_Thread Group 1-1085,text,true,,3033,309,250,250,https://pabsa.impressicocrm.com/,1365,0,1278
1680594046861,1959,Get knockout players list ,200,,Knock_out_Thread Group 1-885,text,true,,4598,340,250,250,https://pabsa.impressicocrm.com/api/tournament/118871/knockouts,1959,0,0
1680594046101,2755,Get playerA_Vs_playerB,200,,Knock_out_Thread Group 1-839,text,true,,1239,341,251,251,https://pabsa.impressicocrm.com/api/tournament/matchScore/147598,2755,0,0
1680594043803,5053,Get tournamnent list ,200,,Knock_out_Thread Group 1-1022,text,true,,58880,389,251,251,https://pabsa.impressicocrm.com/api/tournament?limit=12&pageNumber=1&sportType=&tournamentName=&tournamentStyle=,3691,0,0
1680594046762,2099,Get knockout players list ,200,,Knock_out_Thread Group 1-901,text,true,,4598,340,250,250,https://pabsa.impressicocrm.com/api/tournament/118871/knockouts,2099,0,0
1680594046330,2537,Get Home page currency,200,,Knock_out_Thread Group 1-1016,text,true,,9160,321,250,250,https://pabsa.impressicocrm.com/api/currency,2537,0,0
1680594044348,4519,Get tournamnent list ,200,,Knock_out_Thread Group 1-1001,text,true,,58880,389,250,250,https://pabsa.impressicocrm.com/api/tournament?limit=12&pageNumber=1&sportType=&tournamentName=&tournamentStyle=,3261,0,0
1680594048551,316,Home page ,200,OK,Knock_out_Thread Group 1-1096,text,true,,3033,309,250,250,https://pabsa.impressicocrm.com/,316,0,241
1680594046021,2853,Get tournamnent list ,200,,Knock_out_Thread Group 1-1038,text,true,,58888,389,250,250,https://pabsa.impressicocrm.com/api/tournament?limit=12&pageNumber=1&sportType=&tournamentName=&tournamentStyle=,2459,0,0
1680594046825,2049,Get Players list ,200,,Knock_out_Thread Group 1-951,text,true,,3218,338,250,250,https://pabsa.impressicocrm.com/api/tournament/119922/players,2049,0,0
1680594046991,1886,Get Home page currency,200,,Knock_out_Thread Group 1-1003,text,true,,9160,321,250,250,https://pabsa.impressicocrm.com/api/currency,1886,0,0
1680594043463,5419,Get tournamnent list ,200,,Knock_out_Thread Group 1-996,text,true,,58880,389,250,250,https://pabsa.impressicocrm.com/api/tournament?limit=12&pageNumber=1&sportType=&tournamentName=&tournamentStyle=,3916,0,0
1680594047003,1884,Get playerA_Vs_playerB,200,,Knock_out_Thread Group 1-860,text,true,,1239,341,250,250,https://pabsa.impressicocrm.com/api/tournament/matchScore/147598,1884,0,0
1680594046922,1977,Get Home page country ,200,,Knock_out_Thread Group 1-1075,text,true,,17270,320,249,249,https://pabsa.impressicocrm.com/api/country,1977,0,0
1680594046745,2172,Get Home page country ,200,,Knock_out_Thread Group 1-1072,text,true,,17270,320,249,249,https://pabsa.impressicocrm.com/api/country,2172,0,0
1680594046916,2007,Get knockout players list ,200,,Knock_out_Thread Group 1-919,text,true,,4598,340,249,249,https://pabsa.impressicocrm.com/api/tournament/118871/knockouts,2007,0,0
1680594046144,2786,Get tournamnent list ,200,,Knock_out_Thread Group 1-1039,text,true,,58880,389,249,249,https://pabsa.impressicocrm.com/api/tournament?limit=12&pageNumber=1&sportType=&tournamentName=&tournamentStyle=,2345,0,0
1680594046722,2210,Get Home page country ,200,,Knock_out_Thread Group 1-1068,text,true,,17270,320,249,249,https://pabsa.impressicocrm.com/api/country,2165,0,0
1680594046688,2280,Get Home page country ,200,,Knock_out_Thread Group 1-1063,text,true,,17270,320,250,250,https://pabsa.impressicocrm.com/api/country,2280,0,0
1680594046554,2423,Get tournament result,200,,Knock_out_Thread Group 1-871,text,true,,5441,338,250,250,https://pabsa.impressicocrm.com/api/tournament/119922/matches,2423,0,0
1680594047060,1931,Get Players list ,200,,Knock_out_Thread Group 1-968,text,true,,3218,338,250,250,https://pabsa.impressicocrm.com/api/tournament/119922/players,1931,0,0
1680594046564,2434,Get Home page currency,200,,Knock_out_Thread Group 1-997,text,true,,9160,321,250,250,https://pabsa.impressicocrm.com/api/currency,2434,0,0
1680594047192,1817,Get playerA_Vs_playerB,200,,Knock_out_Thread Group 1-840,text,true,,1239,341,250,250,https://pabsa.impressicocrm.com/api/tournament/matchScore/147598,1817,0,0
1680594046697,2312,Get tournament result,200,,Knock_out_Thread Group 1-831,text,true,,5441,338,250,250,https://pabsa.impressicocrm.com/api/tournament/119922/matches,2312,0,0
1680594046910,2099,Get knockout players list ,200,,Knock_out_Thread Group 1-917,text,true,,4598,340,250,250,https://pabsa.impressicocrm.com/api/tournament/118871/knockouts,2099,0,0
1680594046959,2055,Get Break list ,200,,Knock_out_Thread Group 1-937,text,true,,3218,338,249,249,https://pabsa.impressicocrm.com/api/tournament/119922/players,2055,0,0
1680594047099,1915,Get knockout players list ,200,,Knock_out_Thread Group 1-920,text,true,,4598,340,249,249,https://pabsa.impressicocrm.com/api/tournament/118871/knockouts,1915,0,0
1680594047115,1913,Get Players list ,200,,Knock_out_Thread Group 1-944,text,true,,3218,338,249,249,https://pabsa.impressicocrm.com/api/tournament/119922/players,1913,0,0
1680594044042,5023,Get Home page country ,200,,Knock_out_Thread Group 1-1047,text,true,,17270,320,250,250,https://pabsa.impressicocrm.com/api/country,4593,0,0
1680594047304,1761,Get single knockout Player details,200,,Knock_out_Thread Group 1-915,text,true,,1210,326,250,250,https://pabsa.impressicocrm.com/api/player/110368,1761,0,0
1680594047293,1777,Get single knockout Player details,200,,Knock_out_Thread Group 1-836,text,true,,1210,326,250,250,https://pabsa.impressicocrm.com/api/player/110368,1777,0,0
1680594047127,1943,Get Players list ,200,,Knock_out_Thread Group 1-962,text,true,,3218,338,250,250,https://pabsa.impressicocrm.com/api/tournament/119922/players,1943,0,0
1680594047370,1734,Get knockout players list ,200,,Knock_out_Thread Group 1-890,text,true,,4598,340,250,250,https://pabsa.impressicocrm.com/api/tournament/118871/knockouts,1734,0,0
1680594047118,2009,Get Home page currency,200,,Knock_out_Thread Group 1-963,text,true,,9160,321,250,250,https://pabsa.impressicocrm.com/api/currency,2009,0,0
1680594047365,1762,Get knockout players list ,200,,Knock_out_Thread Group 1-928,text,true,,4598,340,250,250,https://pabsa.impressicocrm.com/api/tournament/118871/knockouts,1762,0,0
1680594046853,2282,Get playerA_Vs_playerB,200,,Knock_out_Thread Group 1-827,text,true,,1239,341,250,250,https://pabsa.impressicocrm.com/api/tournament/matchScore/147598,2282,0,0
1680594047053,2082,Get tournament result,200,,Knock_out_Thread Group 1-875,text,true,,5441,338,250,250,https://pabsa.impressicocrm.com/api/tournament/119922/matches,2082,0,0
1680594047046,2091,Get tournament result,200,,Knock_out_Thread Group 1-883,text,true,,5441,338,249,249,https://pabsa.impressicocrm.com/api/tournament/119922/matches,2091,0,0
1680594046818,2349,Get Home page currency,200,,Knock_out_Thread Group 1-1004,text,true,,9160,321,250,250,https://pabsa.impressicocrm.com/api/currency,2349,0,0
1680594047370,1800,Get Home page country ,200,,Knock_out_Thread Group 1-1080,text,true,,17270,320,250,250,https://pabsa.impressicocrm.com/api/country,1800,0,0
1680594047373,1802,Get playerA_Vs_playerB,200,,Knock_out_Thread Group 1-859,text,true,,1239,341,250,250,https://pabsa.impressicocrm.com/api/tournament/matchScore/147598,1802,0,0
1680594047384,1791,Get playerA_Vs_playerB,200,,Knock_out_Thread Group 1-851,text,true,,1239,341,250,250,https://pabsa.impressicocrm.com/api/tournament/matchScore/147598,1791,0,0
1680594047195,1980,Get Players list ,200,,Knock_out_Thread Group 1-981,text,true,,3218,338,250,250,https://pabsa.impressicocrm.com/api/tournament/119922/players,1980,0,0
1680594047371,1804,Get Players list ,200,,Knock_out_Thread Group 1-991,text,true,,3218,338,250,250,https://pabsa.impressicocrm.com/api/tournament/119922/players,1804,0,0
1680594048752,424,Home page ,200,OK,Knock_out_Thread Group 1-1098,text,true,,3033,309,250,250,https://pabsa.impressicocrm.com/,424,0,220
1680594047243,1937,Get Break list ,200,,Knock_out_Thread Group 1-922,text,true,,3218,338,248,248,https://pabsa.impressicocrm.com/api/tournament/119922/players,1937,0,0
1680594047365,1858,Get Players list ,200,,Knock_out_Thread Group 1-1011,text,true,,3218,338,248,248,https://pabsa.impressicocrm.com/api/tournament/119922/players,1858,0,0
1680594047432,1797,Get playerA_Vs_playerB,200,,Knock_out_Thread Group 1-850,text,true,,1239,341,248,248,https://pabsa.impressicocrm.com/api/tournament/matchScore/147598,1797,0,0
1680594046874,2401,Get Break list ,200,,Knock_out_Thread Group 1-936,text,true,,3218,338,248,248,https://pabsa.impressicocrm.com/api/tournament/119922/players,2401,0,0
1680594047215,2068,Get Home page currency,200,,Knock_out_Thread Group 1-1002,text,true,,9160,321,248,248,https://pabsa.impressicocrm.com/api/currency,2068,0,0
1680594044774,4509,Get Home page currency,200,,Knock_out_Thread Group 1-977,text,true,,9160,321,248,248,https://pabsa.impressicocrm.com/api/currency,4509,0,0
1680594047439,1847,Get Home page currency,200,,Knock_out_Thread Group 1-1006,text,true,,9160,321,248,248,https://pabsa.impressicocrm.com/api/currency,1847,0,0
1680594047454,1851,Get Home page currency,200,,Knock_out_Thread Group 1-1021,text,true,,9160,321,248,248,https://pabsa.impressicocrm.com/api/currency,1851,0,0
1680594047375,1930,Get Players list ,200,,Knock_out_Thread Group 1-970,text,true,,3218,338,248,248,https://pabsa.impressicocrm.com/api/tournament/119922/players,1930,0,0
1680594048953,365,Home page ,200,OK,Knock_out_Thread Group 1-1100,text,true,,3033,309,248,248,https://pabsa.impressicocrm.com/,365,0,293
1680594046753,2591,Get Home page currency,200,,Knock_out_Thread Group 1-965,text,true,,9160,321,248,248,https://pabsa.impressicocrm.com/api/currency,2591,0,0
1680594045979,3381,Get tournamnent list ,200,,Knock_out_Thread Group 1-1033,text,true,,58880,389,249,249,https://pabsa.impressicocrm.com/api/tournament?limit=12&pageNumber=1&sportType=&tournamentName=&tournamentStyle=,2570,0,0
1680594048852,508,Home page ,200,OK,Knock_out_Thread Group 1-1099,text,true,,3033,309,249,249,https://pabsa.impressicocrm.com/,508,0,218
1680594047205,2186,Get single knockout Player details,200,,Knock_out_Thread Group 1-866,text,true,,1210,326,249,249,https://pabsa.impressicocrm.com/api/player/110368,2186,0,0
1680594047099,2292,Get Home page country ,200,,Knock_out_Thread Group 1-1071,text,true,,17255,320,249,249,https://pabsa.impressicocrm.com/api/country,2292,0,0
1680594047301,2097,Get Home page country ,200,,Knock_out_Thread Group 1-1076,text,true,,17270,320,249,249,https://pabsa.impressicocrm.com/api/country,1996,0,0
1680594047408,1990,Get Home page currency,200,,Knock_out_Thread Group 1-1012,text,true,,9160,321,249,249,https://pabsa.impressicocrm.com/api/currency,1990,0,0
1680594047516,1886,Get playerA_Vs_playerB,200,,Knock_out_Thread Group 1-825,text,true,,1239,341,249,249,https://pabsa.impressicocrm.com/api/tournament/matchScore/147598,1886,0,0
1680594046160,3242,Get tournamnent list ,200,,Knock_out_Thread Group 1-1037,text,true,,58880,389,249,249,https://pabsa.impressicocrm.com/api/tournament?limit=12&pageNumber=1&sportType=&tournamentName=&tournamentStyle=,2494,0,0
1680594047365,2064,Get tournament result,200,,Knock_out_Thread Group 1-841,text,true,,5441,338,248,248,https://pabsa.impressicocrm.com/api/tournament/119922/matches,2064,0,0
1680594047454,1975,Get Players list ,200,,Knock_out_Thread Group 1-992,text,true,,3218,338,248,248,https://pabsa.impressicocrm.com/api/tournament/119922/players,1975,0,0
1680594047465,1971,Get Home page country ,200,,Knock_out_Thread Group 1-1064,text,true,,17270,320,248,248,https://pabsa.impressicocrm.com/api/country,1971,0,0
1680594047379,2057,Get Home page country ,200,,Knock_out_Thread Group 1-1081,text,true,,17270,320,248,248,https://pabsa.impressicocrm.com/api/country,2057,0,0
1680594046894,2555,Get Home page currency,200,,Knock_out_Thread Group 1-949,text,true,,9160,321,248,248,https://pabsa.impressicocrm.com/api/currency,2555,0,0
1680594041852,7612,Home page ,200,OK,Knock_out_Thread Group 1-1029,text,true,,3033,309,249,249,https://pabsa.impressicocrm.com/,7612,0,7461
1680594048867,598,Get Home page currency,200,,Knock_out_Thread Group 1-1001,text,true,,9160,321,249,249,https://pabsa.impressicocrm.com/api/currency,598,0,0
1680594047481,1989,Get Players schedule,200,,Knock_out_Thread Group 1-942,text,true,,5441,338,249,249,https://pabsa.impressicocrm.com/api/tournament/119922/matches,1989,0,0
1680594047477,1993,Get Break list ,200,,Knock_out_Thread Group 1-973,text,true,,3218,338,249,249,https://pabsa.impressicocrm.com/api/tournament/119922/players,1993,0,0
1680594047749,1729,Get single knockout Player details,200,,Knock_out_Thread Group 1-909,text,true,,1210,326,249,249,https://pabsa.impressicocrm.com/api/player/110368,1729,0,0
1680594047680,1805,Get knockout players list ,200,,Knock_out_Thread Group 1-923,text,true,,4598,340,249,249,https://pabsa.impressicocrm.com/api/tournament/118871/knockouts,1805,0,0
1680594047397,2092,Get tournament result,200,,Knock_out_Thread Group 1-856,text,true,,5435,338,249,249,https://pabsa.impressicocrm.com/api/tournament/119922/matches,2092,0,0
1680594047447,2055,Get Players list ,200,,Knock_out_Thread Group 1-999,text,true,,3218,338,249,249,https://pabsa.impressicocrm.com/api/tournament/119922/players,2055,0,0
1680594049053,449,Home page ,200,OK,Knock_out_Thread Group 1-1101,text,true,,3033,309,249,249,https://pabsa.impressicocrm.com/,449,0,349
1680594047422,2084,Get Home page currency,200,,Knock_out_Thread Group 1-1005,text,true,,9153,321,249,249,https://pabsa.impressicocrm.com/api/currency,2084,0,0
1680594047569,1939,Get Players list ,200,,Knock_out_Thread Group 1-950,text,true,,3218,338,249,249,https://pabsa.impressicocrm.com/api/tournament/119922/players,1939,0,0
1680594047749,1807,Get knockout players list ,200,,Knock_out_Thread Group 1-887,text,true,,4598,340,250,250,https://pabsa.impressicocrm.com/api/tournament/118871/knockouts,1807,0,0
1680594049128,434,Get single knockout Player details,200,,Knock_out_Thread Group 1-928,text,true,,1210,326,250,250,https://pabsa.impressicocrm.com/api/player/110368,434,0,0
1680594047401,2161,Get playerA_Vs_playerB,200,,Knock_out_Thread Group 1-865,text,true,,1239,341,250,250,https://pabsa.impressicocrm.com/api/tournament/matchScore/147598,2161,0,0
1680594048651,917,Home page ,200,OK,Knock_out_Thread Group 1-1097,text,true,,3033,309,249,249,https://pabsa.impressicocrm.com/,917,0,414
1680594047113,2467,Get Home page country ,200,,Knock_out_Thread Group 1-1073,text,true,,17270,320,249,249,https://pabsa.impressicocrm.com/api/country,2057,0,0
1680594047696,1891,Get Home page currency,200,,Knock_out_Thread Group 1-976,text,true,,9160,321,249,249,https://pabsa.impressicocrm.com/api/currency,1891,0,0
1680594047663,1924,Get Players list ,200,,Knock_out_Thread Group 1-987,text,true,,3218,338,249,249,https://pabsa.impressicocrm.com/api/tournament/119922/players,1924,0,0
1680594047666,1929,Get Home page currency,200,,Knock_out_Thread Group 1-946,text,true,,9160,321,249,249,https://pabsa.impressicocrm.com/api/currency,1928,0,0
1680594047798,1815,Get single knockout Player details,200,,Knock_out_Thread Group 1-872,text,true,,1210,326,249,249,https://pabsa.impressicocrm.com/api/player/110368,1815,0,0
1680594047741,1878,Get Players list ,200,,Knock_out_Thread Group 1-953,text,true,,3218,338,249,249,https://pabsa.impressicocrm.com/api/tournament/119922/players,1878,0,0
1680594049152,474,Home page ,200,OK,Knock_out_Thread Group 1-1102,text,true,,3033,309,249,249,https://pabsa.impressicocrm.com/,474,0,397
1680594047255,2388,Get Home page country ,200,,Knock_out_Thread Group 1-1077,text,true,,17270,320,249,249,https://pabsa.impressicocrm.com/api/country,2388,0,0
1680594047752,1918,Get Players list ,200,,Knock_out_Thread Group 1-1007,text,true,,3218,338,250,250,https://pabsa.impressicocrm.com/api/tournament/119922/players,1918,0,0
1680594047775,1899,Get Players list ,200,,Knock_out_Thread Group 1-1010,text,true,,3218,338,250,250,https://pabsa.impressicocrm.com/api/tournament/119922/players,1899,0,0
1680594047650,2026,Get Home page currency,200,,Knock_out_Thread Group 1-1026,text,true,,9160,321,250,250,https://pabsa.impressicocrm.com/api/currency,2026,0,0
1680594047189,2493,Get Home page currency,200,,Knock_out_Thread Group 1-947,text,true,,9160,321,250,250,https://pabsa.impressicocrm.com/api/currency,2493,0,0
1680594047872,1816,Get knockout players list ,200,,Knock_out_Thread Group 1-910,text,true,,4598,340,250,250,https://pabsa.impressicocrm.com/api/tournament/118871/knockouts,1816,0,0
1680594046487,3210,Get tournamnent list ,200,,Knock_out_Thread Group 1-1028,text,true,,58880,389,250,250,https://pabsa.impressicocrm.com/api/tournament?limit=12&pageNumber=1&sportType=&tournamentName=&tournamentStyle=,2247,0,0
1680594049352,354,Home page ,200,OK,Knock_out_Thread Group 1-1104,text,true,,3033,309,250,250,https://pabsa.impressicocrm.com/,354,0,267
1680594049452,275,Home page ,200,OK,Knock_out_Thread Group 1-1105,text,true,,3033,309,250,250,https://pabsa.impressicocrm.com/,275,0,202
1680594048857,880,Get Home page currency,200,,Knock_out_Thread Group 1-1022,text,true,,9160,321,250,250,https://pabsa.impressicocrm.com/api/currency,880,0,0
1680594046615,3129,Get tournamnent list ,200,,Knock_out_Thread Group 1-1030,text,true,,58880,389,250,250,https://pabsa.impressicocrm.com/api/tournament?limit=12&pageNumber=1&sportType=&tournamentName=&tournamentStyle=,2264,0,0
1680594049252,493,Home page ,200,OK,Knock_out_Thread Group 1-1103,text,true,,3033,309,250,250,https://pabsa.impressicocrm.com/,492,0,259
1680594047872,1883,Get Players list ,200,,Knock_out_Thread Group 1-979,text,true,,3218,338,251,251,https://pabsa.impressicocrm.com/api/tournament/119922/players,1883,0,0
1680594047899,1858,Get knockout players list ,200,,Knock_out_Thread Group 1-913,text,true,,4598,340,251,251,https://pabsa.impressicocrm.com/api/tournament/118871/knockouts,1858,0,0
1680594047761,2003,Get Players schedule,200,,Knock_out_Thread Group 1-916,text,true,,5441,338,251,251,https://pabsa.impressicocrm.com/api/tournament/119922/matches,2003,0,0
1680594047925,1839,Get single knockout Player details,200,,Knock_out_Thread Group 1-876,text,true,,1210,326,251,251,https://pabsa.impressicocrm.com/api/player/110368,1839,0,0
1680594047868,1897,Get Players list ,200,,Knock_out_Thread Group 1-985,text,true,,3218,338,251,251,https://pabsa.impressicocrm.com/api/tournament/119922/players,1897,0,0
1680594047868,1906,Get Players list ,200,,Knock_out_Thread Group 1-961,text,true,,3218,338,251,251,https://pabsa.impressicocrm.com/api/tournament/119922/players,1906,0,0
1680594047947,1837,Get single knockout Player details,200,,Knock_out_Thread Group 1-896,text,true,,1210,326,251,251,https://pabsa.impressicocrm.com/api/player/110368,1837,0,0
1680594047949,1838,Get playerA_Vs_playerB,200,,Knock_out_Thread Group 1-868,text,true,,1239,341,251,251,https://pabsa.impressicocrm.com/api/tournament/matchScore/147598,1838,0,0
1680594047384,2411,Get tournament result,200,,Knock_out_Thread Group 1-891,text,true,,5441,338,250,250,https://pabsa.impressicocrm.com/api/tournament/119922/matches,2411,0,0
1680594047026,2769,Get knockout players list ,200,,Knock_out_Thread Group 1-905,text,true,,4598,340,250,250,https://pabsa.impressicocrm.com/api/tournament/118871/knockouts,2769,0,0
1680594046434,3392,Get Home page currency,200,,Knock_out_Thread Group 1-954,text,true,,9160,321,250,250,https://pabsa.impressicocrm.com/api/currency,3392,0,0
1680594047996,1844,Get single knockout Player details,200,,Knock_out_Thread Group 1-925,text,true,,1210,326,250,250,https://pabsa.impressicocrm.com/api/player/110368,1844,0,0
1680594047365,2483,Get Players list ,200,,Knock_out_Thread Group 1-943,text,true,,3218,338,250,250,https://pabsa.impressicocrm.com/api/tournament/119922/players,2483,0,0
1680594047579,2298,Get tournament result,200,,Knock_out_Thread Group 1-911,text,true,,5441,338,251,251,https://pabsa.impressicocrm.com/api/tournament/119922/matches,2298,0,0
1680594047971,1909,Get knockout players list ,200,,Knock_out_Thread Group 1-918,text,true,,4598,340,251,251,https://pabsa.impressicocrm.com/api/tournament/118871/knockouts,1909,0,0
1680594047891,2008,Get Players list ,200,,Knock_out_Thread Group 1-975,text,true,,3218,338,251,251,https://pabsa.impressicocrm.com/api/tournament/119922/players,2008,0,0
1680594047986,1925,Get Home page currency,200,,Knock_out_Thread Group 1-1020,text,true,,9153,321,251,251,https://pabsa.impressicocrm.com/api/currency,1925,0,0
1680594047989,1922,Get knockout players list ,200,,Knock_out_Thread Group 1-939,text,true,,4591,340,251,251,https://pabsa.impressicocrm.com/api/tournament/118871/knockouts,1922,0,0
1680594047869,2053,Get Break list ,200,,Knock_out_Thread Group 1-927,text,true,,3218,338,251,251,https://pabsa.impressicocrm.com/api/tournament/119922/players,2053,0,0
1680594048031,1893,Get playerA_Vs_playerB,200,,Knock_out_Thread Group 1-861,text,true,,1239,341,251,251,https://pabsa.impressicocrm.com/api/tournament/matchScore/147598,1893,0,0
1680594047868,2064,Get Home page currency,200,,Knock_out_Thread Group 1-1019,text,true,,9160,321,250,250,https://pabsa.impressicocrm.com/api/currency,2064,0,0
1680594047767,2165,Get knockout players list ,200,,Knock_out_Thread Group 1-931,text,true,,4598,340,250,250,https://pabsa.impressicocrm.com/api/tournament/118871/knockouts,2165,0,0
1680594047959,1983,Get Players list ,200,,Knock_out_Thread Group 1-958,text,true,,3218,338,250,250,https://pabsa.impressicocrm.com/api/tournament/119922/players,1983,0,0
1680594048052,1902,Get playerA_Vs_playerB,200,,Knock_out_Thread Group 1-855,text,true,,1239,341,251,251,https://pabsa.impressicocrm.com/api/tournament/matchScore/147598,1901,0,0
1680594047822,2132,Get single knockout Player details,200,,Knock_out_Thread Group 1-924,text,true,,1210,326,251,251,https://pabsa.impressicocrm.com/api/player/110368,2131,0,0
1680594049653,333,Home page ,200,OK,Knock_out_Thread Group 1-1107,text,true,,3033,309,250,250,https://pabsa.impressicocrm.com/,333,0,253
1680594048143,1850,Get single knockout Player details,200,,Knock_out_Thread Group 1-903,text,true,,1210,326,250,250,https://pabsa.impressicocrm.com/api/player/110368,1850,0,0
1680594049682,314,Get Players list ,200,,Knock_out_Thread Group 1-947,text,true,,3218,338,250,250,https://pabsa.impressicocrm.com/api/tournament/119922/players,314,0,0
1680594048068,1933,Get playerA_Vs_playerB,200,,Knock_out_Thread Group 1-857,text,true,,1239,341,250,250,https://pabsa.impressicocrm.com/api/tournament/matchScore/147598,1933,0,0
1680594047868,2138,Get tournament result,200,,Knock_out_Thread Group 1-893,text,true,,5441,338,249,249,https://pabsa.impressicocrm.com/api/tournament/119922/matches,2138,0,0
1680594047868,2146,Get tournament result,200,,Knock_out_Thread Group 1-894,text,true,,5441,338,249,249,https://pabsa.impressicocrm.com/api/tournament/119922/matches,2146,0,0
1680594048035,1985,Get Home page country ,200,,Knock_out_Thread Group 1-1088,text,true,,17270,320,249,249,https://pabsa.impressicocrm.com/api/country,1985,0,0
1680594048098,1922,Get knockout players list ,200,,Knock_out_Thread Group 1-912,text,true,,4598,340,249,249,https://pabsa.impressicocrm.com/api/tournament/118871/knockouts,1922,0,0
1680594049753,267,Home page ,200,OK,Knock_out_Thread Group 1-1108,text,true,,3033,309,249,249,https://pabsa.impressicocrm.com/,267,0,205
1680594048035,1988,Get Home page country ,200,,Knock_out_Thread Group 1-1087,text,true,,17270,320,249,249,https://pabsa.impressicocrm.com/api/country,1988,0,0
1680594046444,3593,Get tournamnent list ,200,,Knock_out_Thread Group 1-1036,text,true,,58888,389,249,249,https://pabsa.impressicocrm.com/api/tournament?limit=12&pageNumber=1&sportType=&tournamentName=&tournamentStyle=,2614,0,0
1680594048112,1931,Get knockout players list ,200,,Knock_out_Thread Group 1-940,text,true,,4598,340,249,249,https://pabsa.impressicocrm.com/api/tournament/118871/knockouts,1931,0,0
1680594047868,2182,Get Home page currency,200,,Knock_out_Thread Group 1-945,text,true,,9153,321,249,249,https://pabsa.impressicocrm.com/api/currency,2182,0,0
1680594048031,2037,Get Home page country ,200,,Knock_out_Thread Group 1-1086,text,true,,17270,320,250,250,https://pabsa.impressicocrm.com/api/country,2034,0,0
1680594048106,1965,Get Players list ,200,,Knock_out_Thread Group 1-1014,text,true,,3218,338,250,250,https://pabsa.impressicocrm.com/api/tournament/119922/players,1965,0,0
1680594048031,2046,Get Home page currency,200,,Knock_out_Thread Group 1-1018,text,true,,9160,321,250,250,https://pabsa.impressicocrm.com/api/currency,2046,0,0
1680594048229,1852,Get single knockout Player details,200,,Knock_out_Thread Group 1-921,text,true,,1210,326,250,250,https://pabsa.impressicocrm.com/api/player/110368,1852,0,0
1680594047951,2130,Get Home page currency,200,,Knock_out_Thread Group 1-1027,text,true,,9153,321,250,250,https://pabsa.impressicocrm.com/api/currency,2130,0,0
1680594048159,1922,Get playerA_Vs_playerB,200,,Knock_out_Thread Group 1-877,text,true,,1239,341,250,250,https://pabsa.impressicocrm.com/api/tournament/matchScore/147598,1922,0,0
1680594048201,1888,Get knockout players list ,200,,Knock_out_Thread Group 1-933,text,true,,4598,340,249,249,https://pabsa.impressicocrm.com/api/tournament/118871/knockouts,1888,0,0
1680594048210,1887,Get single knockout Player details,200,,Knock_out_Thread Group 1-906,text,true,,1210,326,249,249,https://pabsa.impressicocrm.com/api/player/110368,1887,0,0
1680594047548,2559,Get tournament result,200,,Knock_out_Thread Group 1-863,text,true,,5441,338,249,249,https://pabsa.impressicocrm.com/api/tournament/119922/matches,2559,0,0
1680594047815,2301,Get Players list ,200,,Knock_out_Thread Group 1-955,text,true,,3218,338,249,249,https://pabsa.impressicocrm.com/api/tournament/119922/players,2301,0,0
1680594048170,1950,Get playerA_Vs_playerB,200,,Knock_out_Thread Group 1-867,text,true,,1239,341,249,249,https://pabsa.impressicocrm.com/api/tournament/matchScore/147598,1950,0,0
1680594048054,2083,Get Home page currency,200,,Knock_out_Thread Group 1-986,text,true,,9160,321,248,248,https://pabsa.impressicocrm.com/api/currency,2083,0,0
1680594047105,3034,Get tournamnent list ,200,,Knock_out_Thread Group 1-1052,text,true,,58880,389,248,248,https://pabsa.impressicocrm.com/api/tournament?limit=12&pageNumber=1&sportType=&tournamentName=&tournamentStyle=,2286,0,0
1680594048162,1984,Get playerA_Vs_playerB,200,,Knock_out_Thread Group 1-874,text,true,,1239,341,248,248,https://pabsa.impressicocrm.com/api/tournament/matchScore/147598,1984,0,0
1680594048058,2111,Get Players list ,200,,Knock_out_Thread Group 1-980,text,true,,3218,338,248,248,https://pabsa.impressicocrm.com/api/tournament/119922/players,2111,0,0
1680594048245,1954,Get playerA_Vs_playerB,200,,Knock_out_Thread Group 1-873,text,true,,1239,341,248,248,https://pabsa.impressicocrm.com/api/tournament/matchScore/147598,1954,0,0
1680594048344,1905,Get single knockout Player details,200,,Knock_out_Thread Group 1-900,text,true,,1210,326,247,247,https://pabsa.impressicocrm.com/api/player/110368,1905,0,0
1680594047956,2293,Get Home page currency,200,,Knock_out_Thread Group 1-957,text,true,,9160,321,247,247,https://pabsa.impressicocrm.com/api/currency,2293,0,0
1680594047772,2477,Get Break list ,200,,Knock_out_Thread Group 1-932,text,true,,3218,338,247,247,https://pabsa.impressicocrm.com/api/tournament/119922/players,2477,0,0
1680594048143,2106,Get Players list ,200,,Knock_out_Thread Group 1-984,text,true,,3218,338,247,247,https://pabsa.impressicocrm.com/api/tournament/119922/players,2106,0,0
1680594048257,1993,Get Home page country ,200,,Knock_out_Thread Group 1-1089,text,true,,17270,320,247,247,https://pabsa.impressicocrm.com/api/country,1992,0,0
1680594048198,2076,Get Home page currency,200,,Knock_out_Thread Group 1-956,text,true,,9160,321,248,248,https://pabsa.impressicocrm.com/api/currency,2076,0,0
1680594047966,2308,Get tournament result,200,,Knock_out_Thread Group 1-897,text,true,,5441,338,248,248,https://pabsa.impressicocrm.com/api/tournament/119922/matches,2308,0,0
1680594048225,2049,Get Players list ,200,,Knock_out_Thread Group 1-969,text,true,,3218,338,248,248,https://pabsa.impressicocrm.com/api/tournament/119922/players,2049,0,0
1680594048342,1959,Get playerA_Vs_playerB,200,,Knock_out_Thread Group 1-889,text,true,,1239,341,248,248,https://pabsa.impressicocrm.com/api/tournament/matchScore/147598,1959,0,0
1680594047156,3178,Get Home page currency,200,,Knock_out_Thread Group 1-1013,text,true,,9160,321,247,247,https://pabsa.impressicocrm.com/api/currency,3178,0,0
1680594047454,2926,Get tournamnent list ,200,,Knock_out_Thread Group 1-1054,text,true,,58880,389,248,248,https://pabsa.impressicocrm.com/api/tournament?limit=12&pageNumber=1&sportType=&tournamentName=&tournamentStyle=,2516,0,0
1680594048393,1998,Get single knockout Player details,200,,Knock_out_Thread Group 1-914,text,true,,1210,326,248,248,https://pabsa.impressicocrm.com/api/player/110368,1998,0,0
1680594047669,2735,Get tournament result,200,,Knock_out_Thread Group 1-882,text,true,,5441,338,248,248,https://pabsa.impressicocrm.com/api/tournament/119922/matches,2735,0,0
1680594048393,2042,Get Break list ,200,,Knock_out_Thread Group 1-967,text,true,,3218,338,248,248,https://pabsa.impressicocrm.com/api/tournament/119922/players,2042,0,0
1680594046934,3506,Get knockout players list ,200,,Knock_out_Thread Group 1-938,text,true,,4598,340,248,248,https://pabsa.impressicocrm.com/api/tournament/118871/knockouts,3506,0,0
1680594048445,2001,Get single knockout Player details,200,,Knock_out_Thread Group 1-898,text,true,,1210,326,248,248,https://pabsa.impressicocrm.com/api/player/110368,2001,0,0
1680594048381,2065,Get Players list ,200,,Knock_out_Thread Group 1-994,text,true,,3218,338,248,248,https://pabsa.impressicocrm.com/api/tournament/119922/players,2065,0,0
1680594048284,2170,Get Home page country ,200,,Knock_out_Thread Group 1-1090,text,true,,17270,320,249,249,https://pabsa.impressicocrm.com/api/country,2170,0,0
1680594048144,2313,Get Home page country ,200,,Knock_out_Thread Group 1-929,text,true,,17255,320,249,249,https://pabsa.impressicocrm.com/api/country,2313,0,0
1680594047248,3213,Get Home page currency,200,,Knock_out_Thread Group 1-1000,text,true,,9160,321,249,249,https://pabsa.impressicocrm.com/api/currency,3213,0,0
1680594048506,1957,Get single knockout Player details,200,,Knock_out_Thread Group 1-908,text,true,,1210,326,249,249,https://pabsa.impressicocrm.com/api/player/110368,1957,0,0
1680594048419,2050,Get Break list ,200,,Knock_out_Thread Group 1-982,text,true,,3218,338,249,249,https://pabsa.impressicocrm.com/api/tournament/119922/players,2050,0,0
1680594047932,2541,Get knockout players list ,200,,Knock_out_Thread Group 1-930,text,true,,4598,340,249,249,https://pabsa.impressicocrm.com/api/tournament/118871/knockouts,2541,0,0
1680594048501,1985,Get single knockout Player details,200,,Knock_out_Thread Group 1-904,text,true,,1210,326,249,249,https://pabsa.impressicocrm.com/api/player/110368,1985,0,0
1680594048445,2061,Get playerA_Vs_playerB,200,,Knock_out_Thread Group 1-845,text,true,,1239,341,249,249,https://pabsa.impressicocrm.com/api/tournament/matchScore/147598,2061,0,0
1680594048561,1945,Get single knockout Player details,200,,Knock_out_Thread Group 1-907,text,true,,1210,326,249,249,https://pabsa.impressicocrm.com/api/player/110368,1945,0,0
1680594048198,2315,Get Players list ,200,,Knock_out_Thread Group 1-993,text,true,,3218,338,248,248,https://pabsa.impressicocrm.com/api/tournament/119922/players,2315,0,0
1680594050252,273,Home page ,200,OK,Knock_out_Thread Group 1-1113,text,true,,3033,309,248,248,https://pabsa.impressicocrm.com/,273,0,202
1680594048549,2019,Get Home page country ,200,,Knock_out_Thread Group 1-1093,text,true,,17270,320,249,249,https://pabsa.impressicocrm.com/api/country,2018,0,0
1680594048366,2201,Get tournament result,200,,Knock_out_Thread Group 1-895,text,true,,5441,338,249,249,https://pabsa.impressicocrm.com/api/tournament/119922/matches,2201,0,0
1680594047868,2700,Get Home page country ,200,,Knock_out_Thread Group 1-1078,text,true,,17270,320,249,249,https://pabsa.impressicocrm.com/api/country,2700,0,0
1680594048583,1991,Get single knockout Player details,200,,Knock_out_Thread Group 1-899,text,true,,1210,326,249,249,https://pabsa.impressicocrm.com/api/player/110368,1991,0,0
1680594050473,101,Get single knockout Player details,200,,Knock_out_Thread Group 1-930,text,true,,1210,326,249,249,https://pabsa.impressicocrm.com/api/player/110368,101,0,0
1680594046711,3863,Get Players list ,200,,Knock_out_Thread Group 1-960,text,true,,3218,338,249,249,https://pabsa.impressicocrm.com/api/tournament/119922/players,3863,0,0
1680594048542,2038,Get Break list ,200,,Knock_out_Thread Group 1-990,text,true,,3218,338,249,249,https://pabsa.impressicocrm.com/api/tournament/119922/players,2038,0,0
1680594048472,2119,Get Home page currency,200,,Knock_out_Thread Group 1-1025,text,true,,9160,321,249,249,https://pabsa.impressicocrm.com/api/currency,2119,0,0
1680594048028,2600,Get Home page country ,200,,Knock_out_Thread Group 1-1082,text,true,,17270,320,249,249,https://pabsa.impressicocrm.com/api/country,2221,0,0
1680594049952,688,Home page ,200,OK,Knock_out_Thread Group 1-1110,text,true,,3033,309,249,249,https://pabsa.impressicocrm.com/,688,0,616
1680594048365,2283,Get Home page country ,200,,Knock_out_Thread Group 1-1091,text,true,,17270,320,249,249,https://pabsa.impressicocrm.com/api/country,2283,0,0
1680594048501,2151,Get Home page currency,200,,Knock_out_Thread Group 1-952,text,true,,9160,321,250,250,https://pabsa.impressicocrm.com/api/currency,2151,0,0
1680594048641,2011,Get Break list ,200,,Knock_out_Thread Group 1-959,text,true,,3218,338,250,250,https://pabsa.impressicocrm.com/api/tournament/119922/players,2011,0,0
1680594048497,2157,Get Home page country ,200,,Knock_out_Thread Group 1-1092,text,true,,17270,320,250,250,https://pabsa.impressicocrm.com/api/country,2157,0,0
1680594048135,2519,Get Home page country ,200,,Knock_out_Thread Group 1-1084,text,true,,17270,320,250,250,https://pabsa.impressicocrm.com/api/country,2519,0,0
1680594048641,2056,Get playerA_Vs_playerB,200,,Knock_out_Thread Group 1-886,text,true,,1239,341,250,250,https://pabsa.impressicocrm.com/api/tournament/matchScore/147598,2056,0,0
1680594048374,2341,Get Players list ,200,,Knock_out_Thread Group 1-964,text,true,,3218,338,249,249,https://pabsa.impressicocrm.com/api/tournament/119922/players,2341,0,0
1680594048445,2308,Get Home page currency,200,,Knock_out_Thread Group 1-989,text,true,,9160,321,250,250,https://pabsa.impressicocrm.com/api/currency,2308,0,0
1680594048690,2083,Get Break list ,200,,Knock_out_Thread Group 1-978,text,true,,3218,338,250,250,https://pabsa.impressicocrm.com/api/tournament/119922/players,2083,0,0
1680594050052,721,Home page ,200,OK,Knock_out_Thread Group 1-1111,text,true,,3033,309,250,250,https://pabsa.impressicocrm.com/,721,0,570
1680594048537,2243,Get tournament result,200,,Knock_out_Thread Group 1-892,text,true,,5441,338,250,250,https://pabsa.impressicocrm.com/api/tournament/119922/matches,2243,0,0
1680594048416,2373,Get playerA_Vs_playerB,200,,Knock_out_Thread Group 1-879,text,true,,1239,341,250,250,https://pabsa.impressicocrm.com/api/tournament/matchScore/147598,2373,0,0
1680594048266,2527,Get Players schedule,200,,Knock_out_Thread Group 1-934,text,true,,5441,338,249,249,https://pabsa.impressicocrm.com/api/tournament/119922/matches,2527,0,0
1680594048566,2255,Get Home page currency,200,,Knock_out_Thread Group 1-1059,text,true,,9153,321,249,249,https://pabsa.impressicocrm.com/api/currency,2255,0,0
1680594049852,971,Home page ,200,OK,Knock_out_Thread Group 1-1109,text,true,,3033,309,249,249,https://pabsa.impressicocrm.com/,971,0,525
1680594048862,1978,Get single knockout Player details,200,,Knock_out_Thread Group 1-901,text,true,,1210,326,249,249,https://pabsa.impressicocrm.com/api/player/110368,1978,0,0
1680594048394,2451,Get Players list ,200,,Knock_out_Thread Group 1-998,text,true,,3218,338,249,249,https://pabsa.impressicocrm.com/api/tournament/119922/players,2451,0,0
1680594048820,2040,Get single knockout Player details,200,,Knock_out_Thread Group 1-885,text,true,,1210,326,250,250,https://pabsa.impressicocrm.com/api/player/110368,2040,0,0
1680594048579,2344,Get Home page currency,200,,Knock_out_Thread Group 1-1017,text,true,,9160,321,250,250,https://pabsa.impressicocrm.com/api/currency,2344,0,0
1680594048817,2108,Get playerA_Vs_playerB,200,,Knock_out_Thread Group 1-870,text,true,,1239,341,250,250,https://pabsa.impressicocrm.com/api/tournament/matchScore/147598,2108,0,0
1680594048877,2066,Get Players list ,200,,Knock_out_Thread Group 1-1003,text,true,,3218,338,249,249,https://pabsa.impressicocrm.com/api/tournament/119922/players,2066,0,0
1680594048776,2173,Get Players list ,200,,Knock_out_Thread Group 1-966,text,true,,3218,338,249,249,https://pabsa.impressicocrm.com/api/tournament/119922/players,2173,0,0
1680594048771,2226,Get Home page country ,200,,Knock_out_Thread Group 1-1095,text,true,,17270,320,250,250,https://pabsa.impressicocrm.com/api/country,2226,0,0
1680594047645,3357,Get Home page currency,200,,Knock_out_Thread Group 1-995,text,true,,9160,321,250,250,https://pabsa.impressicocrm.com/api/currency,3357,0,0
1680594048648,2370,Get playerA_Vs_playerB,200,,Knock_out_Thread Group 1-813,text,true,,1239,341,250,250,https://pabsa.impressicocrm.com/api/tournament/matchScore/147598,2370,0,0
1680594048735,2283,Get Home page country ,200,,Knock_out_Thread Group 1-1094,text,true,,17270,320,250,250,https://pabsa.impressicocrm.com/api/country,2283,0,0
1680594048875,2201,Get Home page currency,200,,Knock_out_Thread Group 1-1038,text,true,,9160,321,250,250,https://pabsa.impressicocrm.com/api/currency,2201,0,0
1680594047996,3089,Get tournament result,200,,Knock_out_Thread Group 1-888,text,true,,5441,338,250,250,https://pabsa.impressicocrm.com/api/tournament/119922/matches,3089,0,0
1680594047172,3913,Get tournamnent list ,200,,Knock_out_Thread Group 1-1043,text,true,,58888,389,250,250,https://pabsa.impressicocrm.com/api/tournament?limit=12&pageNumber=1&sportType=&tournamentName=&tournamentStyle=,2330,0,0
1680594048248,2837,Get tournamnent list ,200,,Knock_out_Thread Group 1-1065,text,true,,58880,389,250,250,https://pabsa.impressicocrm.com/api/tournament?limit=12&pageNumber=1&sportType=&tournamentName=&tournamentStyle=,2410,0,0
1680594048978,2113,Get playerA_Vs_playerB,200,,Knock_out_Thread Group 1-871,text,true,,1239,341,250,250,https://pabsa.impressicocrm.com/api/tournament/matchScore/147598,2113,0,0
1680594048497,2604,Get playerA_Vs_playerB,200,,Knock_out_Thread Group 1-880,text,true,,1239,341,249,249,https://pabsa.impressicocrm.com/api/tournament/matchScore/147598,2604,0,0
1680594050652,454,Home page ,200,OK,Knock_out_Thread Group 1-1117,text,true,,3033,309,248,248,https://pabsa.impressicocrm.com/,454,0,347
1680594049009,2101,Get single knockout Player details,200,,Knock_out_Thread Group 1-917,text,true,,1210,326,248,248,https://pabsa.impressicocrm.com/api/player/110368,2100,0,0
1680594048875,2251,Get Break list ,200,,Knock_out_Thread Group 1-951,text,true,,3218,338,248,248,https://pabsa.impressicocrm.com/api/tournament/119922/players,2251,0,0
1680594048666,2463,Get playerA_Vs_playerB,200,,Knock_out_Thread Group 1-869,text,true,,1239,341,248,248,https://pabsa.impressicocrm.com/api/tournament/matchScore/147598,2463,0,0
1680594047872,3259,Get Home page currency,200,,Knock_out_Thread Group 1-974,text,true,,9160,321,247,247,https://pabsa.impressicocrm.com/api/currency,3259,0,0
1680594049014,2120,Get single knockout Player details,200,,Knock_out_Thread Group 1-920,text,true,,1210,326,247,247,https://pabsa.impressicocrm.com/api/player/110368,2120,0,0
1680594048991,2143,Get Break list ,200,,Knock_out_Thread Group 1-968,text,true,,3218,338,247,247,https://pabsa.impressicocrm.com/api/tournament/119922/players,2143,0,0
1680594047932,3211,Get tournamnent list ,200,,Knock_out_Thread Group 1-1045,text,true,,58880,389,247,247,https://pabsa.impressicocrm.com/api/tournament?limit=12&pageNumber=1&sportType=&tournamentName=&tournamentStyle=,2210,0,0
1680594050752,405,Home page ,200,OK,Knock_out_Thread Group 1-1118,text,true,,3033,309,248,248,https://pabsa.impressicocrm.com/,405,0,333
1680594048784,2375,Get knockout players list ,200,,Knock_out_Thread Group 1-902,text,true,,4598,340,248,248,https://pabsa.impressicocrm.com/api/tournament/118871/knockouts,2375,0,0
1680594048658,2506,Get Players list ,200,,Knock_out_Thread Group 1-1009,text,true,,3218,338,248,248,https://pabsa.impressicocrm.com/api/tournament/119922/players,2506,0,0
1680594047548,3619,Get tournamnent list ,200,,Knock_out_Thread Group 1-1032,text,true,,58880,389,248,248,https://pabsa.impressicocrm.com/api/tournament?limit=12&pageNumber=1&sportType=&tournamentName=&tournamentStyle=,2131,0,0
1680594046251,4919,Get tournamnent list ,200,,Knock_out_Thread Group 1-1042,text,true,,58888,389,248,248,https://pabsa.impressicocrm.com/api/tournament?limit=12&pageNumber=1&sportType=&tournamentName=&tournamentStyle=,4126,0,0
1680594047345,3847,Get tournamnent list ,200,,Knock_out_Thread Group 1-1046,text,true,,58888,389,248,248,https://pabsa.impressicocrm.com/api/tournament?limit=12&pageNumber=1&sportType=&tournamentName=&tournamentStyle=,2401,0,0
1680594047301,3901,Get Players schedule,200,,Knock_out_Thread Group 1-941,text,true,,5435,338,248,248,https://pabsa.impressicocrm.com/api/tournament/119922/matches,3901,0,0
1680594049104,2099,Get single knockout Player details,200,,Knock_out_Thread Group 1-890,text,true,,1210,326,248,248,https://pabsa.impressicocrm.com/api/player/110368,2099,0,0
1680594048735,2491,Get Home page country ,200,,Knock_out_Thread Group 1-1079,text,true,,17255,320,248,248,https://pabsa.impressicocrm.com/api/country,2489,0,0
1680594048795,2434,Get tournament result,200,,Knock_out_Thread Group 1-926,text,true,,5435,338,248,248,https://pabsa.impressicocrm.com/api/tournament/119922/matches,2434,0,0
1680594048730,2505,Get Break list ,200,,Knock_out_Thread Group 1-971,text,true,,3218,338,248,248,https://pabsa.impressicocrm.com/api/tournament/119922/players,2505,0,0
1680594048998,2249,Get Players list ,200,,Knock_out_Thread Group 1-997,text,true,,3218,338,248,248,https://pabsa.impressicocrm.com/api/tournament/119922/players,2249,0,0
1680594049138,2116,Get playerA_Vs_playerB,200,,Knock_out_Thread Group 1-883,text,true,,1239,341,249,249,https://pabsa.impressicocrm.com/api/tournament/matchScore/147598,2116,0,0
1680594048028,3232,Get tournamnent list ,200,,Knock_out_Thread Group 1-1061,text,true,,58880,389,248,248,https://pabsa.impressicocrm.com/api/tournament?limit=12&pageNumber=1&sportType=&tournamentName=&tournamentStyle=,2088,0,0
1680594050852,408,Home page ,200,OK,Knock_out_Thread Group 1-1119,text,true,,3033,309,248,248,https://pabsa.impressicocrm.com/,408,0,321
1680594048923,2344,Get single knockout Player details,200,,Knock_out_Thread Group 1-919,text,true,,1210,326,248,248,https://pabsa.impressicocrm.com/api/player/110368,2344,0,0
1680594048650,2617,Get knockout players list ,200,,Knock_out_Thread Group 1-935,text,true,,4591,340,248,248,https://pabsa.impressicocrm.com/api/tournament/118871/knockouts,2617,0,0
1680594048629,2649,Get Players list ,200,,Knock_out_Thread Group 1-988,text,true,,3218,338,248,248,https://pabsa.impressicocrm.com/api/tournament/119922/players,2649,0,0
1680594049135,2146,Get playerA_Vs_playerB,200,,Knock_out_Thread Group 1-875,text,true,,1239,341,248,248,https://pabsa.impressicocrm.com/api/tournament/matchScore/147598,2146,0,0
1680594048279,3004,Get tournamnent list ,200,,Knock_out_Thread Group 1-1060,text,true,,58888,389,247,247,https://pabsa.impressicocrm.com/api/tournament?limit=12&pageNumber=1&sportType=&tournamentName=&tournamentStyle=,2434,0,0
1680594049071,2212,Get Break list ,200,,Knock_out_Thread Group 1-962,text,true,,3218,338,247,247,https://pabsa.impressicocrm.com/api/tournament/119922/players,2212,0,0
1680594050951,363,Home page ,200,OK,Knock_out_Thread Group 1-1120,text,true,,3033,309,247,247,https://pabsa.impressicocrm.com/,363,0,296
1680594048496,2826,Get tournamnent list ,200,,Knock_out_Thread Group 1-1056,text,true,,58880,389,247,247,https://pabsa.impressicocrm.com/api/tournament?limit=12&pageNumber=1&sportType=&tournamentName=&tournamentStyle=,2419,0,0
1680594048790,2534,Get tournament result,200,,Knock_out_Thread Group 1-881,text,true,,5435,338,247,247,https://pabsa.impressicocrm.com/api/tournament/119922/matches,2534,0,0
1680594048106,3223,Get tournamnent list ,200,,Knock_out_Thread Group 1-1057,text,true,,58880,389,247,247,https://pabsa.impressicocrm.com/api/tournament?limit=12&pageNumber=1&sportType=&tournamentName=&tournamentStyle=,2340,0,0
1680594048867,2472,Get Players list ,200,,Knock_out_Thread Group 1-1016,text,true,,3218,338,247,247,https://pabsa.impressicocrm.com/api/tournament/119922/players,2472,0,0
1680594049168,2187,Get Players list ,200,,Knock_out_Thread Group 1-1004,text,true,,3218,338,248,248,https://pabsa.impressicocrm.com/api/tournament/119922/players,2187,0,0
1680594046889,4497,Get tournamnent list ,200,,Knock_out_Thread Group 1-1048,text,true,,58880,389,248,248,https://pabsa.impressicocrm.com/api/tournament?limit=12&pageNumber=1&sportType=&tournamentName=&tournamentStyle=,4118,0,0
1680594049176,2244,Get Break list ,200,,Knock_out_Thread Group 1-991,text,true,,3218,338,248,248,https://pabsa.impressicocrm.com/api/tournament/119922/players,2244,0,0
1680594048882,2549,Get Home page currency,200,,Knock_out_Thread Group 1-996,text,true,,9160,321,248,248,https://pabsa.impressicocrm.com/api/currency,2549,0,0
1680594047579,3866,Get tournamnent list ,200,,Knock_out_Thread Group 1-948,text,true,,58880,389,248,248,https://pabsa.impressicocrm.com/api/tournament?limit=12&pageNumber=1&sportType=&tournamentName=&tournamentStyle=,2464,0,0
1680594049176,2308,Get Home page country ,200,,Knock_out_Thread Group 1-1098,text,true,,17270,320,249,249,https://pabsa.impressicocrm.com/api/country,2308,0,0
1680594046910,4574,Get tournamnent list ,200,,Knock_out_Thread Group 1-1035,text,true,,58880,389,249,249,https://pabsa.impressicocrm.com/api/tournament?limit=12&pageNumber=1&sportType=&tournamentName=&tournamentStyle=,3687,0,0
1680594051052,446,Home page ,200,OK,Knock_out_Thread Group 1-1121,text,true,,3033,309,249,249,https://pabsa.impressicocrm.com/,445,0,337
1680594050152,1362,Home page ,200,OK,Knock_out_Thread Group 1-1112,text,true,,3033,309,249,249,https://pabsa.impressicocrm.com/,1362,0,311
1680594049287,2242,Get Players list ,200,,Knock_out_Thread Group 1-1006,text,true,,3218,338,249,249,https://pabsa.impressicocrm.com/api/tournament/119922/players,2242,0,0
1680594049305,2230,Get Players list ,200,,Knock_out_Thread Group 1-1021,text,true,,3218,338,249,249,https://pabsa.impressicocrm.com/api/tournament/119922/players,2230,0,0
1680594049360,2193,Get Home page country ,200,,Knock_out_Thread Group 1-1099,text,true,,17270,320,250,250,https://pabsa.impressicocrm.com/api/country,2189,0,0
1680594049029,2527,Get Break list ,200,,Knock_out_Thread Group 1-944,text,true,,3218,338,250,250,https://pabsa.impressicocrm.com/api/tournament/119922/players,2527,0,0
1680594049360,2196,Get Home page currency,200,,Knock_out_Thread Group 1-1033,text,true,,9160,321,250,250,https://pabsa.impressicocrm.com/api/currency,2196,0,0
1680594050454,1106,Home page ,200,OK,Knock_out_Thread Group 1-1115,text,true,,3033,309,250,250,https://pabsa.impressicocrm.com/,1106,0,879
1680594049305,2257,Get Break list ,200,,Knock_out_Thread Group 1-970,text,true,,3218,338,250,250,https://pabsa.impressicocrm.com/api/tournament/119922/players,2257,0,0
1680594049398,2164,Get Players list ,200,,Knock_out_Thread Group 1-1012,text,true,,3218,338,250,250,https://pabsa.impressicocrm.com/api/tournament/119922/players,2164,0,0
1680594049014,2551,Get Players schedule,200,,Knock_out_Thread Group 1-937,text,true,,5441,338,250,250,https://pabsa.impressicocrm.com/api/tournament/119922/matches,2551,0,0
1680594048817,2750,Get Home page country ,200,,Knock_out_Thread Group 1-1085,text,true,,17270,320,250,250,https://pabsa.impressicocrm.com/api/country,2750,0,0
1680594049275,2297,Get Players schedule,200,,Knock_out_Thread Group 1-936,text,true,,5441,338,250,250,https://pabsa.impressicocrm.com/api/tournament/119922/matches,2297,0,0
1680594049471,2105,Get knockout players list ,200,,Knock_out_Thread Group 1-942,text,true,,4598,340,250,250,https://pabsa.impressicocrm.com/api/tournament/118871/knockouts,2105,0,0
1680594049319,2263,Get Home page country ,200,,Knock_out_Thread Group 1-1100,text,true,,17270,320,250,250,https://pabsa.impressicocrm.com/api/country,2263,0,0
1680594049283,2299,Get Players list ,200,,Knock_out_Thread Group 1-1002,text,true,,3218,338,250,250,https://pabsa.impressicocrm.com/api/tournament/119922/players,2299,0,0
1680594049402,2187,Get Home page currency,200,,Knock_out_Thread Group 1-1037,text,true,,9160,321,250,250,https://pabsa.impressicocrm.com/api/currency,2187,0,0
1680594049283,2306,Get Players list ,200,,Knock_out_Thread Group 1-977,text,true,,3218,338,250,250,https://pabsa.impressicocrm.com/api/tournament/119922/players,2306,0,0
1680594048930,2679,Get Home page currency,200,,Knock_out_Thread Group 1-1039,text,true,,9160,321,250,250,https://pabsa.impressicocrm.com/api/currency,2679,0,0
1680594048626,2997,Get tournamnent list ,200,,Knock_out_Thread Group 1-1070,text,true,,58880,389,250,250,https://pabsa.impressicocrm.com/api/tournament?limit=12&pageNumber=1&sportType=&tournamentName=&tournamentStyle=,2338,0,0
1680594049436,2193,Get tournamnent list ,200,,Knock_out_Thread Group 1-1064,text,true,,58888,389,250,250,https://pabsa.impressicocrm.com/api/tournament?limit=12&pageNumber=1&sportType=&tournamentName=&tournamentStyle=,1649,0,0
1680594049430,2207,Get playerA_Vs_playerB,200,,Knock_out_Thread Group 1-841,text,true,,1239,341,250,250,https://pabsa.impressicocrm.com/api/tournament/matchScore/147598,2207,0,0
1680594048257,3382,Get tournamnent list ,200,,Knock_out_Thread Group 1-1058,text,true,,58888,389,249,249,https://pabsa.impressicocrm.com/api/tournament?limit=12&pageNumber=1&sportType=&tournamentName=&tournamentStyle=,2317,0,0
1680594049551,2093,Home page ,200,OK,Knock_out_Thread Group 1-1106,text,true,,3033,309,249,249,https://pabsa.impressicocrm.com/,2093,0,1662
1680594048646,3000,Get tournamnent list ,200,,Knock_out_Thread Group 1-1069,text,true,,58880,389,249,249,https://pabsa.impressicocrm.com/api/tournament?limit=12&pageNumber=1&sportType=&tournamentName=&tournamentStyle=,2439,0,0
1680594048225,3428,Get Home page country ,200,,Knock_out_Thread Group 1-983,text,true,,17270,320,250,250,https://pabsa.impressicocrm.com/api/country,3428,0,0
1680594049344,2311,Get Players list ,200,,Knock_out_Thread Group 1-965,text,true,,3218,338,250,250,https://pabsa.impressicocrm.com/api/tournament/119922/players,2311,0,0
1680594047769,3890,Get Players list ,200,,Knock_out_Thread Group 1-1008,text,true,,3218,338,250,250,https://pabsa.impressicocrm.com/api/tournament/119922/players,3890,0,0
1680594049485,2178,Get single knockout Player details,200,,Knock_out_Thread Group 1-923,text,true,,1210,326,250,250,https://pabsa.impressicocrm.com/api/player/110368,2178,0,0
1680594051353,319,Home page ,200,OK,Knock_out_Thread Group 1-1124,text,true,,3033,309,250,250,https://pabsa.impressicocrm.com/,319,0,242
1680594049489,2211,Get playerA_Vs_playerB,200,,Knock_out_Thread Group 1-856,text,true,,1239,341,250,250,https://pabsa.impressicocrm.com/api/tournament/matchScore/147598,2211,0,0
1680594049009,2697,Get playerA_Vs_playerB,200,,Knock_out_Thread Group 1-831,text,true,,1239,341,249,249,https://pabsa.impressicocrm.com/api/tournament/matchScore/147598,2697,0,0
1680594048868,2839,Get Home page country ,200,,Knock_out_Thread Group 1-1096,text,true,,17270,320,248,248,https://pabsa.impressicocrm.com/api/country,2839,0,0
1680594049450,2286,Get Players list ,200,,Knock_out_Thread Group 1-949,text,true,,3218,338,248,248,https://pabsa.impressicocrm.com/api/tournament/119922/players,2286,0,0
1680594049224,2513,Get Break list ,200,,Knock_out_Thread Group 1-1011,text,true,,3218,338,248,248,https://pabsa.impressicocrm.com/api/tournament/119922/players,2513,0,0
1680594049180,2559,Get Players schedule,200,,Knock_out_Thread Group 1-922,text,true,,5441,338,248,248,https://pabsa.impressicocrm.com/api/tournament/119922/matches,2559,0,0
1680594049556,2215,Get single knockout Player details,200,,Knock_out_Thread Group 1-887,text,true,,1210,326,249,249,https://pabsa.impressicocrm.com/api/player/110368,2215,0,0
1680594049465,2312,Get Home page country ,200,,Knock_out_Thread Group 1-1029,text,true,,17270,320,249,249,https://pabsa.impressicocrm.com/api/country,2252,0,0
1680594047439,4338,Get Home page currency,200,,Knock_out_Thread Group 1-972,text,true,,9160,321,249,249,https://pabsa.impressicocrm.com/api/currency,4338,0,0
1680594048561,3216,Get tournamnent list ,200,,Knock_out_Thread Group 1-1050,text,true,,58880,389,249,249,https://pabsa.impressicocrm.com/api/tournament?limit=12&pageNumber=1&sportType=&tournamentName=&tournamentStyle=,2282,0,0
1680594049502,2281,Get Break list ,200,,Knock_out_Thread Group 1-999,text,true,,3218,338,249,249,https://pabsa.impressicocrm.com/api/tournament/119922/players,2281,0,0
1680594047452,4339,Get tournamnent list ,200,,Knock_out_Thread Group 1-1040,text,true,,58880,389,249,249,https://pabsa.impressicocrm.com/api/tournament?limit=12&pageNumber=1&sportType=&tournamentName=&tournamentStyle=,2797,0,0
1680594051152,647,Home page ,200,OK,Knock_out_Thread Group 1-1122,text,true,,3033,309,249,249,https://pabsa.impressicocrm.com/,647,0,569
1680594046922,4892,Get tournamnent list ,200,,Knock_out_Thread Group 1-1034,text,true,,58888,389,249,249,https://pabsa.impressicocrm.com/api/tournament?limit=12&pageNumber=1&sportType=&tournamentName=&tournamentStyle=,3355,0,0
1680594049176,2640,Get Break list ,200,,Knock_out_Thread Group 1-981,text,true,,3218,338,249,249,https://pabsa.impressicocrm.com/api/tournament/119922/players,2640,0,0
1680594048933,2916,Get tournamnent list ,200,,Knock_out_Thread Group 1-1068,text,true,,58880,389,249,249,https://pabsa.impressicocrm.com/api/tournament?limit=12&pageNumber=1&sportType=&tournamentName=&tournamentStyle=,2396,0,0
1680594047810,4046,Get tournamnent list ,200,,Knock_out_Thread Group 1-1051,text,true,,58888,389,250,250,https://pabsa.impressicocrm.com/api/tournament?limit=12&pageNumber=1&sportType=&tournamentName=&tournamentStyle=,2937,0,0
1680594051553,319,Home page ,200,OK,Knock_out_Thread Group 1-1126,text,true,,3033,309,250,250,https://pabsa.impressicocrm.com/,319,0,245
1680594049502,2371,Get Home page country ,200,,Knock_out_Thread Group 1-1101,text,true,,17255,320,250,250,https://pabsa.impressicocrm.com/api/country,2371,0,0
1680594049065,2810,Get tournament result,200,,Knock_out_Thread Group 1-915,text,true,,5441,338,250,250,https://pabsa.impressicocrm.com/api/tournament/119922/matches,2810,0,0
1680594049595,2280,Get Players list ,200,,Knock_out_Thread Group 1-946,text,true,,3218,338,250,250,https://pabsa.impressicocrm.com/api/tournament/119922/players,2280,0,0
1680594049689,2195,Get single knockout Player details,200,,Knock_out_Thread Group 1-910,text,true,,1210,326,250,250,https://pabsa.impressicocrm.com/api/player/110368,2195,0,0
1680594049509,2375,Get Break list ,200,,Knock_out_Thread Group 1-950,text,true,,3218,338,250,250,https://pabsa.impressicocrm.com/api/tournament/119922/players,2375,0,0
1680594049506,2394,Get Players list ,200,,Knock_out_Thread Group 1-1005,text,true,,3218,338,250,250,https://pabsa.impressicocrm.com/api/tournament/119922/players,2394,0,0
1680594049465,2441,Get Players list ,200,,Knock_out_Thread Group 1-1001,text,true,,3218,338,250,250,https://pabsa.impressicocrm.com/api/tournament/119922/players,2441,0,0
1680594049670,2245,Get Break list ,200,,Knock_out_Thread Group 1-1007,text,true,,3218,338,250,250,https://pabsa.impressicocrm.com/api/tournament/119922/players,2245,0,0
1680594049757,2158,Get single knockout Player details,200,,Knock_out_Thread Group 1-913,text,true,,1210,326,250,250,https://pabsa.impressicocrm.com/api/player/110368,2158,0,0
1680594049587,2334,Get Players list ,200,,Knock_out_Thread Group 1-976,text,true,,3218,338,250,250,https://pabsa.impressicocrm.com/api/tournament/119922/players,2334,0,0
1680594049070,2861,Get tournament result,200,,Knock_out_Thread Group 1-836,text,true,,5441,338,250,250,https://pabsa.impressicocrm.com/api/tournament/119922/matches,2861,0,0
1680594049587,2374,Get Break list ,200,,Knock_out_Thread Group 1-987,text,true,,3218,338,251,251,https://pabsa.impressicocrm.com/api/tournament/119922/players,2374,0,0
1680594049430,2534,Get Break list ,200,,Knock_out_Thread Group 1-992,text,true,,3218,338,251,251,https://pabsa.impressicocrm.com/api/tournament/119922/players,2534,0,0
1680594049568,2398,Get Home page country ,200,,Knock_out_Thread Group 1-1097,text,true,,17270,320,251,251,https://pabsa.impressicocrm.com/api/country,2398,0,0
1680594049745,2226,Get Home page currency,200,,Knock_out_Thread Group 1-1030,text,true,,9153,321,251,251,https://pabsa.impressicocrm.com/api/currency,2226,0,0
1680594048112,3870,Get tournamnent list ,200,,Knock_out_Thread Group 1-1053,text,true,,58888,389,251,251,https://pabsa.impressicocrm.com/api/tournament?limit=12&pageNumber=1&sportType=&tournamentName=&tournamentStyle=,2451,0,0
1680594049745,2238,Get Home page country ,200,,Knock_out_Thread Group 1-1103,text,true,,17255,320,251,251,https://pabsa.impressicocrm.com/api/country,2238,0,0
1680594048690,3295,Get tournamnent list ,200,,Knock_out_Thread Group 1-1062,text,true,,58888,389,251,251,https://pabsa.impressicocrm.com/api/tournament?limit=12&pageNumber=1&sportType=&tournamentName=&tournamentStyle=,2805,0,0
1680594049676,2309,Get Players list ,200,,Knock_out_Thread Group 1-1026,text,true,,3218,338,251,251,https://pabsa.impressicocrm.com/api/tournament/119922/players,2309,0,0
1680594049391,2600,Get tournament result,200,,Knock_out_Thread Group 1-866,text,true,,5441,338,251,251,https://pabsa.impressicocrm.com/api/tournament/119922/matches,2600,0,0
1680594049795,2200,Get single knockout Player details,200,,Knock_out_Thread Group 1-905,text,true,,1210,326,251,251,https://pabsa.impressicocrm.com/api/player/110368,2200,0,0
1680594051452,543,Home page ,200,OK,Knock_out_Thread Group 1-1125,text,true,,3033,309,251,251,https://pabsa.impressicocrm.com/,543,0,482
1680594049627,2374,Get Home page country ,200,,Knock_out_Thread Group 1-1102,text,true,,17270,320,251,251,https://pabsa.impressicocrm.com/api/country,2344,0,0
1680594049775,2232,Get Break list ,200,,Knock_out_Thread Group 1-961,text,true,,3218,338,251,251,https://pabsa.impressicocrm.com/api/tournament/119922/players,2232,0,0
1680594051652,362,Home page ,200,OK,Knock_out_Thread Group 1-1127,text,true,,3033,309,251,251,https://pabsa.impressicocrm.com/,362,0,272
1680594049755,2270,Get Break list ,200,,Knock_out_Thread Group 1-979,text,true,,3218,338,251,251,https://pabsa.impressicocrm.com/api/tournament/119922/players,2270,0,0
1680594049674,2353,Get Break list ,200,,Knock_out_Thread Group 1-1010,text,true,,3218,338,251,251,https://pabsa.impressicocrm.com/api/tournament/119922/players,2353,0,0
1680594047966,4061,Get Home page country ,200,,Knock_out_Thread Group 1-1083,text,true,,17255,320,251,251,https://pabsa.impressicocrm.com/api/country,4061,0,0
1680594049880,2150,Get single knockout Player details,200,,Knock_out_Thread Group 1-918,text,true,,1210,326,251,251,https://pabsa.impressicocrm.com/api/player/110368,2150,0,0
1680594051254,776,Home page ,200,OK,Knock_out_Thread Group 1-1123,text,true,,3033,309,251,251,https://pabsa.impressicocrm.com/,776,0,636
1680594049728,2311,Get Home page country ,200,,Knock_out_Thread Group 1-1105,text,true,,17270,320,251,251,https://pabsa.impressicocrm.com/api/country,2311,0,0
1680594049911,2137,Get single knockout Player details,200,,Knock_out_Thread Group 1-939,text,true,,1210,326,251,251,https://pabsa.impressicocrm.com/api/player/110368,2137,0,0
1680594049765,2283,Get Break list ,200,,Knock_out_Thread Group 1-985,text,true,,3218,338,251,251,https://pabsa.impressicocrm.com/api/tournament/119922/players,2283,0,0
1680594049562,2489,Get tournament result,200,,Knock_out_Thread Group 1-928,text,true,,5435,338,251,251,https://pabsa.impressicocrm.com/api/tournament/119922/matches,2489,0,0
1680594051752,310,Home page ,200,OK,Knock_out_Thread Group 1-1128,text,true,,3033,309,252,252,https://pabsa.impressicocrm.com/,309,0,233
1680594049795,2276,Get playerA_Vs_playerB,200,,Knock_out_Thread Group 1-891,text,true,,1239,341,252,252,https://pabsa.impressicocrm.com/api/tournament/matchScore/147598,2276,0,0
1680594049737,2336,Get Players list ,200,,Knock_out_Thread Group 1-1022,text,true,,3218,338,251,251,https://pabsa.impressicocrm.com/api/tournament/119922/players,2336,0,0
1680594049933,2150,Get single knockout Player details,200,,Knock_out_Thread Group 1-931,text,true,,1210,326,251,251,https://pabsa.impressicocrm.com/api/player/110368,2150,0,0
1680594049877,2210,Get playerA_Vs_playerB,200,,Knock_out_Thread Group 1-911,text,true,,1239,341,251,251,https://pabsa.impressicocrm.com/api/tournament/matchScore/147598,2210,0,0
1680594050353,1734,Home page ,200,OK,Knock_out_Thread Group 1-1114,text,true,,3033,309,251,251,https://pabsa.impressicocrm.com/,1734,0,1652
1680594049764,2329,Get knockout players list ,200,,Knock_out_Thread Group 1-916,text,true,,4598,340,250,250,https://pabsa.impressicocrm.com/api/tournament/118871/knockouts,2329,0,0
1680594048917,3182,Get tournamnent list ,200,,Knock_out_Thread Group 1-1072,text,true,,58880,389,250,250,https://pabsa.impressicocrm.com/api/tournament?limit=12&pageNumber=1&sportType=&tournamentName=&tournamentStyle=,2402,0,0
1680594048501,3607,Get tournamnent list ,200,,Knock_out_Thread Group 1-1067,text,true,,58880,389,250,250,https://pabsa.impressicocrm.com/api/tournament?limit=12&pageNumber=1&sportType=&tournamentName=&tournamentStyle=,2458,0,0
1680594049826,2293,Get Players list ,200,,Knock_out_Thread Group 1-954,text,true,,3218,338,250,250,https://pabsa.impressicocrm.com/api/tournament/119922/players,2293,0,0
1680594049911,2231,Get Players list ,200,,Knock_out_Thread Group 1-1020,text,true,,3218,338,250,250,https://pabsa.impressicocrm.com/api/tournament/119922/players,2231,0,0
1680594049706,2437,Get Home page country ,200,,Knock_out_Thread Group 1-1104,text,true,,17270,320,250,250,https://pabsa.impressicocrm.com/api/country,2437,0,0
1680594050020,2126,Get single knockout Player details,200,,Knock_out_Thread Group 1-912,text,true,,1210,326,250,250,https://pabsa.impressicocrm.com/api/player/110368,2126,0,0
1680594049848,2298,Get Break list ,200,,Knock_out_Thread Group 1-943,text,true,,3218,338,250,250,https://pabsa.impressicocrm.com/api/tournament/119922/players,2298,0,0
1680594048775,3372,Get tournamnent list ,200,,Knock_out_Thread Group 1-1074,text,true,,58880,389,250,250,https://pabsa.impressicocrm.com/api/tournament?limit=12&pageNumber=1&sportType=&tournamentName=&tournamentStyle=,2405,0,0
1680594049764,2389,Get tournament result,200,,Knock_out_Thread Group 1-876,text,true,,5441,338,251,251,https://pabsa.impressicocrm.com/api/tournament/119922/matches,2389,0,0
1680594049697,2461,Get Home page currency,200,,Knock_out_Thread Group 1-1028,text,true,,9153,321,251,251,https://pabsa.impressicocrm.com/api/currency,2461,0,0
1680594047215,4943,Get tournamnent list ,200,,Knock_out_Thread Group 1-1041,text,true,,58880,389,251,251,https://pabsa.impressicocrm.com/api/tournament?limit=12&pageNumber=1&sportType=&tournamentName=&tournamentStyle=,4266,0,0
1680594049471,2694,Get Players schedule,200,,Knock_out_Thread Group 1-973,text,true,,5441,338,251,251,https://pabsa.impressicocrm.com/api/tournament/119922/matches,2694,0,0
1680594049900,2269,Get Break list ,200,,Knock_out_Thread Group 1-975,text,true,,3218,338,251,251,https://pabsa.impressicocrm.com/api/tournament/119922/players,2269,0,0
1680594050552,1619,Home page ,200,OK,Knock_out_Thread Group 1-1116,text,true,,3033,309,251,251,https://pabsa.impressicocrm.com/,1619,0,1546
1680594049614,2568,Get tournament result,200,,Knock_out_Thread Group 1-872,text,true,,5441,338,251,251,https://pabsa.impressicocrm.com/api/tournament/119922/matches,2568,0,0
1680594049986,2201,Get Home page country ,200,,Knock_out_Thread Group 1-1107,text,true,,17270,320,251,251,https://pabsa.impressicocrm.com/api/country,2201,0,0
1680594049942,2250,Get Break list ,200,,Knock_out_Thread Group 1-958,text,true,,3218,338,251,251,https://pabsa.impressicocrm.com/api/tournament/119922/players,2250,0,0
1680594048899,3302,Get tournamnent list ,200,,Knock_out_Thread Group 1-1075,text,true,,58880,389,251,251,https://pabsa.impressicocrm.com/api/tournament?limit=12&pageNumber=1&sportType=&tournamentName=&tournamentStyle=,2462,0,0
1680594050043,2178,Get single knockout Player details,200,,Knock_out_Thread Group 1-940,text,true,,1210,326,251,251,https://pabsa.impressicocrm.com/api/player/110368,2178,0,0
1680594049619,2602,Get Break list ,200,,Knock_out_Thread Group 1-953,text,true,,3218,338,251,251,https://pabsa.impressicocrm.com/api/tournament/119922/players,2602,0,0
1680594049478,2743,Get tournament result,200,,Knock_out_Thread Group 1-909,text,true,,5441,338,251,251,https://pabsa.impressicocrm.com/api/tournament/119922/matches,2743,0,0
1680594050014,2236,Get playerA_Vs_playerB,200,,Knock_out_Thread Group 1-894,text,true,,1239,341,251,251,https://pabsa.impressicocrm.com/api/tournament/matchScore/147598,2236,0,0
1680594050007,2249,Get playerA_Vs_playerB,200,,Knock_out_Thread Group 1-893,text,true,,1239,341,251,251,https://pabsa.impressicocrm.com/api/tournament/matchScore/147598,2249,0,0
1680594049997,2298,Get Break list ,200,,Knock_out_Thread Group 1-947,text,true,,3218,338,250,250,https://pabsa.impressicocrm.com/api/tournament/119922/players,2297,0,0
1680594050089,2240,Get single knockout Player details,200,,Knock_out_Thread Group 1-933,text,true,,1210,326,250,250,https://pabsa.impressicocrm.com/api/player/110368,2240,0,0
1680594048335,4020,Get tournamnent list ,200,,Knock_out_Thread Group 1-1044,text,true,,58865,389,251,251,https://pabsa.impressicocrm.com/api/tournament?limit=12&pageNumber=1&sportType=&tournamentName=&tournamentStyle=,2523,0,0
1680594049785,2591,Get tournament result,200,,Knock_out_Thread Group 1-896,text,true,,5441,338,251,251,https://pabsa.impressicocrm.com/api/tournament/119922/matches,2591,0,0
1680594050077,2305,Get Players list ,200,,Knock_out_Thread Group 1-1018,text,true,,3218,338,251,251,https://pabsa.impressicocrm.com/api/tournament/119922/players,2305,0,0
1680594049922,2482,Get Players schedule,200,,Knock_out_Thread Group 1-927,text,true,,5441,338,251,251,https://pabsa.impressicocrm.com/api/tournament/119922/matches,2482,0,0
1680594052048,388,Get tournament result,200,,Knock_out_Thread Group 1-939,text,true,,5441,338,251,251,https://pabsa.impressicocrm.com/api/tournament/119922/matches,388,0,0
1680594050108,2340,Get playerA_Vs_playerB,200,,Knock_out_Thread Group 1-863,text,true,,1239,341,251,251,https://pabsa.impressicocrm.com/api/tournament/matchScore/147598,2340,0,0
1680594052152,301,Home page ,200,OK,Knock_out_Thread Group 1-1132,text,true,,3033,309,251,251,https://pabsa.impressicocrm.com/,300,0,230
1680594050139,2331,Get Home page currency,200,,Knock_out_Thread Group 1-1052,text,true,,9160,321,251,251,https://pabsa.impressicocrm.com/api/currency,2331,0,0
1680594050137,2365,Get Players list ,200,,Knock_out_Thread Group 1-986,text,true,,3218,338,251,251,https://pabsa.impressicocrm.com/api/tournament/119922/players,2365,0,0
1680594048554,3968,Get tournamnent list ,200,,Knock_out_Thread Group 1-1066,text,true,,58880,389,251,251,https://pabsa.impressicocrm.com/api/tournament?limit=12&pageNumber=1&sportType=&tournamentName=&tournamentStyle=,2403,0,0
1680594050249,2273,Get Players list ,200,,Knock_out_Thread Group 1-957,text,true,,3218,338,251,251,https://pabsa.impressicocrm.com/api/tournament/119922/players,2273,0,0
1680594052252,280,Home page ,200,OK,Knock_out_Thread Group 1-1133,text,true,,3033,309,251,251,https://pabsa.impressicocrm.com/,280,0,214
1680594049933,2605,Get Players list ,200,,Knock_out_Thread Group 1-1019,text,true,,3218,338,251,251,https://pabsa.impressicocrm.com/api/tournament/119922/players,2605,0,0
1680594050170,2376,Get Break list ,200,,Knock_out_Thread Group 1-980,text,true,,3218,338,251,251,https://pabsa.impressicocrm.com/api/tournament/119922/players,2376,0,0
1680594050071,2479,Get Break list ,200,,Knock_out_Thread Group 1-1014,text,true,,3218,338,251,251,https://pabsa.impressicocrm.com/api/tournament/119922/players,2479,0,0
1680594050275,2275,Get playerA_Vs_playerB,200,,Knock_out_Thread Group 1-897,text,true,,1239,341,251,251,https://pabsa.impressicocrm.com/api/tournament/matchScore/147598,2275,0,0
1680594049993,2565,Get tournament result,200,,Knock_out_Thread Group 1-903,text,true,,5441,338,251,251,https://pabsa.impressicocrm.com/api/tournament/119922/matches,2565,0,0
1680594050274,2294,Get Players list ,200,,Knock_out_Thread Group 1-956,text,true,,3218,338,251,251,https://pabsa.impressicocrm.com/api/tournament/119922/players,2294,0,0
1680594050441,2146,Get single knockout Player details,200,,Knock_out_Thread Group 1-938,text,true,,1210,326,251,251,https://pabsa.impressicocrm.com/api/player/110368,2146,0,0
1680594049954,2643,Get tournament result,200,,Knock_out_Thread Group 1-924,text,true,,5441,338,251,251,https://pabsa.impressicocrm.com/api/tournament/119922/matches,2643,0,0
1680594050081,2522,Get tournament result,200,,Knock_out_Thread Group 1-921,text,true,,5441,338,251,251,https://pabsa.impressicocrm.com/api/tournament/119922/matches,2521,0,0
1680594052054,551,Home page ,200,OK,Knock_out_Thread Group 1-1131,text,true,,3033,309,251,251,https://pabsa.impressicocrm.com/,551,0,489
1680594050381,2239,Get Home page currency,200,,Knock_out_Thread Group 1-1054,text,true,,9160,321,251,251,https://pabsa.impressicocrm.com/api/currency,2239,0,0
1680594050405,2234,Get playerA_Vs_playerB,200,,Knock_out_Thread Group 1-882,text,true,,1239,341,251,251,https://pabsa.impressicocrm.com/api/tournament/matchScore/147598,2234,0,0
1680594050037,2610,Get Home page currency,200,,Knock_out_Thread Group 1-1036,text,true,,9160,321,250,250,https://pabsa.impressicocrm.com/api/currency,2610,0,0
1680594050249,2429,Get tournament result,200,,Knock_out_Thread Group 1-900,text,true,,5441,338,251,251,https://pabsa.impressicocrm.com/api/tournament/119922/matches,2429,0,0
1680594049436,3249,Get tournamnent list ,200,,Knock_out_Thread Group 1-1081,text,true,,58880,389,251,251,https://pabsa.impressicocrm.com/api/tournament?limit=12&pageNumber=1&sportType=&tournamentName=&tournamentStyle=,2430,0,0
1680594052352,333,Home page ,200,OK,Knock_out_Thread Group 1-1134,text,true,,3033,309,251,251,https://pabsa.impressicocrm.com/,333,0,251
1680594050275,2413,Get Break list ,200,,Knock_out_Thread Group 1-969,text,true,,3218,338,251,251,https://pabsa.impressicocrm.com/api/tournament/119922/players,2413,0,0
1680594050334,2369,Get Players list ,200,,Knock_out_Thread Group 1-1013,text,true,,3218,338,251,251,https://pabsa.impressicocrm.com/api/tournament/119922/players,2369,0,0
1680594050446,2260,Get Break list ,200,,Knock_out_Thread Group 1-994,text,true,,3218,338,251,251,https://pabsa.impressicocrm.com/api/tournament/119922/players,2260,0,0
1680594046569,6157,Get tournamnent list ,200,,Knock_out_Thread Group 1-1024,text,true,,58888,389,251,251,https://pabsa.impressicocrm.com/api/tournament?limit=12&pageNumber=1&sportType=&tournamentName=&tournamentStyle=,2860,0,0
1680594049171,3631,Get tournamnent list ,200,,Knock_out_Thread Group 1-1080,text,true,,58888,389,252,252,https://pabsa.impressicocrm.com/api/tournament?limit=12&pageNumber=1&sportType=&tournamentName=&tournamentStyle=,2411,0,0
1680594050435,2371,Get Players schedule,200,,Knock_out_Thread Group 1-967,text,true,,5441,338,252,252,https://pabsa.impressicocrm.com/api/tournament/119922/matches,2371,0,0
1680594049840,2976,Get tournament result,200,,Knock_out_Thread Group 1-925,text,true,,5441,338,252,252,https://pabsa.impressicocrm.com/api/tournament/119922/matches,2976,0,0
1680594050249,2569,Get Players schedule,200,,Knock_out_Thread Group 1-932,text,true,,5441,338,252,252,https://pabsa.impressicocrm.com/api/tournament/119922/matches,2569,0,0
1680594050461,2368,Get Players list ,200,,Knock_out_Thread Group 1-1000,text,true,,3218,338,252,252,https://pabsa.impressicocrm.com/api/tournament/119922/players,2368,0,0
1680594050526,2321,Get Home page country ,200,,Knock_out_Thread Group 1-1113,text,true,,17270,320,252,252,https://pabsa.impressicocrm.com/api/country,2320,0,0
1680594050021,2840,Get Home page country ,200,,Knock_out_Thread Group 1-1108,text,true,,17270,320,253,253,https://pabsa.impressicocrm.com/api/country,2215,0,0
1680594050391,2495,Get tournament result,200,,Knock_out_Thread Group 1-914,text,true,,5441,338,253,253,https://pabsa.impressicocrm.com/api/tournament/119922/matches,2495,0,0
1680594050097,2803,Get tournament result,200,,Knock_out_Thread Group 1-906,text,true,,5441,338,253,253,https://pabsa.impressicocrm.com/api/tournament/119922/matches,2803,0,0
1680594050116,2787,Get Break list ,200,,Knock_out_Thread Group 1-955,text,true,,3218,338,253,253,https://pabsa.impressicocrm.com/api/tournament/119922/players,2787,0,0
1680594049391,3519,Get tournamnent list ,200,,Knock_out_Thread Group 1-1071,text,true,,58880,389,253,253,https://pabsa.impressicocrm.com/api/tournament?limit=12&pageNumber=1&sportType=&tournamentName=&tournamentStyle=,2670,0,0
1680594052533,389,Get Home page country ,200,,Knock_out_Thread Group 1-1133,text,true,,17270,320,253,253,https://pabsa.impressicocrm.com/api/country,389,0,0
1680594050514,2411,Get Break list ,200,,Knock_out_Thread Group 1-993,text,true,,3218,338,253,253,https://pabsa.impressicocrm.com/api/tournament/119922/players,2411,0,0
1680594050463,2462,Get tournament result,200,,Knock_out_Thread Group 1-908,text,true,,5441,338,253,253,https://pabsa.impressicocrm.com/api/tournament/119922/matches,2462,0,0
1680594048734,4191,Get tournamnent list ,200,,Knock_out_Thread Group 1-1023,text,true,,58888,389,253,253,https://pabsa.impressicocrm.com/api/tournament?limit=12&pageNumber=1&sportType=&tournamentName=&tournamentStyle=,3251,0,0
1680594050574,2376,Get Break list ,200,,Knock_out_Thread Group 1-960,text,true,,3218,338,253,253,https://pabsa.impressicocrm.com/api/tournament/119922/players,2376,0,0
1680594052558,392,Get playerA_Vs_playerB,200,,Knock_out_Thread Group 1-903,text,true,,1239,341,253,253,https://pabsa.impressicocrm.com/api/tournament/matchScore/147598,392,0,0
1680594052653,308,Home page ,200,OK,Knock_out_Thread Group 1-1137,text,true,,3033,309,253,253,https://pabsa.impressicocrm.com/,308,0,231
1680594050020,3053,Get tournamnent list ,200,,Knock_out_Thread Group 1-1088,text,true,,58880,389,254,254,https://pabsa.impressicocrm.com/api/tournament?limit=12&pageNumber=1&sportType=&tournamentName=&tournamentStyle=,2440,0,0
1680594052452,629,Home page ,200,OK,Knock_out_Thread Group 1-1135,text,true,,3033,309,254,254,https://pabsa.impressicocrm.com/,629,0,566
1680594050469,2658,Get Players schedule,200,,Knock_out_Thread Group 1-982,text,true,,5435,338,254,254,https://pabsa.impressicocrm.com/api/tournament/119922/matches,2658,0,0
1680594050023,3104,Get tournamnent list ,200,,Knock_out_Thread Group 1-1087,text,true,,58880,389,254,254,https://pabsa.impressicocrm.com/api/tournament?limit=12&pageNumber=1&sportType=&tournamentName=&tournamentStyle=,2472,0,0
1680594052752,385,Home page ,200,OK,Knock_out_Thread Group 1-1138,text,true,,3033,309,254,254,https://pabsa.impressicocrm.com/,385,0,284
1680594048968,4198,Get tournamnent list ,200,,Knock_out_Thread Group 1-1063,text,true,,58880,389,255,255,https://pabsa.impressicocrm.com/api/tournament?limit=12&pageNumber=1&sportType=&tournamentName=&tournamentStyle=,2614,0,0
1680594050507,2698,Get tournament result,200,,Knock_out_Thread Group 1-907,text,true,,5435,338,255,255,https://pabsa.impressicocrm.com/api/tournament/119922/matches,2698,0,0
1680594050068,3147,Get tournamnent list ,200,,Knock_out_Thread Group 1-1086,text,true,,58880,389,255,255,https://pabsa.impressicocrm.com/api/tournament?limit=12&pageNumber=1&sportType=&tournamentName=&tournamentStyle=,2750,0,0
1680594050249,2982,Get Break list ,200,,Knock_out_Thread Group 1-984,text,true,,3218,338,255,255,https://pabsa.impressicocrm.com/api/tournament/119922/players,2982,0,0
1680594050781,2456,Get playerA_Vs_playerB,200,,Knock_out_Thread Group 1-892,text,true,,1239,341,255,255,https://pabsa.impressicocrm.com/api/tournament/matchScore/147598,2455,0,0
1680594050574,2666,Get tournament result,200,,Knock_out_Thread Group 1-899,text,true,,5441,338,254,254,https://pabsa.impressicocrm.com/api/tournament/119922/matches,2666,0,0
1680594050641,2612,Get Home page country ,200,,Knock_out_Thread Group 1-1110,text,true,,17270,320,255,255,https://pabsa.impressicocrm.com/api/country,2547,0,0
1680594050652,2614,Get Players schedule,200,,Knock_out_Thread Group 1-959,text,true,,5441,338,255,255,https://pabsa.impressicocrm.com/api/tournament/119922/matches,2614,0,0
1680594052853,428,Home page ,200,OK,Knock_out_Thread Group 1-1139,text,true,,3033,309,255,255,https://pabsa.impressicocrm.com/,428,0,246
1680594048323,4967,Get tournamnent list ,200,,Knock_out_Thread Group 1-1049,text,true,,58880,389,255,255,https://pabsa.impressicocrm.com/api/tournament?limit=12&pageNumber=1&sportType=&tournamentName=&tournamentStyle=,3672,0,0
1680594050574,2721,Get tournament result,200,,Knock_out_Thread Group 1-930,text,true,,5441,338,255,255,https://pabsa.impressicocrm.com/api/tournament/119922/matches,2720,0,0
1680594050821,2473,Get Players list ,200,,Knock_out_Thread Group 1-1059,text,true,,3218,338,255,255,https://pabsa.impressicocrm.com/api/tournament/119922/players,2473,0,0
1680594050944,2356,Get Break list ,200,,Knock_out_Thread Group 1-1003,text,true,,3218,338,255,255,https://pabsa.impressicocrm.com/api/tournament/119922/players,2356,0,0
1680594050793,2507,Get knockout players list ,200,,Knock_out_Thread Group 1-934,text,true,,4591,340,255,255,https://pabsa.impressicocrm.com/api/tournament/118871/knockouts,2507,0,0
1680594050446,2871,Get tournament result,200,,Knock_out_Thread Group 1-898,text,true,,5435,338,255,255,https://pabsa.impressicocrm.com/api/tournament/119922/matches,2871,0,0
1680594050774,2550,Get Home page country ,200,,Knock_out_Thread Group 1-1111,text,true,,17270,320,255,255,https://pabsa.impressicocrm.com/api/country,2543,0,0
1680594050753,2573,Get Players list ,200,,Knock_out_Thread Group 1-989,text,true,,3218,338,255,255,https://pabsa.impressicocrm.com/api/tournament/119922/players,2573,0,0
1680594050924,2402,Get Players list ,200,,Knock_out_Thread Group 1-1017,text,true,,3218,338,255,255,https://pabsa.impressicocrm.com/api/tournament/119922/players,2402,0,0
1680594048626,4711,Get Home page currency,200,,Knock_out_Thread Group 1-1015,text,true,,9160,321,255,255,https://pabsa.impressicocrm.com/api/currency,4711,0,0
1680594050773,2586,Get Players schedule,200,,Knock_out_Thread Group 1-978,text,true,,5441,338,256,256,https://pabsa.impressicocrm.com/api/tournament/119922/matches,2586,0,0
1680594050846,2515,Get Break list ,200,,Knock_out_Thread Group 1-998,text,true,,3218,338,256,256,https://pabsa.impressicocrm.com/api/tournament/119922/players,2515,0,0
1680594050950,2413,Get Break list ,200,,Knock_out_Thread Group 1-966,text,true,,3218,338,256,256,https://pabsa.impressicocrm.com/api/tournament/119922/players,2413,0,0
1680594050580,2792,Get Players schedule,200,,Knock_out_Thread Group 1-990,text,true,,5441,338,256,256,https://pabsa.impressicocrm.com/api/tournament/119922/matches,2792,0,0
1680594050652,2790,Get Players list ,200,,Knock_out_Thread Group 1-952,text,true,,3218,338,256,256,https://pabsa.impressicocrm.com/api/tournament/119922/players,2790,0,0
1680594052952,501,Home page ,200,OK,Knock_out_Thread Group 1-1140,text,true,,3033,309,257,257,https://pabsa.impressicocrm.com/,501,0,409
1680594053153,330,Home page ,200,OK,Knock_out_Thread Group 1-1142,text,true,,3033,309,257,257,https://pabsa.impressicocrm.com/,330,0,249
1680594051086,2403,Get Home page currency,200,,Knock_out_Thread Group 1-1043,text,true,,9153,321,257,257,https://pabsa.impressicocrm.com/api/currency,2403,0,0
1680594050715,2786,Get Break list ,200,,Knock_out_Thread Group 1-964,text,true,,3218,338,257,257,https://pabsa.impressicocrm.com/api/tournament/119922/players,2786,0,0
1680594051086,2417,Get Home page currency,200,,Knock_out_Thread Group 1-1065,text,true,,9160,321,257,257,https://pabsa.impressicocrm.com/api/currency,2417,0,0
1680594049127,4393,Get Players list ,200,,Knock_out_Thread Group 1-963,text,true,,3218,338,257,257,https://pabsa.impressicocrm.com/api/tournament/119922/players,4393,0,0
1680594052925,601,Get Home page currency,200,,Knock_out_Thread Group 1-1023,text,true,,9153,321,257,257,https://pabsa.impressicocrm.com/api/currency,601,0,0
1680594051002,2526,Get Players list ,200,,Knock_out_Thread Group 1-995,text,true,,3218,338,257,257,https://pabsa.impressicocrm.com/api/tournament/119922/players,2526,0,0
1680594050568,2962,Get tournamnent list ,200,,Knock_out_Thread Group 1-1093,text,true,,58888,389,257,257,https://pabsa.impressicocrm.com/api/tournament?limit=12&pageNumber=1&sportType=&tournamentName=&tournamentStyle=,2579,0,0
1680594051202,2333,Get knockout players list ,200,,Knock_out_Thread Group 1-941,text,true,,4598,340,257,257,https://pabsa.impressicocrm.com/api/tournament/118871/knockouts,2333,0,0
1680594050861,2692,Get tournament result,200,,Knock_out_Thread Group 1-885,text,true,,5441,338,258,258,https://pabsa.impressicocrm.com/api/tournament/119922/matches,2692,0,0
1680594050486,3088,Get tournament result,200,,Knock_out_Thread Group 1-904,text,true,,5435,338,258,258,https://pabsa.impressicocrm.com/api/tournament/119922/matches,3088,0,0
1680594051106,2501,Get Home page country ,200,,Knock_out_Thread Group 1-1117,text,true,,17255,320,258,258,https://pabsa.impressicocrm.com/api/country,2501,0,0
1680594051164,2453,Get Break list ,200,,Knock_out_Thread Group 1-1009,text,true,,3218,338,258,258,https://pabsa.impressicocrm.com/api/tournament/119922/players,2453,0,0
1680594051230,2388,Get playerA_Vs_playerB,200,,Knock_out_Thread Group 1-926,text,true,,1239,341,258,258,https://pabsa.impressicocrm.com/api/tournament/matchScore/147598,2388,0,0
1680594051267,2360,Get single knockout Player details,200,,Knock_out_Thread Group 1-935,text,true,,1210,326,257,257,https://pabsa.impressicocrm.com/api/player/110368,2360,0,0
1680594050841,2827,Get tournament result,200,,Knock_out_Thread Group 1-901,text,true,,5441,338,258,258,https://pabsa.impressicocrm.com/api/tournament/119922/matches,2827,0,0
1680594051171,2501,Get Home page currency,200,,Knock_out_Thread Group 1-1042,text,true,,9160,321,258,258,https://pabsa.impressicocrm.com/api/currency,2501,0,0
1680594050824,2853,Get Home page country ,200,,Knock_out_Thread Group 1-1109,text,true,,17270,320,258,258,https://pabsa.impressicocrm.com/api/country,2853,0,0
1680594051325,2369,Get playerA_Vs_playerB,200,,Knock_out_Thread Group 1-881,text,true,,1239,341,258,258,https://pabsa.impressicocrm.com/api/tournament/matchScore/147598,2369,0,0
1680594050081,3620,Get Players list ,200,,Knock_out_Thread Group 1-1027,text,true,,3218,338,257,257,https://pabsa.impressicocrm.com/api/tournament/119922/players,3620,0,0
1680594051192,2513,Get Home page currency,200,,Knock_out_Thread Group 1-1046,text,true,,9160,321,257,257,https://pabsa.impressicocrm.com/api/currency,2513,0,0
1680594053216,499,Get Home page currency,200,,Knock_out_Thread Group 1-1086,text,true,,9160,321,257,257,https://pabsa.impressicocrm.com/api/currency,499,0,0
1680594051322,2424,Get Home page currency,200,,Knock_out_Thread Group 1-1056,text,true,,9160,321,257,257,https://pabsa.impressicocrm.com/api/currency,2424,0,0
1680594051339,2407,Get Break list ,200,,Knock_out_Thread Group 1-1016,text,true,,3218,338,257,257,https://pabsa.impressicocrm.com/api/tournament/119922/players,2407,0,0
1680594053352,399,Home page ,200,OK,Knock_out_Thread Group 1-1144,text,true,,3033,309,257,257,https://pabsa.impressicocrm.com/,399,0,320
1680594051235,2517,Get Players schedule,200,,Knock_out_Thread Group 1-971,text,true,,5441,338,258,258,https://pabsa.impressicocrm.com/api/tournament/119922/matches,2517,0,0
1680594051144,2610,Get Home page currency,200,,Knock_out_Thread Group 1-1045,text,true,,9160,321,258,258,https://pabsa.impressicocrm.com/api/currency,2610,0,0
1680594051954,1807,Home page ,200,OK,Knock_out_Thread Group 1-1130,text,true,,3033,309,258,258,https://pabsa.impressicocrm.com/,1807,0,1669
1680594051135,2631,Get tournament result,200,,Knock_out_Thread Group 1-920,text,true,,5441,338,258,258,https://pabsa.impressicocrm.com/api/tournament/119922/matches,2631,0,0
1680594051431,2349,Get Players list ,200,,Knock_out_Thread Group 1-996,text,true,,3218,338,258,258,https://pabsa.impressicocrm.com/api/tournament/119922/players,2349,0,0
1680594051314,2470,Get Home page country ,200,,Knock_out_Thread Group 1-1120,text,true,,17270,320,258,258,https://pabsa.impressicocrm.com/api/country,2470,0,0
1680594047666,6124,Get tournamnent list ,200,,Knock_out_Thread Group 1-1055,text,true,,58880,389,258,258,https://pabsa.impressicocrm.com/api/tournament?limit=12&pageNumber=1&sportType=&tournamentName=&tournamentStyle=,3149,0,0
1680594051386,2433,Get Home page currency,200,,Knock_out_Thread Group 1-1048,text,true,,9160,321,258,258,https://pabsa.impressicocrm.com/api/currency,2433,0,0
1680594051157,2673,Get Home page country ,200,,Knock_out_Thread Group 1-1118,text,true,,17270,320,258,258,https://pabsa.impressicocrm.com/api/country,2673,0,0
1680594051126,2710,Get Players schedule,200,,Knock_out_Thread Group 1-951,text,true,,5441,338,258,258,https://pabsa.impressicocrm.com/api/tournament/119922/matches,2710,0,0
1680594051562,2293,Get Break list ,200,,Knock_out_Thread Group 1-1012,text,true,,3218,338,259,259,https://pabsa.impressicocrm.com/api/tournament/119922/players,2293,0,0
1680594051576,2283,Get single knockout Player details,200,,Knock_out_Thread Group 1-942,text,true,,1210,326,259,259,https://pabsa.impressicocrm.com/api/player/110368,2283,0,0
1680594051204,2656,Get tournament result,200,,Knock_out_Thread Group 1-890,text,true,,5435,338,259,259,https://pabsa.impressicocrm.com/api/tournament/119922/matches,2656,0,0
1680594051557,2317,Get Players list ,200,,Knock_out_Thread Group 1-1033,text,true,,3218,338,259,259,https://pabsa.impressicocrm.com/api/tournament/119922/players,2317,0,0
1680594051247,2636,Get Break list ,200,,Knock_out_Thread Group 1-997,text,true,,3218,338,259,259,https://pabsa.impressicocrm.com/api/tournament/119922/players,2636,0,0
1680594049643,4241,Get tournamnent list ,200,,Knock_out_Thread Group 1-1077,text,true,,58880,389,259,259,https://pabsa.impressicocrm.com/api/tournament?limit=12&pageNumber=1&sportType=&tournamentName=&tournamentStyle=,2605,0,0
1680594051566,2318,Get knockout players list ,200,,Knock_out_Thread Group 1-937,text,true,,4598,340,259,259,https://pabsa.impressicocrm.com/api/tournament/118871/knockouts,2318,0,0
1680594051356,2539,Get Break list ,200,,Knock_out_Thread Group 1-1004,text,true,,3218,338,259,259,https://pabsa.impressicocrm.com/api/tournament/119922/players,2539,0,0
1680594051529,2371,Get Break list ,200,,Knock_out_Thread Group 1-1006,text,true,,3218,338,259,259,https://pabsa.impressicocrm.com/api/tournament/119922/players,2371,0,0
1680594051260,2640,Get Home page currency,200,,Knock_out_Thread Group 1-1061,text,true,,9160,321,259,259,https://pabsa.impressicocrm.com/api/currency,2640,0,0
1680594053253,652,Home page ,200,OK,Knock_out_Thread Group 1-1143,text,true,,3033,309,259,259,https://pabsa.impressicocrm.com/,651,0,578
1680594051131,2784,Get Players list ,200,,Knock_out_Thread Group 1-974,text,true,,3218,338,259,259,https://pabsa.impressicocrm.com/api/tournament/119922/players,2784,0,0
1680594051283,2665,Get Players schedule,200,,Knock_out_Thread Group 1-962,text,true,,5435,338,259,259,https://pabsa.impressicocrm.com/api/tournament/119922/matches,2665,0,0
1680594051329,2644,Get Home page currency,200,,Knock_out_Thread Group 1-1057,text,true,,9160,321,260,260,https://pabsa.impressicocrm.com/api/currency,2644,0,0
1680594051573,2400,Get knockout players list ,200,,Knock_out_Thread Group 1-936,text,true,,4598,340,260,260,https://pabsa.impressicocrm.com/api/tournament/118871/knockouts,2400,0,0
1680594051498,2499,Get Home page country ,200,,Knock_out_Thread Group 1-1121,text,true,,17270,320,260,260,https://pabsa.impressicocrm.com/api/country,2497,0,0
1680594050250,3760,Get tournamnent list ,200,,Knock_out_Thread Group 1-1089,text,true,,58880,389,260,260,https://pabsa.impressicocrm.com/api/tournament?limit=12&pageNumber=1&sportType=&tournamentName=&tournamentStyle=,2647,0,0
1680594051267,2774,Get tournament result,200,,Knock_out_Thread Group 1-919,text,true,,5441,338,260,260,https://pabsa.impressicocrm.com/api/tournament/119922/matches,2774,0,0
1680594051167,2879,Get Home page currency,200,,Knock_out_Thread Group 1-1032,text,true,,9160,321,260,260,https://pabsa.impressicocrm.com/api/currency,2879,0,0
1680594053652,402,Home page ,200,OK,Knock_out_Thread Group 1-1147,text,true,,3033,309,261,261,https://pabsa.impressicocrm.com/,402,0,231
1680594051421,2637,Get Players schedule,200,,Knock_out_Thread Group 1-991,text,true,,5441,338,261,261,https://pabsa.impressicocrm.com/api/tournament/119922/matches,2637,0,0
1680594051110,2948,Get tournament result,200,,Knock_out_Thread Group 1-917,text,true,,5441,338,261,261,https://pabsa.impressicocrm.com/api/tournament/119922/matches,2948,0,0
1680594051590,2480,Get Break list ,200,,Knock_out_Thread Group 1-977,text,true,,3218,338,261,261,https://pabsa.impressicocrm.com/api/tournament/119922/players,2480,0,0
1680594051135,2942,Get Players schedule,200,,Knock_out_Thread Group 1-968,text,true,,5435,338,261,261,https://pabsa.impressicocrm.com/api/tournament/119922/matches,2942,0,0
1680594051590,2487,Get Players list ,200,,Knock_out_Thread Group 1-1037,text,true,,3218,338,261,261,https://pabsa.impressicocrm.com/api/tournament/119922/players,2487,0,0
1680594051260,2832,Get Home page country ,200,,Knock_out_Thread Group 1-1119,text,true,,17270,320,261,261,https://pabsa.impressicocrm.com/api/country,2832,0,0
1680594053452,661,Home page ,200,OK,Knock_out_Thread Group 1-1145,text,true,,3033,309,261,261,https://pabsa.impressicocrm.com/,661,0,592
1680594049398,4717,Get tournamnent list ,200,,Knock_out_Thread Group 1-1076,text,true,,58880,389,261,261,https://pabsa.impressicocrm.com/api/tournament?limit=12&pageNumber=1&sportType=&tournamentName=&tournamentStyle=,2975,0,0
1680594053752,370,Home page ,200,OK,Knock_out_Thread Group 1-1148,text,true,,3033,309,261,261,https://pabsa.impressicocrm.com/,370,0,306
1680594051562,2569,Get Players schedule,200,,Knock_out_Thread Group 1-970,text,true,,5441,338,261,261,https://pabsa.impressicocrm.com/api/tournament/119922/matches,2569,0,0
1680594051610,2523,Get Players list ,200,,Knock_out_Thread Group 1-1039,text,true,,3218,338,261,261,https://pabsa.impressicocrm.com/api/tournament/119922/players,2523,0,0
1680594051660,2490,Get Break list ,200,,Knock_out_Thread Group 1-1008,text,true,,3218,338,261,261,https://pabsa.impressicocrm.com/api/tournament/119922/players,2490,0,0
1680594051019,3145,Get tournamnent list ,200,,Knock_out_Thread Group 1-1094,text,true,,58880,389,262,262,https://pabsa.impressicocrm.com/api/tournament?limit=12&pageNumber=1&sportType=&tournamentName=&tournamentStyle=,2582,0,0
1680594052922,1261,Get tournamnent list ,200,,Knock_out_Thread Group 1-1133,text,true,,58880,389,262,262,https://pabsa.impressicocrm.com/api/tournament?limit=12&pageNumber=1&sportType=&tournamentName=&tournamentStyle=,746,0,0
1680594053052,1133,Home page ,200,OK,Knock_out_Thread Group 1-1141,text,true,,3033,309,262,262,https://pabsa.impressicocrm.com/,1133,0,562
1680594051485,2717,Get Home page currency,200,,Knock_out_Thread Group 1-1035,text,true,,9160,321,262,262,https://pabsa.impressicocrm.com/api/currency,2717,0,0
1680594053552,650,Home page ,200,OK,Knock_out_Thread Group 1-1146,text,true,,3033,309,262,262,https://pabsa.impressicocrm.com/,650,0,212
1680594051582,2633,Get Break list ,200,,Knock_out_Thread Group 1-1002,text,true,,3218,338,262,262,https://pabsa.impressicocrm.com/api/tournament/119922/players,2633,0,0
1680594051739,2482,Get knockout players list ,200,,Knock_out_Thread Group 1-922,text,true,,4598,340,262,262,https://pabsa.impressicocrm.com/api/tournament/118871/knockouts,2482,0,0
1680594051283,2954,Get Home page currency,200,,Knock_out_Thread Group 1-1060,text,true,,9160,321,262,262,https://pabsa.impressicocrm.com/api/currency,2954,0,0
1680594051672,2565,Get Home page country ,200,,Knock_out_Thread Group 1-1124,text,true,,17270,320,262,262,https://pabsa.impressicocrm.com/api/country,2565,0,0
1680594051778,2476,Get Players list ,200,,Knock_out_Thread Group 1-972,text,true,,3218,338,263,263,https://pabsa.impressicocrm.com/api/tournament/119922/players,2476,0,0
1680594051850,2413,Get Home page currency,200,,Knock_out_Thread Group 1-1068,text,true,,9160,321,263,263,https://pabsa.impressicocrm.com/api/currency,2413,0,0
1680594051876,2387,Get playerA_Vs_playerB,200,,Knock_out_Thread Group 1-915,text,true,,1239,341,263,263,https://pabsa.impressicocrm.com/api/tournament/matchScore/147598,2387,0,0
1680594051663,2604,Get tournament result,200,,Knock_out_Thread Group 1-923,text,true,,5441,338,262,262,https://pabsa.impressicocrm.com/api/tournament/119922/matches,2604,0,0
1680594051778,2503,Get Home page currency,200,,Knock_out_Thread Group 1-1050,text,true,,9160,321,262,262,https://pabsa.impressicocrm.com/api/currency,2503,0,0
1680594049065,5216,Get tournamnent list ,200,,Knock_out_Thread Group 1-1047,text,true,,58880,389,262,262,https://pabsa.impressicocrm.com/api/tournament?limit=12&pageNumber=1&sportType=&tournamentName=&tournamentStyle=,2778,0,0
1680594051446,2853,Get Home page currency,200,,Knock_out_Thread Group 1-948,text,true,,9160,321,262,262,https://pabsa.impressicocrm.com/api/currency,2853,0,0
1680594050568,3739,Get tournamnent list ,200,,Knock_out_Thread Group 1-1078,text,true,,58865,389,262,262,https://pabsa.impressicocrm.com/api/tournament?limit=12&pageNumber=1&sportType=&tournamentName=&tournamentStyle=,3104,0,0
1680594050997,3312,Get tournamnent list ,200,,Knock_out_Thread Group 1-1095,text,true,,58880,389,262,262,https://pabsa.impressicocrm.com/api/tournament?limit=12&pageNumber=1&sportType=&tournamentName=&tournamentStyle=,2623,0,0
1680594054054,290,Home page ,200,OK,Knock_out_Thread Group 1-1151,text,true,,3033,309,262,262,https://pabsa.impressicocrm.com/,290,0,221
1680594051645,2705,Get Home page country ,200,,Knock_out_Thread Group 1-1106,text,true,,17270,320,262,262,https://pabsa.impressicocrm.com/api/country,2674,0,0
1680594051279,3072,Get Break list ,200,,Knock_out_Thread Group 1-988,text,true,,3218,338,262,262,https://pabsa.impressicocrm.com/api/tournament/119922/players,3072,0,0
1680594051800,2559,Get Home page country ,200,,Knock_out_Thread Group 1-1122,text,true,,17270,320,263,263,https://pabsa.impressicocrm.com/api/country,2559,0,0
1680594051900,2470,Get Break list ,200,,Knock_out_Thread Group 1-1005,text,true,,3218,338,263,263,https://pabsa.impressicocrm.com/api/tournament/119922/players,2470,0,0
1680594051884,2489,Get tournament result,200,,Knock_out_Thread Group 1-910,text,true,,5441,338,263,263,https://pabsa.impressicocrm.com/api/tournament/119922/matches,2489,0,0
1680594051553,2826,Get tournamnent list ,200,,Knock_out_Thread Group 1-1099,text,true,,58865,389,263,263,https://pabsa.impressicocrm.com/api/tournament?limit=12&pageNumber=1&sportType=&tournamentName=&tournamentStyle=,2514,0,0
1680594051536,2857,Get Break list ,200,,Knock_out_Thread Group 1-1021,text,true,,3218,338,263,263,https://pabsa.impressicocrm.com/api/tournament/119922/players,2857,0,0
1680594051876,2524,Get Break list ,200,,Knock_out_Thread Group 1-946,text,true,,3218,338,263,263,https://pabsa.impressicocrm.com/api/tournament/119922/players,2524,0,0
1680594051624,2781,Get Home page currency,200,,Knock_out_Thread Group 1-1070,text,true,,9160,321,263,263,https://pabsa.impressicocrm.com/api/currency,2781,0,0
1680594049580,4838,Get tournamnent list ,200,,Knock_out_Thread Group 1-1073,text,true,,58888,389,263,263,https://pabsa.impressicocrm.com/api/tournament?limit=12&pageNumber=1&sportType=&tournamentName=&tournamentStyle=,2574,0,0
1680594051515,2908,Get Home page country ,200,,Knock_out_Thread Group 1-1112,text,true,,17270,320,263,263,https://pabsa.impressicocrm.com/api/country,2906,0,0
1680594051629,2796,Get Home page currency,200,,Knock_out_Thread Group 1-1064,text,true,,9160,321,263,263,https://pabsa.impressicocrm.com/api/currency,2796,0,0
1680594054152,293,Home page ,200,OK,Knock_out_Thread Group 1-1152,text,true,,3033,309,263,263,https://pabsa.impressicocrm.com/,292,0,221
1680594051783,2679,Get Players schedule,200,,Knock_out_Thread Group 1-999,text,true,,5441,338,264,264,https://pabsa.impressicocrm.com/api/tournament/119922/matches,2679,0,0
1680594050629,3849,Get tournamnent list ,200,,Knock_out_Thread Group 1-1082,text,true,,58888,389,264,264,https://pabsa.impressicocrm.com/api/tournament?limit=12&pageNumber=1&sportType=&tournamentName=&tournamentStyle=,2892,0,0
1680594050648,3846,Get tournamnent list ,200,,Knock_out_Thread Group 1-1091,text,true,,58880,389,264,264,https://pabsa.impressicocrm.com/api/tournament?limit=12&pageNumber=1&sportType=&tournamentName=&tournamentStyle=,2664,0,0
1680594051557,2942,Get Players schedule,200,,Knock_out_Thread Group 1-944,text,true,,5441,338,264,264,https://pabsa.impressicocrm.com/api/tournament/119922/matches,2942,0,0
1680594051932,2567,Get playerA_Vs_playerB,200,,Knock_out_Thread Group 1-836,text,true,,1239,341,264,264,https://pabsa.impressicocrm.com/api/tournament/matchScore/147598,2567,0,0
1680594051817,2704,Get Players schedule,200,,Knock_out_Thread Group 1-981,text,true,,5441,338,263,263,https://pabsa.impressicocrm.com/api/tournament/119922/matches,2704,0,0
1680594051647,2882,Get Home page currency,200,,Knock_out_Thread Group 1-1069,text,true,,9160,321,263,263,https://pabsa.impressicocrm.com/api/currency,2882,0,0
1680594051907,2629,Get Break list ,200,,Knock_out_Thread Group 1-1001,text,true,,3218,338,263,263,https://pabsa.impressicocrm.com/api/tournament/119922/players,2629,0,0
1680594051971,2576,Get Players list ,200,,Knock_out_Thread Group 1-1030,text,true,,3218,338,263,263,https://pabsa.impressicocrm.com/api/tournament/119922/players,2576,0,0
1680594051915,2648,Get tournament result,200,,Knock_out_Thread Group 1-913,text,true,,5441,338,264,264,https://pabsa.impressicocrm.com/api/tournament/119922/matches,2648,0,0
1680594051856,2738,Get Home page currency,200,,Knock_out_Thread Group 1-1051,text,true,,9160,321,264,264,https://pabsa.impressicocrm.com/api/currency,2738,0,0
1680594051736,2862,Get Break list ,200,,Knock_out_Thread Group 1-949,text,true,,3218,338,264,264,https://pabsa.impressicocrm.com/api/tournament/119922/players,2862,0,0
1680594054253,345,Home page ,200,OK,Knock_out_Thread Group 1-1153,text,true,,3033,309,264,264,https://pabsa.impressicocrm.com/,345,0,246
1680594051737,2866,Get Players schedule,200,,Knock_out_Thread Group 1-1011,text,true,,5441,338,264,264,https://pabsa.impressicocrm.com/api/tournament/119922/matches,2866,0,0
1680594051995,2608,Get Home page country ,200,,Knock_out_Thread Group 1-1125,text,true,,17270,320,264,264,https://pabsa.impressicocrm.com/api/country,2608,0,0
1680594050457,4146,Get tournamnent list ,200,,Knock_out_Thread Group 1-929,text,true,,58880,389,264,264,https://pabsa.impressicocrm.com/api/tournament?limit=12&pageNumber=1&sportType=&tournamentName=&tournamentStyle=,2606,0,0
1680594051772,2843,Get tournament result,200,,Knock_out_Thread Group 1-887,text,true,,5441,338,264,264,https://pabsa.impressicocrm.com/api/tournament/119922/matches,2843,0,0
1680594043328,11296,Get Home page country ,200,,Knock_out_Thread Group 1-1031,text,true,,17270,320,264,264,https://pabsa.impressicocrm.com/api/country,11296,0,0
1680594051991,2636,Get playerA_Vs_playerB,200,,Knock_out_Thread Group 1-866,text,true,,1239,341,264,264,https://pabsa.impressicocrm.com/api/tournament/matchScore/147598,2636,0,0
1680594051814,2813,Get Home page currency,200,,Knock_out_Thread Group 1-1034,text,true,,9153,321,264,264,https://pabsa.impressicocrm.com/api/currency,2813,0,0
1680594052553,2088,Home page ,200,OK,Knock_out_Thread Group 1-1136,text,true,,3033,309,263,263,https://pabsa.impressicocrm.com/,2087,0,1919
1680594053954,688,Home page ,200,OK,Knock_out_Thread Group 1-1150,text,true,,3033,309,263,263,https://pabsa.impressicocrm.com/,688,0,585
1680594051560,3089,Get Home page country ,200,,Knock_out_Thread Group 1-1115,text,true,,17270,320,263,263,https://pabsa.impressicocrm.com/api/country,3089,0,0
1680594051985,2702,Get Break list ,200,,Knock_out_Thread Group 1-1026,text,true,,3218,338,264,264,https://pabsa.impressicocrm.com/api/tournament/119922/players,2702,0,0
1680594051655,3038,Get Break list ,200,,Knock_out_Thread Group 1-965,text,true,,3218,338,264,264,https://pabsa.impressicocrm.com/api/tournament/119922/players,3038,0,0
1680594052015,2689,Get Home page country ,200,,Knock_out_Thread Group 1-1127,text,true,,17270,320,264,264,https://pabsa.impressicocrm.com/api/country,2689,0,0
1680594051915,2807,Get Players schedule,200,,Knock_out_Thread Group 1-1007,text,true,,5441,338,264,264,https://pabsa.impressicocrm.com/api/tournament/119922/matches,2807,0,0
1680594051983,2743,Get Home page currency,200,,Knock_out_Thread Group 1-1053,text,true,,9160,321,264,264,https://pabsa.impressicocrm.com/api/currency,2743,0,0
1680594051884,2848,Get Players schedule,200,,Knock_out_Thread Group 1-950,text,true,,5441,338,264,264,https://pabsa.impressicocrm.com/api/tournament/119922/matches,2848,0,0
1680594051964,2787,Get Players schedule,200,,Knock_out_Thread Group 1-992,text,true,,5435,338,264,264,https://pabsa.impressicocrm.com/api/tournament/119922/matches,2787,0,0
1680594051922,2854,Get Break list ,200,,Knock_out_Thread Group 1-976,text,true,,3218,338,265,265,https://pabsa.impressicocrm.com/api/tournament/119922/players,2854,0,0
1680594051985,2838,Get Home page currency,200,,Knock_out_Thread Group 1-1062,text,true,,9160,321,265,265,https://pabsa.impressicocrm.com/api/currency,2838,0,0
1680594050654,4197,Get tournamnent list ,200,,Knock_out_Thread Group 1-1092,text,true,,58880,389,265,265,https://pabsa.impressicocrm.com/api/tournament?limit=12&pageNumber=1&sportType=&tournamentName=&tournamentStyle=,2715,0,0
1680594051995,2856,Get tournament result,200,,Knock_out_Thread Group 1-905,text,true,,5441,338,265,265,https://pabsa.impressicocrm.com/api/tournament/119922/matches,2856,0,0
1680594050050,4811,Get Players list ,200,,Knock_out_Thread Group 1-945,text,true,,3218,338,266,266,https://pabsa.impressicocrm.com/api/tournament/119922/players,4811,0,0
1680594052093,2771,Get single knockout Player details,200,,Knock_out_Thread Group 1-916,text,true,,1210,326,266,266,https://pabsa.impressicocrm.com/api/player/110368,2771,0,0
1680594053853,1011,Home page ,200,OK,Knock_out_Thread Group 1-1149,text,true,,3033,309,266,266,https://pabsa.impressicocrm.com/,1011,0,873
1680594052052,2819,Get playerA_Vs_playerB,200,,Knock_out_Thread Group 1-928,text,true,,1239,341,266,266,https://pabsa.impressicocrm.com/api/tournament/matchScore/147598,2819,0,0
1680594051961,2917,Get Players schedule,200,,Knock_out_Thread Group 1-987,text,true,,5441,338,265,265,https://pabsa.impressicocrm.com/api/tournament/119922/matches,2917,0,0
1680594051484,3443,Get tournamnent list ,200,,Knock_out_Thread Group 1-1098,text,true,,58888,389,265,265,https://pabsa.impressicocrm.com/api/tournament?limit=12&pageNumber=1&sportType=&tournamentName=&tournamentStyle=,2704,0,0
1680594054652,285,Home page ,200,OK,Knock_out_Thread Group 1-1157,text,true,,3033,309,265,265,https://pabsa.impressicocrm.com/,285,0,209
1680594051791,3149,Get Home page currency,200,,Knock_out_Thread Group 1-1040,text,true,,9153,321,265,265,https://pabsa.impressicocrm.com/api/currency,3149,0,0
1680594052073,2878,Get Break list ,200,,Knock_out_Thread Group 1-1022,text,true,,3218,338,265,265,https://pabsa.impressicocrm.com/api/tournament/119922/players,2878,0,0
1680594052007,2949,Get Players schedule,200,,Knock_out_Thread Group 1-961,text,true,,5441,338,266,266,https://pabsa.impressicocrm.com/api/tournament/119922/matches,2949,0,0
1680594052142,2814,Get Break list ,200,,Knock_out_Thread Group 1-1020,text,true,,3218,338,266,266,https://pabsa.impressicocrm.com/api/tournament/119922/players,2814,0,0
1680594050454,4506,Get tournamnent list ,200,,Knock_out_Thread Group 1-1090,text,true,,58880,389,266,266,https://pabsa.impressicocrm.com/api/tournament?limit=12&pageNumber=1&sportType=&tournamentName=&tournamentStyle=,3567,0,0
1680594052165,2836,Get knockout players list ,200,,Knock_out_Thread Group 1-973,text,true,,4598,340,266,266,https://pabsa.impressicocrm.com/api/tournament/118871/knockouts,2836,0,0
1680594052100,2936,Get Home page currency,200,,Knock_out_Thread Group 1-1072,text,true,,9160,321,266,266,https://pabsa.impressicocrm.com/api/currency,2936,0,0
1680594052153,2883,Get playerA_Vs_playerB,200,,Knock_out_Thread Group 1-876,text,true,,1239,341,266,266,https://pabsa.impressicocrm.com/api/tournament/matchScore/147598,2883,0,0
1680594051227,3809,Get tournamnent list ,200,,Knock_out_Thread Group 1-1079,text,true,,58880,389,266,266,https://pabsa.impressicocrm.com/api/tournament?limit=12&pageNumber=1&sportType=&tournamentName=&tournamentStyle=,3208,0,0
1680594052025,3028,Get Players schedule,200,,Knock_out_Thread Group 1-979,text,true,,5441,338,266,266,https://pabsa.impressicocrm.com/api/tournament/119922/matches,3028,0,0
1680594052172,2911,Get Home page country ,200,,Knock_out_Thread Group 1-1116,text,true,,17270,320,266,266,https://pabsa.impressicocrm.com/api/country,2908,0,0
1680594052182,2903,Get playerA_Vs_playerB,200,,Knock_out_Thread Group 1-872,text,true,,1239,341,266,266,https://pabsa.impressicocrm.com/api/tournament/matchScore/147598,2903,0,0
1680594054452,640,Home page ,200,OK,Knock_out_Thread Group 1-1155,text,true,,3033,309,265,265,https://pabsa.impressicocrm.com/,640,0,552
1680594054752,366,Home page ,200,OK,Knock_out_Thread Group 1-1158,text,true,,3033,309,265,265,https://pabsa.impressicocrm.com/,366,0,291
1680594052222,2900,Get playerA_Vs_playerB,200,,Knock_out_Thread Group 1-909,text,true,,1239,341,265,265,https://pabsa.impressicocrm.com/api/tournament/matchScore/147598,2900,0,0
1680594052030,3112,Get tournament result,200,,Knock_out_Thread Group 1-918,text,true,,5435,338,264,264,https://pabsa.impressicocrm.com/api/tournament/119922/matches,3112,0,0
1680594052148,3012,Get Home page currency,200,,Knock_out_Thread Group 1-1074,text,true,,9160,321,265,265,https://pabsa.impressicocrm.com/api/currency,3012,0,0
1680594052088,3077,Get Home page country ,200,,Knock_out_Thread Group 1-1114,text,true,,17270,320,265,265,https://pabsa.impressicocrm.com/api/country,3077,0,0
1680594052083,3091,Get tournament result,200,,Knock_out_Thread Group 1-931,text,true,,5435,338,265,265,https://pabsa.impressicocrm.com/api/tournament/119922/matches,3091,0,0
1680594051873,3353,Get tournamnent list ,200,,Knock_out_Thread Group 1-1101,text,true,,58880,389,265,265,https://pabsa.impressicocrm.com/api/tournament?limit=12&pageNumber=1&sportType=&tournamentName=&tournamentStyle=,2787,0,0
1680594052120,3117,Get Break list ,200,,Knock_out_Thread Group 1-954,text,true,,3218,338,265,265,https://pabsa.impressicocrm.com/api/tournament/119922/players,3117,0,0
1680594052158,3079,Get Home page currency,200,,Knock_out_Thread Group 1-1041,text,true,,9160,321,265,265,https://pabsa.impressicocrm.com/api/currency,3079,0,0
1680594052031,3207,Get Home page country ,200,,Knock_out_Thread Group 1-1123,text,true,,17270,320,265,265,https://pabsa.impressicocrm.com/api/country,2820,0,0
1680594052405,2836,Get knockout players list ,200,,Knock_out_Thread Group 1-927,text,true,,4598,340,265,265,https://pabsa.impressicocrm.com/api/tournament/118871/knockouts,2836,0,0
1680594054953,291,Home page ,200,OK,Knock_out_Thread Group 1-1160,text,true,,3033,309,265,265,https://pabsa.impressicocrm.com/,291,0,231
1680594052048,3199,Get Players schedule,200,,Knock_out_Thread Group 1-985,text,true,,5441,338,265,265,https://pabsa.impressicocrm.com/api/tournament/119922/matches,3199,0,0
1680594052158,3100,Get Players list ,200,,Knock_out_Thread Group 1-1028,text,true,,3218,338,266,266,https://pabsa.impressicocrm.com/api/tournament/119922/players,3100,0,0
1680594051873,3392,Get Home page country ,200,,Knock_out_Thread Group 1-1126,text,true,,17270,320,266,266,https://pabsa.impressicocrm.com/api/country,3025,0,0
1680594052436,2886,Get playerA_Vs_playerB,200,,Knock_out_Thread Group 1-939,text,true,,1239,341,266,266,https://pabsa.impressicocrm.com/api/tournament/matchScore/147598,2886,0,0
1680594050654,4668,Get tournamnent list ,200,,Knock_out_Thread Group 1-1084,text,true,,58880,389,266,266,https://pabsa.impressicocrm.com/api/tournament?limit=12&pageNumber=1&sportType=&tournamentName=&tournamentStyle=,3487,0,0
1680594052222,3104,Get Players schedule,200,,Knock_out_Thread Group 1-953,text,true,,5441,338,265,265,https://pabsa.impressicocrm.com/api/tournament/119922/matches,3104,0,0
1680594052201,3125,Get Home page currency,200,,Knock_out_Thread Group 1-1075,text,true,,9160,321,265,265,https://pabsa.impressicocrm.com/api/currency,3125,0,0
1680594052470,2856,Get Players list ,200,,Knock_out_Thread Group 1-1052,text,true,,3218,338,265,265,https://pabsa.impressicocrm.com/api/tournament/119922/players,2856,0,0
1680594052453,2890,Get Home page country ,200,,Knock_out_Thread Group 1-1132,text,true,,17270,320,265,265,https://pabsa.impressicocrm.com/api/country,2890,0,0
1680594050568,4776,Get playerA_Vs_playerB,200,,Knock_out_Thread Group 1-895,text,true,,1239,341,265,265,https://pabsa.impressicocrm.com/api/tournament/matchScore/147598,4776,0,0
1680594052329,3015,Get tournament result,200,,Knock_out_Thread Group 1-933,text,true,,5441,338,265,265,https://pabsa.impressicocrm.com/api/tournament/119922/matches,3015,0,0
1680594052603,2777,Get playerA_Vs_playerB,200,,Knock_out_Thread Group 1-921,text,true,,1239,341,265,265,https://pabsa.impressicocrm.com/api/tournament/matchScore/147598,2777,0,0
1680594052039,3341,Get tournamnent list ,200,,Knock_out_Thread Group 1-1105,text,true,,58880,389,265,265,https://pabsa.impressicocrm.com/api/tournament?limit=12&pageNumber=1&sportType=&tournamentName=&tournamentStyle=,2992,0,0
1680594052192,3205,Get Players schedule,200,,Knock_out_Thread Group 1-958,text,true,,5441,338,264,264,https://pabsa.impressicocrm.com/api/tournament/119922/matches,3205,0,0
1680594052147,3252,Get tournament result,200,,Knock_out_Thread Group 1-912,text,true,,5435,338,264,264,https://pabsa.impressicocrm.com/api/tournament/119922/matches,3252,0,0
1680594052027,3383,Get Players schedule,200,,Knock_out_Thread Group 1-1010,text,true,,5441,338,264,264,https://pabsa.impressicocrm.com/api/tournament/119922/matches,3382,0,0
1680594052568,2849,Get Break list ,200,,Knock_out_Thread Group 1-956,text,true,,3218,338,264,264,https://pabsa.impressicocrm.com/api/tournament/119922/players,2849,0,0
1680594052679,2746,Get playerA_Vs_playerB,200,,Knock_out_Thread Group 1-900,text,true,,1239,341,264,264,https://pabsa.impressicocrm.com/api/tournament/matchScore/147598,2746,0,0
1680594052382,3046,Get Break list ,200,,Knock_out_Thread Group 1-1018,text,true,,3218,338,263,263,https://pabsa.impressicocrm.com/api/tournament/119922/players,3046,0,0
1680594052523,2916,Get Break list ,200,,Knock_out_Thread Group 1-957,text,true,,3218,338,263,263,https://pabsa.impressicocrm.com/api/tournament/119922/players,2916,0,0
1680594051582,3880,Get tournamnent list ,200,,Knock_out_Thread Group 1-1100,text,true,,58880,389,264,264,https://pabsa.impressicocrm.com/api/tournament?limit=12&pageNumber=1&sportType=&tournamentName=&tournamentStyle=,2829,0,0
1680594052620,2842,Get Players list ,200,,Knock_out_Thread Group 1-1054,text,true,,3218,338,264,264,https://pabsa.impressicocrm.com/api/tournament/119922/players,2842,0,0
1680594052598,2866,Get playerA_Vs_playerB,200,,Knock_out_Thread Group 1-924,text,true,,1239,341,264,264,https://pabsa.impressicocrm.com/api/tournament/matchScore/147598,2866,0,0
1680594052001,3476,Get tournamnent list ,200,,Knock_out_Thread Group 1-1102,text,true,,58880,389,263,263,https://pabsa.impressicocrm.com/api/tournament?limit=12&pageNumber=1&sportType=&tournamentName=&tournamentStyle=,2942,0,0
1680594052819,2667,Get knockout players list ,200,,Knock_out_Thread Group 1-932,text,true,,4598,340,263,263,https://pabsa.impressicocrm.com/api/tournament/118871/knockouts,2667,0,0
1680594052376,3141,Get playerA_Vs_playerB,200,,Knock_out_Thread Group 1-896,text,true,,1239,341,263,263,https://pabsa.impressicocrm.com/api/tournament/matchScore/147598,3141,0,0
1680594051707,3810,Get tournamnent list ,200,,Knock_out_Thread Group 1-1096,text,true,,58888,389,263,263,https://pabsa.impressicocrm.com/api/tournament?limit=12&pageNumber=1&sportType=&tournamentName=&tournamentStyle=,2896,0,0
1680594050591,4926,Get Players list ,200,,Knock_out_Thread Group 1-1025,text,true,,3218,338,263,263,https://pabsa.impressicocrm.com/api/tournament/119922/players,4926,0,0
1680594051568,3977,Get tournamnent list ,200,,Knock_out_Thread Group 1-1085,text,true,,58888,389,262,262,https://pabsa.impressicocrm.com/api/tournament?limit=12&pageNumber=1&sportType=&tournamentName=&tournamentStyle=,2675,0,0
1680594052900,2662,Get playerA_Vs_playerB,200,,Knock_out_Thread Group 1-906,text,true,,1239,341,263,263,https://pabsa.impressicocrm.com/api/tournament/matchScore/147598,2662,0,0
1680594052169,3397,Get Players schedule,200,,Knock_out_Thread Group 1-975,text,true,,5441,338,262,262,https://pabsa.impressicocrm.com/api/tournament/119922/matches,3397,0,0
1680594052605,2966,Get Home page country ,200,,Knock_out_Thread Group 1-1131,text,true,,17270,320,262,262,https://pabsa.impressicocrm.com/api/country,2952,0,0
1680594055052,520,Home page ,200,OK,Knock_out_Thread Group 1-1161,text,true,,3033,309,262,262,https://pabsa.impressicocrm.com/,520,0,456
1680594052686,2893,Get Home page currency,200,,Knock_out_Thread Group 1-1081,text,true,,9160,321,262,262,https://pabsa.impressicocrm.com/api/currency,2893,0,0
1680594052222,3360,Get tournament result,200,,Knock_out_Thread Group 1-940,text,true,,5441,338,262,262,https://pabsa.impressicocrm.com/api/tournament/119922/matches,3360,0,0
1680594052726,2892,Get Home page currency,200,,Knock_out_Thread Group 1-1024,text,true,,9160,321,262,262,https://pabsa.impressicocrm.com/api/currency,2892,0,0
1680594052806,2812,Get knockout players list ,200,,Knock_out_Thread Group 1-967,text,true,,4591,340,262,262,https://pabsa.impressicocrm.com/api/tournament/118871/knockouts,2812,0,0
1680594052886,2739,Get playerA_Vs_playerB,200,,Knock_out_Thread Group 1-914,text,true,,1239,341,262,262,https://pabsa.impressicocrm.com/api/tournament/matchScore/147598,2739,0,0
1680594052703,2922,Get Break list ,200,,Knock_out_Thread Group 1-1013,text,true,,3218,338,262,262,https://pabsa.impressicocrm.com/api/tournament/119922/players,2922,0,0
1680594052925,2706,Get playerA_Vs_playerB,200,,Knock_out_Thread Group 1-908,text,true,,1239,341,261,261,https://pabsa.impressicocrm.com/api/tournament/matchScore/147598,2706,0,0
1680594052522,3109,Get Home page currency,200,,Knock_out_Thread Group 1-1066,text,true,,9153,321,261,261,https://pabsa.impressicocrm.com/api/currency,3109,0,0
1680594051984,3648,Get tournamnent list ,200,,Knock_out_Thread Group 1-1103,text,true,,58880,389,261,260,https://pabsa.impressicocrm.com/api/tournament?limit=12&pageNumber=1&sportType=&tournamentName=&tournamentStyle=,2808,0,0
1680594052803,2843,Get Home page currency,200,,Knock_out_Thread Group 1-1080,text,true,,9153,321,260,260,https://pabsa.impressicocrm.com/api/currency,2843,0,0
1680594052147,3529,Get Players schedule,200,,Knock_out_Thread Group 1-943,text,true,,5441,338,261,261,https://pabsa.impressicocrm.com/api/tournament/119922/matches,3529,0,0
1680594051086,4595,Get playerA_Vs_playerB,200,,Knock_out_Thread Group 1-888,text,true,,1239,341,261,261,https://pabsa.impressicocrm.com/api/tournament/matchScore/147598,4595,0,0
1680594052503,3182,Get Break list ,200,,Knock_out_Thread Group 1-986,text,true,,3218,338,260,260,https://pabsa.impressicocrm.com/api/tournament/119922/players,3182,0,0
1680594051159,4536,Get single knockout Player details,200,,Knock_out_Thread Group 1-902,text,true,,1210,326,260,260,https://pabsa.impressicocrm.com/api/player/110368,4536,0,0
1680594052648,3047,Get Players list ,200,,Knock_out_Thread Group 1-1036,text,true,,3218,338,260,260,https://pabsa.impressicocrm.com/api/tournament/119922/players,3047,0,0
1680594051076,4638,Get Players list ,200,,Knock_out_Thread Group 1-1038,text,true,,3218,338,260,260,https://pabsa.impressicocrm.com/api/tournament/119922/players,4638,0,0
1680594054553,1161,Home page ,200,OK,Knock_out_Thread Group 1-1156,text,true,,3033,309,260,260,https://pabsa.impressicocrm.com/,1161,0,691
1680594053266,2465,Get knockout players list ,200,,Knock_out_Thread Group 1-959,text,true,,4591,340,260,260,https://pabsa.impressicocrm.com/api/tournament/118871/knockouts,2465,0,0
1680594052546,3190,Get Players schedule,200,,Knock_out_Thread Group 1-980,text,true,,5441,338,260,260,https://pabsa.impressicocrm.com/api/tournament/119922/matches,3190,0,0
1680594052550,3192,Get Players schedule,200,,Knock_out_Thread Group 1-1014,text,true,,5435,338,260,260,https://pabsa.impressicocrm.com/api/tournament/119922/matches,3192,0,0
1680594051778,3976,Get tournamnent list ,200,,Knock_out_Thread Group 1-1029,text,true,,58888,389,261,261,https://pabsa.impressicocrm.com/api/tournament?limit=12&pageNumber=1&sportType=&tournamentName=&tournamentStyle=,2860,0,0
1680594053206,2557,Get playerA_Vs_playerB,200,,Knock_out_Thread Group 1-907,text,true,,1239,341,261,261,https://pabsa.impressicocrm.com/api/tournament/matchScore/147598,2557,0,0
1680594053301,2462,Get single knockout Player details,200,,Knock_out_Thread Group 1-934,text,true,,1210,326,261,261,https://pabsa.impressicocrm.com/api/player/110368,2462,0,0
1680594055487,285,Get single knockout Player details,200,,Knock_out_Thread Group 1-932,text,true,,1210,326,260,260,https://pabsa.impressicocrm.com/api/player/110368,285,0,0
1680594052829,2943,Get Break list ,200,,Knock_out_Thread Group 1-1000,text,true,,3218,338,260,260,https://pabsa.impressicocrm.com/api/tournament/119922/players,2943,0,0
1680594052961,2811,Get Home page country ,200,,Knock_out_Thread Group 1-1137,text,true,,17270,320,260,260,https://pabsa.impressicocrm.com/api/country,2811,0,0
1680594055252,563,Home page ,200,OK,Knock_out_Thread Group 1-1163,text,true,,3033,309,260,260,https://pabsa.impressicocrm.com/,563,0,487
1680594052355,3464,Get Home page currency,200,,Knock_out_Thread Group 1-1044,text,true,,9160,321,260,260,https://pabsa.impressicocrm.com/api/currency,3464,0,0
1680594052816,3003,Get playerA_Vs_playerB,200,,Knock_out_Thread Group 1-925,text,true,,1239,341,260,260,https://pabsa.impressicocrm.com/api/tournament/matchScore/147598,3003,0,0
1680594052688,3131,Get Players schedule,200,,Knock_out_Thread Group 1-969,text,true,,5441,338,260,260,https://pabsa.impressicocrm.com/api/tournament/119922/matches,3131,0,0
1680594053295,2534,Get playerA_Vs_playerB,200,,Knock_out_Thread Group 1-930,text,true,,1239,341,259,259,https://pabsa.impressicocrm.com/api/tournament/matchScore/147598,2534,0,0
1680594053327,2529,Get Break list ,200,,Knock_out_Thread Group 1-1017,text,true,,3218,338,259,259,https://pabsa.impressicocrm.com/api/tournament/119922/players,2529,0,0
1680594053359,2497,Get knockout players list ,200,,Knock_out_Thread Group 1-978,text,true,,4598,340,259,259,https://pabsa.impressicocrm.com/api/tournament/118871/knockouts,2497,0,0
1680594055152,704,Home page ,200,OK,Knock_out_Thread Group 1-1162,text,true,,3033,309,259,259,https://pabsa.impressicocrm.com/,704,0,624
1680594052706,3164,Get Players schedule,200,,Knock_out_Thread Group 1-994,text,true,,5441,338,259,259,https://pabsa.impressicocrm.com/api/tournament/119922/matches,3164,0,0
1680594052686,3188,Get Home page country ,200,,Knock_out_Thread Group 1-1134,text,true,,17270,320,259,259,https://pabsa.impressicocrm.com/api/country,3188,0,0
1680594055552,323,Home page ,200,OK,Knock_out_Thread Group 1-1166,text,true,,3033,309,259,259,https://pabsa.impressicocrm.com/,322,0,254
1680594053074,2810,Get Home page currency,200,,Knock_out_Thread Group 1-1088,text,true,,9153,321,259,259,https://pabsa.impressicocrm.com/api/currency,2810,0,0
1680594052925,2984,Get Players schedule,200,,Knock_out_Thread Group 1-993,text,true,,5435,338,259,259,https://pabsa.impressicocrm.com/api/tournament/119922/matches,2984,0,0
1680594053327,2618,Get Break list ,200,,Knock_out_Thread Group 1-989,text,true,,3218,338,259,259,https://pabsa.impressicocrm.com/api/tournament/119922/players,2618,0,0
1680594053338,2621,Get Players list ,200,,Knock_out_Thread Group 1-1015,text,true,,3218,338,260,260,https://pabsa.impressicocrm.com/api/tournament/119922/players,2621,0,0
1680594053290,2672,Get Home page currency,200,,Knock_out_Thread Group 1-1049,text,true,,9153,321,260,260,https://pabsa.impressicocrm.com/api/currency,2672,0,0
1680594053372,2614,Get knockout players list ,200,,Knock_out_Thread Group 1-990,text,true,,4598,340,260,260,https://pabsa.impressicocrm.com/api/tournament/118871/knockouts,2614,0,0
1680594051654,4334,Get tournamnent list ,200,,Knock_out_Thread Group 1-983,text,true,,58880,389,260,260,https://pabsa.impressicocrm.com/api/tournament?limit=12&pageNumber=1&sportType=&tournamentName=&tournamentStyle=,2949,0,0
1680594053301,2693,Get Players schedule,200,,Knock_out_Thread Group 1-1003,text,true,,5441,338,260,260,https://pabsa.impressicocrm.com/api/tournament/119922/matches,2693,0,0
1680594052588,3409,Get tournament result,200,,Knock_out_Thread Group 1-938,text,true,,5441,338,260,260,https://pabsa.impressicocrm.com/api/tournament/119922/matches,3409,0,0
1680594052188,3811,Get tournamnent list ,200,,Knock_out_Thread Group 1-1107,text,true,,58865,389,260,260,https://pabsa.impressicocrm.com/api/tournament?limit=12&pageNumber=1&sportType=&tournamentName=&tournamentStyle=,3217,0,0
1680594053138,2883,Get Home page country ,200,,Knock_out_Thread Group 1-1138,text,true,,17255,320,260,260,https://pabsa.impressicocrm.com/api/country,2882,0,0
1680594054352,1675,Home page ,200,OK,Knock_out_Thread Group 1-1154,text,true,,3033,309,260,260,https://pabsa.impressicocrm.com/,1675,0,1539
1680594053127,2903,Get knockout players list ,200,,Knock_out_Thread Group 1-982,text,true,,4598,340,260,260,https://pabsa.impressicocrm.com/api/tournament/118871/knockouts,2903,0,0
1680594052538,3497,Get Break list ,200,,Knock_out_Thread Group 1-1019,text,true,,3218,338,260,260,https://pabsa.impressicocrm.com/api/tournament/119922/players,3497,0,0
1680594052950,3085,Get Players schedule,200,,Knock_out_Thread Group 1-960,text,true,,5441,338,260,260,https://pabsa.impressicocrm.com/api/tournament/119922/matches,3085,0,0
1680594053167,2882,Get Home page currency,200,,Knock_out_Thread Group 1-1063,text,true,,9160,321,260,260,https://pabsa.impressicocrm.com/api/currency,2882,0,0
1680594053574,2483,Get playerA_Vs_playerB,200,,Knock_out_Thread Group 1-904,text,true,,1239,341,261,261,https://pabsa.impressicocrm.com/api/tournament/matchScore/147598,2483,0,0
1680594053503,2554,Get Players list ,200,,Knock_out_Thread Group 1-1065,text,true,,3218,338,261,261,https://pabsa.impressicocrm.com/api/tournament/119922/players,2554,0,0
1680594052027,4042,Get tournamnent list ,200,,Knock_out_Thread Group 1-1083,text,true,,58880,389,260,260,https://pabsa.impressicocrm.com/api/tournament?limit=12&pageNumber=1&sportType=&tournamentName=&tournamentStyle=,3009,0,0
1680594055753,327,Home page ,200,OK,Knock_out_Thread Group 1-1168,text,true,,3033,309,260,260,https://pabsa.impressicocrm.com/,327,0,246
1680594053526,2561,Get Players list ,200,,Knock_out_Thread Group 1-1023,text,true,,3218,338,260,260,https://pabsa.impressicocrm.com/api/tournament/119922/players,2561,0,0
1680594053241,2848,Get playerA_Vs_playerB,200,,Knock_out_Thread Group 1-899,text,true,,1239,341,260,260,https://pabsa.impressicocrm.com/api/tournament/matchScore/147598,2848,0,0
1680594055452,638,Home page ,200,OK,Knock_out_Thread Group 1-1165,text,true,,3033,309,260,260,https://pabsa.impressicocrm.com/,637,0,575
1680594053483,2613,Get Home page country ,200,,Knock_out_Thread Group 1-1142,text,true,,17270,320,259,259,https://pabsa.impressicocrm.com/api/country,2613,0,0
1680594053521,2598,Get Break list ,200,,Knock_out_Thread Group 1-963,text,true,,3218,338,259,259,https://pabsa.impressicocrm.com/api/tournament/119922/players,2598,0,0
1680594053668,2451,Get playerA_Vs_playerB,200,,Knock_out_Thread Group 1-901,text,true,,1239,341,259,259,https://pabsa.impressicocrm.com/api/tournament/matchScore/147598,2451,0,0
1680594053553,2566,Get playerA_Vs_playerB,200,,Knock_out_Thread Group 1-885,text,true,,1239,341,259,259,https://pabsa.impressicocrm.com/api/tournament/matchScore/147598,2566,0,0
1680594053454,2665,Get Home page country ,200,,Knock_out_Thread Group 1-1140,text,true,,17270,320,259,259,https://pabsa.impressicocrm.com/api/country,2629,0,0
1680594053531,2588,Get Home page currency,200,,Knock_out_Thread Group 1-1093,text,true,,9160,321,259,259,https://pabsa.impressicocrm.com/api/currency,2588,0,0
1680594052108,4019,Get Home page currency,200,,Knock_out_Thread Group 1-1067,text,true,,9160,321,257,257,https://pabsa.impressicocrm.com/api/currency,4019,0,0
1680594053529,2598,Get Break list ,200,,Knock_out_Thread Group 1-995,text,true,,3218,338,257,257,https://pabsa.impressicocrm.com/api/tournament/119922/players,2598,0,0
1680594053231,2909,Get Players schedule,200,,Knock_out_Thread Group 1-984,text,true,,5441,338,257,257,https://pabsa.impressicocrm.com/api/tournament/119922/matches,2909,0,0
1680594053317,2826,Get playerA_Vs_playerB,200,,Knock_out_Thread Group 1-898,text,true,,1239,341,257,257,https://pabsa.impressicocrm.com/api/tournament/matchScore/147598,2826,0,0
1680594053127,3038,Get Home page currency,200,,Knock_out_Thread Group 1-1087,text,true,,9153,321,257,257,https://pabsa.impressicocrm.com/api/currency,3038,0,0
1680594053361,2818,Get Players schedule,200,,Knock_out_Thread Group 1-998,text,true,,5441,338,257,257,https://pabsa.impressicocrm.com/api/tournament/119922/matches,2818,0,0
1680594053363,2816,Get Players schedule,200,,Knock_out_Thread Group 1-966,text,true,,5441,338,257,257,https://pabsa.impressicocrm.com/api/tournament/119922/matches,2816,0,0
1680594053081,3108,Get Home page country ,200,,Knock_out_Thread Group 1-1135,text,true,,17270,320,257,257,https://pabsa.impressicocrm.com/api/country,3108,0,0
1680594053705,2484,Get Players list ,200,,Knock_out_Thread Group 1-1046,text,true,,3218,338,257,257,https://pabsa.impressicocrm.com/api/tournament/119922/players,2484,0,0
1680594052910,3284,Get Home page currency,200,,Knock_out_Thread Group 1-1071,text,true,,9160,321,257,257,https://pabsa.impressicocrm.com/api/currency,3284,0,0
1680594054853,1342,Home page ,200,OK,Knock_out_Thread Group 1-1159,text,true,,3033,309,257,257,https://pabsa.impressicocrm.com/,1342,0,773
1680594053701,2547,Get Break list ,200,,Knock_out_Thread Group 1-1027,text,true,,3218,338,257,257,https://pabsa.impressicocrm.com/api/tournament/119922/players,2547,0,0
1680594053766,2486,Get playerA_Vs_playerB,200,,Knock_out_Thread Group 1-920,text,true,,1239,341,258,258,https://pabsa.impressicocrm.com/api/tournament/matchScore/147598,2486,0,0
1680594053715,2537,Get Players list ,200,,Knock_out_Thread Group 1-1086,text,true,,3218,338,258,258,https://pabsa.impressicocrm.com/api/tournament/119922/players,2537,0,0
1680594053501,2764,Get Players schedule,200,,Knock_out_Thread Group 1-964,text,true,,5441,338,257,257,https://pabsa.impressicocrm.com/api/tournament/119922/matches,2764,0,0
1680594055463,802,Get Home page currency,200,,Knock_out_Thread Group 1-1100,text,true,,9153,321,257,257,https://pabsa.impressicocrm.com/api/currency,802,0,0
1680594053751,2522,Get Home page country ,200,,Knock_out_Thread Group 1-1144,text,true,,17255,320,257,257,https://pabsa.impressicocrm.com/api/country,2517,0,0
1680594053746,2530,Get Players list ,200,,Knock_out_Thread Group 1-1056,text,true,,3218,338,257,257,https://pabsa.impressicocrm.com/api/tournament/119922/players,2530,0,0
1680594055653,623,Home page ,200,OK,Knock_out_Thread Group 1-1167,text,true,,3033,309,257,257,https://pabsa.impressicocrm.com/,623,0,562
1680594053535,2751,Get single knockout Player details,200,,Knock_out_Thread Group 1-941,text,true,,1210,326,257,257,https://pabsa.impressicocrm.com/api/player/110368,2751,0,0
1680594053752,2536,Get knockout players list ,200,,Knock_out_Thread Group 1-971,text,true,,4598,340,257,257,https://pabsa.impressicocrm.com/api/tournament/118871/knockouts,2536,0,0
1680594052904,3388,Get Players schedule,200,,Knock_out_Thread Group 1-955,text,true,,5435,338,257,257,https://pabsa.impressicocrm.com/api/tournament/119922/matches,3388,0,0
1680594052847,3466,Get tournamnent list ,200,,Knock_out_Thread Group 1-1113,text,true,,58865,389,257,257,https://pabsa.impressicocrm.com/api/tournament?limit=12&pageNumber=1&sportType=&tournamentName=&tournamentStyle=,2988,0,0
1680594052295,4026,Get Players schedule,200,,Knock_out_Thread Group 1-947,text,true,,5441,338,257,257,https://pabsa.impressicocrm.com/api/tournament/119922/matches,4026,0,0
1680594053819,2502,Get Players list ,200,,Knock_out_Thread Group 1-1048,text,true,,3218,338,257,257,https://pabsa.impressicocrm.com/api/tournament/119922/players,2502,0,0
1680594053884,2445,Get single knockout Player details,200,,Knock_out_Thread Group 1-937,text,true,,1210,326,257,257,https://pabsa.impressicocrm.com/api/player/110368,2445,0,0
1680594053762,2583,Get Home page country ,200,,Knock_out_Thread Group 1-1130,text,true,,17270,320,257,257,https://pabsa.impressicocrm.com/api/country,2582,0,0
1680594056052,303,Home page ,200,OK,Knock_out_Thread Group 1-1171,text,true,,3033,309,258,258,https://pabsa.impressicocrm.com/,303,0,230
1680594053627,2760,Get tournament result,200,,Knock_out_Thread Group 1-935,text,true,,5441,338,258,258,https://pabsa.impressicocrm.com/api/tournament/119922/matches,2759,0,0
1680594055952,435,Home page ,200,OK,Knock_out_Thread Group 1-1170,text,true,,3033,309,258,258,https://pabsa.impressicocrm.com/,435,0,253
1680594053781,2625,Get Break list ,200,,Knock_out_Thread Group 1-996,text,true,,3218,338,258,258,https://pabsa.impressicocrm.com/api/tournament/119922/players,2625,0,0
1680594053837,2586,Get knockout players list ,200,,Knock_out_Thread Group 1-951,text,true,,4591,340,258,258,https://pabsa.impressicocrm.com/api/tournament/118871/knockouts,2586,0,0
1680594053754,2673,Get Players list ,200,,Knock_out_Thread Group 1-1045,text,true,,3218,338,258,258,https://pabsa.impressicocrm.com/api/tournament/119922/players,2673,0,0
1680594053875,2556,Get Break list ,200,,Knock_out_Thread Group 1-1033,text,true,,3218,338,258,258,https://pabsa.impressicocrm.com/api/tournament/119922/players,2556,0,0
1680594053443,3034,Get Break list ,200,,Knock_out_Thread Group 1-952,text,true,,3218,338,259,259,https://pabsa.impressicocrm.com/api/tournament/119922/players,3034,0,0
1680594052143,4334,Get tournamnent list ,200,,Knock_out_Thread Group 1-1104,text,true,,58880,389,259,259,https://pabsa.impressicocrm.com/api/tournament?limit=12&pageNumber=1&sportType=&tournamentName=&tournamentStyle=,3179,0,0
1680594053901,2576,Get Players list ,200,,Knock_out_Thread Group 1-1061,text,true,,3218,338,259,259,https://pabsa.impressicocrm.com/api/tournament/119922/players,2576,0,0
1680594053673,2809,Get Players list ,200,,Knock_out_Thread Group 1-1042,text,true,,3218,338,259,259,https://pabsa.impressicocrm.com/api/tournament/119922/players,2809,0,0
1680594053973,2524,Get single knockout Player details,200,,Knock_out_Thread Group 1-936,text,true,,1210,326,259,259,https://pabsa.impressicocrm.com/api/player/110368,2524,0,0
1680594054042,2483,Get playerA_Vs_playerB,200,,Knock_out_Thread Group 1-919,text,true,,1239,341,259,259,https://pabsa.impressicocrm.com/api/tournament/matchScore/147598,2483,0,0
1680594053915,2623,Get Break list ,200,,Knock_out_Thread Group 1-974,text,true,,3218,338,258,258,https://pabsa.impressicocrm.com/api/tournament/119922/players,2623,0,0
1680594053905,2649,Get Home page country ,200,,Knock_out_Thread Group 1-1143,text,true,,17270,320,259,259,https://pabsa.impressicocrm.com/api/country,2648,0,0
1680594053859,2701,Get tournament result,200,,Knock_out_Thread Group 1-942,text,true,,5441,338,259,259,https://pabsa.impressicocrm.com/api/tournament/119922/matches,2701,0,0
1680594053856,2739,Get Players schedule,200,,Knock_out_Thread Group 1-1012,text,true,,5441,338,259,259,https://pabsa.impressicocrm.com/api/tournament/119922/matches,2739,0,0
1680594053746,2863,Get Players schedule,200,,Knock_out_Thread Group 1-1016,text,true,,5441,338,259,259,https://pabsa.impressicocrm.com/api/tournament/119922/matches,2863,0,0
1680594054058,2565,Get knockout players list ,200,,Knock_out_Thread Group 1-991,text,true,,4591,340,259,259,https://pabsa.impressicocrm.com/api/tournament/118871/knockouts,2565,0,0
1680594056179,453,Get knockout players list ,200,,Knock_out_Thread Group 1-966,text,true,,4598,340,259,259,https://pabsa.impressicocrm.com/api/tournament/118871/knockouts,453,0,0
1680594054123,2516,Get Home page country ,200,,Knock_out_Thread Group 1-1148,text,true,,17270,320,259,259,https://pabsa.impressicocrm.com/api/country,2516,0,0
1680594053489,3150,Get Players list ,200,,Knock_out_Thread Group 1-1043,text,true,,3218,338,259,259,https://pabsa.impressicocrm.com/api/tournament/119922/players,3150,0,0
1680594056352,293,Home page ,200,OK,Knock_out_Thread Group 1-1174,text,true,,3033,309,259,259,https://pabsa.impressicocrm.com/,293,0,223
1680594053884,2762,Get Home page currency,200,,Knock_out_Thread Group 1-1077,text,true,,9160,321,259,259,https://pabsa.impressicocrm.com/api/currency,2762,0,0
1680594053973,2677,Get Players list ,200,,Knock_out_Thread Group 1-1057,text,true,,3218,338,259,259,https://pabsa.impressicocrm.com/api/tournament/119922/players,2677,0,0
1680594054222,2433,Get single knockout Player details,200,,Knock_out_Thread Group 1-922,text,true,,1210,326,260,260,https://pabsa.impressicocrm.com/api/player/110368,2433,0,0
1680594054077,2591,Get Break list ,200,,Knock_out_Thread Group 1-1037,text,true,,3218,338,260,260,https://pabsa.impressicocrm.com/api/tournament/119922/players,2591,0,0
1680594053901,2786,Get Players schedule,200,,Knock_out_Thread Group 1-1006,text,true,,5441,338,260,260,https://pabsa.impressicocrm.com/api/tournament/119922/matches,2786,0,0
1680594054011,2679,Get Home page currency,200,,Knock_out_Thread Group 1-1089,text,true,,9160,321,260,260,https://pabsa.impressicocrm.com/api/currency,2679,0,0
1680594053883,2811,Get Players schedule,200,,Knock_out_Thread Group 1-997,text,true,,5435,338,260,260,https://pabsa.impressicocrm.com/api/tournament/119922/matches,2811,0,0
1680594053860,2851,Get playerA_Vs_playerB,200,,Knock_out_Thread Group 1-890,text,true,,1239,341,260,260,https://pabsa.impressicocrm.com/api/tournament/matchScore/147598,2851,0,0
1680594056252,461,Home page ,200,OK,Knock_out_Thread Group 1-1173,text,true,,3033,309,259,259,https://pabsa.impressicocrm.com/,461,0,271
1680594053790,2943,Get Home page currency,200,,Knock_out_Thread Group 1-1055,text,true,,9160,321,259,259,https://pabsa.impressicocrm.com/api/currency,2943,0,0
1680594056152,590,Home page ,200,OK,Knock_out_Thread Group 1-1172,text,true,,3033,309,259,259,https://pabsa.impressicocrm.com/,590,0,519
1680594051639,5105,Get Home page currency,200,,Knock_out_Thread Group 1-1058,text,true,,9160,321,259,259,https://pabsa.impressicocrm.com/api/currency,5105,0,0
1680594054046,2698,Get Players list ,200,,Knock_out_Thread Group 1-1032,text,true,,3218,338,259,259,https://pabsa.impressicocrm.com/api/tournament/119922/players,2698,0,0
1680594054350,2401,Get tournamnent list ,200,,Knock_out_Thread Group 1-1106,text,true,,58888,389,259,259,https://pabsa.impressicocrm.com/api/tournament?limit=12&pageNumber=1&sportType=&tournamentName=&tournamentStyle=,1361,0,0
1680594053253,3499,Get tournamnent list ,200,,Knock_out_Thread Group 1-1110,text,true,,58888,389,259,259,https://pabsa.impressicocrm.com/api/tournament?limit=12&pageNumber=1&sportType=&tournamentName=&tournamentStyle=,2916,0,0
1680594054254,2512,Get Break list ,200,,Knock_out_Thread Group 1-972,text,true,,3218,338,260,260,https://pabsa.impressicocrm.com/api/tournament/119922/players,2512,0,0
1680594053896,2870,Get Players schedule,200,,Knock_out_Thread Group 1-1004,text,true,,5441,338,260,260,https://pabsa.impressicocrm.com/api/tournament/119922/matches,2870,0,0
1680594054183,2591,Get Home page currency,200,,Knock_out_Thread Group 1-1133,text,true,,9160,321,260,260,https://pabsa.impressicocrm.com/api/currency,2591,0,0
1680594054055,2722,Get Home page country ,200,,Knock_out_Thread Group 1-1147,text,true,,17270,320,260,260,https://pabsa.impressicocrm.com/api/country,2721,0,0
1680594054203,2589,Get Players list ,200,,Knock_out_Thread Group 1-1035,text,true,,3218,338,260,260,https://pabsa.impressicocrm.com/api/tournament/119922/players,2589,0,0
1680594053617,3177,Get Players schedule,200,,Knock_out_Thread Group 1-1009,text,true,,5441,338,260,260,https://pabsa.impressicocrm.com/api/tournament/119922/matches,3177,0,0
1680594054164,2630,Get Home page currency,200,,Knock_out_Thread Group 1-1094,text,true,,9160,321,260,260,https://pabsa.impressicocrm.com/api/currency,2630,0,0
1680594054263,2547,Get Players list ,200,,Knock_out_Thread Group 1-1068,text,true,,3218,338,260,260,https://pabsa.impressicocrm.com/api/tournament/119922/players,2547,0,0
1680594054281,2535,Get Players list ,200,,Knock_out_Thread Group 1-1050,text,true,,3218,338,260,260,https://pabsa.impressicocrm.com/api/tournament/119922/players,2535,0,0
1680594054113,2715,Get Home page country ,200,,Knock_out_Thread Group 1-1145,text,true,,17270,320,260,260,https://pabsa.impressicocrm.com/api/country,2715,0,0
1680594054116,2726,Get Home page currency,200,,Knock_out_Thread Group 1-1076,text,true,,9160,321,260,260,https://pabsa.impressicocrm.com/api/currency,2726,0,0
1680594054307,2545,Get Home page currency,200,,Knock_out_Thread Group 1-1078,text,true,,9160,321,261,261,https://pabsa.impressicocrm.com/api/currency,2545,0,0
1680594054070,2798,Get Players schedule,200,,Knock_out_Thread Group 1-977,text,true,,5441,338,261,261,https://pabsa.impressicocrm.com/api/tournament/119922/matches,2798,0,0
1680594054203,2670,Get Home page country ,200,,Knock_out_Thread Group 1-1146,text,true,,17270,320,261,261,https://pabsa.impressicocrm.com/api/country,2670,0,0
1680594053948,2941,Get knockout players list ,200,,Knock_out_Thread Group 1-962,text,true,,4591,340,261,261,https://pabsa.impressicocrm.com/api/tournament/118871/knockouts,2941,0,0
1680594054281,2664,Get Home page currency,200,,Knock_out_Thread Group 1-1047,text,true,,9160,321,261,261,https://pabsa.impressicocrm.com/api/currency,2664,0,0
1680594054463,2482,Get knockout players list ,200,,Knock_out_Thread Group 1-999,text,true,,4591,340,261,261,https://pabsa.impressicocrm.com/api/tournament/118871/knockouts,2482,0,0
1680594054309,2647,Get Home page currency,200,,Knock_out_Thread Group 1-1095,text,true,,9160,321,262,262,https://pabsa.impressicocrm.com/api/currency,2647,0,0
1680594054300,2663,Get Players list ,200,,Knock_out_Thread Group 1-948,text,true,,3218,338,262,262,https://pabsa.impressicocrm.com/api/tournament/119922/players,2663,0,0
1680594054150,2817,Get Players schedule,200,,Knock_out_Thread Group 1-1008,text,true,,5441,338,262,262,https://pabsa.impressicocrm.com/api/tournament/119922/matches,2817,0,0
1680594056632,345,Get single knockout Player details,200,,Knock_out_Thread Group 1-966,text,true,,1210,326,262,262,https://pabsa.impressicocrm.com/api/player/110368,345,0,0
1680594054380,2597,Get Home page currency,200,,Knock_out_Thread Group 1-1099,text,true,,9153,321,262,262,https://pabsa.impressicocrm.com/api/currency,2597,0,0
1680594054521,2467,Get knockout players list ,200,,Knock_out_Thread Group 1-981,text,true,,4591,340,262,262,https://pabsa.impressicocrm.com/api/tournament/118871/knockouts,2466,0,0
1680594054237,2771,Get Players list ,200,,Knock_out_Thread Group 1-1060,text,true,,3218,338,262,262,https://pabsa.impressicocrm.com/api/tournament/119922/players,2771,0,0
1680594054499,2519,Get knockout players list ,200,,Knock_out_Thread Group 1-944,text,true,,4598,340,262,262,https://pabsa.impressicocrm.com/api/tournament/118871/knockouts,2519,0,0
1680594054426,2596,Get Players list ,200,,Knock_out_Thread Group 1-1064,text,true,,3218,338,262,262,https://pabsa.impressicocrm.com/api/tournament/119922/players,2596,0,0
1680594054133,2892,Get Break list ,200,,Knock_out_Thread Group 1-1039,text,true,,3218,338,262,262,https://pabsa.impressicocrm.com/api/tournament/119922/players,2892,0,0
1680594051966,5060,Get tournamnent list ,200,,Knock_out_Thread Group 1-1097,text,true,,58888,389,262,262,https://pabsa.impressicocrm.com/api/tournament?limit=12&pageNumber=1&sportType=&tournamentName=&tournamentStyle=,3065,0,0
1680594054267,2765,Get playerA_Vs_playerB,200,,Knock_out_Thread Group 1-923,text,true,,1239,341,262,262,https://pabsa.impressicocrm.com/api/tournament/matchScore/147598,2765,0,0
1680594054604,2454,Get knockout players list ,200,,Knock_out_Thread Group 1-1011,text,true,,4598,340,262,262,https://pabsa.impressicocrm.com/api/tournament/118871/knockouts,2454,0,0
1680594052862,4202,Get tournamnent list ,200,,Knock_out_Thread Group 1-1108,text,true,,58865,389,262,262,https://pabsa.impressicocrm.com/api/tournament?limit=12&pageNumber=1&sportType=&tournamentName=&tournamentStyle=,3287,0,0
1680594054547,2521,Get Break list ,200,,Knock_out_Thread Group 1-1030,text,true,,3218,338,262,262,https://pabsa.impressicocrm.com/api/tournament/119922/players,2521,0,0
1680594054405,2678,Get Players list ,200,,Knock_out_Thread Group 1-1070,text,true,,3218,338,262,262,https://pabsa.impressicocrm.com/api/tournament/119922/players,2678,0,0
1680594054370,2734,Get Players schedule,200,,Knock_out_Thread Group 1-1005,text,true,,5441,338,262,262,https://pabsa.impressicocrm.com/api/tournament/119922/matches,2734,0,0
1680594054445,2659,Get Home page country ,200,,Knock_out_Thread Group 1-1152,text,true,,17270,320,262,262,https://pabsa.impressicocrm.com/api/country,2659,0,0
1680594056452,660,Home page ,200,OK,Knock_out_Thread Group 1-1175,text,true,,3033,309,262,262,https://pabsa.impressicocrm.com/,660,0,578
1680594054077,3041,Get knockout players list ,200,,Knock_out_Thread Group 1-968,text,true,,4591,340,262,262,https://pabsa.impressicocrm.com/api/tournament/118871/knockouts,3041,0,0
1680594056753,368,Home page ,200,OK,Knock_out_Thread Group 1-1178,text,true,,3033,309,262,262,https://pabsa.impressicocrm.com/,367,0,284
1680594054393,2734,Get Players schedule,200,,Knock_out_Thread Group 1-1021,text,true,,5441,338,262,262,https://pabsa.impressicocrm.com/api/tournament/119922/matches,2734,0,0
1680594054598,2561,Get Home page country ,200,,Knock_out_Thread Group 1-1153,text,true,,17270,320,263,263,https://pabsa.impressicocrm.com/api/country,2561,0,0
1680594054594,2565,Get Players list ,200,,Knock_out_Thread Group 1-1051,text,true,,3218,338,263,263,https://pabsa.impressicocrm.com/api/tournament/119922/players,2565,0,0
1680594054615,2561,Get playerA_Vs_playerB,200,,Knock_out_Thread Group 1-887,text,true,,1239,341,263,263,https://pabsa.impressicocrm.com/api/tournament/matchScore/147598,2560,0,0
1680594054419,2761,Get Home page currency,200,,Knock_out_Thread Group 1-1073,text,true,,9160,321,262,262,https://pabsa.impressicocrm.com/api/currency,2761,0,0
1680594054628,2573,Get Players list ,200,,Knock_out_Thread Group 1-1034,text,true,,3218,338,262,262,https://pabsa.impressicocrm.com/api/tournament/119922/players,2573,0,0
1680594054751,2452,Get knockout players list ,200,,Knock_out_Thread Group 1-992,text,true,,4598,340,262,262,https://pabsa.impressicocrm.com/api/tournament/118871/knockouts,2452,0,0
1680594054373,2840,Get playerA_Vs_playerB,200,,Knock_out_Thread Group 1-910,text,true,,1239,341,262,262,https://pabsa.impressicocrm.com/api/tournament/matchScore/147598,2840,0,0
1680594054722,2521,Get knockout players list ,200,,Knock_out_Thread Group 1-1007,text,true,,4598,340,261,261,https://pabsa.impressicocrm.com/api/tournament/118871/knockouts,2521,0,0
1680594052062,5183,Get Home page country ,200,,Knock_out_Thread Group 1-1128,text,true,,17270,320,261,261,https://pabsa.impressicocrm.com/api/country,5183,0,0
1680594054345,2904,Get Home page country ,200,,Knock_out_Thread Group 1-1151,text,true,,17270,320,261,261,https://pabsa.impressicocrm.com/api/country,2836,0,0
1680594054186,3063,Get Home page country ,200,,Knock_out_Thread Group 1-1141,text,true,,17270,320,261,261,https://pabsa.impressicocrm.com/api/country,2656,0,0
1680594054400,2849,Get Players schedule,200,,Knock_out_Thread Group 1-946,text,true,,5435,338,261,261,https://pabsa.impressicocrm.com/api/tournament/119922/matches,2849,0,0
1680594054643,2635,Get Home page country ,200,,Knock_out_Thread Group 1-1150,text,true,,17270,320,262,262,https://pabsa.impressicocrm.com/api/country,2635,0,0
1680594054604,2701,Get Home page currency,200,,Knock_out_Thread Group 1-929,text,true,,9160,321,262,262,https://pabsa.impressicocrm.com/api/currency,2701,0,0
1680594054598,2711,Get Players schedule,200,,Knock_out_Thread Group 1-949,text,true,,5435,338,262,262,https://pabsa.impressicocrm.com/api/tournament/119922/matches,2711,0,0
1680594054733,2580,Get knockout players list ,200,,Knock_out_Thread Group 1-950,text,true,,4598,340,262,262,https://pabsa.impressicocrm.com/api/tournament/118871/knockouts,2580,0,0
1680594054824,2502,Get Players list ,200,,Knock_out_Thread Group 1-1062,text,true,,3218,338,262,262,https://pabsa.impressicocrm.com/api/tournament/119922/players,2502,0,0
1680594054726,2615,Get Players list ,200,,Knock_out_Thread Group 1-1053,text,true,,3218,338,262,262,https://pabsa.impressicocrm.com/api/tournament/119922/players,2615,0,0
1680594053324,4019,Get tournamnent list ,200,,Knock_out_Thread Group 1-1111,text,true,,58880,389,262,262,https://pabsa.impressicocrm.com/api/tournament?limit=12&pageNumber=1&sportType=&tournamentName=&tournamentStyle=,2982,0,0
1680594054216,3142,Get Players schedule,200,,Knock_out_Thread Group 1-1002,text,true,,5441,338,263,263,https://pabsa.impressicocrm.com/api/tournament/119922/matches,3142,0,0
1680594056978,395,Get Players list ,200,,Knock_out_Thread Group 1-1099,text,true,,3218,338,263,263,https://pabsa.impressicocrm.com/api/tournament/119922/players,395,0,0
1680594054852,2529,Get playerA_Vs_playerB,200,,Knock_out_Thread Group 1-905,text,true,,1239,341,263,263,https://pabsa.impressicocrm.com/api/tournament/matchScore/147598,2529,0,0
1680594054641,2753,Get Home page country ,200,,Knock_out_Thread Group 1-1136,text,true,,17270,320,262,262,https://pabsa.impressicocrm.com/api/country,2753,0,0
1680594055002,2406,Get single knockout Player details,200,,Knock_out_Thread Group 1-973,text,true,,1210,326,262,262,https://pabsa.impressicocrm.com/api/player/110368,2406,0,0
1680594054879,2529,Get knockout players list ,200,,Knock_out_Thread Group 1-987,text,true,,4598,340,262,262,https://pabsa.impressicocrm.com/api/tournament/118871/knockouts,2529,0,0
1680594056653,755,Home page ,200,OK,Knock_out_Thread Group 1-1177,text,true,,3033,309,262,262,https://pabsa.impressicocrm.com/,755,0,664
1680594054529,2913,Get Players list ,200,,Knock_out_Thread Group 1-1069,text,true,,3218,338,262,262,https://pabsa.impressicocrm.com/api/tournament/119922/players,2913,0,0
1680594054956,2495,Get knockout players list ,200,,Knock_out_Thread Group 1-961,text,true,,4598,340,262,262,https://pabsa.impressicocrm.com/api/tournament/118871/knockouts,2495,0,0
1680594055036,2426,Get Home page currency,200,,Knock_out_Thread Group 1-1079,text,true,,9160,321,263,263,https://pabsa.impressicocrm.com/api/currency,2426,0,0
1680594054537,2933,Get Players schedule,200,,Knock_out_Thread Group 1-1001,text,true,,5435,338,263,263,https://pabsa.impressicocrm.com/api/tournament/119922/matches,2933,0,0
1680594055175,2299,Get playerA_Vs_playerB,200,,Knock_out_Thread Group 1-931,text,true,,1239,341,263,263,https://pabsa.impressicocrm.com/api/tournament/matchScore/147598,2299,0,0
1680594055054,2422,Get knockout players list ,200,,Knock_out_Thread Group 1-979,text,true,,4598,340,262,262,https://pabsa.impressicocrm.com/api/tournament/118871/knockouts,2422,0,0
1680594054938,2542,Get Home page country ,200,,Knock_out_Thread Group 1-1157,text,true,,17270,320,262,262,https://pabsa.impressicocrm.com/api/country,2542,0,0
1680594054865,2649,Get Home page country ,200,,Knock_out_Thread Group 1-1149,text,true,,17270,320,262,262,https://pabsa.impressicocrm.com/api/country,2615,0,0
1680594055143,2371,Get playerA_Vs_playerB,200,,Knock_out_Thread Group 1-918,text,true,,1239,341,262,262,https://pabsa.impressicocrm.com/api/tournament/matchScore/147598,2371,0,0
1680594054351,3163,Get Players schedule,200,,Knock_out_Thread Group 1-988,text,true,,5441,338,262,262,https://pabsa.impressicocrm.com/api/tournament/119922/matches,3163,0,0
1680594054940,2574,Get Players list ,200,,Knock_out_Thread Group 1-1040,text,true,,3218,338,262,262,https://pabsa.impressicocrm.com/api/tournament/119922/players,2574,0,0
1680594055036,2478,Get Players list ,200,,Knock_out_Thread Group 1-1072,text,true,,3218,338,262,262,https://pabsa.impressicocrm.com/api/tournament/119922/players,2478,0,0
1680594055241,2280,Get single knockout Player details,200,,Knock_out_Thread Group 1-927,text,true,,1210,326,261,261,https://pabsa.impressicocrm.com/api/player/110368,2280,0,0
1680594054694,2827,Get Players schedule,200,,Knock_out_Thread Group 1-965,text,true,,5435,338,261,261,https://pabsa.impressicocrm.com/api/tournament/119922/matches,2827,0,0
1680594055118,2403,Get Home page country ,200,,Knock_out_Thread Group 1-1158,text,true,,17270,320,261,261,https://pabsa.impressicocrm.com/api/country,2403,0,0
1680594055092,2429,Get Home page country ,200,,Knock_out_Thread Group 1-1155,text,true,,17255,320,261,261,https://pabsa.impressicocrm.com/api/country,2429,0,0
1680594054961,2565,Get Home page currency,200,,Knock_out_Thread Group 1-1090,text,true,,9160,321,261,261,https://pabsa.impressicocrm.com/api/currency,2565,0,0
1680594053608,3951,Get tournamnent list ,200,,Knock_out_Thread Group 1-1117,text,true,,58880,389,262,262,https://pabsa.impressicocrm.com/api/tournament?limit=12&pageNumber=1&sportType=&tournamentName=&tournamentStyle=,2874,0,0
1680594056714,846,Get Home page country ,200,,Knock_out_Thread Group 1-1173,text,true,,17270,320,262,262,https://pabsa.impressicocrm.com/api/country,846,0,0
1680594055326,2251,Get knockout players list ,200,,Knock_out_Thread Group 1-953,text,true,,4591,340,262,262,https://pabsa.impressicocrm.com/api/tournament/118871/knockouts,2251,0,0
1680594055160,2417,Get Players list ,200,,Knock_out_Thread Group 1-1074,text,true,,3218,338,262,262,https://pabsa.impressicocrm.com/api/tournament/119922/players,2417,0,0
1680594055245,2337,Get Home page country ,200,,Knock_out_Thread Group 1-1160,text,true,,17255,320,262,262,https://pabsa.impressicocrm.com/api/country,2335,0,0
1680594054852,2760,Get Home page currency,200,,Knock_out_Thread Group 1-1092,text,true,,9153,321,262,262,https://pabsa.impressicocrm.com/api/currency,2760,0,0
1680594055247,2373,Get knockout players list ,200,,Knock_out_Thread Group 1-985,text,true,,4598,340,262,262,https://pabsa.impressicocrm.com/api/tournament/118871/knockouts,2373,0,0
1680594055258,2371,Get Break list ,200,,Knock_out_Thread Group 1-1028,text,true,,3218,338,262,262,https://pabsa.impressicocrm.com/api/tournament/119922/players,2371,0,0
1680594054864,2769,Get tournament result,200,,Knock_out_Thread Group 1-916,text,true,,5435,338,262,262,https://pabsa.impressicocrm.com/api/tournament/119922/matches,2769,0,0
1680594055237,2396,Get Players list ,200,,Knock_out_Thread Group 1-1041,text,true,,3218,338,262,262,https://pabsa.impressicocrm.com/api/tournament/119922/players,2396,0,0
1680594057352,301,Home page ,200,OK,Knock_out_Thread Group 1-1184,text,true,,3033,309,263,263,https://pabsa.impressicocrm.com/,301,0,239
1680594053785,3885,Get tournamnent list ,200,,Knock_out_Thread Group 1-1120,text,true,,58888,389,263,263,https://pabsa.impressicocrm.com/api/tournament?limit=12&pageNumber=1&sportType=&tournamentName=&tournamentStyle=,3083,0,0
1680594054776,2909,Get Players schedule,200,,Knock_out_Thread Group 1-976,text,true,,5435,338,263,263,https://pabsa.impressicocrm.com/api/tournament/119922/matches,2909,0,0
1680594055327,2369,Get Break list ,200,,Knock_out_Thread Group 1-1052,text,true,,3218,338,263,263,https://pabsa.impressicocrm.com/api/tournament/119922/players,2369,0,0
1680594056552,1151,Home page ,200,OK,Knock_out_Thread Group 1-1176,text,true,,3033,309,263,263,https://pabsa.impressicocrm.com/,1151,0,969
1680594055345,2362,Get playerA_Vs_playerB,200,,Knock_out_Thread Group 1-933,text,true,,1239,341,263,263,https://pabsa.impressicocrm.com/api/tournament/matchScore/147598,2362,0,0
1680594054951,2768,Get Players schedule,200,,Knock_out_Thread Group 1-1022,text,true,,5435,338,262,262,https://pabsa.impressicocrm.com/api/tournament/119922/matches,2768,0,0
1680594055400,2333,Get playerA_Vs_playerB,200,,Knock_out_Thread Group 1-912,text,true,,1239,341,262,262,https://pabsa.impressicocrm.com/api/tournament/matchScore/147598,2333,0,0
1680594057476,283,Get single knockout Player details,200,,Knock_out_Thread Group 1-979,text,true,,1210,326,262,262,https://pabsa.impressicocrm.com/api/player/110368,283,0,0
1680594054479,3287,Get Home page currency,200,,Knock_out_Thread Group 1-1082,text,true,,9153,321,262,262,https://pabsa.impressicocrm.com/api/currency,3287,0,0
1680594055397,2391,Get knockout players list ,200,,Knock_out_Thread Group 1-958,text,true,,4598,340,262,262,https://pabsa.impressicocrm.com/api/tournament/118871/knockouts,2391,0,0
1680594055619,2192,Get single knockout Player details,200,,Knock_out_Thread Group 1-967,text,true,,1210,326,262,262,https://pabsa.impressicocrm.com/api/player/110368,2192,0,0
1680594054928,2892,Get Home page currency,200,,Knock_out_Thread Group 1-1098,text,true,,9160,321,262,262,https://pabsa.impressicocrm.com/api/currency,2892,0,0
1680594055326,2494,Get Players list ,200,,Knock_out_Thread Group 1-1075,text,true,,3218,338,262,262,https://pabsa.impressicocrm.com/api/tournament/119922/players,2494,0,0
1680594055410,2412,Get knockout players list ,200,,Knock_out_Thread Group 1-1010,text,true,,4598,340,262,262,https://pabsa.impressicocrm.com/api/tournament/118871/knockouts,2412,0,0
1680594055582,2292,Get playerA_Vs_playerB,200,,Knock_out_Thread Group 1-940,text,true,,1239,341,263,263,https://pabsa.impressicocrm.com/api/tournament/matchScore/147598,2292,0,0
1680594053677,4206,Get tournamnent list ,200,,Knock_out_Thread Group 1-1109,text,true,,58880,389,262,262,https://pabsa.impressicocrm.com/api/tournament?limit=12&pageNumber=1&sportType=&tournamentName=&tournamentStyle=,2893,0,0
1680594055619,2265,Get Players list ,200,,Knock_out_Thread Group 1-1024,text,true,,3218,338,262,262,https://pabsa.impressicocrm.com/api/tournament/119922/players,2265,0,0
1680594053282,4610,Get Home page country ,200,,Knock_out_Thread Group 1-1139,text,true,,17270,320,262,262,https://pabsa.impressicocrm.com/api/country,4610,0,0
1680594057152,742,Home page ,200,OK,Knock_out_Thread Group 1-1182,text,true,,3033,309,262,262,https://pabsa.impressicocrm.com/,742,0,580
1680594057452,445,Home page ,200,OK,Knock_out_Thread Group 1-1185,text,true,,3033,309,262,262,https://pabsa.impressicocrm.com/,445,0,368
1680594057252,649,Home page ,200,OK,Knock_out_Thread Group 1-1183,text,true,,3033,309,262,262,https://pabsa.impressicocrm.com/,649,0,575
1680594055647,2267,Get Players list ,200,,Knock_out_Thread Group 1-1080,text,true,,3218,338,262,262,https://pabsa.impressicocrm.com/api/tournament/119922/players,2267,0,0
1680594055676,2261,Get knockout players list ,200,,Knock_out_Thread Group 1-943,text,true,,4598,340,262,262,https://pabsa.impressicocrm.com/api/tournament/118871/knockouts,2261,0,0
1680594055631,2307,Get Players list ,200,,Knock_out_Thread Group 1-1066,text,true,,3218,338,262,262,https://pabsa.impressicocrm.com/api/tournament/119922/players,2307,0,0
1680594055322,2627,Get Home page currency,200,,Knock_out_Thread Group 1-1084,text,true,,9160,321,262,262,https://pabsa.impressicocrm.com/api/currency,2627,0,0
1680594055463,2500,Get Break list ,200,,Knock_out_Thread Group 1-1054,text,true,,3218,338,263,263,https://pabsa.impressicocrm.com/api/tournament/119922/players,2500,0,0
1680594057552,411,Home page ,200,OK,Knock_out_Thread Group 1-1186,text,true,,3033,309,263,263,https://pabsa.impressicocrm.com/,411,0,249
1680594055732,2253,Get single knockout Player details,200,,Knock_out_Thread Group 1-959,text,true,,1210,326,263,263,https://pabsa.impressicocrm.com/api/player/110368,2253,0,0
1680594055518,2467,Get Home page currency,200,,Knock_out_Thread Group 1-1096,text,true,,9160,321,263,263,https://pabsa.impressicocrm.com/api/currency,2467,0,0
1680594055715,2297,Get Break list ,200,,Knock_out_Thread Group 1-1038,text,true,,3218,338,263,263,https://pabsa.impressicocrm.com/api/tournament/119922/players,2297,0,0
1680594057653,361,Home page ,200,OK,Knock_out_Thread Group 1-1187,text,true,,3033,309,263,263,https://pabsa.impressicocrm.com/,361,0,280
1680594056952,1062,Home page ,200,OK,Knock_out_Thread Group 1-1180,text,true,,3033,309,263,263,https://pabsa.impressicocrm.com/,1062,0,596
1680594057753,274,Home page ,200,OK,Knock_out_Thread Group 1-1188,text,true,,3033,309,263,263,https://pabsa.impressicocrm.com/,274,0,203
1680594055477,2556,Get Home page currency,200,,Knock_out_Thread Group 1-1102,text,true,,9160,321,263,263,https://pabsa.impressicocrm.com/api/currency,2556,0,0
1680594055381,2696,Get Home page currency,200,,Knock_out_Thread Group 1-1105,text,true,,9160,321,264,264,https://pabsa.impressicocrm.com/api/currency,2696,0,0
1680594055237,2845,Get Players schedule,200,,Knock_out_Thread Group 1-954,text,true,,5441,338,264,264,https://pabsa.impressicocrm.com/api/tournament/119922/matches,2845,0,0
1680594055632,2453,Get Home page currency,200,,Knock_out_Thread Group 1-1103,text,true,,9160,321,264,264,https://pabsa.impressicocrm.com/api/currency,2453,0,0
1680594055695,2390,Get Break list ,200,,Knock_out_Thread Group 1-1036,text,true,,3218,338,264,264,https://pabsa.impressicocrm.com/api/tournament/119922/players,2390,0,0
1680594053831,4254,Get tournamnent list ,200,,Knock_out_Thread Group 1-1118,text,true,,58888,389,264,264,https://pabsa.impressicocrm.com/api/tournament?limit=12&pageNumber=1&sportType=&tournamentName=&tournamentStyle=,2945,0,0
1680594055815,2273,Get Home page country ,200,,Knock_out_Thread Group 1-1163,text,true,,17270,320,264,264,https://pabsa.impressicocrm.com/api/country,2270,0,0
1680594055440,2648,Get Players schedule,200,,Knock_out_Thread Group 1-957,text,true,,5441,338,264,264,https://pabsa.impressicocrm.com/api/tournament/119922/matches,2648,0,0
1680594055417,2673,Get Players schedule,200,,Knock_out_Thread Group 1-956,text,true,,5441,338,264,264,https://pabsa.impressicocrm.com/api/tournament/119922/matches,2673,0,0
1680594055545,2553,Get Home page currency,200,,Knock_out_Thread Group 1-1085,text,true,,9160,321,264,264,https://pabsa.impressicocrm.com/api/currency,2553,0,0
1680594055742,2368,Get knockout players list ,200,,Knock_out_Thread Group 1-1014,text,true,,4598,340,264,264,https://pabsa.impressicocrm.com/api/tournament/118871/knockouts,2368,0,0
1680594055566,2550,Get knockout players list ,200,,Knock_out_Thread Group 1-975,text,true,,4591,340,264,264,https://pabsa.impressicocrm.com/api/tournament/118871/knockouts,2550,0,0
1680594055870,2246,Get knockout players list ,200,,Knock_out_Thread Group 1-994,text,true,,4598,340,264,264,https://pabsa.impressicocrm.com/api/tournament/118871/knockouts,2246,0,0
1680594055715,2407,Get Home page country ,200,,Knock_out_Thread Group 1-1156,text,true,,17270,320,264,264,https://pabsa.impressicocrm.com/api/country,2407,0,0
1680594055875,2247,Get Home page country ,200,,Knock_out_Thread Group 1-1166,text,true,,17270,320,264,264,https://pabsa.impressicocrm.com/api/country,2247,0,0
1680594055737,2390,Get knockout players list ,200,,Knock_out_Thread Group 1-980,text,true,,4598,340,264,264,https://pabsa.impressicocrm.com/api/tournament/118871/knockouts,2390,0,0
1680594055754,2401,Get Home page currency,200,,Knock_out_Thread Group 1-1029,text,true,,9153,321,265,265,https://pabsa.impressicocrm.com/api/currency,2401,0,0
1680594057852,308,Home page ,200,OK,Knock_out_Thread Group 1-1189,text,true,,3033,309,265,265,https://pabsa.impressicocrm.com/,308,0,234
1680594055819,2343,Get Players list ,200,,Knock_out_Thread Group 1-1044,text,true,,3218,338,265,265,https://pabsa.impressicocrm.com/api/tournament/119922/players,2343,0,0
1680594055819,2349,Get knockout players list ,200,,Knock_out_Thread Group 1-969,text,true,,4598,340,265,265,https://pabsa.impressicocrm.com/api/tournament/118871/knockouts,2349,0,0
1680594055626,2553,Get Players schedule,200,,Knock_out_Thread Group 1-1013,text,true,,5441,338,265,265,https://pabsa.impressicocrm.com/api/tournament/119922/matches,2553,0,0
1680594055695,2489,Get tournament result,200,,Knock_out_Thread Group 1-902,text,true,,5441,338,265,265,https://pabsa.impressicocrm.com/api/tournament/119922/matches,2489,0,0
1680594055685,2503,Get Players schedule,200,,Knock_out_Thread Group 1-986,text,true,,5441,338,265,265,https://pabsa.impressicocrm.com/api/tournament/119922/matches,2503,0,0
1680594056852,1336,Home page ,200,OK,Knock_out_Thread Group 1-1179,text,true,,3033,309,265,265,https://pabsa.impressicocrm.com/,1336,0,1258
1680594055428,2763,Get Players schedule,200,,Knock_out_Thread Group 1-1018,text,true,,5441,338,265,265,https://pabsa.impressicocrm.com/api/tournament/119922/matches,2763,0,0
1680594054624,3582,Get tournamnent list ,200,,Knock_out_Thread Group 1-1031,text,true,,58865,389,265,265,https://pabsa.impressicocrm.com/api/tournament?limit=12&pageNumber=1&sportType=&tournamentName=&tournamentStyle=,3009,0,0
1680594054359,3847,Get tournamnent list ,200,,Knock_out_Thread Group 1-1122,text,true,,58880,389,265,265,https://pabsa.impressicocrm.com/api/tournament?limit=12&pageNumber=1&sportType=&tournamentName=&tournamentStyle=,2878,0,0
1680594053295,4916,Get Break list ,200,,Knock_out_Thread Group 1-1059,text,true,,3218,338,265,265,https://pabsa.impressicocrm.com/api/tournament/119922/players,4916,0,0
1680594055986,2233,Get single knockout Player details,200,,Knock_out_Thread Group 1-990,text,true,,1210,326,265,265,https://pabsa.impressicocrm.com/api/player/110368,2233,0,0
1680594055995,2224,Get knockout players list ,200,,Knock_out_Thread Group 1-1003,text,true,,4598,340,265,265,https://pabsa.impressicocrm.com/api/tournament/118871/knockouts,2224,0,0
1680594055910,2309,Get knockout players list ,200,,Knock_out_Thread Group 1-993,text,true,,4591,340,265,265,https://pabsa.impressicocrm.com/api/tournament/118871/knockouts,2309,0,0
1680594057952,302,Home page ,200,OK,Knock_out_Thread Group 1-1190,text,true,,3033,309,266,266,https://pabsa.impressicocrm.com/,302,0,232
1680594054956,3302,Get Players schedule,200,,Knock_out_Thread Group 1-1020,text,true,,5441,338,266,266,https://pabsa.impressicocrm.com/api/tournament/119922/matches,3302,0,0
1680594055997,2269,Get playerA_Vs_playerB,200,,Knock_out_Thread Group 1-938,text,true,,1239,341,266,266,https://pabsa.impressicocrm.com/api/tournament/matchScore/147598,2269,0,0
1680594056030,2244,Get single knockout Player details,200,,Knock_out_Thread Group 1-982,text,true,,1210,326,265,265,https://pabsa.impressicocrm.com/api/player/110368,2244,0,0
1680594054604,3670,Get tournamnent list ,200,,Knock_out_Thread Group 1-1125,text,true,,58880,389,265,265,https://pabsa.impressicocrm.com/api/tournament?limit=12&pageNumber=1&sportType=&tournamentName=&tournamentStyle=,2814,0,0
1680594055226,3053,Get Home page currency,200,,Knock_out_Thread Group 1-1101,text,true,,9160,321,265,265,https://pabsa.impressicocrm.com/api/currency,3053,0,0
1680594055960,2319,Get Break list ,200,,Knock_out_Thread Group 1-1015,text,true,,3218,338,265,265,https://pabsa.impressicocrm.com/api/tournament/119922/players,2319,0,0
1680594055856,2442,Get Home page country ,200,,Knock_out_Thread Group 1-1162,text,true,,17255,320,265,265,https://pabsa.impressicocrm.com/api/country,2410,0,0
1680594055962,2336,Get Players list ,200,,Knock_out_Thread Group 1-1049,text,true,,3218,338,265,265,https://pabsa.impressicocrm.com/api/tournament/119922/players,2336,0,0
1680594055852,2447,Home page ,200,OK,Knock_out_Thread Group 1-1169,text,true,,3033,309,265,265,https://pabsa.impressicocrm.com/,2446,0,1299
1680594055773,2550,Get Players schedule,200,,Knock_out_Thread Group 1-1000,text,true,,5441,338,265,265,https://pabsa.impressicocrm.com/api/tournament/119922/matches,2550,0,0
1680594055856,2476,Get single knockout Player details,200,,Knock_out_Thread Group 1-978,text,true,,1210,326,265,265,https://pabsa.impressicocrm.com/api/player/110368,2476,0,0
1680594054650,3690,Get tournamnent list ,200,,Knock_out_Thread Group 1-1115,text,true,,58880,389,265,265,https://pabsa.impressicocrm.com/api/tournament?limit=12&pageNumber=1&sportType=&tournamentName=&tournamentStyle=,2876,0,0
1680594056035,2331,Get knockout players list ,200,,Knock_out_Thread Group 1-960,text,true,,4598,340,266,266,https://pabsa.impressicocrm.com/api/tournament/118871/knockouts,2331,0,0
1680594056000,2381,Get Home page currency,200,,Knock_out_Thread Group 1-1107,text,true,,9153,321,266,266,https://pabsa.impressicocrm.com/api/currency,2381,0,0
1680594056081,2311,Get Home page country ,200,,Knock_out_Thread Group 1-1168,text,true,,17270,320,266,266,https://pabsa.impressicocrm.com/api/country,2311,0,0
1680594056088,2333,Get Break list ,200,,Knock_out_Thread Group 1-1023,text,true,,3218,338,266,266,https://pabsa.impressicocrm.com/api/tournament/119922/players,2333,0,0
1680594055945,2476,Get Players schedule,200,,Knock_out_Thread Group 1-989,text,true,,5441,338,266,266,https://pabsa.impressicocrm.com/api/tournament/119922/matches,2476,0,0
1680594053997,4432,Get tournamnent list ,200,,Knock_out_Thread Group 1-1121,text,true,,58865,389,266,266,https://pabsa.impressicocrm.com/api/tournament?limit=12&pageNumber=1&sportType=&tournamentName=&tournamentStyle=,2919,0,0
1680594055856,2578,Get Players schedule,200,,Knock_out_Thread Group 1-1017,text,true,,5441,338,266,266,https://pabsa.impressicocrm.com/api/tournament/119922/matches,2578,0,0
1680594055572,2867,Get Home page country ,200,,Knock_out_Thread Group 1-1161,text,true,,17270,320,266,266,https://pabsa.impressicocrm.com/api/country,2867,0,0
1680594055083,3358,Get tournamnent list ,200,,Knock_out_Thread Group 1-1116,text,true,,58888,389,266,266,https://pabsa.impressicocrm.com/api/tournament?limit=12&pageNumber=1&sportType=&tournamentName=&tournamentStyle=,2806,0,0
1680594055764,2710,Get tournament result,200,,Knock_out_Thread Group 1-934,text,true,,5441,338,267,267,https://pabsa.impressicocrm.com/api/tournament/119922/matches,2710,0,0
1680594058052,423,Home page ,200,OK,Knock_out_Thread Group 1-1191,text,true,,3033,309,267,267,https://pabsa.impressicocrm.com/,422,0,231
1680594056090,2389,Get Home page country ,200,,Knock_out_Thread Group 1-1165,text,true,,17270,320,267,267,https://pabsa.impressicocrm.com/api/country,2381,0,0
1680594056058,2421,Get Break list ,200,,Knock_out_Thread Group 1-1065,text,true,,3218,338,267,267,https://pabsa.impressicocrm.com/api/tournament/119922/players,2421,0,0
1680594055773,2710,Get tournament result,200,,Knock_out_Thread Group 1-932,text,true,,5441,338,267,267,https://pabsa.impressicocrm.com/api/tournament/119922/matches,2710,0,0
1680594056179,2304,Get knockout players list ,200,,Knock_out_Thread Group 1-998,text,true,,4598,340,267,267,https://pabsa.impressicocrm.com/api/tournament/118871/knockouts,2304,0,0
1680594056127,2364,Get Players list ,200,,Knock_out_Thread Group 1-1067,text,true,,3218,338,267,267,https://pabsa.impressicocrm.com/api/tournament/119922/players,2364,0,0
1680594056049,2451,Get Players list ,200,,Knock_out_Thread Group 1-1063,text,true,,3218,338,267,267,https://pabsa.impressicocrm.com/api/tournament/119922/players,2451,0,0
1680594056140,2366,Get knockout players list ,200,,Knock_out_Thread Group 1-984,text,true,,4598,340,267,267,https://pabsa.impressicocrm.com/api/tournament/118871/knockouts,2366,0,0
1680594054237,4278,Get tournamnent list ,200,,Knock_out_Thread Group 1-1124,text,true,,58888,389,267,267,https://pabsa.impressicocrm.com/api/tournament?limit=12&pageNumber=1&sportType=&tournamentName=&tournamentStyle=,2851,0,0
1680594056165,2356,Get Players list ,200,,Knock_out_Thread Group 1-1087,text,true,,3218,338,267,267,https://pabsa.impressicocrm.com/api/tournament/119922/players,2356,0,0
1680594058152,379,Home page ,200,OK,Knock_out_Thread Group 1-1192,text,true,,3033,309,267,267,https://pabsa.impressicocrm.com/,379,0,280
1680594056035,2505,Get Players schedule,200,,Knock_out_Thread Group 1-1019,text,true,,5441,338,267,267,https://pabsa.impressicocrm.com/api/tournament/119922/matches,2505,0,0
1680594056120,2437,Get Players list ,200,,Knock_out_Thread Group 1-1093,text,true,,3218,338,268,268,https://pabsa.impressicocrm.com/api/tournament/119922/players,2437,0,0
1680594056189,2391,Get Break list ,200,,Knock_out_Thread Group 1-1046,text,true,,3218,338,268,268,https://pabsa.impressicocrm.com/api/tournament/119922/players,2391,0,0
1680594056289,2308,Get single knockout Player details,200,,Knock_out_Thread Group 1-971,text,true,,1210,326,268,268,https://pabsa.impressicocrm.com/api/player/110368,2308,0,0
1680594055572,3032,Get tournamnent list ,200,,Knock_out_Thread Group 1-1131,text,true,,58888,389,268,268,https://pabsa.impressicocrm.com/api/tournament?limit=12&pageNumber=1&sportType=&tournamentName=&tournamentStyle=,2571,0,0
1680594058252,356,Home page ,200,OK,Knock_out_Thread Group 1-1193,text,true,,3033,309,268,268,https://pabsa.impressicocrm.com/,356,0,269
1680594056027,2621,Get Home page country ,200,,Knock_out_Thread Group 1-1154,text,true,,17270,320,268,268,https://pabsa.impressicocrm.com/api/country,2573,0,0
1680594056069,2596,Get Home page currency,200,,Knock_out_Thread Group 1-1083,text,true,,9160,321,269,269,https://pabsa.impressicocrm.com/api/currency,2596,0,0
1680594055165,3512,Get tournamnent list ,200,,Knock_out_Thread Group 1-1114,text,true,,58880,389,269,269,https://pabsa.impressicocrm.com/api/tournament?limit=12&pageNumber=1&sportType=&tournamentName=&tournamentStyle=,2709,0,0
1680594056276,2413,Get Home page country ,200,,Knock_out_Thread Group 1-1167,text,true,,17270,320,269,269,https://pabsa.impressicocrm.com/api/country,2401,0,0
1680594056276,2423,Get Break list ,200,,Knock_out_Thread Group 1-1056,text,true,,3218,338,269,269,https://pabsa.impressicocrm.com/api/tournament/119922/players,2423,0,0
1680594056424,2279,Get single knockout Player details,200,,Knock_out_Thread Group 1-951,text,true,,1210,326,269,269,https://pabsa.impressicocrm.com/api/player/110368,2279,0,0
1680594056322,2381,Get Break list ,200,,Knock_out_Thread Group 1-1048,text,true,,3218,338,269,269,https://pabsa.impressicocrm.com/api/tournament/119922/players,2381,0,0
1680594058352,357,Home page ,200,OK,Knock_out_Thread Group 1-1194,text,true,,3033,309,269,269,https://pabsa.impressicocrm.com/,357,0,274
1680594056120,2596,Get Players schedule,200,,Knock_out_Thread Group 1-963,text,true,,5441,338,269,269,https://pabsa.impressicocrm.com/api/tournament/119922/matches,2596,0,0
1680594056314,2407,Get Home page currency,200,,Knock_out_Thread Group 1-1113,text,true,,9153,321,269,269,https://pabsa.impressicocrm.com/api/currency,2407,0,0
1680594056292,2438,Get knockout players list ,200,,Knock_out_Thread Group 1-955,text,true,,4598,340,269,269,https://pabsa.impressicocrm.com/api/tournament/118871/knockouts,2438,0,0
1680594058207,558,Get Home page currency,200,,Knock_out_Thread Group 1-1122,text,true,,9160,321,270,270,https://pabsa.impressicocrm.com/api/currency,558,0,0
1680594056127,2644,Get Players schedule,200,,Knock_out_Thread Group 1-995,text,true,,5441,338,270,270,https://pabsa.impressicocrm.com/api/tournament/119922/matches,2644,0,0
1680594056478,2315,Get Break list ,200,,Knock_out_Thread Group 1-1061,text,true,,3218,338,270,270,https://pabsa.impressicocrm.com/api/tournament/119922/players,2315,0,0
1680594056387,2424,Get playerA_Vs_playerB,200,,Knock_out_Thread Group 1-935,text,true,,1239,341,270,270,https://pabsa.impressicocrm.com/api/tournament/matchScore/147598,2424,0,0
1680594056266,2566,Get knockout players list ,200,,Knock_out_Thread Group 1-964,text,true,,4598,340,269,269,https://pabsa.impressicocrm.com/api/tournament/118871/knockouts,2566,0,0
1680594055884,2957,Get Players list ,200,,Knock_out_Thread Group 1-1088,text,true,,3218,338,269,269,https://pabsa.impressicocrm.com/api/tournament/119922/players,2957,0,0
1680594056196,2649,Get Home page country ,200,,Knock_out_Thread Group 1-1159,text,true,,17255,320,269,269,https://pabsa.impressicocrm.com/api/country,2569,0,0
1680594056428,2417,Get Break list ,200,,Knock_out_Thread Group 1-1045,text,true,,3218,338,269,269,https://pabsa.impressicocrm.com/api/tournament/119922/players,2417,0,0
1680594055988,2857,Get Home page currency,200,,Knock_out_Thread Group 1-983,text,true,,9153,321,269,269,https://pabsa.impressicocrm.com/api/currency,2857,0,0
1680594056356,2489,Get Home page country ,200,,Knock_out_Thread Group 1-1171,text,true,,17270,320,269,269,https://pabsa.impressicocrm.com/api/country,2489,0,0
1680594056253,2609,Get Break list ,200,,Knock_out_Thread Group 1-1086,text,true,,3218,338,270,270,https://pabsa.impressicocrm.com/api/tournament/119922/players,2609,0,0
1680594056330,2535,Get tournament result,200,,Knock_out_Thread Group 1-937,text,true,,5441,338,270,270,https://pabsa.impressicocrm.com/api/tournament/119922/matches,2535,0,0
1680594054058,4810,Get playerA_Vs_playerB,200,,Knock_out_Thread Group 1-917,text,true,,1239,341,270,270,https://pabsa.impressicocrm.com/api/tournament/matchScore/147598,4810,0,0
1680594056286,2590,Get tournament result,200,,Knock_out_Thread Group 1-941,text,true,,5441,338,269,269,https://pabsa.impressicocrm.com/api/tournament/119922/matches,2590,0,0
1680594056387,2498,Get Home page country ,200,,Knock_out_Thread Group 1-1170,text,true,,17270,320,269,269,https://pabsa.impressicocrm.com/api/country,2498,0,0
1680594056623,2271,Get single knockout Player details,200,,Knock_out_Thread Group 1-991,text,true,,1210,326,269,269,https://pabsa.impressicocrm.com/api/player/110368,2271,0,0
1680594056595,2301,Get knockout players list ,200,,Knock_out_Thread Group 1-1012,text,true,,4598,340,269,269,https://pabsa.impressicocrm.com/api/tournament/118871/knockouts,2301,0,0
1680594056194,2721,Get Players list ,200,,Knock_out_Thread Group 1-1071,text,true,,3218,338,269,269,https://pabsa.impressicocrm.com/api/tournament/119922/players,2721,0,0
1680594056431,2485,Get Players schedule,200,,Knock_out_Thread Group 1-1033,text,true,,5441,338,269,269,https://pabsa.impressicocrm.com/api/tournament/119922/matches,2485,0,0
1680594055773,3154,Get tournamnent list ,200,,Knock_out_Thread Group 1-1137,text,true,,58880,389,269,269,https://pabsa.impressicocrm.com/api/tournament?limit=12&pageNumber=1&sportType=&tournamentName=&tournamentStyle=,2587,0,0
1680594057522,1407,Get tournamnent list ,200,,Knock_out_Thread Group 1-1155,text,true,,58880,389,269,269,https://pabsa.impressicocrm.com/api/tournament?limit=12&pageNumber=1&sportType=&tournamentName=&tournamentStyle=,723,0,0
1680594054092,4837,Get tournamnent list ,200,,Knock_out_Thread Group 1-1119,text,true,,58888,389,269,269,https://pabsa.impressicocrm.com/api/tournament?limit=12&pageNumber=1&sportType=&tournamentName=&tournamentStyle=,3941,0,0
1680594055875,3066,Get tournamnent list ,200,,Knock_out_Thread Group 1-1134,text,true,,58880,389,269,269,https://pabsa.impressicocrm.com/api/tournament?limit=12&pageNumber=1&sportType=&tournamentName=&tournamentStyle=,2593,0,0
1680594056483,2463,Get Break list ,200,,Knock_out_Thread Group 1-1042,text,true,,3218,338,269,269,https://pabsa.impressicocrm.com/api/tournament/119922/players,2463,0,0
1680594056688,2273,Get knockout players list ,200,,Knock_out_Thread Group 1-1006,text,true,,4598,340,270,270,https://pabsa.impressicocrm.com/api/tournament/118871/knockouts,2272,0,0
1680594056650,2316,Get Break list ,200,,Knock_out_Thread Group 1-1057,text,true,,3218,338,270,270,https://pabsa.impressicocrm.com/api/tournament/119922/players,2316,0,0
1680594056248,2722,Get Players schedule,200,,Knock_out_Thread Group 1-1027,text,true,,5441,338,270,270,https://pabsa.impressicocrm.com/api/tournament/119922/matches,2722,0,0
1680594056828,2142,Get tournamnent list ,200,,Knock_out_Thread Group 1-1145,text,true,,58880,389,270,270,https://pabsa.impressicocrm.com/api/tournament?limit=12&pageNumber=1&sportType=&tournamentName=&tournamentStyle=,842,0,0
1680594058453,517,Home page ,200,OK,Knock_out_Thread Group 1-1195,text,true,,3033,309,270,270,https://pabsa.impressicocrm.com/,517,0,206
1680594054423,4551,Get tournamnent list ,200,,Knock_out_Thread Group 1-1112,text,true,,58880,389,270,270,https://pabsa.impressicocrm.com/api/tournament?limit=12&pageNumber=1&sportType=&tournamentName=&tournamentStyle=,3235,0,0
1680594056266,2715,Get Players list ,200,,Knock_out_Thread Group 1-1100,text,true,,3218,338,270,270,https://pabsa.impressicocrm.com/api/tournament/119922/players,2715,0,0
1680594056561,2421,Get playerA_Vs_playerB,200,,Knock_out_Thread Group 1-942,text,true,,1239,341,270,270,https://pabsa.impressicocrm.com/api/tournament/matchScore/147598,2421,0,0
1680594056639,2385,Get Break list ,200,,Knock_out_Thread Group 1-1043,text,true,,3218,338,269,269,https://pabsa.impressicocrm.com/api/tournament/119922/players,2385,0,0
1680594056406,2619,Get Players schedule,200,,Knock_out_Thread Group 1-996,text,true,,5441,338,269,269,https://pabsa.impressicocrm.com/api/tournament/119922/matches,2619,0,0
1680594056609,2415,Get knockout players list ,200,,Knock_out_Thread Group 1-1016,text,true,,4598,340,269,269,https://pabsa.impressicocrm.com/api/tournament/118871/knockouts,2415,0,0
1680594054494,4540,Get Home page currency,200,,Knock_out_Thread Group 1-1091,text,true,,9160,321,269,269,https://pabsa.impressicocrm.com/api/currency,4540,0,0
1680594055266,3793,Get tournamnent list ,200,,Knock_out_Thread Group 1-1126,text,true,,58880,389,270,270,https://pabsa.impressicocrm.com/api/tournament?limit=12&pageNumber=1&sportType=&tournamentName=&tournamentStyle=,2847,0,0
1680594056690,2385,Get Players list ,200,,Knock_out_Thread Group 1-1089,text,true,,3218,338,270,270,https://pabsa.impressicocrm.com/api/tournament/119922/players,2385,0,0
1680594057052,2025,Home page ,200,OK,Knock_out_Thread Group 1-1181,text,true,,3033,309,270,270,https://pabsa.impressicocrm.com/,2025,0,1601
1680594058752,344,Home page ,200,OK,Knock_out_Thread Group 1-1198,text,true,,3033,309,270,270,https://pabsa.impressicocrm.com/,343,0,261
1680594056646,2464,Get Home page country ,200,,Knock_out_Thread Group 1-1174,text,true,,17270,320,270,270,https://pabsa.impressicocrm.com/api/country,2464,0,0
1680594056794,2327,Get knockout players list ,200,,Knock_out_Thread Group 1-1009,text,true,,4598,340,270,270,https://pabsa.impressicocrm.com/api/tournament/118871/knockouts,2327,0,0
1680594056733,2395,Get Players list ,200,,Knock_out_Thread Group 1-1055,text,true,,3218,338,270,270,https://pabsa.impressicocrm.com/api/tournament/119922/players,2395,0,0
1680594056743,2387,Get Home page country ,200,,Knock_out_Thread Group 1-1172,text,true,,17270,320,270,270,https://pabsa.impressicocrm.com/api/country,2387,0,0
1680594056477,2656,Get Players schedule,200,,Knock_out_Thread Group 1-952,text,true,,5441,338,270,270,https://pabsa.impressicocrm.com/api/tournament/119922/matches,2656,0,0
1680594058553,595,Home page ,200,OK,Knock_out_Thread Group 1-1196,text,true,,3033,309,270,270,https://pabsa.impressicocrm.com/,595,0,484
1680594056497,2652,Get tournament result,200,,Knock_out_Thread Group 1-936,text,true,,5441,338,270,270,https://pabsa.impressicocrm.com/api/tournament/119922/matches,2652,0,0
1680594056538,2615,Get Players schedule,200,,Knock_out_Thread Group 1-974,text,true,,5441,338,271,271,https://pabsa.impressicocrm.com/api/tournament/119922/matches,2615,0,0
1680594056477,2733,Get Home page currency,200,,Knock_out_Thread Group 1-1104,text,true,,9160,321,271,271,https://pabsa.impressicocrm.com/api/currency,2733,0,0
1680594056811,2399,Get Break list ,200,,Knock_out_Thread Group 1-1068,text,true,,3218,338,271,271,https://pabsa.impressicocrm.com/api/tournament/119922/players,2399,0,0
1680594056774,2440,Get Players list ,200,,Knock_out_Thread Group 1-1133,text,true,,3218,338,271,271,https://pabsa.impressicocrm.com/api/tournament/119922/players,2440,0,0
1680594056745,2470,Get Players list ,200,,Knock_out_Thread Group 1-1058,text,true,,3218,338,271,271,https://pabsa.impressicocrm.com/api/tournament/119922/players,2470,0,0
1680594056890,2351,Get single knockout Player details,200,,Knock_out_Thread Group 1-962,text,true,,1210,326,271,271,https://pabsa.impressicocrm.com/api/player/110368,2351,0,0
1680594056794,2451,Get Players list ,200,,Knock_out_Thread Group 1-1094,text,true,,3218,338,271,271,https://pabsa.impressicocrm.com/api/tournament/119922/players,2451,0,0
1680594056322,2946,Get knockout players list ,200,,Knock_out_Thread Group 1-947,text,true,,4598,340,272,272,https://pabsa.impressicocrm.com/api/tournament/118871/knockouts,2946,0,0
1680594056945,2328,Get single knockout Player details,200,,Knock_out_Thread Group 1-999,text,true,,1210,326,272,272,https://pabsa.impressicocrm.com/api/player/110368,2328,0,0
1680594056843,2447,Get Players list ,200,,Knock_out_Thread Group 1-1076,text,true,,3218,338,272,272,https://pabsa.impressicocrm.com/api/tournament/119922/players,2447,0,0
1680594056745,2560,Get Break list ,200,,Knock_out_Thread Group 1-1032,text,true,,3218,338,272,272,https://pabsa.impressicocrm.com/api/tournament/119922/players,2560,0,0
1680594056968,2342,Get knockout players list ,200,,Knock_out_Thread Group 1-1008,text,true,,4598,340,272,272,https://pabsa.impressicocrm.com/api/tournament/118871/knockouts,2342,0,0
1680594056869,2443,Get knockout players list ,200,,Knock_out_Thread Group 1-977,text,true,,4598,340,272,272,https://pabsa.impressicocrm.com/api/tournament/118871/knockouts,2443,0,0
1680594058952,372,Home page ,200,OK,Knock_out_Thread Group 1-1200,text,true,,3033,309,272,272,https://pabsa.impressicocrm.com/,372,0,278
1680594056988,2347,Get single knockout Player details,200,,Knock_out_Thread Group 1-981,text,true,,1210,326,272,272,https://pabsa.impressicocrm.com/api/player/110368,2347,0,0
1680594057018,2317,Get single knockout Player details,200,,Knock_out_Thread Group 1-944,text,true,,1210,326,272,272,https://pabsa.impressicocrm.com/api/player/110368,2317,0,0
1680594056669,2666,Get Players schedule,200,,Knock_out_Thread Group 1-1037,text,true,,5441,338,272,272,https://pabsa.impressicocrm.com/api/tournament/119922/matches,2666,0,0
1680594057059,2285,Get single knockout Player details,200,,Knock_out_Thread Group 1-1011,text,true,,1210,326,272,272,https://pabsa.impressicocrm.com/api/player/110368,2285,0,0
1680594054861,4510,Get Break list ,200,,Knock_out_Thread Group 1-945,text,true,,3218,338,273,273,https://pabsa.impressicocrm.com/api/tournament/119922/players,4510,0,0
1680594056695,2676,Get knockout players list ,200,,Knock_out_Thread Group 1-997,text,true,,4598,340,273,273,https://pabsa.impressicocrm.com/api/tournament/118871/knockouts,2676,0,0
1680594056945,2428,Get Players list ,200,,Knock_out_Thread Group 1-1047,text,true,,3218,338,273,273,https://pabsa.impressicocrm.com/api/tournament/119922/players,2428,0,0
1680594056766,2614,Get Players schedule,200,,Knock_out_Thread Group 1-972,text,true,,5441,338,273,273,https://pabsa.impressicocrm.com/api/tournament/119922/matches,2614,0,0
1680594056646,2744,Get Players list ,200,,Knock_out_Thread Group 1-1077,text,true,,3218,338,273,273,https://pabsa.impressicocrm.com/api/tournament/119922/players,2744,0,0
1680594054564,4835,Get playerA_Vs_playerB,200,,Knock_out_Thread Group 1-913,text,true,,1239,341,273,273,https://pabsa.impressicocrm.com/api/tournament/matchScore/147598,4835,0,0
1680594057118,2293,Get single knockout Player details,200,,Knock_out_Thread Group 1-968,text,true,,1210,326,272,272,https://pabsa.impressicocrm.com/api/player/110368,2293,0,0
1680594056752,2667,Get Home page currency,200,,Knock_out_Thread Group 1-1110,text,true,,9160,321,272,272,https://pabsa.impressicocrm.com/api/currency,2667,0,0
1680594056021,3400,Get tournamnent list ,200,,Knock_out_Thread Group 1-1138,text,true,,58888,389,272,272,https://pabsa.impressicocrm.com/api/tournament?limit=12&pageNumber=1&sportType=&tournamentName=&tournamentStyle=,2656,0,0
1680594056963,2471,Get Break list ,200,,Knock_out_Thread Group 1-948,text,true,,3218,338,272,272,https://pabsa.impressicocrm.com/api/tournament/119922/players,2471,0,0
1680594057128,2306,Get knockout players list ,200,,Knock_out_Thread Group 1-1021,text,true,,4598,340,272,272,https://pabsa.impressicocrm.com/api/tournament/118871/knockouts,2306,0,0
1680594054688,4766,Get Players schedule,200,,Knock_out_Thread Group 1-1026,text,true,,5441,338,273,273,https://pabsa.impressicocrm.com/api/tournament/119922/matches,4766,0,0
1680594056766,2688,Get knockout players list ,200,,Knock_out_Thread Group 1-1004,text,true,,4598,340,273,273,https://pabsa.impressicocrm.com/api/tournament/118871/knockouts,2688,0,0
1680594057022,2441,Get Break list ,200,,Knock_out_Thread Group 1-1064,text,true,,3218,338,273,273,https://pabsa.impressicocrm.com/api/tournament/119922/players,2441,0,0
1680594056956,2507,Get Players list ,200,,Knock_out_Thread Group 1-1095,text,true,,3218,338,273,273,https://pabsa.impressicocrm.com/api/tournament/119922/players,2507,0,0
1680594057026,2440,Get Home page currency,200,,Knock_out_Thread Group 1-1097,text,true,,9160,321,273,273,https://pabsa.impressicocrm.com/api/currency,2440,0,0
1680594057204,2265,Get single knockout Player details,200,,Knock_out_Thread Group 1-992,text,true,,1210,326,273,273,https://pabsa.impressicocrm.com/api/player/110368,2265,0,0
1680594057104,2368,Get knockout players list ,200,,Knock_out_Thread Group 1-1005,text,true,,4598,340,273,273,https://pabsa.impressicocrm.com/api/tournament/118871/knockouts,2368,0,0
1680594057243,2231,Get single knockout Player details,200,,Knock_out_Thread Group 1-1007,text,true,,1210,326,273,273,https://pabsa.impressicocrm.com/api/player/110368,2231,0,0
1680594057113,2374,Get Home page country ,200,,Knock_out_Thread Group 1-1175,text,true,,17270,320,273,273,https://pabsa.impressicocrm.com/api/country,2374,0,0
1680594051853,7668,Home page ,200,OK,Knock_out_Thread Group 1-1129,text,true,,3033,309,273,273,https://pabsa.impressicocrm.com/,7668,0,7558
1680594057064,2467,Get Home page currency,200,,Knock_out_Thread Group 1-1108,text,true,,9160,321,273,273,https://pabsa.impressicocrm.com/api/currency,2467,0,0
1680594059152,385,Home page ,200,OK,Knock_out_Thread Group 1-1202,text,true,,3033,309,273,273,https://pabsa.impressicocrm.com/,385,0,309
1680594056793,2758,Get Break list ,200,,Knock_out_Thread Group 1-1035,text,true,,3218,338,273,273,https://pabsa.impressicocrm.com/api/tournament/119922/players,2758,0,0
1680594055238,4328,Get tournamnent list ,200,,Knock_out_Thread Group 1-1123,text,true,,58880,389,274,274,https://pabsa.impressicocrm.com/api/tournament?limit=12&pageNumber=1&sportType=&tournamentName=&tournamentStyle=,3143,0,0
1680594057313,2274,Get single knockout Player details,200,,Knock_out_Thread Group 1-950,text,true,,1210,326,274,274,https://pabsa.impressicocrm.com/api/player/110368,2274,0,0
1680594057008,2579,Get Break list ,200,,Knock_out_Thread Group 1-1060,text,true,,3218,338,274,274,https://pabsa.impressicocrm.com/api/tournament/119922/players,2579,0,0
1680594057249,2369,Get knockout players list ,200,,Knock_out_Thread Group 1-946,text,true,,4598,340,274,274,https://pabsa.impressicocrm.com/api/tournament/118871/knockouts,2369,0,0
1680594058852,779,Home page ,200,OK,Knock_out_Thread Group 1-1199,text,true,,3033,309,274,274,https://pabsa.impressicocrm.com/,779,0,657
1680594056639,2998,Get tournamnent list ,200,,Knock_out_Thread Group 1-1148,text,true,,58888,389,274,274,https://pabsa.impressicocrm.com/api/tournament?limit=12&pageNumber=1&sportType=&tournamentName=&tournamentStyle=,2620,0,0
1680594056096,3546,Get tournamnent list ,200,,Knock_out_Thread Group 1-1142,text,true,,58880,389,274,274,https://pabsa.impressicocrm.com/api/tournament?limit=12&pageNumber=1&sportType=&tournamentName=&tournamentStyle=,2643,0,0
1680594057305,2367,Get Players list ,200,,Knock_out_Thread Group 1-929,text,true,,3218,338,275,275,https://pabsa.impressicocrm.com/api/tournament/119922/players,2367,0,0
1680594057201,2483,Get Break list ,200,,Knock_out_Thread Group 1-1034,text,true,,3218,338,275,275,https://pabsa.impressicocrm.com/api/tournament/119922/players,2483,0,0
1680594056852,2837,Get Players list ,200,,Knock_out_Thread Group 1-1078,text,true,,3218,338,275,275,https://pabsa.impressicocrm.com/api/tournament/119922/players,2837,0,0
1680594057068,2623,Get Players schedule,200,,Knock_out_Thread Group 1-1030,text,true,,5441,338,275,275,https://pabsa.impressicocrm.com/api/tournament/119922/matches,2623,0,0
1680594059052,649,Home page ,200,OK,Knock_out_Thread Group 1-1201,text,true,,3033,309,275,275,https://pabsa.impressicocrm.com/,649,0,566
1680594057180,2525,Get Players list ,200,,Knock_out_Thread Group 1-1073,text,true,,3218,338,275,275,https://pabsa.impressicocrm.com/api/tournament/119922/players,2525,0,0
1680594057408,2304,Get single knockout Player details,200,,Knock_out_Thread Group 1-987,text,true,,1210,326,275,275,https://pabsa.impressicocrm.com/api/player/110368,2304,0,0
1680594059253,462,Home page ,200,OK,Knock_out_Thread Group 1-1203,text,true,,3033,309,275,275,https://pabsa.impressicocrm.com/,462,0,222
1680594059352,388,Home page ,200,OK,Knock_out_Thread Group 1-1204,text,true,,3033,309,275,275,https://pabsa.impressicocrm.com/,388,0,299
1680594057327,2416,Get Break list ,200,,Knock_out_Thread Group 1-1062,text,true,,3218,338,275,275,https://pabsa.impressicocrm.com/api/tournament/119922/players,2416,0,0
1680594057451,2300,Get single knockout Player details,200,,Knock_out_Thread Group 1-961,text,true,,1210,326,275,275,https://pabsa.impressicocrm.com/api/player/110368,2300,0,0
1680594057341,2417,Get Break list ,200,,Knock_out_Thread Group 1-1053,text,true,,3218,338,276,276,https://pabsa.impressicocrm.com/api/tournament/119922/players,2417,0,0
1680594057025,2736,Get Players schedule,200,,Knock_out_Thread Group 1-1039,text,true,,5441,338,276,276,https://pabsa.impressicocrm.com/api/tournament/119922/matches,2736,0,0
1680594057373,2408,Get Break list ,200,,Knock_out_Thread Group 1-1099,text,true,,3218,338,276,276,https://pabsa.impressicocrm.com/api/tournament/119922/players,2408,0,0
1680594057462,2355,Get Players list ,200,,Knock_out_Thread Group 1-1079,text,true,,3218,338,276,276,https://pabsa.impressicocrm.com/api/tournament/119922/players,2355,0,0
1680594059552,280,Home page ,200,OK,Knock_out_Thread Group 1-1206,text,true,,3033,309,276,276,https://pabsa.impressicocrm.com/,280,0,218
1680594056656,3194,Get tournament result,200,,Knock_out_Thread Group 1-922,text,true,,5441,338,276,276,https://pabsa.impressicocrm.com/api/tournament/119922/matches,3194,0,0
1680594057083,2781,Get Break list ,200,,Knock_out_Thread Group 1-1070,text,true,,3218,338,277,277,https://pabsa.impressicocrm.com/api/tournament/119922/players,2781,0,0
1680594056977,2903,Get tournament result,200,,Knock_out_Thread Group 1-966,text,true,,5441,338,277,277,https://pabsa.impressicocrm.com/api/tournament/119922/matches,2903,0,0
1680594057515,2377,Get Break list ,200,,Knock_out_Thread Group 1-1072,text,true,,3218,338,277,277,https://pabsa.impressicocrm.com/api/tournament/119922/players,2377,0,0
1680594057409,2484,Get Home page country ,200,,Knock_out_Thread Group 1-1177,text,true,,17255,320,277,277,https://pabsa.impressicocrm.com/api/country,2483,0,0
1680594057359,2542,Get knockout players list ,200,,Knock_out_Thread Group 1-1002,text,true,,4598,340,277,277,https://pabsa.impressicocrm.com/api/tournament/118871/knockouts,2542,0,0
1680594057577,2353,Get single knockout Player details,200,,Knock_out_Thread Group 1-953,text,true,,1210,326,277,277,https://pabsa.impressicocrm.com/api/player/110368,2353,0,0
1680594057527,2403,Get Players list ,200,,Knock_out_Thread Group 1-1090,text,true,,3218,338,277,277,https://pabsa.impressicocrm.com/api/tournament/119922/players,2403,0,0
1680594057470,2465,Get knockout players list ,200,,Knock_out_Thread Group 1-1001,text,true,,4598,340,277,277,https://pabsa.impressicocrm.com/api/tournament/118871/knockouts,2465,0,0
1680594056777,3158,Get tournamnent list ,200,,Knock_out_Thread Group 1-1147,text,true,,58880,389,277,277,https://pabsa.impressicocrm.com/api/tournament?limit=12&pageNumber=1&sportType=&tournamentName=&tournamentStyle=,2642,0,0
1680594054704,5269,Get tournamnent list ,200,,Knock_out_Thread Group 1-1127,text,true,,58880,389,278,278,https://pabsa.impressicocrm.com/api/tournament?limit=12&pageNumber=1&sportType=&tournamentName=&tournamentStyle=,5016,0,0
1680594057577,2419,Get Break list ,200,,Knock_out_Thread Group 1-1074,text,true,,3218,338,278,278,https://pabsa.impressicocrm.com/api/tournament/119922/players,2419,0,0
1680594057408,2598,Get tournament result,200,,Knock_out_Thread Group 1-973,text,true,,5441,338,278,278,https://pabsa.impressicocrm.com/api/tournament/119922/matches,2598,0,0
1680594057620,2394,Get single knockout Player details,200,,Knock_out_Thread Group 1-985,text,true,,1210,326,278,278,https://pabsa.impressicocrm.com/api/player/110368,2394,0,0
1680594057514,2504,Get Break list ,200,,Knock_out_Thread Group 1-1040,text,true,,3218,338,278,278,https://pabsa.impressicocrm.com/api/tournament/119922/players,2504,0,0
1680594055580,4438,Get Players list ,200,,Knock_out_Thread Group 1-1081,text,true,,3218,338,278,278,https://pabsa.impressicocrm.com/api/tournament/119922/players,4438,0,0
1680594057521,2499,Get knockout players list ,200,,Knock_out_Thread Group 1-965,text,true,,4598,340,278,278,https://pabsa.impressicocrm.com/api/tournament/118871/knockouts,2499,0,0
1680594057612,2429,Get Players list ,200,,Knock_out_Thread Group 1-1092,text,true,,3218,338,278,278,https://pabsa.impressicocrm.com/api/tournament/119922/players,2429,0,0
1680594059652,412,Home page ,200,OK,Knock_out_Thread Group 1-1207,text,true,,3033,309,279,279,https://pabsa.impressicocrm.com/,411,0,314
1680594057719,2354,Get knockout players list ,200,,Knock_out_Thread Group 1-1022,text,true,,4598,340,279,279,https://pabsa.impressicocrm.com/api/tournament/118871/knockouts,2354,0,0
1680594059148,927,Get Home page country ,200,,Knock_out_Thread Group 1-1196,text,true,,17270,320,279,279,https://pabsa.impressicocrm.com/api/country,927,0,0
1680594059452,623,Home page ,200,OK,Knock_out_Thread Group 1-1205,text,true,,3033,309,279,279,https://pabsa.impressicocrm.com/,623,0,551
1680594057633,2454,Get playerA_Vs_playerB,200,,Knock_out_Thread Group 1-916,text,true,,1239,341,279,279,https://pabsa.impressicocrm.com/api/tournament/matchScore/147598,2454,0,0
1680594057788,2306,Get single knockout Player details,200,,Knock_out_Thread Group 1-958,text,true,,1210,326,278,278,https://pabsa.impressicocrm.com/api/player/110368,2306,0,0
1680594057685,2443,Get knockout players list ,200,,Knock_out_Thread Group 1-976,text,true,,4598,340,278,278,https://pabsa.impressicocrm.com/api/tournament/118871/knockouts,2443,0,0
1680594055518,4631,Get Break list ,200,,Knock_out_Thread Group 1-1025,text,true,,3218,338,278,278,https://pabsa.impressicocrm.com/api/tournament/119922/players,4631,0,0
1680594057670,2503,Get Home page currency,200,,Knock_out_Thread Group 1-1120,text,true,,9160,321,279,279,https://pabsa.impressicocrm.com/api/currency,2503,0,0
1680594057937,2264,Get single knockout Player details,200,,Knock_out_Thread Group 1-943,text,true,,1210,326,279,279,https://pabsa.impressicocrm.com/api/player/110368,2264,0,0
1680594057820,2381,Get Players list ,200,,Knock_out_Thread Group 1-1098,text,true,,3218,338,279,279,https://pabsa.impressicocrm.com/api/tournament/119922/players,2381,0,0
1680594057521,2685,Get tournament result,200,,Knock_out_Thread Group 1-927,text,true,,5441,338,279,279,https://pabsa.impressicocrm.com/api/tournament/119922/matches,2685,0,0
1680594057160,3077,Get Break list ,200,,Knock_out_Thread Group 1-1051,text,true,,3218,338,279,279,https://pabsa.impressicocrm.com/api/tournament/119922/players,3077,0,0
1680594057309,2931,Get knockout players list ,200,,Knock_out_Thread Group 1-949,text,true,,4598,340,279,279,https://pabsa.impressicocrm.com/api/tournament/118871/knockouts,2931,0,0
1680594059952,292,Home page ,200,OK,Knock_out_Thread Group 1-1210,text,true,,3033,309,279,279,https://pabsa.impressicocrm.com/,291,0,216
1680594057629,2634,Get Players schedule,200,,Knock_out_Thread Group 1-1028,text,true,,5441,338,280,280,https://pabsa.impressicocrm.com/api/tournament/119922/matches,2634,0,0
1680594057885,2411,Get Break list ,200,,Knock_out_Thread Group 1-1024,text,true,,3218,338,280,280,https://pabsa.impressicocrm.com/api/tournament/119922/players,2411,0,0
1680594059637,659,Get Home page currency,200,,Knock_out_Thread Group 1-1148,text,true,,9160,321,280,280,https://pabsa.impressicocrm.com/api/currency,659,0,0
1680594057633,2663,Get Break list ,200,,Knock_out_Thread Group 1-1041,text,true,,3218,338,280,280,https://pabsa.impressicocrm.com/api/tournament/119922/players,2663,0,0
1680594057914,2391,Get Break list ,200,,Knock_out_Thread Group 1-1080,text,true,,3218,338,280,280,https://pabsa.impressicocrm.com/api/tournament/119922/players,2391,0,0
1680594057901,2404,Get Home page country ,200,,Knock_out_Thread Group 1-1183,text,true,,17270,320,280,280,https://pabsa.impressicocrm.com/api/country,2404,0,0
1680594056345,3960,Get tournamnent list ,200,,Knock_out_Thread Group 1-1130,text,true,,58880,389,280,280,https://pabsa.impressicocrm.com/api/tournament?limit=12&pageNumber=1&sportType=&tournamentName=&tournamentStyle=,2654,0,0
1680594057938,2374,Get Break list ,200,,Knock_out_Thread Group 1-1066,text,true,,3218,338,280,280,https://pabsa.impressicocrm.com/api/tournament/119922/players,2374,0,0
1680594057949,2380,Get Players list ,200,,Knock_out_Thread Group 1-1084,text,true,,3218,338,280,280,https://pabsa.impressicocrm.com/api/tournament/119922/players,2380,0,0
1680594057894,2460,Get Home page country ,200,,Knock_out_Thread Group 1-1182,text,true,,17270,320,281,281,https://pabsa.impressicocrm.com/api/country,2460,0,0
1680594058014,2356,Get Home page country ,200,,Knock_out_Thread Group 1-1187,text,true,,17255,320,281,281,https://pabsa.impressicocrm.com/api/country,2354,0,0
1680594058028,2344,Get Home page country ,200,,Knock_out_Thread Group 1-1188,text,true,,17270,320,281,281,https://pabsa.impressicocrm.com/api/country,2342,0,0
1680594056554,3822,Get tournamnent list ,200,,Knock_out_Thread Group 1-1143,text,true,,58880,389,281,281,https://pabsa.impressicocrm.com/api/tournament?limit=12&pageNumber=1&sportType=&tournamentName=&tournamentStyle=,2676,0,0
1680594057985,2393,Get Players list ,200,,Knock_out_Thread Group 1-1096,text,true,,3218,338,281,281,https://pabsa.impressicocrm.com/api/tournament/119922/players,2393,0,0
1680594058652,1727,Home page ,200,OK,Knock_out_Thread Group 1-1197,text,true,,3033,309,281,281,https://pabsa.impressicocrm.com/,1726,0,1293
1680594057897,2493,Get Home page country ,200,,Knock_out_Thread Group 1-1185,text,true,,17270,320,281,281,https://pabsa.impressicocrm.com/api/country,2493,0,0
1680594056189,4236,Get tournamnent list ,200,,Knock_out_Thread Group 1-1135,text,true,,58865,389,281,281,https://pabsa.impressicocrm.com/api/tournament?limit=12&pageNumber=1&sportType=&tournamentName=&tournamentStyle=,2932,0,0
1680594058117,2310,Get single knockout Player details,200,,Knock_out_Thread Group 1-975,text,true,,1210,326,281,281,https://pabsa.impressicocrm.com/api/player/110368,2310,0,0
1680594059631,798,Get Home page country ,200,,Knock_out_Thread Group 1-1199,text,true,,17270,320,281,281,https://pabsa.impressicocrm.com/api/country,798,0,0
1680594058110,2322,Get single knockout Player details,200,,Knock_out_Thread Group 1-1014,text,true,,1210,326,281,281,https://pabsa.impressicocrm.com/api/player/110368,2322,0,0
1680594057767,2673,Get Players list ,200,,Knock_out_Thread Group 1-1082,text,true,,3218,338,281,281,https://pabsa.impressicocrm.com/api/tournament/119922/players,2673,0,0
1680594057654,2789,Get Home page country ,200,,Knock_out_Thread Group 1-1184,text,true,,17270,320,281,281,https://pabsa.impressicocrm.com/api/country,2789,0,0
1680594058117,2328,Get single knockout Player details,200,,Knock_out_Thread Group 1-994,text,true,,1210,326,281,281,https://pabsa.impressicocrm.com/api/player/110368,2328,0,0
1680594057443,3010,Get Break list ,200,,Knock_out_Thread Group 1-1069,text,true,,3218,338,282,282,https://pabsa.impressicocrm.com/api/tournament/119922/players,3010,0,0
1680594058127,2331,Get single knockout Player details,200,,Knock_out_Thread Group 1-980,text,true,,1210,326,282,282,https://pabsa.impressicocrm.com/api/player/110368,2331,0,0
1680594058089,2369,Get knockout players list ,200,,Knock_out_Thread Group 1-957,text,true,,4598,340,282,282,https://pabsa.impressicocrm.com/api/tournament/118871/knockouts,2369,0,0
1680594056120,4338,Get tournamnent list ,200,,Knock_out_Thread Group 1-1140,text,true,,58880,389,282,282,https://pabsa.impressicocrm.com/api/tournament?limit=12&pageNumber=1&sportType=&tournamentName=&tournamentStyle=,2781,0,0
1680594058077,2398,Get Players list ,200,,Knock_out_Thread Group 1-1105,text,true,,3218,338,282,282,https://pabsa.impressicocrm.com/api/tournament/119922/players,2398,0,0
1680594058169,2314,Get single knockout Player details,200,,Knock_out_Thread Group 1-969,text,true,,1210,326,282,282,https://pabsa.impressicocrm.com/api/player/110368,2314,0,0
1680594058098,2385,Get Players list ,200,,Knock_out_Thread Group 1-1085,text,true,,3218,338,282,282,https://pabsa.impressicocrm.com/api/tournament/119922/players,2385,0,0
1680594057964,2520,Get Home page country ,200,,Knock_out_Thread Group 1-1186,text,true,,17270,320,282,282,https://pabsa.impressicocrm.com/api/country,2520,0,0
1680594057559,2932,Get Home page currency,200,,Knock_out_Thread Group 1-1117,text,true,,9160,321,282,282,https://pabsa.impressicocrm.com/api/currency,2932,0,0
1680594057812,2679,Get tournament result,200,,Knock_out_Thread Group 1-967,text,true,,5441,338,282,282,https://pabsa.impressicocrm.com/api/tournament/119922/matches,2679,0,0
1680594058090,2401,Get knockout players list ,200,,Knock_out_Thread Group 1-956,text,true,,4598,340,282,282,https://pabsa.impressicocrm.com/api/tournament/118871/knockouts,2401,0,0
1680594057514,2983,Get knockout players list ,200,,Knock_out_Thread Group 1-988,text,true,,4598,340,282,282,https://pabsa.impressicocrm.com/api/tournament/118871/knockouts,2983,0,0
1680594057121,3398,Get Home page country ,200,,Knock_out_Thread Group 1-1178,text,true,,17270,320,282,282,https://pabsa.impressicocrm.com/api/country,3398,0,0
1680594057759,2761,Get tournament result,200,,Knock_out_Thread Group 1-979,text,true,,5441,338,282,282,https://pabsa.impressicocrm.com/api/tournament/119922/matches,2761,0,0
1680594058033,2487,Get Players list ,200,,Knock_out_Thread Group 1-1102,text,true,,3218,338,282,282,https://pabsa.impressicocrm.com/api/tournament/119922/players,2487,0,0
1680594058156,2368,Get Players list ,200,,Knock_out_Thread Group 1-1029,text,true,,3218,338,282,282,https://pabsa.impressicocrm.com/api/tournament/119922/players,2368,0,0
1680594057985,2549,Get tournament result,200,,Knock_out_Thread Group 1-959,text,true,,5441,338,282,282,https://pabsa.impressicocrm.com/api/tournament/119922/matches,2549,0,0
1680594058220,2318,Get single knockout Player details,200,,Knock_out_Thread Group 1-1003,text,true,,1210,326,282,282,https://pabsa.impressicocrm.com/api/player/110368,2318,0,0
1680594054131,6410,Get knockout players list ,200,,Knock_out_Thread Group 1-970,text,true,,4598,340,282,282,https://pabsa.impressicocrm.com/api/tournament/118871/knockouts,6410,0,0
1680594058220,2324,Get single knockout Player details,200,,Knock_out_Thread Group 1-993,text,true,,1210,326,282,282,https://pabsa.impressicocrm.com/api/player/110368,2324,0,0
1680594058086,2484,Get Home page currency,200,,Knock_out_Thread Group 1-1118,text,true,,9160,321,283,283,https://pabsa.impressicocrm.com/api/currency,2484,0,0
1680594056273,4297,Get tournamnent list ,200,,Knock_out_Thread Group 1-1144,text,true,,58888,389,283,283,https://pabsa.impressicocrm.com/api/tournament?limit=12&pageNumber=1&sportType=&tournamentName=&tournamentStyle=,2635,0,0
1680594058163,2412,Get Break list ,200,,Knock_out_Thread Group 1-1044,text,true,,3218,338,283,283,https://pabsa.impressicocrm.com/api/tournament/119922/players,2412,0,0
1680594058184,2398,Get playerA_Vs_playerB,200,,Knock_out_Thread Group 1-902,text,true,,1239,341,283,283,https://pabsa.impressicocrm.com/api/tournament/matchScore/147598,2398,0,0
1680594058014,2568,Get Home page country ,200,,Knock_out_Thread Group 1-1180,text,true,,17255,320,283,283,https://pabsa.impressicocrm.com/api/country,2568,0,0
1680594059852,730,Home page ,200,OK,Knock_out_Thread Group 1-1209,text,true,,3033,309,283,283,https://pabsa.impressicocrm.com/,730,0,538
1680594057160,3450,Get tournamnent list ,200,,Knock_out_Thread Group 1-1153,text,true,,58888,389,282,282,https://pabsa.impressicocrm.com/api/tournament?limit=12&pageNumber=1&sportType=&tournamentName=&tournamentStyle=,2661,0,0
1680594057704,2913,Get Home page country ,200,,Knock_out_Thread Group 1-1176,text,true,,17270,320,282,282,https://pabsa.impressicocrm.com/api/country,2913,0,0
1680594058189,2428,Get Home page country ,200,,Knock_out_Thread Group 1-1179,text,true,,17255,320,282,282,https://pabsa.impressicocrm.com/api/country,2427,0,0
1680594057820,2801,Get Break list ,200,,Knock_out_Thread Group 1-1075,text,true,,3218,338,282,282,https://pabsa.impressicocrm.com/api/tournament/119922/players,2801,0,0
1680594058082,2539,Get knockout players list ,200,,Knock_out_Thread Group 1-954,text,true,,4598,340,282,282,https://pabsa.impressicocrm.com/api/tournament/118871/knockouts,2539,0,0
1680594058188,2433,Get knockout players list ,200,,Knock_out_Thread Group 1-986,text,true,,4598,340,282,282,https://pabsa.impressicocrm.com/api/tournament/118871/knockouts,2433,0,0
1680594058192,2429,Get knockout players list ,200,,Knock_out_Thread Group 1-1018,text,true,,4591,340,282,282,https://pabsa.impressicocrm.com/api/tournament/118871/knockouts,2429,0,0
1680594060153,477,Home page ,200,OK,Knock_out_Thread Group 1-1212,text,true,,3033,309,282,282,https://pabsa.impressicocrm.com/,477,0,397
1680594058012,2622,Get Players schedule,200,,Knock_out_Thread Group 1-1038,text,true,,5435,338,282,282,https://pabsa.impressicocrm.com/api/tournament/119922/matches,2622,0,0
1680594058259,2386,Get knockout players list ,200,,Knock_out_Thread Group 1-1020,text,true,,4598,340,282,282,https://pabsa.impressicocrm.com/api/tournament/118871/knockouts,2386,0,0
1680594058280,2385,Get Players list ,200,,Knock_out_Thread Group 1-1101,text,true,,3218,338,283,283,https://pabsa.impressicocrm.com/api/tournament/119922/players,2385,0,0
1680594057583,3100,Get tournamnent list ,200,,Knock_out_Thread Group 1-1160,text,true,,58888,389,283,283,https://pabsa.impressicocrm.com/api/tournament?limit=12&pageNumber=1&sportType=&tournamentName=&tournamentStyle=,2717,0,0
1680594060352,342,Home page ,200,OK,Knock_out_Thread Group 1-1214,text,true,,3033,309,283,283,https://pabsa.impressicocrm.com/,341,0,265
1680594058367,2332,Get single knockout Player details,200,,Knock_out_Thread Group 1-960,text,true,,1210,326,283,283,https://pabsa.impressicocrm.com/api/player/110368,2332,0,0
1680594058275,2424,Get Home page currency,200,,Knock_out_Thread Group 1-1125,text,true,,9160,321,283,283,https://pabsa.impressicocrm.com/api/currency,2424,0,0
1680594057696,3036,Get Players schedule,200,,Knock_out_Thread Group 1-1052,text,true,,5441,338,283,283,https://pabsa.impressicocrm.com/api/tournament/119922/matches,3036,0,0
1680594058086,2649,Get Players list ,200,,Knock_out_Thread Group 1-1103,text,true,,3218,338,283,283,https://pabsa.impressicocrm.com/api/tournament/119922/players,2649,0,0
1680594058299,2446,Get Break list ,200,,Knock_out_Thread Group 1-1049,text,true,,3218,338,283,283,https://pabsa.impressicocrm.com/api/tournament/119922/players,2446,0,0
1680594058086,2663,Get Players schedule,200,,Knock_out_Thread Group 1-1036,text,true,,5441,338,283,283,https://pabsa.impressicocrm.com/api/tournament/119922/matches,2663,0,0
1680594058381,2388,Get Players list ,200,,Knock_out_Thread Group 1-1107,text,true,,3218,338,284,284,https://pabsa.impressicocrm.com/api/tournament/119922/players,2388,0,0
1680594057249,3522,Get tournamnent list ,200,,Knock_out_Thread Group 1-1151,text,true,,58888,389,284,284,https://pabsa.impressicocrm.com/api/tournament?limit=12&pageNumber=1&sportType=&tournamentName=&tournamentStyle=,2813,0,0
1680594058207,2578,Get Home page currency,200,,Knock_out_Thread Group 1-1031,text,true,,9160,321,284,284,https://pabsa.impressicocrm.com/api/currency,2578,0,0
1680594057481,3349,Get tournamnent list ,200,,Knock_out_Thread Group 1-1157,text,true,,58888,389,284,284,https://pabsa.impressicocrm.com/api/tournament?limit=12&pageNumber=1&sportType=&tournamentName=&tournamentStyle=,2725,0,0
1680594058435,2397,Get knockout players list ,200,,Knock_out_Thread Group 1-1017,text,true,,4598,340,284,284,https://pabsa.impressicocrm.com/api/tournament/118871/knockouts,2397,0,0
1680594058299,2557,Get Home page country ,200,,Knock_out_Thread Group 1-1169,text,true,,17270,320,285,285,https://pabsa.impressicocrm.com/api/country,2552,0,0
1680594057963,2898,Get Players schedule,200,,Knock_out_Thread Group 1-1054,text,true,,5441,338,285,285,https://pabsa.impressicocrm.com/api/tournament/119922/matches,2898,0,0
1680594057521,3368,Get tournamnent list ,200,,Knock_out_Thread Group 1-1158,text,true,,58888,389,285,285,https://pabsa.impressicocrm.com/api/tournament?limit=12&pageNumber=1&sportType=&tournamentName=&tournamentStyle=,2659,0,0
1680594057105,3786,Get tournamnent list ,200,,Knock_out_Thread Group 1-1152,text,true,,58865,389,285,285,https://pabsa.impressicocrm.com/api/tournament?limit=12&pageNumber=1&sportType=&tournamentName=&tournamentStyle=,2640,0,0
1680594058421,2470,Get knockout players list ,200,,Knock_out_Thread Group 1-989,text,true,,4598,340,285,285,https://pabsa.impressicocrm.com/api/tournament/118871/knockouts,2470,0,0
1680594058483,2427,Get single knockout Player details,200,,Knock_out_Thread Group 1-998,text,true,,1210,326,285,285,https://pabsa.impressicocrm.com/api/player/110368,2427,0,0
1680594058507,2415,Get single knockout Player details,200,,Knock_out_Thread Group 1-984,text,true,,1210,326,285,285,https://pabsa.impressicocrm.com/api/player/110368,2415,0,0
1680594058280,2642,Get Players schedule,200,,Knock_out_Thread Group 1-1015,text,true,,5435,338,285,285,https://pabsa.impressicocrm.com/api/tournament/119922/matches,2642,0,0
1680594058340,2585,Get Home page currency,200,,Knock_out_Thread Group 1-1115,text,true,,9160,321,285,285,https://pabsa.impressicocrm.com/api/currency,2585,0,0
1680594058483,2448,Get playerA_Vs_playerB,200,,Knock_out_Thread Group 1-932,text,true,,1239,341,285,285,https://pabsa.impressicocrm.com/api/tournament/matchScore/147598,2448,0,0
1680594058179,2758,Get knockout players list ,200,,Knock_out_Thread Group 1-1013,text,true,,4598,340,284,284,https://pabsa.impressicocrm.com/api/tournament/118871/knockouts,2758,0,0
1680594058475,2468,Get playerA_Vs_playerB,200,,Knock_out_Thread Group 1-934,text,true,,1239,341,284,284,https://pabsa.impressicocrm.com/api/tournament/matchScore/147598,2468,0,0
1680594060652,292,Home page ,200,OK,Knock_out_Thread Group 1-1217,text,true,,3033,309,284,284,https://pabsa.impressicocrm.com/,292,0,222
1680594058212,2739,Get Players schedule,200,,Knock_out_Thread Group 1-1059,text,true,,5435,338,283,283,https://pabsa.impressicocrm.com/api/tournament/119922/matches,2739,0,0
1680594058220,2736,Get tournament result,200,,Knock_out_Thread Group 1-990,text,true,,5441,338,284,284,https://pabsa.impressicocrm.com/api/tournament/119922/matches,2736,0,0
1680594058160,2805,Get Home page country ,200,,Knock_out_Thread Group 1-1189,text,true,,17270,320,284,284,https://pabsa.impressicocrm.com/api/country,2805,0,0
1680594058275,2690,Get tournament result,200,,Knock_out_Thread Group 1-982,text,true,,5441,338,284,284,https://pabsa.impressicocrm.com/api/tournament/119922/matches,2690,0,0
1680594060552,422,Home page ,200,OK,Knock_out_Thread Group 1-1216,text,true,,3033,309,284,284,https://pabsa.impressicocrm.com/,422,0,244
1680594059753,1237,Home page ,200,OK,Knock_out_Thread Group 1-1208,text,true,,3033,309,284,284,https://pabsa.impressicocrm.com/,1236,0,1113
1680594058254,2743,Get Home page country ,200,,Knock_out_Thread Group 1-1190,text,true,,17270,320,284,284,https://pabsa.impressicocrm.com/api/country,2743,0,0
1680594058501,2501,Get Break list ,200,,Knock_out_Thread Group 1-1063,text,true,,3218,338,284,284,https://pabsa.impressicocrm.com/api/tournament/119922/players,2501,0,0
1680594060484,522,Get Break list ,200,,Knock_out_Thread Group 1-1085,text,true,,3218,338,284,284,https://pabsa.impressicocrm.com/api/tournament/119922/players,522,0,0
1680594058332,2674,Get tournament result,200,,Knock_out_Thread Group 1-978,text,true,,5441,338,284,284,https://pabsa.impressicocrm.com/api/tournament/119922/matches,2674,0,0
1680594058540,2489,Get knockout players list ,200,,Knock_out_Thread Group 1-1019,text,true,,4598,340,284,284,https://pabsa.impressicocrm.com/api/tournament/118871/knockouts,2489,0,0
1680594058475,2561,Get Home page country ,200,,Knock_out_Thread Group 1-1191,text,true,,17270,320,284,284,https://pabsa.impressicocrm.com/api/country,2561,0,0
1680594060441,598,Get Break list ,200,,Knock_out_Thread Group 1-1082,text,true,,3218,338,284,284,https://pabsa.impressicocrm.com/api/tournament/119922/players,598,0,0
1680594058558,2492,Get Break list ,200,,Knock_out_Thread Group 1-1093,text,true,,3218,338,284,284,https://pabsa.impressicocrm.com/api/tournament/119922/players,2492,0,0
1680594057394,3656,Get tournamnent list ,200,,Knock_out_Thread Group 1-1136,text,true,,58880,389,284,284,https://pabsa.impressicocrm.com/api/tournament?limit=12&pageNumber=1&sportType=&tournamentName=&tournamentStyle=,3049,0,0
1680594058605,2468,Get Home page currency,200,,Knock_out_Thread Group 1-1131,text,true,,9153,321,285,285,https://pabsa.impressicocrm.com/api/currency,2468,0,0
1680594057245,3839,Get tournamnent list ,200,,Knock_out_Thread Group 1-1128,text,true,,58888,389,285,285,https://pabsa.impressicocrm.com/api/tournament?limit=12&pageNumber=1&sportType=&tournamentName=&tournamentStyle=,2879,0,0
1680594060452,632,Home page ,200,OK,Knock_out_Thread Group 1-1215,text,true,,3033,309,285,285,https://pabsa.impressicocrm.com/,632,0,549
1680594058515,2572,Get Home page currency,200,,Knock_out_Thread Group 1-1124,text,true,,9153,321,285,285,https://pabsa.impressicocrm.com/api/currency,2572,0,0
1680594058421,2673,Get Players schedule,200,,Knock_out_Thread Group 1-1023,text,true,,5441,338,285,285,https://pabsa.impressicocrm.com/api/tournament/119922/matches,2673,0,0
1680594058089,3007,Get tournamnent list ,200,,Knock_out_Thread Group 1-1163,text,true,,58880,389,285,285,https://pabsa.impressicocrm.com/api/tournament?limit=12&pageNumber=1&sportType=&tournamentName=&tournamentStyle=,2653,0,0
1680594060752,345,Home page ,200,OK,Knock_out_Thread Group 1-1218,text,true,,3033,309,285,285,https://pabsa.impressicocrm.com/,345,0,254
1680594055352,5745,Home page ,200,OK,Knock_out_Thread Group 1-1164,text,true,,3033,309,285,285,https://pabsa.impressicocrm.com/,5745,0,1300
1680594057249,3892,Get tournamnent list ,200,,Knock_out_Thread Group 1-1141,text,true,,58880,389,285,285,https://pabsa.impressicocrm.com/api/tournament?limit=12&pageNumber=1&sportType=&tournamentName=&tournamentStyle=,3251,0,0
1680594058122,3022,Get tournamnent list ,200,,Knock_out_Thread Group 1-1166,text,true,,58880,389,285,285,https://pabsa.impressicocrm.com/api/tournament?limit=12&pageNumber=1&sportType=&tournamentName=&tournamentStyle=,2704,0,0
1680594058730,2426,Get single knockout Player details,200,,Knock_out_Thread Group 1-955,text,true,,1210,326,286,286,https://pabsa.impressicocrm.com/api/player/110368,2426,0,0
1680594058833,2349,Get single knockout Player details,200,,Knock_out_Thread Group 1-964,text,true,,1210,326,286,286,https://pabsa.impressicocrm.com/api/player/110368,2349,0,0
1680594058771,2411,Get knockout players list ,200,,Knock_out_Thread Group 1-995,text,true,,4598,340,286,286,https://pabsa.impressicocrm.com/api/tournament/118871/knockouts,2411,0,0
1680594058480,2719,Get Players schedule,200,,Knock_out_Thread Group 1-1065,text,true,,5441,338,286,286,https://pabsa.impressicocrm.com/api/tournament/119922/matches,2719,0,0
1680594058665,2545,Get Players list ,200,,Knock_out_Thread Group 1-1083,text,true,,3218,338,286,286,https://pabsa.impressicocrm.com/api/tournament/119922/players,2545,0,0
1680594060635,589,Get knockout players list ,200,,Knock_out_Thread Group 1-1038,text,true,,4598,340,286,286,https://pabsa.impressicocrm.com/api/tournament/118871/knockouts,589,0,0
1680594058710,2532,Get Home page country ,200,,Knock_out_Thread Group 1-1194,text,true,,17270,320,286,286,https://pabsa.impressicocrm.com/api/country,2532,0,0
1680594058580,2662,Get Players schedule,200,,Knock_out_Thread Group 1-1046,text,true,,5441,338,286,286,https://pabsa.impressicocrm.com/api/tournament/119922/matches,2662,0,0
1680594058766,2488,Get Players list ,200,,Knock_out_Thread Group 1-1122,text,true,,3218,338,287,287,https://pabsa.impressicocrm.com/api/tournament/119922/players,2488,0,0
1680594058441,2842,Get Home page currency,200,,Knock_out_Thread Group 1-1116,text,true,,9153,321,287,287,https://pabsa.impressicocrm.com/api/currency,2842,0,0
1680594058608,2692,Get Home page country ,200,,Knock_out_Thread Group 1-1193,text,true,,17270,320,287,287,https://pabsa.impressicocrm.com/api/country,2616,0,0
1680594058841,2481,Get Break list ,200,,Knock_out_Thread Group 1-1088,text,true,,3218,338,287,287,https://pabsa.impressicocrm.com/api/tournament/119922/players,2481,0,0
1680594058877,2447,Get playerA_Vs_playerB,200,,Knock_out_Thread Group 1-941,text,true,,1239,341,287,287,https://pabsa.impressicocrm.com/api/tournament/matchScore/147598,2447,0,0
1680594058865,2471,Get playerA_Vs_playerB,200,,Knock_out_Thread Group 1-937,text,true,,1239,341,286,286,https://pabsa.impressicocrm.com/api/tournament/matchScore/147598,2471,0,0
1680594058597,2743,Get tournament result,200,,Knock_out_Thread Group 1-971,text,true,,5441,338,285,285,https://pabsa.impressicocrm.com/api/tournament/119922/matches,2743,0,0
1680594056751,4600,Get Home page currency,200,,Knock_out_Thread Group 1-1106,text,true,,9160,321,285,285,https://pabsa.impressicocrm.com/api/currency,4600,0,0
1680594058897,2460,Get single knockout Player details,200,,Knock_out_Thread Group 1-1012,text,true,,1210,326,286,286,https://pabsa.impressicocrm.com/api/player/110368,2460,0,0
1680594058677,2713,Get Home page currency,200,,Knock_out_Thread Group 1-1114,text,true,,9160,321,286,286,https://pabsa.impressicocrm.com/api/currency,2713,0,0
1680594058846,2575,Get Players list ,200,,Knock_out_Thread Group 1-983,text,true,,3218,338,286,286,https://pabsa.impressicocrm.com/api/tournament/119922/players,2575,0,0
1680594058793,2644,Get Players schedule,200,,Knock_out_Thread Group 1-1061,text,true,,5441,338,286,286,https://pabsa.impressicocrm.com/api/tournament/119922/matches,2644,0,0
1680594058971,2478,Get Home page country ,200,,Knock_out_Thread Group 1-1195,text,true,,17270,320,286,286,https://pabsa.impressicocrm.com/api/country,2478,0,0
1680594058716,2733,Get knockout players list ,200,,Knock_out_Thread Group 1-963,text,true,,4598,340,286,286,https://pabsa.impressicocrm.com/api/tournament/118871/knockouts,2733,0,0
1680594058722,2738,Get Players list ,200,,Knock_out_Thread Group 1-1113,text,true,,3218,338,287,287,https://pabsa.impressicocrm.com/api/tournament/119922/players,2738,0,0
1680594058970,2494,Get Home page currency,200,,Knock_out_Thread Group 1-1145,text,true,,9160,321,287,287,https://pabsa.impressicocrm.com/api/currency,2494,0,0
1680594059025,2449,Get single knockout Player details,200,,Knock_out_Thread Group 1-1016,text,true,,1210,326,287,287,https://pabsa.impressicocrm.com/api/player/110368,2449,0,0
1680594058915,2574,Get Break list ,200,,Knock_out_Thread Group 1-1071,text,true,,3218,338,287,287,https://pabsa.impressicocrm.com/api/tournament/119922/players,2574,0,0
1680594060938,554,Get single knockout Player details,200,,Knock_out_Thread Group 1-1013,text,true,,1210,326,287,287,https://pabsa.impressicocrm.com/api/player/110368,554,0,0
1680594057560,3951,Get tournamnent list ,200,,Knock_out_Thread Group 1-1173,text,true,,58880,389,287,287,https://pabsa.impressicocrm.com/api/tournament?limit=12&pageNumber=1&sportType=&tournamentName=&tournamentStyle=,3222,0,0
1680594058929,2589,Get Home page currency,200,,Knock_out_Thread Group 1-1155,text,true,,9160,321,287,287,https://pabsa.impressicocrm.com/api/currency,2589,0,0
1680594058532,2986,Get Home page country ,200,,Knock_out_Thread Group 1-1192,text,true,,17270,320,287,287,https://pabsa.impressicocrm.com/api/country,2986,0,0
1680594058928,2638,Get Home page currency,200,,Knock_out_Thread Group 1-1137,text,true,,9160,321,288,288,https://pabsa.impressicocrm.com/api/currency,2638,0,0
1680594059133,2433,Get knockout players list ,200,,Knock_out_Thread Group 1-952,text,true,,4598,340,288,288,https://pabsa.impressicocrm.com/api/tournament/118871/knockouts,2433,0,0
1680594057278,4295,Get tournamnent list ,200,,Knock_out_Thread Group 1-1150,text,true,,58880,389,288,288,https://pabsa.impressicocrm.com/api/tournament?limit=12&pageNumber=1&sportType=&tournamentName=&tournamentStyle=,2828,0,0
1680594059025,2552,Get knockout players list ,200,,Knock_out_Thread Group 1-996,text,true,,4598,340,288,288,https://pabsa.impressicocrm.com/api/tournament/118871/knockouts,2552,0,0
1680594059128,2474,Get Break list ,200,,Knock_out_Thread Group 1-1055,text,true,,3218,338,288,288,https://pabsa.impressicocrm.com/api/tournament/119922/players,2474,0,0
1680594059075,2552,Get Break list ,200,,Knock_out_Thread Group 1-1089,text,true,,3218,338,288,288,https://pabsa.impressicocrm.com/api/tournament/119922/players,2552,0,0
1680594058703,2941,Get Players schedule,200,,Knock_out_Thread Group 1-1048,text,true,,5441,338,288,288,https://pabsa.impressicocrm.com/api/tournament/119922/matches,2941,0,0
1680594058947,2699,Get Players schedule,200,,Knock_out_Thread Group 1-1042,text,true,,5441,338,288,288,https://pabsa.impressicocrm.com/api/tournament/119922/matches,2699,0,0
1680594058916,2730,Get knockout players list ,200,,Knock_out_Thread Group 1-1033,text,true,,4598,340,288,288,https://pabsa.impressicocrm.com/api/tournament/118871/knockouts,2730,0,0
1680594061352,298,Home page ,200,OK,Knock_out_Thread Group 1-1224,text,true,,3033,309,288,288,https://pabsa.impressicocrm.com/,298,0,221
1680594058974,2685,Get Home page currency,200,,Knock_out_Thread Group 1-1112,text,true,,9160,321,289,289,https://pabsa.impressicocrm.com/api/currency,2685,0,0
1680594059214,2459,Get Break list ,200,,Knock_out_Thread Group 1-1133,text,true,,3218,338,289,289,https://pabsa.impressicocrm.com/api/tournament/119922/players,2459,0,0
1680594058862,2811,Get Players schedule,200,,Knock_out_Thread Group 1-1086,text,true,,5435,338,289,289,https://pabsa.impressicocrm.com/api/tournament/119922/matches,2811,0,0
1680594059268,2409,Get single knockout Player details,200,,Knock_out_Thread Group 1-947,text,true,,1210,326,289,289,https://pabsa.impressicocrm.com/api/player/110368,2409,0,0
1680594059216,2471,Get Break list ,200,,Knock_out_Thread Group 1-1058,text,true,,3218,338,289,289,https://pabsa.impressicocrm.com/api/tournament/119922/players,2471,0,0
1680594059153,2534,Get knockout players list ,200,,Knock_out_Thread Group 1-974,text,true,,4598,340,289,289,https://pabsa.impressicocrm.com/api/tournament/118871/knockouts,2534,0,0
1680594059096,2592,Get Home page country ,200,,Knock_out_Thread Group 1-1198,text,true,,17255,320,289,289,https://pabsa.impressicocrm.com/api/country,2592,0,0
1680594058930,2758,Get Home page currency,200,,Knock_out_Thread Group 1-1119,text,true,,9160,321,289,289,https://pabsa.impressicocrm.com/api/currency,2758,0,0
1680594058703,2990,Get tournament result,200,,Knock_out_Thread Group 1-951,text,true,,5441,338,289,289,https://pabsa.impressicocrm.com/api/tournament/119922/matches,2990,0,0
1680594061152,542,Home page ,200,OK,Knock_out_Thread Group 1-1222,text,true,,3033,309,289,289,https://pabsa.impressicocrm.com/,542,0,475
1680594059210,2487,Get Players list ,200,,Knock_out_Thread Group 1-1104,text,true,,3218,338,289,289,https://pabsa.impressicocrm.com/api/tournament/119922/players,2487,0,0
1680594061053,646,Home page ,200,OK,Knock_out_Thread Group 1-1221,text,true,,3033,309,289,289,https://pabsa.impressicocrm.com/,646,0,244
1680594058895,2816,Get tournament result,200,,Knock_out_Thread Group 1-991,text,true,,5441,338,289,289,https://pabsa.impressicocrm.com/api/tournament/119922/matches,2816,0,0
1680594058429,3295,Get Home page currency,200,,Knock_out_Thread Group 1-1121,text,true,,9160,321,289,289,https://pabsa.impressicocrm.com/api/currency,3295,0,0
1680594059313,2425,Get single knockout Player details,200,,Knock_out_Thread Group 1-977,text,true,,1210,326,289,289,https://pabsa.impressicocrm.com/api/player/110368,2425,0,0
1680594059310,2428,Get single knockout Player details,200,,Knock_out_Thread Group 1-1008,text,true,,1210,326,289,289,https://pabsa.impressicocrm.com/api/player/110368,2428,0,0
1680594059245,2520,Get Break list ,200,,Knock_out_Thread Group 1-1094,text,true,,3218,338,290,290,https://pabsa.impressicocrm.com/api/tournament/119922/players,2520,0,0
1680594059335,2442,Get knockout players list ,200,,Knock_out_Thread Group 1-1037,text,true,,4598,340,290,290,https://pabsa.impressicocrm.com/api/tournament/118871/knockouts,2442,0,0
1680594057344,4441,Get Home page currency,200,,Knock_out_Thread Group 1-1111,text,true,,9160,321,290,290,https://pabsa.impressicocrm.com/api/currency,4441,0,0
1680594058700,3091,Get Players schedule,200,,Knock_out_Thread Group 1-1056,text,true,,5441,338,290,290,https://pabsa.impressicocrm.com/api/tournament/119922/matches,3091,0,0
1680594056817,4974,Get Break list ,200,,Knock_out_Thread Group 1-1050,text,true,,3218,338,290,290,https://pabsa.impressicocrm.com/api/tournament/119922/players,4974,0,0
1680594058967,2824,Get Players schedule,200,,Knock_out_Thread Group 1-1057,text,true,,5441,338,290,290,https://pabsa.impressicocrm.com/api/tournament/119922/matches,2824,0,0
1680594060922,869,Get tournament result,200,,Knock_out_Thread Group 1-984,text,true,,5441,338,290,290,https://pabsa.impressicocrm.com/api/tournament/119922/matches,869,0,0
1680594059371,2423,Get single knockout Player details,200,,Knock_out_Thread Group 1-997,text,true,,1210,326,290,290,https://pabsa.impressicocrm.com/api/player/110368,2423,0,0
1680594059122,2697,Get single knockout Player details,200,,Knock_out_Thread Group 1-1009,text,true,,1210,326,290,290,https://pabsa.impressicocrm.com/api/player/110368,2697,0,0
1680594061452,373,Home page ,200,OK,Knock_out_Thread Group 1-1225,text,true,,3033,309,290,290,https://pabsa.impressicocrm.com/,372,0,296
1680594055344,6526,Get tournamnent list ,200,,Knock_out_Thread Group 1-1132,text,true,,58888,389,291,291,https://pabsa.impressicocrm.com/api/tournament?limit=12&pageNumber=1&sportType=&tournamentName=&tournamentStyle=,2824,0,0
1680594059373,2503,Get Break list ,200,,Knock_out_Thread Group 1-1047,text,true,,3218,338,291,291,https://pabsa.impressicocrm.com/api/tournament/119922/players,2503,0,0
1680594059274,2605,Get tournament result,200,,Knock_out_Thread Group 1-999,text,true,,5441,338,291,291,https://pabsa.impressicocrm.com/api/tournament/119922/matches,2605,0,0
1680594059060,2836,Get Home page currency,200,,Knock_out_Thread Group 1-1126,text,true,,9160,321,291,291,https://pabsa.impressicocrm.com/api/currency,2836,0,0
1680594058392,3507,Get tournamnent list ,200,,Knock_out_Thread Group 1-1168,text,true,,58880,389,291,291,https://pabsa.impressicocrm.com/api/tournament?limit=12&pageNumber=1&sportType=&tournamentName=&tournamentStyle=,2637,0,0
1680594059434,2476,Get single knockout Player details,200,,Knock_out_Thread Group 1-1021,text,true,,1210,326,291,291,https://pabsa.impressicocrm.com/api/player/110368,2476,0,0
1680594059149,2780,Get playerA_Vs_playerB,200,,Knock_out_Thread Group 1-936,text,true,,1239,341,291,291,https://pabsa.impressicocrm.com/api/tournament/matchScore/147598,2780,0,0
1680594059455,2475,Get single knockout Player details,200,,Knock_out_Thread Group 1-1004,text,true,,1210,326,291,291,https://pabsa.impressicocrm.com/api/player/110368,2475,0,0
1680594059077,2868,Get Home page country ,200,,Knock_out_Thread Group 1-1181,text,true,,17270,320,290,290,https://pabsa.impressicocrm.com/api/country,2864,0,0
1680594058961,2985,Get single knockout Player details,200,,Knock_out_Thread Group 1-1006,text,true,,1210,326,290,290,https://pabsa.impressicocrm.com/api/player/110368,2985,0,0
1680594059325,2621,Get Home page country ,200,,Knock_out_Thread Group 1-1200,text,true,,17270,320,290,290,https://pabsa.impressicocrm.com/api/country,2621,0,0
1680594058941,3013,Get Home page currency,200,,Knock_out_Thread Group 1-1134,text,true,,9160,321,291,291,https://pabsa.impressicocrm.com/api/currency,3013,0,0
1680594059419,2544,Get Players list ,200,,Knock_out_Thread Group 1-1110,text,true,,3218,338,291,291,https://pabsa.impressicocrm.com/api/tournament/119922/players,2544,0,0
1680594061652,312,Home page ,200,OK,Knock_out_Thread Group 1-1227,text,true,,3033,309,291,291,https://pabsa.impressicocrm.com/,311,0,242
1680594059390,2612,Get Break list ,200,,Knock_out_Thread Group 1-1077,text,true,,3218,338,291,291,https://pabsa.impressicocrm.com/api/tournament/119922/players,2612,0,0
1680594058982,3021,Get Break list ,200,,Knock_out_Thread Group 1-1100,text,true,,3218,338,291,291,https://pabsa.impressicocrm.com/api/tournament/119922/players,3021,0,0
1680594059241,2771,Get tournament result,200,,Knock_out_Thread Group 1-962,text,true,,5441,338,291,291,https://pabsa.impressicocrm.com/api/tournament/119922/matches,2771,0,0
1680594059472,2543,Get single knockout Player details,200,,Knock_out_Thread Group 1-1005,text,true,,1210,326,291,291,https://pabsa.impressicocrm.com/api/player/110368,2543,0,0
1680594059467,2564,Get Players list ,200,,Knock_out_Thread Group 1-1097,text,true,,3218,338,291,291,https://pabsa.impressicocrm.com/api/tournament/119922/players,2564,0,0
1680594059210,2825,Get Players schedule,200,,Knock_out_Thread Group 1-1068,text,true,,5441,338,291,291,https://pabsa.impressicocrm.com/api/tournament/119922/matches,2825,0,0
1680594059464,2596,Get Break list ,200,,Knock_out_Thread Group 1-1095,text,true,,3218,338,292,292,https://pabsa.impressicocrm.com/api/tournament/119922/players,2596,0,0
1680594059422,2642,Get Home page currency,200,,Knock_out_Thread Group 1-1138,text,true,,9160,321,292,292,https://pabsa.impressicocrm.com/api/currency,2642,0,0
1680594059305,2774,Get Players schedule,200,,Knock_out_Thread Group 1-1032,text,true,,5441,338,292,292,https://pabsa.impressicocrm.com/api/tournament/119922/matches,2774,0,0
1680594059335,2753,Get tournament result,200,,Knock_out_Thread Group 1-944,text,true,,5441,338,292,292,https://pabsa.impressicocrm.com/api/tournament/119922/matches,2753,0,0
1680594057823,4282,Get single knockout Player details,200,,Knock_out_Thread Group 1-1010,text,true,,1210,326,292,292,https://pabsa.impressicocrm.com/api/player/110368,4282,0,0
1680594059335,2782,Get tournament result,200,,Knock_out_Thread Group 1-981,text,true,,5441,338,292,292,https://pabsa.impressicocrm.com/api/tournament/119922/matches,2782,0,0
1680594059411,2708,Get tournament result,200,,Knock_out_Thread Group 1-968,text,true,,5441,338,292,292,https://pabsa.impressicocrm.com/api/tournament/119922/matches,2708,0,0
1680594061252,876,Home page ,200,OK,Knock_out_Thread Group 1-1223,text,true,,3033,309,292,292,https://pabsa.impressicocrm.com/,875,0,658
1680594059531,2602,Get Players list ,200,,Knock_out_Thread Group 1-1108,text,true,,3218,338,292,292,https://pabsa.impressicocrm.com/api/tournament/119922/players,2602,0,0
1680594059455,2707,Get knockout players list ,200,,Knock_out_Thread Group 1-1026,text,true,,4598,340,293,293,https://pabsa.impressicocrm.com/api/tournament/118871/knockouts,2707,0,0
1680594059291,2895,Get Break list ,200,,Knock_out_Thread Group 1-1076,text,true,,3218,338,293,293,https://pabsa.impressicocrm.com/api/tournament/119922/players,2895,0,0
1680594059642,2564,Get Home page currency,200,,Knock_out_Thread Group 1-1142,text,true,,9160,321,293,293,https://pabsa.impressicocrm.com/api/currency,2564,0,0
1680594059380,2831,Get knockout players list ,200,,Knock_out_Thread Group 1-972,text,true,,4598,340,293,293,https://pabsa.impressicocrm.com/api/tournament/118871/knockouts,2831,0,0
1680594059345,2882,Get tournament result,200,,Knock_out_Thread Group 1-1011,text,true,,5441,338,293,293,https://pabsa.impressicocrm.com/api/tournament/119922/matches,2882,0,0
1680594060306,1921,Get tournamnent list ,200,,Knock_out_Thread Group 1-1183,text,true,,58880,389,293,293,https://pabsa.impressicocrm.com/api/tournament?limit=12&pageNumber=1&sportType=&tournamentName=&tournamentStyle=,709,0,0
1680594059537,2705,Get Home page country ,200,,Knock_out_Thread Group 1-1202,text,true,,17270,320,293,293,https://pabsa.impressicocrm.com/api/country,2682,0,0
1680594057883,4362,Get Home page currency,200,,Knock_out_Thread Group 1-1109,text,true,,9160,321,293,293,https://pabsa.impressicocrm.com/api/currency,4362,0,0
1680594060953,1293,Home page ,200,OK,Knock_out_Thread Group 1-1220,text,true,,3033,309,293,293,https://pabsa.impressicocrm.com/,1292,0,1229
1680594059689,2566,Get Break list ,200,,Knock_out_Thread Group 1-1078,text,true,,3218,338,294,294,https://pabsa.impressicocrm.com/api/tournament/119922/players,2566,0,0
1680594058439,3838,Get tournamnent list ,200,,Knock_out_Thread Group 1-1161,text,true,,58888,389,294,294,https://pabsa.impressicocrm.com/api/tournament?limit=12&pageNumber=1&sportType=&tournamentName=&tournamentStyle=,2827,0,0
1680594059463,2824,Get Players schedule,200,,Knock_out_Thread Group 1-1064,text,true,,5441,338,294,294,https://pabsa.impressicocrm.com/api/tournament/119922/matches,2824,0,0
1680594061953,348,Home page ,200,OK,Knock_out_Thread Group 1-1230,text,true,,3033,309,294,294,https://pabsa.impressicocrm.com/,348,0,266
1680594059716,2589,Get Home page country ,200,,Knock_out_Thread Group 1-1203,text,true,,17270,320,294,294,https://pabsa.impressicocrm.com/api/country,2589,0,0
1680594059470,2838,Get tournament result,200,,Knock_out_Thread Group 1-992,text,true,,5441,338,294,294,https://pabsa.impressicocrm.com/api/tournament/119922/matches,2838,0,0
1680594059475,2843,Get tournament result,200,,Knock_out_Thread Group 1-1007,text,true,,5441,338,294,294,https://pabsa.impressicocrm.com/api/tournament/119922/matches,2843,0,0
1680594059691,2649,Get knockout players list ,200,,Knock_out_Thread Group 1-1030,text,true,,4598,340,294,294,https://pabsa.impressicocrm.com/api/tournament/118871/knockouts,2649,0,0
1680594059587,2775,Get tournament result,200,,Knock_out_Thread Group 1-950,text,true,,5441,338,295,295,https://pabsa.impressicocrm.com/api/tournament/119922/matches,2775,0,0
1680594059702,2668,Get Home page country ,200,,Knock_out_Thread Group 1-1201,text,true,,17270,320,295,295,https://pabsa.impressicocrm.com/api/country,2668,0,0
1680594059833,2543,Get Home page country ,200,,Knock_out_Thread Group 1-1206,text,true,,17270,320,295,295,https://pabsa.impressicocrm.com/api/country,2540,0,0
1680594059761,2615,Get knockout players list ,200,,Knock_out_Thread Group 1-1039,text,true,,4598,340,295,295,https://pabsa.impressicocrm.com/api/tournament/118871/knockouts,2615,0,0
1680594059551,2829,Get Players schedule,200,,Knock_out_Thread Group 1-1035,text,true,,5441,338,295,295,https://pabsa.impressicocrm.com/api/tournament/119922/matches,2829,0,0
1680594059818,2564,Get Break list ,200,,Knock_out_Thread Group 1-1079,text,true,,3218,338,295,295,https://pabsa.impressicocrm.com/api/tournament/119922/players,2564,0,0
1680594057893,4489,Get tournamnent list ,200,,Knock_out_Thread Group 1-1139,text,true,,58880,389,295,295,https://pabsa.impressicocrm.com/api/tournament?limit=12&pageNumber=1&sportType=&tournamentName=&tournamentStyle=,2796,0,0
1680594059434,2951,Get Players schedule,200,,Knock_out_Thread Group 1-948,text,true,,5441,338,295,295,https://pabsa.impressicocrm.com/api/tournament/119922/matches,2951,0,0
1680594062052,338,Home page ,200,OK,Knock_out_Thread Group 1-1231,text,true,,3033,309,295,295,https://pabsa.impressicocrm.com/,338,0,257
1680594059706,2685,Get Break list ,200,,Knock_out_Thread Group 1-1073,text,true,,3218,338,295,295,https://pabsa.impressicocrm.com/api/tournament/119922/players,2685,0,0
1680594057514,4877,Get tournamnent list ,200,,Knock_out_Thread Group 1-1149,text,true,,58888,389,295,295,https://pabsa.impressicocrm.com/api/tournament?limit=12&pageNumber=1&sportType=&tournamentName=&tournamentStyle=,3175,0,0
1680594060354,2041,Get tournamnent list ,200,,Knock_out_Thread Group 1-1182,text,true,,58888,389,295,295,https://pabsa.impressicocrm.com/api/tournament?limit=12&pageNumber=1&sportType=&tournamentName=&tournamentStyle=,973,0,0
1680594059618,2781,Get single knockout Player details,200,,Knock_out_Thread Group 1-946,text,true,,1210,326,295,295,https://pabsa.impressicocrm.com/api/player/110368,2781,0,0
1680594059851,2556,Get playerA_Vs_playerB,200,,Knock_out_Thread Group 1-922,text,true,,1239,341,295,295,https://pabsa.impressicocrm.com/api/tournament/matchScore/147598,2556,0,0
1680594059740,2676,Get Home page country ,200,,Knock_out_Thread Group 1-1204,text,true,,17270,320,294,294,https://pabsa.impressicocrm.com/api/country,2676,0,0
1680594059881,2538,Get playerA_Vs_playerB,200,,Knock_out_Thread Group 1-966,text,true,,1239,341,294,294,https://pabsa.impressicocrm.com/api/tournament/matchScore/147598,2538,0,0
1680594059901,2525,Get single knockout Player details,200,,Knock_out_Thread Group 1-1002,text,true,,1210,326,293,293,https://pabsa.impressicocrm.com/api/player/110368,2525,0,0
1680594059025,3402,Get Players schedule,200,,Knock_out_Thread Group 1-1043,text,true,,5435,338,293,293,https://pabsa.impressicocrm.com/api/tournament/119922/matches,3401,0,0
1680594059684,2753,Get Players schedule,200,,Knock_out_Thread Group 1-1034,text,true,,5441,338,293,293,https://pabsa.impressicocrm.com/api/tournament/119922/matches,2753,0,0
1680594059587,2853,Get Players schedule,200,,Knock_out_Thread Group 1-1060,text,true,,5441,338,293,293,https://pabsa.impressicocrm.com/api/tournament/119922/matches,2853,0,0
1680594058886,3576,Get tournamnent list ,200,,Knock_out_Thread Group 1-1170,text,true,,58865,389,294,294,https://pabsa.impressicocrm.com/api/tournament?limit=12&pageNumber=1&sportType=&tournamentName=&tournamentStyle=,2935,0,0
1680594059371,3095,Get Players schedule,200,,Knock_out_Thread Group 1-945,text,true,,5441,338,294,294,https://pabsa.impressicocrm.com/api/tournament/119922/matches,3095,0,0
1680594060852,1620,Home page ,200,OK,Knock_out_Thread Group 1-1219,text,true,,3033,309,294,294,https://pabsa.impressicocrm.com/,1620,0,1531
1680594059930,2551,Get Break list ,200,,Knock_out_Thread Group 1-1090,text,true,,3218,338,294,294,https://pabsa.impressicocrm.com/api/tournament/119922/players,2551,0,0
1680594059936,2609,Get single knockout Player details,200,,Knock_out_Thread Group 1-1001,text,true,,1210,326,294,294,https://pabsa.impressicocrm.com/api/player/110368,2609,0,0
1680594060021,2542,Get single knockout Player details,200,,Knock_out_Thread Group 1-965,text,true,,1210,326,295,295,https://pabsa.impressicocrm.com/api/player/110368,2542,0,0
1680594059751,2812,Get tournament result,200,,Knock_out_Thread Group 1-961,text,true,,5441,338,295,295,https://pabsa.impressicocrm.com/api/tournament/119922/matches,2812,0,0
1680594058689,3897,Get tournamnent list ,200,,Knock_out_Thread Group 1-1167,text,true,,58888,389,295,295,https://pabsa.impressicocrm.com/api/tournament?limit=12&pageNumber=1&sportType=&tournamentName=&tournamentStyle=,3016,0,0
1680594059131,3455,Get tournamnent list ,200,,Knock_out_Thread Group 1-1172,text,true,,58888,389,295,295,https://pabsa.impressicocrm.com/api/tournament?limit=12&pageNumber=1&sportType=&tournamentName=&tournamentStyle=,2688,0,0
1680594062252,334,Home page ,200,OK,Knock_out_Thread Group 1-1233,text,true,,3033,309,295,295,https://pabsa.impressicocrm.com/,334,0,245
1680594058846,3745,Get tournamnent list ,200,,Knock_out_Thread Group 1-1171,text,true,,58880,389,295,295,https://pabsa.impressicocrm.com/api/tournament?limit=12&pageNumber=1&sportType=&tournamentName=&tournamentStyle=,2733,0,0
1680594059781,2816,Get Players schedule,200,,Knock_out_Thread Group 1-1099,text,true,,5441,338,295,295,https://pabsa.impressicocrm.com/api/tournament/119922/matches,2816,0,0
1680594060074,2537,Get single knockout Player details,200,,Knock_out_Thread Group 1-1022,text,true,,1210,326,295,295,https://pabsa.impressicocrm.com/api/player/110368,2537,0,0
1680594059743,2868,Get Players schedule,200,,Knock_out_Thread Group 1-1062,text,true,,5441,338,295,295,https://pabsa.impressicocrm.com/api/tournament/119922/matches,2868,0,0
1680594062352,259,Home page ,200,OK,Knock_out_Thread Group 1-1234,text,true,,3033,309,295,295,https://pabsa.impressicocrm.com/,259,0,194
1680594061880,741,Get playerA_Vs_playerB,200,,Knock_out_Thread Group 1-999,text,true,,1239,341,295,295,https://pabsa.impressicocrm.com/api/tournament/matchScore/147598,741,0,0
1680594060042,2582,Get Break list ,200,,Knock_out_Thread Group 1-1092,text,true,,3218,338,294,294,https://pabsa.impressicocrm.com/api/tournament/119922/players,2582,0,0
1680594059758,2866,Get Players schedule,200,,Knock_out_Thread Group 1-1053,text,true,,5441,338,294,294,https://pabsa.impressicocrm.com/api/tournament/119922/matches,2866,0,0
1680594060129,2500,Get single knockout Player details,200,,Knock_out_Thread Group 1-976,text,true,,1210,326,294,294,https://pabsa.impressicocrm.com/api/player/110368,2500,0,0
1680594060009,2620,Get playerA_Vs_playerB,200,,Knock_out_Thread Group 1-973,text,true,,1239,341,294,294,https://pabsa.impressicocrm.com/api/tournament/matchScore/147598,2620,0,0
1680594059893,2751,Get Players schedule,200,,Knock_out_Thread Group 1-1072,text,true,,5435,338,293,293,https://pabsa.impressicocrm.com/api/tournament/119922/matches,2751,0,0
1680594059865,2797,Get Players schedule,200,,Knock_out_Thread Group 1-1070,text,true,,5441,338,294,294,https://pabsa.impressicocrm.com/api/tournament/119922/matches,2797,0,0
1680594059713,2952,Get tournament result,200,,Knock_out_Thread Group 1-987,text,true,,5441,338,294,294,https://pabsa.impressicocrm.com/api/tournament/119922/matches,2952,0,0
1680594059973,2699,Get Home page currency,200,,Knock_out_Thread Group 1-1127,text,true,,9153,321,294,294,https://pabsa.impressicocrm.com/api/currency,2699,0,0
1680594056873,5811,Get tournamnent list ,200,,Knock_out_Thread Group 1-1146,text,true,,58880,389,294,294,https://pabsa.impressicocrm.com/api/tournament?limit=12&pageNumber=1&sportType=&tournamentName=&tournamentStyle=,2919,0,0
1680594059487,3203,Get tournamnent list ,200,,Knock_out_Thread Group 1-1175,text,true,,58880,389,294,294,https://pabsa.impressicocrm.com/api/tournament?limit=12&pageNumber=1&sportType=&tournamentName=&tournamentStyle=,2814,0,0
1680594060075,2615,Get Home page country ,200,,Knock_out_Thread Group 1-1205,text,true,,17270,320,294,294,https://pabsa.impressicocrm.com/api/country,2615,0,0
1680594061853,838,Home page ,200,OK,Knock_out_Thread Group 1-1229,text,true,,3033,309,294,294,https://pabsa.impressicocrm.com/,837,0,692
1680594059936,2776,Get Home page currency,200,,Knock_out_Thread Group 1-1147,text,true,,9160,321,294,294,https://pabsa.impressicocrm.com/api/currency,2776,0,0
1680594060174,2538,Get Players list ,200,,Knock_out_Thread Group 1-1120,text,true,,3218,338,294,294,https://pabsa.impressicocrm.com/api/tournament/119922/players,2538,0,0
1680594060241,2493,Get single knockout Player details,200,,Knock_out_Thread Group 1-949,text,true,,1210,326,294,294,https://pabsa.impressicocrm.com/api/player/110368,2493,0,0
1680594060206,2534,Get playerA_Vs_playerB,200,,Knock_out_Thread Group 1-927,text,true,,1239,341,294,294,https://pabsa.impressicocrm.com/api/tournament/matchScore/147598,2534,0,0
1680594059672,3068,Get Break list ,200,,Knock_out_Thread Group 1-929,text,true,,3218,338,294,294,https://pabsa.impressicocrm.com/api/tournament/119922/players,3068,0,0
1680594060244,2545,Get Home page country ,200,,Knock_out_Thread Group 1-1210,text,true,,17255,320,294,294,https://pabsa.impressicocrm.com/api/country,2545,0,0
1680594058846,3943,Get tournamnent list ,200,,Knock_out_Thread Group 1-1159,text,true,,58888,389,294,294,https://pabsa.impressicocrm.com/api/tournament?limit=12&pageNumber=1&sportType=&tournamentName=&tournamentStyle=,2975,0,0
1680594060263,2529,Get knockout players list ,200,,Knock_out_Thread Group 1-1028,text,true,,4598,340,294,294,https://pabsa.impressicocrm.com/api/tournament/118871/knockouts,2529,0,0
1680594060064,2757,Get Home page country ,200,,Knock_out_Thread Group 1-1207,text,true,,17270,320,294,294,https://pabsa.impressicocrm.com/api/country,2757,0,0
1680594060297,2524,Get Players list ,200,,Knock_out_Thread Group 1-1148,text,true,,3218,338,294,294,https://pabsa.impressicocrm.com/api/tournament/119922/players,2524,0,0
1680594062452,373,Home page ,200,OK,Knock_out_Thread Group 1-1235,text,true,,3033,309,294,294,https://pabsa.impressicocrm.com/,372,0,282
1680594058324,4503,Get knockout players list ,200,,Knock_out_Thread Group 1-1000,text,true,,4598,340,294,294,https://pabsa.impressicocrm.com/api/tournament/118871/knockouts,4502,0,0
1680594060202,2634,Get Break list ,200,,Knock_out_Thread Group 1-1098,text,true,,3218,338,294,294,https://pabsa.impressicocrm.com/api/tournament/119922/players,2634,0,0
1680594061552,1301,Home page ,200,OK,Knock_out_Thread Group 1-1226,text,true,,3033,309,295,295,https://pabsa.impressicocrm.com/,1301,0,498
1680594060149,2732,Get Players schedule,200,,Knock_out_Thread Group 1-1025,text,true,,5441,338,295,295,https://pabsa.impressicocrm.com/api/tournament/119922/matches,2732,0,0
1680594058479,4405,Get tournamnent list ,200,,Knock_out_Thread Group 1-1165,text,true,,58888,389,295,295,https://pabsa.impressicocrm.com/api/tournament?limit=12&pageNumber=1&sportType=&tournamentName=&tournamentStyle=,2843,0,0
1680594059996,2891,Get Players schedule,200,,Knock_out_Thread Group 1-1074,text,true,,5441,338,295,295,https://pabsa.impressicocrm.com/api/tournament/119922/matches,2891,0,0
1680594060202,2698,Get tournament result,200,,Knock_out_Thread Group 1-943,text,true,,5441,338,295,295,https://pabsa.impressicocrm.com/api/tournament/119922/matches,2698,0,0
1680594060015,2907,Get tournament result,200,,Knock_out_Thread Group 1-985,text,true,,5441,338,295,295,https://pabsa.impressicocrm.com/api/tournament/119922/matches,2907,0,0
1680594062552,397,Home page ,200,OK,Knock_out_Thread Group 1-1236,text,true,,3033,309,295,295,https://pabsa.impressicocrm.com/,397,0,301
1680594060379,2631,Get Break list ,200,,Knock_out_Thread Group 1-1096,text,true,,3218,338,296,296,https://pabsa.impressicocrm.com/api/tournament/119922/players,2631,0,0
1680594060330,2729,Get Break list ,200,,Knock_out_Thread Group 1-1084,text,true,,3218,338,297,297,https://pabsa.impressicocrm.com/api/tournament/119922/players,2729,0,0
1680594059930,3139,Get tournament result,200,,Knock_out_Thread Group 1-953,text,true,,5441,338,297,297,https://pabsa.impressicocrm.com/api/tournament/119922/matches,3139,0,0
1680594062753,348,Home page ,200,OK,Knock_out_Thread Group 1-1238,text,true,,3033,309,297,297,https://pabsa.impressicocrm.com/,347,0,257
1680594060306,2807,Get Home page currency,200,,Knock_out_Thread Group 1-1130,text,true,,9160,321,297,297,https://pabsa.impressicocrm.com/api/currency,2807,0,0
1680594060094,3019,Get tournament result,200,,Knock_out_Thread Group 1-958,text,true,,5441,338,297,297,https://pabsa.impressicocrm.com/api/tournament/119922/matches,3019,0,0
1680594060458,2664,Get single knockout Player details,200,,Knock_out_Thread Group 1-957,text,true,,1210,326,297,297,https://pabsa.impressicocrm.com/api/player/110368,2664,0,0
1680594060237,2897,Get Players schedule,200,,Knock_out_Thread Group 1-1051,text,true,,5435,338,297,297,https://pabsa.impressicocrm.com/api/tournament/119922/matches,2897,0,0
1680594058648,4515,Get tournamnent list ,200,,Knock_out_Thread Group 1-1154,text,true,,58880,389,298,298,https://pabsa.impressicocrm.com/api/tournament?limit=12&pageNumber=1&sportType=&tournamentName=&tournamentStyle=,3440,0,0
1680594062377,802,Get single knockout Player details,200,,Knock_out_Thread Group 1-1039,text,true,,1210,326,298,298,https://pabsa.impressicocrm.com/api/player/110368,802,0,0
1680594062653,574,Home page ,200,OK,Knock_out_Thread Group 1-1237,text,true,,3033,309,298,298,https://pabsa.impressicocrm.com/,574,0,481
1680594058491,4750,Get Break list ,200,,Knock_out_Thread Group 1-1067,text,true,,3218,338,298,298,https://pabsa.impressicocrm.com/api/tournament/119922/players,4750,0,0
1680594060426,2815,Get Home page currency,200,,Knock_out_Thread Group 1-1135,text,true,,9160,321,298,298,https://pabsa.impressicocrm.com/api/currency,2815,0,0
1680594060492,2764,Get playerA_Vs_playerB,200,,Knock_out_Thread Group 1-967,text,true,,1239,341,299,299,https://pabsa.impressicocrm.com/api/tournament/matchScore/147598,2764,0,0
1680594061752,1524,Home page ,200,OK,Knock_out_Thread Group 1-1228,text,true,,3033,309,298,298,https://pabsa.impressicocrm.com/,1524,0,1301
1680594060306,3018,Get Players schedule,200,,Knock_out_Thread Group 1-1080,text,true,,5441,338,298,298,https://pabsa.impressicocrm.com/api/tournament/119922/matches,3018,0,0
1680594060520,2809,Get playerA_Vs_playerB,200,,Knock_out_Thread Group 1-979,text,true,,1239,341,298,298,https://pabsa.impressicocrm.com/api/tournament/matchScore/147598,2809,0,0
1680594060525,2841,Get Break list ,200,,Knock_out_Thread Group 1-1029,text,true,,3218,338,298,298,https://pabsa.impressicocrm.com/api/tournament/119922/players,2841,0,0
1680594060542,2824,Get single knockout Player details,200,,Knock_out_Thread Group 1-970,text,true,,1210,326,298,298,https://pabsa.impressicocrm.com/api/player/110368,2824,0,0
1680594059521,3865,Get Home page country ,200,,Knock_out_Thread Group 1-1129,text,true,,17270,320,298,298,https://pabsa.impressicocrm.com/api/country,3865,0,0
1680594060427,2964,Get tournament result,200,,Knock_out_Thread Group 1-975,text,true,,5441,338,298,298,https://pabsa.impressicocrm.com/api/tournament/119922/matches,2964,0,0
1680594060053,3375,Home page ,200,OK,Knock_out_Thread Group 1-1211,text,true,,3033,309,298,298,https://pabsa.impressicocrm.com/,3375,0,3301
1680594060520,2914,Get Break list ,200,,Knock_out_Thread Group 1-1102,text,true,,3218,338,298,298,https://pabsa.impressicocrm.com/api/tournament/119922/players,2914,0,0
1680594058122,5312,Get tournamnent list ,200,,Knock_out_Thread Group 1-1156,text,true,,58865,389,298,298,https://pabsa.impressicocrm.com/api/tournament?limit=12&pageNumber=1&sportType=&tournamentName=&tournamentStyle=,2701,0,0
1680594060433,3012,Get tournament result,200,,Knock_out_Thread Group 1-1014,text,true,,5435,338,298,298,https://pabsa.impressicocrm.com/api/tournament/119922/matches,3012,0,0
1680594060475,2982,Get Break list ,200,,Knock_out_Thread Group 1-1105,text,true,,3218,338,299,299,https://pabsa.impressicocrm.com/api/tournament/119922/players,2982,0,0
1680594060621,2836,Get single knockout Player details,200,,Knock_out_Thread Group 1-986,text,true,,1210,326,299,299,https://pabsa.impressicocrm.com/api/player/110368,2836,0,0
1680594062952,508,Home page ,200,OK,Knock_out_Thread Group 1-1240,text,true,,3033,309,299,299,https://pabsa.impressicocrm.com/,508,0,434
1680594060621,2855,Get single knockout Player details,200,,Knock_out_Thread Group 1-1018,text,true,,1210,326,299,299,https://pabsa.impressicocrm.com/api/player/110368,2855,0,0
1680594060297,3186,Get Players schedule,200,,Knock_out_Thread Group 1-1024,text,true,,5435,338,299,299,https://pabsa.impressicocrm.com/api/tournament/119922/matches,3186,0,0
1680594060492,2991,Get Players list ,200,,Knock_out_Thread Group 1-1117,text,true,,3218,338,299,299,https://pabsa.impressicocrm.com/api/tournament/119922/players,2991,0,0
1680594060645,2840,Get single knockout Player details,200,,Knock_out_Thread Group 1-1020,text,true,,1210,326,299,299,https://pabsa.impressicocrm.com/api/player/110368,2840,0,0
1680594060492,3000,Get single knockout Player details,200,,Knock_out_Thread Group 1-956,text,true,,1210,326,299,299,https://pabsa.impressicocrm.com/api/player/110368,3000,0,0
1680594060458,3034,Get tournament result,200,,Knock_out_Thread Group 1-980,text,true,,5441,338,299,299,https://pabsa.impressicocrm.com/api/tournament/119922/matches,3034,0,0
1680594060445,3060,Get tournament result,200,,Knock_out_Thread Group 1-994,text,true,,5441,338,299,299,https://pabsa.impressicocrm.com/api/tournament/119922/matches,3060,0,0
1680594060570,2941,Get Players list ,200,,Knock_out_Thread Group 1-1118,text,true,,3218,338,299,299,https://pabsa.impressicocrm.com/api/tournament/119922/players,2941,0,0
1680594060379,3145,Get Home page country ,200,,Knock_out_Thread Group 1-1197,text,true,,17270,320,299,299,https://pabsa.impressicocrm.com/api/country,3145,0,0
1680594060453,3088,Get Players schedule,200,,Knock_out_Thread Group 1-1069,text,true,,5441,338,299,299,https://pabsa.impressicocrm.com/api/tournament/119922/matches,3088,0,0
1680594060497,3087,Get single knockout Player details,200,,Knock_out_Thread Group 1-988,text,true,,1210,326,300,300,https://pabsa.impressicocrm.com/api/player/110368,3087,0,0
1680594060665,2924,Get Break list ,200,,Knock_out_Thread Group 1-1101,text,true,,3218,338,300,300,https://pabsa.impressicocrm.com/api/tournament/119922/players,2924,0,0
1680594060610,2999,Get Home page currency,200,,Knock_out_Thread Group 1-1153,text,true,,9153,321,300,300,https://pabsa.impressicocrm.com/api/currency,2999,0,0
1680594060458,3151,Get Home page currency,200,,Knock_out_Thread Group 1-1140,text,true,,9160,321,300,300,https://pabsa.impressicocrm.com/api/currency,3151,0,0
1680594060631,2978,Get Home page country ,200,,Knock_out_Thread Group 1-1212,text,true,,17270,320,300,300,https://pabsa.impressicocrm.com/api/country,2978,0,0
1680594060583,3083,Get Home page country ,200,,Knock_out_Thread Group 1-1209,text,true,,17255,320,301,301,https://pabsa.impressicocrm.com/api/country,3030,0,0
1680594058521,5149,Get Break list ,200,,Knock_out_Thread Group 1-1087,text,true,,3218,338,301,301,https://pabsa.impressicocrm.com/api/tournament/119922/players,5149,0,0
1680594062152,1522,Home page ,200,OK,Knock_out_Thread Group 1-1232,text,true,,3033,309,301,301,https://pabsa.impressicocrm.com/,1521,0,1367
1680594060534,3144,Get playerA_Vs_playerB,200,,Knock_out_Thread Group 1-959,text,true,,1239,341,301,301,https://pabsa.impressicocrm.com/api/tournament/matchScore/147598,3144,0,0
1680594063252,434,Home page ,200,OK,Knock_out_Thread Group 1-1243,text,true,,3033,309,300,300,https://pabsa.impressicocrm.com/,434,0,233
1680594063353,343,Home page ,200,OK,Knock_out_Thread Group 1-1244,text,true,,3033,309,300,300,https://pabsa.impressicocrm.com/,343,0,260
1680594060694,3007,Get Home page country ,200,,Knock_out_Thread Group 1-1214,text,true,,17270,320,300,300,https://pabsa.impressicocrm.com/api/country,3002,0,0
1680594060544,3168,Get tournament result,200,,Knock_out_Thread Group 1-993,text,true,,5441,338,300,300,https://pabsa.impressicocrm.com/api/tournament/119922/matches,3168,0,0
1680594063052,664,Home page ,200,OK,Knock_out_Thread Group 1-1241,text,true,,3033,309,300,300,https://pabsa.impressicocrm.com/,664,0,595
1680594060861,2862,Get knockout players list ,200,,Knock_out_Thread Group 1-1054,text,true,,4598,340,300,300,https://pabsa.impressicocrm.com/api/tournament/118871/knockouts,2862,0,0
1680594060892,2835,Get single knockout Player details,200,,Knock_out_Thread Group 1-989,text,true,,1210,326,300,300,https://pabsa.impressicocrm.com/api/player/110368,2835,0,0
1680594060700,3034,Get Players list ,200,,Knock_out_Thread Group 1-1125,text,true,,3218,338,300,300,https://pabsa.impressicocrm.com/api/tournament/119922/players,3034,0,0
1680594060786,2955,Get Players list ,200,,Knock_out_Thread Group 1-1031,text,true,,3218,338,300,300,https://pabsa.impressicocrm.com/api/tournament/119922/players,2955,0,0
1680594060830,2929,Get Home page currency,200,,Knock_out_Thread Group 1-1157,text,true,,9160,321,301,301,https://pabsa.impressicocrm.com/api/currency,2928,0,0
1680594063453,311,Home page ,200,OK,Knock_out_Thread Group 1-1245,text,true,,3033,309,301,301,https://pabsa.impressicocrm.com/,311,0,238
1680594060313,3456,Get Players schedule,200,,Knock_out_Thread Group 1-1066,text,true,,5441,338,301,301,https://pabsa.impressicocrm.com/api/tournament/119922/matches,3456,0,0
1680594060749,3020,Get knockout players list ,200,,Knock_out_Thread Group 1-1036,text,true,,4598,340,301,301,https://pabsa.impressicocrm.com/api/tournament/118871/knockouts,3020,0,0
1680594060575,3209,Get Players schedule,200,,Knock_out_Thread Group 1-1044,text,true,,5441,338,301,301,https://pabsa.impressicocrm.com/api/tournament/119922/matches,3209,0,0
1680594062852,941,Home page ,200,OK,Knock_out_Thread Group 1-1239,text,true,,3033,309,301,301,https://pabsa.impressicocrm.com/,941,0,726
1680594060736,3066,Get Break list ,200,,Knock_out_Thread Group 1-1103,text,true,,3218,338,301,301,https://pabsa.impressicocrm.com/api/tournament/119922/players,3066,0,0
1680594060892,2919,Get Home page currency,200,,Knock_out_Thread Group 1-1152,text,true,,9160,321,301,301,https://pabsa.impressicocrm.com/api/currency,2919,0,0
1680594060965,2846,Get playerA_Vs_playerB,200,,Knock_out_Thread Group 1-982,text,true,,1239,341,301,301,https://pabsa.impressicocrm.com/api/tournament/matchScore/147598,2846,0,0
1680594060956,2862,Get playerA_Vs_playerB,200,,Knock_out_Thread Group 1-990,text,true,,1239,341,300,300,https://pabsa.impressicocrm.com/api/tournament/matchScore/147598,2862,0,0
1680594060923,2909,Get knockout players list ,200,,Knock_out_Thread Group 1-1015,text,true,,4598,340,299,299,https://pabsa.impressicocrm.com/api/tournament/118871/knockouts,2909,0,0
1680594060951,2887,Get knockout players list ,200,,Knock_out_Thread Group 1-1059,text,true,,4591,340,299,299,https://pabsa.impressicocrm.com/api/tournament/118871/knockouts,2887,0,0
1680594058970,4884,Get knockout players list ,200,,Knock_out_Thread Group 1-1027,text,true,,4598,340,300,300,https://pabsa.impressicocrm.com/api/tournament/118871/knockouts,4884,0,0
1680594060684,3171,Get Home page currency,200,,Knock_out_Thread Group 1-1160,text,true,,9160,321,300,300,https://pabsa.impressicocrm.com/api/currency,3171,0,0
1680594061029,2831,Get single knockout Player details,200,,Knock_out_Thread Group 1-1019,text,true,,1210,326,300,300,https://pabsa.impressicocrm.com/api/player/110368,2831,0,0
1680594059034,4829,Get Players list ,200,,Knock_out_Thread Group 1-1091,text,true,,3218,338,300,300,https://pabsa.impressicocrm.com/api/tournament/119922/players,4829,0,0
1680594063552,312,Home page ,200,OK,Knock_out_Thread Group 1-1246,text,true,,3033,309,300,300,https://pabsa.impressicocrm.com/,311,0,241
1680594061006,2862,Get playerA_Vs_playerB,200,,Knock_out_Thread Group 1-978,text,true,,1239,341,300,300,https://pabsa.impressicocrm.com/api/tournament/matchScore/147598,2862,0,0
1680594060772,3096,Get Home page currency,200,,Knock_out_Thread Group 1-1151,text,true,,9160,321,300,300,https://pabsa.impressicocrm.com/api/currency,3096,0,0
1680594060944,2941,Get Home page country ,200,,Knock_out_Thread Group 1-1217,text,true,,17270,320,299,299,https://pabsa.impressicocrm.com/api/country,2941,0,0
1680594060376,3526,Get Home page currency,200,,Knock_out_Thread Group 1-1143,text,true,,9160,321,299,299,https://pabsa.impressicocrm.com/api/currency,3526,0,0
1680594060019,3889,Get Break list ,200,,Knock_out_Thread Group 1-1081,text,true,,3218,338,299,299,https://pabsa.impressicocrm.com/api/tournament/119922/players,3889,0,0
1680594060297,3617,Get Players schedule,200,,Knock_out_Thread Group 1-1041,text,true,,5441,338,299,299,https://pabsa.impressicocrm.com/api/tournament/119922/matches,3617,0,0
1680594060990,2939,Get Home page country ,200,,Knock_out_Thread Group 1-1208,text,true,,17255,320,299,299,https://pabsa.impressicocrm.com/api/country,2939,0,0
1680594060370,3564,Get tournamnent list ,200,,Knock_out_Thread Group 1-1187,text,true,,58857,389,299,299,https://pabsa.impressicocrm.com/api/tournament?limit=12&pageNumber=1&sportType=&tournamentName=&tournamentStyle=,3090,0,0
1680594061050,2896,Get Home page currency,200,,Knock_out_Thread Group 1-1136,text,true,,9160,321,299,299,https://pabsa.impressicocrm.com/api/currency,2896,0,0
1680594060621,3338,Get Players schedule,200,,Knock_out_Thread Group 1-1075,text,true,,5441,338,300,300,https://pabsa.impressicocrm.com/api/tournament/119922/matches,3338,0,0
1680594060833,3139,Get single knockout Player details,200,,Knock_out_Thread Group 1-1017,text,true,,1210,326,300,300,https://pabsa.impressicocrm.com/api/player/110368,3139,0,0
1680594060745,3232,Get Players schedule,200,,Knock_out_Thread Group 1-1049,text,true,,5435,338,300,300,https://pabsa.impressicocrm.com/api/tournament/119922/matches,3232,0,0
1680594060700,3283,Get tournament result,200,,Knock_out_Thread Group 1-960,text,true,,5441,338,300,300,https://pabsa.impressicocrm.com/api/tournament/119922/matches,3283,0,0
1680594060621,3372,Get single knockout Player details,200,,Knock_out_Thread Group 1-954,text,true,,1210,326,300,300,https://pabsa.impressicocrm.com/api/player/110368,3372,0,0
1680594058846,5157,Get Players schedule,200,,Knock_out_Thread Group 1-1045,text,true,,5435,338,300,300,https://pabsa.impressicocrm.com/api/tournament/119922/matches,5157,0,0
1680594061097,2906,Get Home page currency,200,,Knock_out_Thread Group 1-1163,text,true,,9160,321,300,300,https://pabsa.impressicocrm.com/api/currency,2906,0,0
1680594060910,3097,Get tournament result,200,,Knock_out_Thread Group 1-998,text,true,,5441,338,300,300,https://pabsa.impressicocrm.com/api/tournament/119922/matches,3097,0,0
1680594060538,3491,Get tournament result,200,,Knock_out_Thread Group 1-1003,text,true,,5435,338,300,300,https://pabsa.impressicocrm.com/api/tournament/119922/matches,3491,0,0
1680594061073,2969,Get Players list ,200,,Knock_out_Thread Group 1-1131,text,true,,3218,338,300,300,https://pabsa.impressicocrm.com/api/tournament/119922/players,2969,0,0
1680594060075,3970,Get tournamnent list ,200,,Knock_out_Thread Group 1-1196,text,true,,58880,389,300,300,https://pabsa.impressicocrm.com/api/tournament?limit=12&pageNumber=1&sportType=&tournamentName=&tournamentStyle=,2946,0,0
1680594061182,2879,Get single knockout Player details,200,,Knock_out_Thread Group 1-995,text,true,,1210,326,301,301,https://pabsa.impressicocrm.com/api/player/110368,2878,0,0
1680594060889,3186,Get Home page currency,200,,Knock_out_Thread Group 1-1158,text,true,,9160,321,301,301,https://pabsa.impressicocrm.com/api/currency,3186,0,0
1680594063752,332,Home page ,200,OK,Knock_out_Thread Group 1-1248,text,true,,3033,309,301,301,https://pabsa.impressicocrm.com/,331,0,249
1680594060975,3110,Get Home page country ,200,,Knock_out_Thread Group 1-1216,text,true,,17270,320,301,301,https://pabsa.impressicocrm.com/api/country,3110,0,0
1680594062685,1404,Get Home page currency,200,,Knock_out_Thread Group 1-1146,text,true,,9160,321,301,301,https://pabsa.impressicocrm.com/api/currency,1404,0,0
1680594061085,3011,Get Home page country ,200,,Knock_out_Thread Group 1-1215,text,true,,17270,320,301,301,https://pabsa.impressicocrm.com/api/country,3010,0,0
1680594060391,3755,Get tournamnent list ,200,,Knock_out_Thread Group 1-1185,text,true,,58880,389,301,301,https://pabsa.impressicocrm.com/api/tournament?limit=12&pageNumber=1&sportType=&tournamentName=&tournamentStyle=,3000,0,0
1680594061199,2952,Get knockout players list ,200,,Knock_out_Thread Group 1-1065,text,true,,4598,340,302,302,https://pabsa.impressicocrm.com/api/tournament/118871/knockouts,2952,0,0
1680594063652,507,Home page ,200,OK,Knock_out_Thread Group 1-1247,text,true,,3033,309,302,302,https://pabsa.impressicocrm.com/,507,0,417
1680594061210,2956,Get Break list ,200,,Knock_out_Thread Group 1-1083,text,true,,3218,338,302,302,https://pabsa.impressicocrm.com/api/tournament/119922/players,2956,0,0
1680594061094,3079,Get knockout players list ,200,,Knock_out_Thread Group 1-1023,text,true,,4598,340,302,302,https://pabsa.impressicocrm.com/api/tournament/118871/knockouts,3079,0,0
1680594061254,2924,Get Break list ,200,,Knock_out_Thread Group 1-1122,text,true,,3218,338,302,302,https://pabsa.impressicocrm.com/api/tournament/119922/players,2924,0,0
1680594059893,4291,Get tournamnent list ,200,,Knock_out_Thread Group 1-1177,text,true,,58880,389,302,302,https://pabsa.impressicocrm.com/api/tournament?limit=12&pageNumber=1&sportType=&tournamentName=&tournamentStyle=,2960,0,0
1680594061006,3178,Get Players schedule,200,,Knock_out_Thread Group 1-1085,text,true,,5441,338,302,302,https://pabsa.impressicocrm.com/api/tournament/119922/matches,3178,0,0
1680594060925,3263,Get Players list ,200,,Knock_out_Thread Group 1-1115,text,true,,3218,338,302,302,https://pabsa.impressicocrm.com/api/tournament/119922/players,3263,0,0
1680594061283,2922,Get Players list ,200,,Knock_out_Thread Group 1-1116,text,true,,3218,338,302,302,https://pabsa.impressicocrm.com/api/tournament/119922/players,2922,0,0
1680594061341,2874,Get playerA_Vs_playerB,200,,Knock_out_Thread Group 1-971,text,true,,1239,341,302,302,https://pabsa.impressicocrm.com/api/tournament/matchScore/147598,2874,0,0
1680594061050,3167,Get Players schedule,200,,Knock_out_Thread Group 1-1093,text,true,,5441,338,301,301,https://pabsa.impressicocrm.com/api/tournament/119922/matches,3167,0,0
1680594061039,3186,Get Players schedule,200,,Knock_out_Thread Group 1-1082,text,true,,5435,338,301,301,https://pabsa.impressicocrm.com/api/tournament/119922/matches,3186,0,0
1680594061097,3129,Get Home page country ,200,,Knock_out_Thread Group 1-1218,text,true,,17270,320,301,301,https://pabsa.impressicocrm.com/api/country,3129,0,0
1680594060253,3973,Home page ,200,OK,Knock_out_Thread Group 1-1213,text,true,,3033,309,301,301,https://pabsa.impressicocrm.com/,3973,0,3754
1680594061242,2986,Get knockout players list ,200,,Knock_out_Thread Group 1-1046,text,true,,4598,340,301,301,https://pabsa.impressicocrm.com/api/tournament/118871/knockouts,2986,0,0
1680594061002,3232,Get Players schedule,200,,Knock_out_Thread Group 1-1063,text,true,,5441,338,301,301,https://pabsa.impressicocrm.com/api/tournament/119922/matches,3232,0,0
1680594061449,2803,Get single knockout Player details,200,,Knock_out_Thread Group 1-963,text,true,,1210,326,301,301,https://pabsa.impressicocrm.com/api/player/110368,2803,0,0
1680594061438,2814,Get knockout players list ,200,,Knock_out_Thread Group 1-1061,text,true,,4598,340,301,301,https://pabsa.impressicocrm.com/api/tournament/118871/knockouts,2814,0,0
1680594061142,3150,Get Home page currency,200,,Knock_out_Thread Group 1-1141,text,true,,9160,321,302,302,https://pabsa.impressicocrm.com/api/currency,3150,0,0
1680594060443,3883,Get tournamnent list ,200,,Knock_out_Thread Group 1-1184,text,true,,58880,389,302,302,https://pabsa.impressicocrm.com/api/tournament?limit=12&pageNumber=1&sportType=&tournamentName=&tournamentStyle=,3033,0,0
1680594063241,1088,Get Players schedule,200,,Knock_out_Thread Group 1-1067,text,true,,5441,338,302,302,https://pabsa.impressicocrm.com/api/tournament/119922/matches,1088,0,0
1680594061357,3004,Get tournament result,200,,Knock_out_Thread Group 1-1012,text,true,,5441,338,303,303,https://pabsa.impressicocrm.com/api/tournament/119922/matches,3004,0,0
1680594061391,2973,Get Players list ,200,,Knock_out_Thread Group 1-1114,text,true,,3218,338,303,303,https://pabsa.impressicocrm.com/api/tournament/119922/players,2973,0,0
1680594059567,4806,Get Home page currency,200,,Knock_out_Thread Group 1-1123,text,true,,9160,321,303,303,https://pabsa.impressicocrm.com/api/currency,4806,0,0
1680594061421,2960,Get Break list ,200,,Knock_out_Thread Group 1-983,text,true,,3218,338,303,303,https://pabsa.impressicocrm.com/api/tournament/119922/players,2960,0,0
1680594061351,3034,Get Players list ,200,,Knock_out_Thread Group 1-1106,text,true,,3218,338,303,303,https://pabsa.impressicocrm.com/api/tournament/119922/players,3034,0,0
1680594061224,3164,Get single knockout Player details,200,,Knock_out_Thread Group 1-1038,text,true,,1210,326,303,303,https://pabsa.impressicocrm.com/api/player/110368,3164,0,0
1680594061182,3213,Get tournament result,200,,Knock_out_Thread Group 1-964,text,true,,5441,338,303,303,https://pabsa.impressicocrm.com/api/tournament/119922/matches,3213,0,0
1680594061566,2832,Get single knockout Player details,200,,Knock_out_Thread Group 1-952,text,true,,1210,326,303,303,https://pabsa.impressicocrm.com/api/player/110368,2832,0,0
1680594060617,3781,Get tournamnent list ,200,,Knock_out_Thread Group 1-1179,text,true,,58880,389,303,303,https://pabsa.impressicocrm.com/api/tournament?limit=12&pageNumber=1&sportType=&tournamentName=&tournamentStyle=,3274,0,0
1680594061465,2950,Get Players list ,200,,Knock_out_Thread Group 1-1145,text,true,,3218,338,303,303,https://pabsa.impressicocrm.com/api/tournament/119922/players,2950,0,0
1680594061460,2961,Get Break list ,200,,Knock_out_Thread Group 1-1113,text,true,,3218,338,303,303,https://pabsa.impressicocrm.com/api/tournament/119922/players,2961,0,0
1680594061577,2844,Get single knockout Player details,200,,Knock_out_Thread Group 1-996,text,true,,1210,326,303,303,https://pabsa.impressicocrm.com/api/player/110368,2844,0,0
1680594061144,3277,Get Home page currency,200,,Knock_out_Thread Group 1-1166,text,true,,9160,321,303,303,https://pabsa.impressicocrm.com/api/currency,3277,0,0
1680594063852,578,Home page ,200,OK,Knock_out_Thread Group 1-1249,text,true,,3033,309,303,303,https://pabsa.impressicocrm.com/,578,0,209
1680594061647,2828,Get knockout players list ,200,,Knock_out_Thread Group 1-1042,text,true,,4598,340,304,304,https://pabsa.impressicocrm.com/api/tournament/118871/knockouts,2828,0,0
1680594064152,323,Home page ,200,OK,Knock_out_Thread Group 1-1252,text,true,,3033,309,304,304,https://pabsa.impressicocrm.com/,323,0,241
1680594061647,2834,Get single knockout Player details,200,,Knock_out_Thread Group 1-1033,text,true,,1210,326,304,304,https://pabsa.impressicocrm.com/api/player/110368,2834,0,0
1680594060732,3749,Get knockout players list ,200,,Knock_out_Thread Group 1-1052,text,true,,4598,340,304,304,https://pabsa.impressicocrm.com/api/tournament/118871/knockouts,3749,0,0
1680594061566,2915,Get Players list ,200,,Knock_out_Thread Group 1-1137,text,true,,3218,338,304,304,https://pabsa.impressicocrm.com/api/tournament/119922/players,2915,0,0
1680594063152,1329,Home page ,200,OK,Knock_out_Thread Group 1-1242,text,true,,3033,309,304,304,https://pabsa.impressicocrm.com/,1329,0,1259
1680594061573,2914,Get Home page currency,200,,Knock_out_Thread Group 1-1150,text,true,,9153,321,304,304,https://pabsa.impressicocrm.com/api/currency,2914,0,0
1680594062417,2081,Get tournamnent list ,200,,Knock_out_Thread Group 1-1204,text,true,,58880,389,304,304,https://pabsa.impressicocrm.com/api/tournament?limit=12&pageNumber=1&sportType=&tournamentName=&tournamentStyle=,1381,0,0
1680594061518,2985,Get Players list ,200,,Knock_out_Thread Group 1-1155,text,true,,3218,338,304,304,https://pabsa.impressicocrm.com/api/tournament/119922/players,2985,0,0
1680594061645,2871,Get knockout players list ,200,,Knock_out_Thread Group 1-1048,text,true,,4598,340,304,304,https://pabsa.impressicocrm.com/api/tournament/118871/knockouts,2871,0,0
1680594061650,2881,Get Home page country ,200,,Knock_out_Thread Group 1-1224,text,true,,17270,320,304,304,https://pabsa.impressicocrm.com/api/country,2881,0,0
1680594058299,6263,Get tournamnent list ,200,,Knock_out_Thread Group 1-1162,text,true,,58880,389,305,305,https://pabsa.impressicocrm.com/api/tournament?limit=12&pageNumber=1&sportType=&tournamentName=&tournamentStyle=,4880,0,0
1680594061688,2894,Get single knockout Player details,200,,Knock_out_Thread Group 1-974,text,true,,1210,326,305,305,https://pabsa.impressicocrm.com/api/player/110368,2894,0,0
1680594061694,2923,Get playerA_Vs_playerB,200,,Knock_out_Thread Group 1-951,text,true,,1239,341,305,305,https://pabsa.impressicocrm.com/api/tournament/matchScore/147598,2923,0,0
1680594061674,2983,Get knockout players list ,200,,Knock_out_Thread Group 1-1086,text,true,,4598,340,305,305,https://pabsa.impressicocrm.com/api/tournament/118871/knockouts,2983,0,0
1680594061688,2969,Get Players list ,200,,Knock_out_Thread Group 1-1119,text,true,,3218,338,305,305,https://pabsa.impressicocrm.com/api/tournament/119922/players,2969,0,0
1680594060519,4142,Get tournamnent list ,200,,Knock_out_Thread Group 1-1178,text,true,,58880,389,305,305,https://pabsa.impressicocrm.com/api/tournament?limit=12&pageNumber=1&sportType=&tournamentName=&tournamentStyle=,3281,0,0
1680594061677,2999,Get tournament result,200,,Knock_out_Thread Group 1-947,text,true,,5441,338,305,305,https://pabsa.impressicocrm.com/api/tournament/119922/matches,2999,0,0
1680594059111,5571,Get tournamnent list ,200,,Knock_out_Thread Group 1-1174,text,true,,58888,389,305,305,https://pabsa.impressicocrm.com/api/tournament?limit=12&pageNumber=1&sportType=&tournamentName=&tournamentStyle=,3590,0,0
1680594061511,3174,Get Home page currency,200,,Knock_out_Thread Group 1-1173,text,true,,9153,321,305,305,https://pabsa.impressicocrm.com/api/currency,3174,0,0
1680594061699,3003,Get Home page country ,200,,Knock_out_Thread Group 1-1221,text,true,,17270,320,305,305,https://pabsa.impressicocrm.com/api/country,3002,0,0
1680594060856,3847,Get tournamnent list ,200,,Knock_out_Thread Group 1-1169,text,true,,58888,389,305,305,https://pabsa.impressicocrm.com/api/tournament?limit=12&pageNumber=1&sportType=&tournamentName=&tournamentStyle=,3317,0,0
1680594061474,3235,Get tournament result,200,,Knock_out_Thread Group 1-1016,text,true,,5441,338,305,305,https://pabsa.impressicocrm.com/api/tournament/119922/matches,3235,0,0
1680594061711,3005,Get playerA_Vs_playerB,200,,Knock_out_Thread Group 1-991,text,true,,1239,341,305,305,https://pabsa.impressicocrm.com/api/tournament/matchScore/147598,3005,0,0
1680594061694,3048,Get Home page country ,200,,Knock_out_Thread Group 1-1222,text,true,,17255,320,304,304,https://pabsa.impressicocrm.com/api/country,3042,0,0
1680594061778,2969,Get single knockout Player details,200,,Knock_out_Thread Group 1-1037,text,true,,1210,326,304,304,https://pabsa.impressicocrm.com/api/player/110368,2969,0,0
1680594061489,3275,Get Players schedule,200,,Knock_out_Thread Group 1-1071,text,true,,5441,338,305,305,https://pabsa.impressicocrm.com/api/tournament/119922/matches,3275,0,0
1680594060372,4409,Get tournamnent list ,200,,Knock_out_Thread Group 1-1188,text,true,,58880,389,305,305,https://pabsa.impressicocrm.com/api/tournament?limit=12&pageNumber=1&sportType=&tournamentName=&tournamentStyle=,2859,0,0
1680594064453,338,Home page ,200,OK,Knock_out_Thread Group 1-1255,text,true,,3033,309,305,305,https://pabsa.impressicocrm.com/,338,0,263
1680594061084,3712,Get Home page currency,200,,Knock_out_Thread Group 1-1128,text,true,,9160,321,305,305,https://pabsa.impressicocrm.com/api/currency,3712,0,0
1680594064353,450,Home page ,200,OK,Knock_out_Thread Group 1-1254,text,true,,3033,309,305,305,https://pabsa.impressicocrm.com/,450,0,349
1680594061602,3209,Get Players schedule,200,,Knock_out_Thread Group 1-1055,text,true,,5441,338,305,305,https://pabsa.impressicocrm.com/api/tournament/119922/matches,3209,0,0
1680594061791,3029,Get knockout players list ,200,,Knock_out_Thread Group 1-1057,text,true,,4591,340,305,305,https://pabsa.impressicocrm.com/api/tournament/118871/knockouts,3029,0,0
1680594061674,3148,Get Players schedule,200,,Knock_out_Thread Group 1-1133,text,true,,5441,338,305,305,https://pabsa.impressicocrm.com/api/tournament/119922/matches,3148,0,0
1680594061300,3533,Get tournamnent list ,200,,Knock_out_Thread Group 1-1193,text,true,,58880,389,305,305,https://pabsa.impressicocrm.com/api/tournament?limit=12&pageNumber=1&sportType=&tournamentName=&tournamentStyle=,3200,0,0
1680594061688,3153,Get Players schedule,200,,Knock_out_Thread Group 1-1058,text,true,,5441,338,305,305,https://pabsa.impressicocrm.com/api/tournament/119922/matches,3153,0,0
1680594061791,3054,Get playerA_Vs_playerB,200,,Knock_out_Thread Group 1-984,text,true,,1239,341,305,305,https://pabsa.impressicocrm.com/api/tournament/matchScore/147598,3054,0,0
1680594063960,892,Get knockout players list ,200,,Knock_out_Thread Group 1-1075,text,true,,4598,340,305,305,https://pabsa.impressicocrm.com/api/tournament/118871/knockouts,892,0,0
1680594061738,3123,Get tournament result,200,,Knock_out_Thread Group 1-1008,text,true,,5441,338,305,305,https://pabsa.impressicocrm.com/api/tournament/119922/matches,3123,0,0
1680594061791,3074,Get knockout players list ,200,,Knock_out_Thread Group 1-1056,text,true,,4598,340,305,305,https://pabsa.impressicocrm.com/api/tournament/118871/knockouts,3074,0,0
1680594061724,3153,Get Players list ,200,,Knock_out_Thread Group 1-1121,text,true,,3218,338,305,305,https://pabsa.impressicocrm.com/api/tournament/119922/players,3153,0,0
1680594061659,3234,Get Players list ,200,,Knock_out_Thread Group 1-1112,text,true,,3218,338,305,305,https://pabsa.impressicocrm.com/api/tournament/119922/players,3234,0,0
1680594061492,3407,Get tournament result,200,,Knock_out_Thread Group 1-1013,text,true,,5435,338,305,305,https://pabsa.impressicocrm.com/api/tournament/119922/matches,3407,0,0
1680594061896,3008,Get Players list ,200,,Knock_out_Thread Group 1-1126,text,true,,3218,338,305,305,https://pabsa.impressicocrm.com/api/tournament/119922/players,3008,0,0
1680594061765,3147,Get Players schedule,200,,Knock_out_Thread Group 1-1094,text,true,,5435,338,305,305,https://pabsa.impressicocrm.com/api/tournament/119922/matches,3147,0,0
1680594061825,3094,Get Home page country ,200,,Knock_out_Thread Group 1-1225,text,true,,17270,320,305,305,https://pabsa.impressicocrm.com/api/country,3094,0,0
1680594061097,3834,Get Home page country ,200,,Knock_out_Thread Group 1-1164,text,true,,17270,320,305,305,https://pabsa.impressicocrm.com/api/country,3768,0,0
1680594064552,383,Home page ,200,OK,Knock_out_Thread Group 1-1256,text,true,,3033,309,305,305,https://pabsa.impressicocrm.com/,383,0,220
1680594061785,3156,Get Players list ,200,,Knock_out_Thread Group 1-1111,text,true,,3218,338,305,305,https://pabsa.impressicocrm.com/api/tournament/119922/players,3156,0,0
1680594061156,3808,Get tournament result,200,,Knock_out_Thread Group 1-955,text,true,,5435,338,306,306,https://pabsa.impressicocrm.com/api/tournament/119922/matches,3807,0,0
1680594061449,3529,Get tournamnent list ,200,,Knock_out_Thread Group 1-1195,text,true,,58888,389,306,306,https://pabsa.impressicocrm.com/api/tournament?limit=12&pageNumber=1&sportType=&tournamentName=&tournamentStyle=,3159,0,0
1680594060582,4402,Get tournamnent list ,200,,Knock_out_Thread Group 1-1180,text,true,,58865,389,306,306,https://pabsa.impressicocrm.com/api/tournament?limit=12&pageNumber=1&sportType=&tournamentName=&tournamentStyle=,3460,0,0
1680594061899,3106,Get Home page currency,200,,Knock_out_Thread Group 1-1168,text,true,,9160,321,306,306,https://pabsa.impressicocrm.com/api/currency,3106,0,0
1680594064253,765,Home page ,200,OK,Knock_out_Thread Group 1-1253,text,true,,3033,309,306,306,https://pabsa.impressicocrm.com/,765,0,608
1680594061322,3696,Get Players schedule,200,,Knock_out_Thread Group 1-1088,text,true,,5441,338,306,306,https://pabsa.impressicocrm.com/api/tournament/119922/matches,3696,0,0
1680594061738,3280,Get tournament result,200,,Knock_out_Thread Group 1-977,text,true,,5441,338,306,306,https://pabsa.impressicocrm.com/api/tournament/119922/matches,3280,0,0
1680594061871,3174,Get Home page currency,200,,Knock_out_Thread Group 1-1132,text,true,,9160,321,306,306,https://pabsa.impressicocrm.com/api/currency,3174,0,0
1680594061964,3081,Get Break list ,200,,Knock_out_Thread Group 1-1110,text,true,,3218,338,306,306,https://pabsa.impressicocrm.com/api/tournament/119922/players,3081,0,0
1680594064090,964,Get Players list ,200,,Knock_out_Thread Group 1-1146,text,true,,3218,338,307,307,https://pabsa.impressicocrm.com/api/tournament/119922/players,964,0,0
1680594064653,401,Home page ,200,OK,Knock_out_Thread Group 1-1257,text,true,,3033,309,307,307,https://pabsa.impressicocrm.com/,401,0,224
1680594060430,4630,Get tournamnent list ,200,,Knock_out_Thread Group 1-1199,text,true,,58880,389,307,307,https://pabsa.impressicocrm.com/api/tournament?limit=12&pageNumber=1&sportType=&tournamentName=&tournamentStyle=,3958,0,0
1680594061697,3382,Get Break list ,200,,Knock_out_Thread Group 1-1104,text,true,,3218,338,307,307,https://pabsa.impressicocrm.com/api/tournament/119922/players,3382,0,0
1680594061627,3452,Get Players schedule,200,,Knock_out_Thread Group 1-1089,text,true,,5441,338,307,307,https://pabsa.impressicocrm.com/api/tournament/119922/matches,3452,0,0
1680594061877,3213,Get Players schedule,200,,Knock_out_Thread Group 1-1047,text,true,,5441,338,307,307,https://pabsa.impressicocrm.com/api/tournament/119922/matches,3213,0,0
1680594061791,3299,Get Players schedule,200,,Knock_out_Thread Group 1-1050,text,true,,5441,338,307,307,https://pabsa.impressicocrm.com/api/tournament/119922/matches,3299,0,0
1680594061910,3180,Get tournament result,200,,Knock_out_Thread Group 1-1021,text,true,,5441,338,307,307,https://pabsa.impressicocrm.com/api/tournament/119922/matches,3180,0,0
1680594062036,3054,Get knockout players list ,200,,Knock_out_Thread Group 1-1068,text,true,,4598,340,307,307,https://pabsa.impressicocrm.com/api/tournament/118871/knockouts,3054,0,0
1680594062079,3041,Get knockout players list ,200,,Knock_out_Thread Group 1-1032,text,true,,4598,340,307,307,https://pabsa.impressicocrm.com/api/tournament/118871/knockouts,3041,0,0
1680594060018,5119,Get Players schedule,200,,Knock_out_Thread Group 1-1040,text,true,,5441,338,307,307,https://pabsa.impressicocrm.com/api/tournament/119922/matches,5119,0,0
1680594061819,3327,Get tournament result,200,,Knock_out_Thread Group 1-1009,text,true,,5441,338,307,307,https://pabsa.impressicocrm.com/api/tournament/119922/matches,3327,0,0
1680594061954,3218,Get Players list ,200,,Knock_out_Thread Group 1-1134,text,true,,3218,338,308,308,https://pabsa.impressicocrm.com/api/tournament/119922/players,3218,0,0
1680594062088,3095,Get playerA_Vs_playerB,200,,Knock_out_Thread Group 1-944,text,true,,1239,341,308,308,https://pabsa.impressicocrm.com/api/tournament/matchScore/147598,3095,0,0
1680594062163,3028,Get single knockout Player details,200,,Knock_out_Thread Group 1-1026,text,true,,1210,326,307,307,https://pabsa.impressicocrm.com/api/player/110368,3028,0,0
1680594062032,3159,Get Break list ,200,,Knock_out_Thread Group 1-1097,text,true,,3218,338,307,307,https://pabsa.impressicocrm.com/api/tournament/119922/players,3159,0,0
1680594062211,2984,Get single knockout Player details,200,,Knock_out_Thread Group 1-972,text,true,,1210,326,307,307,https://pabsa.impressicocrm.com/api/player/110368,2984,0,0
1680594062119,3078,Get playerA_Vs_playerB,200,,Knock_out_Thread Group 1-968,text,true,,1239,341,307,307,https://pabsa.impressicocrm.com/api/tournament/matchScore/147598,3078,0,0
1680594062065,3132,Get Players list ,200,,Knock_out_Thread Group 1-1138,text,true,,3218,338,307,307,https://pabsa.impressicocrm.com/api/tournament/119922/players,3132,0,0
1680594061930,3270,Get tournament result,200,,Knock_out_Thread Group 1-1004,text,true,,5441,338,306,306,https://pabsa.impressicocrm.com/api/tournament/119922/matches,3270,0,0
1680594061946,3261,Get tournament result,200,,Knock_out_Thread Group 1-1006,text,true,,5441,338,306,306,https://pabsa.impressicocrm.com/api/tournament/119922/matches,3261,0,0
1680594064953,281,Home page ,200,OK,Knock_out_Thread Group 1-1260,text,true,,3033,309,306,306,https://pabsa.impressicocrm.com/,280,0,215
1680594062117,3119,Get playerA_Vs_playerB,200,,Knock_out_Thread Group 1-981,text,true,,1239,341,306,306,https://pabsa.impressicocrm.com/api/tournament/matchScore/147598,3119,0,0
1680594060965,4271,Get tournamnent list ,200,,Knock_out_Thread Group 1-1189,text,true,,58880,389,306,306,https://pabsa.impressicocrm.com/api/tournament?limit=12&pageNumber=1&sportType=&tournamentName=&tournamentStyle=,3464,0,0
1680594062227,3017,Get playerA_Vs_playerB,200,,Knock_out_Thread Group 1-1011,text,true,,1239,341,305,305,https://pabsa.impressicocrm.com/api/tournament/matchScore/147598,3017,0,0
1680594061688,3583,Get tournamnent list ,200,,Knock_out_Thread Group 1-1198,text,true,,58865,389,305,305,https://pabsa.impressicocrm.com/api/tournament?limit=12&pageNumber=1&sportType=&tournamentName=&tournamentStyle=,3301,0,0
1680594062133,3157,Get Break list ,200,,Knock_out_Thread Group 1-1108,text,true,,3218,338,305,305,https://pabsa.impressicocrm.com/api/tournament/119922/players,3157,0,0
1680594062340,2996,Get single knockout Player details,200,,Knock_out_Thread Group 1-1030,text,true,,1210,326,305,305,https://pabsa.impressicocrm.com/api/player/110368,2996,0,0
1680594062318,3023,Get playerA_Vs_playerB,200,,Knock_out_Thread Group 1-1007,text,true,,1239,341,305,305,https://pabsa.impressicocrm.com/api/tournament/matchScore/147598,3023,0,0
1680594062246,3095,Get Players list ,200,,Knock_out_Thread Group 1-1109,text,true,,3218,338,305,305,https://pabsa.impressicocrm.com/api/tournament/119922/players,3095,0,0
1680594060485,4859,Get tournamnent list ,200,,Knock_out_Thread Group 1-1186,text,true,,58880,389,304,304,https://pabsa.impressicocrm.com/api/tournament?limit=12&pageNumber=1&sportType=&tournamentName=&tournamentStyle=,3990,0,0
1680594065053,303,Home page ,200,OK,Knock_out_Thread Group 1-1261,text,true,,3033,309,305,305,https://pabsa.impressicocrm.com/,303,0,229
1680594062227,3130,Get Home page currency,200,,Knock_out_Thread Group 1-1183,text,true,,9160,321,305,305,https://pabsa.impressicocrm.com/api/currency,3130,0,0
1680594062206,3151,Get Players list ,200,,Knock_out_Thread Group 1-1142,text,true,,3218,338,305,305,https://pabsa.impressicocrm.com/api/tournament/119922/players,3151,0,0
1680594062246,3121,Get Home page country ,200,,Knock_out_Thread Group 1-1220,text,true,,17255,320,305,305,https://pabsa.impressicocrm.com/api/country,3118,0,0
1680594062287,3080,Get knockout players list ,200,,Knock_out_Thread Group 1-1064,text,true,,4591,340,305,305,https://pabsa.impressicocrm.com/api/tournament/118871/knockouts,3080,0,0
1680594064052,1315,Home page ,200,OK,Knock_out_Thread Group 1-1251,text,true,,3033,309,305,305,https://pabsa.impressicocrm.com/,1315,0,1253
1680594060997,4374,Get tournamnent list ,200,,Knock_out_Thread Group 1-1190,text,true,,58880,389,305,305,https://pabsa.impressicocrm.com/api/tournament?limit=12&pageNumber=1&sportType=&tournamentName=&tournamentStyle=,3288,0,0
1680594062003,3372,Get Players schedule,200,,Knock_out_Thread Group 1-1100,text,true,,5441,338,305,305,https://pabsa.impressicocrm.com/api/tournament/119922/matches,3372,0,0
1680594061242,4144,Get tournamnent list ,200,,Knock_out_Thread Group 1-1194,text,true,,58865,389,305,305,https://pabsa.impressicocrm.com/api/tournament?limit=12&pageNumber=1&sportType=&tournamentName=&tournamentStyle=,3233,0,0
1680594062060,3332,Get Players schedule,200,,Knock_out_Thread Group 1-1095,text,true,,5441,338,305,305,https://pabsa.impressicocrm.com/api/tournament/119922/matches,3332,0,0
1680594062309,3083,Get playerA_Vs_playerB,200,,Knock_out_Thread Group 1-992,text,true,,1239,341,305,305,https://pabsa.impressicocrm.com/api/tournament/matchScore/147598,3083,0,0
1680594062302,3093,Get Home page country ,200,,Knock_out_Thread Group 1-1230,text,true,,17270,320,304,304,https://pabsa.impressicocrm.com/api/country,3093,0,0
1680594062015,3380,Get tournament result,200,,Knock_out_Thread Group 1-1005,text,true,,5435,338,304,304,https://pabsa.impressicocrm.com/api/tournament/119922/matches,3380,0,0
1680594062106,3294,Get tournament result,200,,Knock_out_Thread Group 1-1010,text,true,,5441,338,304,304,https://pabsa.impressicocrm.com/api/tournament/119922/matches,3294,0,0
1680594062013,3388,Get playerA_Vs_playerB,200,,Knock_out_Thread Group 1-962,text,true,,1239,341,304,304,https://pabsa.impressicocrm.com/api/tournament/matchScore/147598,3388,0,0
1680594062362,3043,Get playerA_Vs_playerB,200,,Knock_out_Thread Group 1-950,text,true,,1239,341,303,303,https://pabsa.impressicocrm.com/api/tournament/matchScore/147598,3043,0,0
1680594061964,3511,Get Home page country ,200,,Knock_out_Thread Group 1-1227,text,true,,17270,320,303,303,https://pabsa.impressicocrm.com/api/country,3511,0,0
1680594062383,3092,Get Home page currency,200,,Knock_out_Thread Group 1-1139,text,true,,9160,321,303,303,https://pabsa.impressicocrm.com/api/currency,3092,0,0
1680594062380,3109,Get knockout players list ,200,,Knock_out_Thread Group 1-1035,text,true,,4591,340,303,303,https://pabsa.impressicocrm.com/api/tournament/118871/knockouts,3109,0,0
1680594062002,3511,Get Players schedule,200,,Knock_out_Thread Group 1-1077,text,true,,5441,338,303,303,https://pabsa.impressicocrm.com/api/tournament/119922/matches,3511,0,0
1680594062391,3153,Get Home page country ,200,,Knock_out_Thread Group 1-1231,text,true,,17270,320,303,303,https://pabsa.impressicocrm.com/api/country,3153,0,0
1680594062128,3427,Get Home page country ,200,,Knock_out_Thread Group 1-1223,text,true,,17255,320,304,304,https://pabsa.impressicocrm.com/api/country,3424,0,0
1680594065151,417,Home page ,200,OK,Knock_out_Thread Group 1-1262,text,true,,3033,309,304,304,https://pabsa.impressicocrm.com/,417,0,324
1680594062391,3186,Get Home page currency,200,,Knock_out_Thread Group 1-1149,text,true,,9153,321,304,304,https://pabsa.impressicocrm.com/api/currency,3186,0,0
1680594062437,3146,Get knockout players list ,200,,Knock_out_Thread Group 1-1034,text,true,,4598,340,304,304,https://pabsa.impressicocrm.com/api/tournament/118871/knockouts,3146,0,0
1680594062385,3235,Get knockout players list ,200,,Knock_out_Thread Group 1-948,text,true,,4598,340,304,304,https://pabsa.impressicocrm.com/api/tournament/118871/knockouts,3235,0,0
1680594062440,3218,Get knockout players list ,200,,Knock_out_Thread Group 1-1060,text,true,,4598,340,305,305,https://pabsa.impressicocrm.com/api/tournament/118871/knockouts,3218,0,0
1680594064753,905,Home page ,200,OK,Knock_out_Thread Group 1-1258,text,true,,3033,309,305,305,https://pabsa.impressicocrm.com/,905,0,642
1680594062466,3202,Get knockout players list ,200,,Knock_out_Thread Group 1-945,text,true,,4598,340,305,305,https://pabsa.impressicocrm.com/api/tournament/118871/knockouts,3202,0,0
1680594062564,3112,Get playerA_Vs_playerB,200,,Knock_out_Thread Group 1-961,text,true,,1239,341,305,305,https://pabsa.impressicocrm.com/api/tournament/matchScore/147598,3112,0,0
1680594064822,859,Get knockout players list ,200,,Knock_out_Thread Group 1-1133,text,true,,4598,340,304,304,https://pabsa.impressicocrm.com/api/tournament/118871/knockouts,859,0,0
1680594061518,4190,Get tournamnent list ,200,,Knock_out_Thread Group 1-1192,text,true,,58880,389,304,304,https://pabsa.impressicocrm.com/api/tournament?limit=12&pageNumber=1&sportType=&tournamentName=&tournamentStyle=,3539,0,0
1680594062278,3446,Get Home page currency,200,,Knock_out_Thread Group 1-1161,text,true,,9160,321,304,304,https://pabsa.impressicocrm.com/api/currency,3446,0,0
1680594062400,3333,Get tournament result,200,,Knock_out_Thread Group 1-946,text,true,,5441,338,304,304,https://pabsa.impressicocrm.com/api/tournament/119922/matches,3332,0,0
1680594062611,3122,Get knockout players list ,200,,Knock_out_Thread Group 1-1062,text,true,,4598,340,304,304,https://pabsa.impressicocrm.com/api/tournament/118871/knockouts,3121,0,0
1680594060570,5209,Get Home page currency,200,,Knock_out_Thread Group 1-1144,text,true,,9160,321,305,305,https://pabsa.impressicocrm.com/api/currency,5209,0,0
1680594062383,3396,Get Players schedule,200,,Knock_out_Thread Group 1-1079,text,true,,5435,338,305,305,https://pabsa.impressicocrm.com/api/tournament/119922/matches,3396,0,0
1680594062255,3524,Get Players schedule,200,,Knock_out_Thread Group 1-1078,text,true,,5441,338,305,305,https://pabsa.impressicocrm.com/api/tournament/119922/matches,3524,0,0
1680594062612,3167,Get Home page country ,200,,Knock_out_Thread Group 1-1234,text,true,,17270,320,305,305,https://pabsa.impressicocrm.com/api/country,3167,0,0
1680594065352,428,Home page ,200,OK,Knock_out_Thread Group 1-1264,text,true,,3033,309,305,305,https://pabsa.impressicocrm.com/,427,0,231
1680594060617,5168,Get tournamnent list ,200,,Knock_out_Thread Group 1-1176,text,true,,58888,389,305,305,https://pabsa.impressicocrm.com/api/tournament?limit=12&pageNumber=1&sportType=&tournamentName=&tournamentStyle=,3605,0,0
1680594064905,900,Get Break list ,200,,Knock_out_Thread Group 1-1126,text,true,,3218,338,305,305,https://pabsa.impressicocrm.com/api/tournament/119922/players,900,0,0
1680594062792,3017,Get single knockout Player details,200,,Knock_out_Thread Group 1-1028,text,true,,1210,326,305,305,https://pabsa.impressicocrm.com/api/player/110368,3017,0,0
1680594062662,3167,Get knockout players list ,200,,Knock_out_Thread Group 1-1070,text,true,,4598,340,305,305,https://pabsa.impressicocrm.com/api/tournament/118871/knockouts,3167,0,0
1680594065252,598,Home page ,200,OK,Knock_out_Thread Group 1-1263,text,true,,3033,309,305,305,https://pabsa.impressicocrm.com/,597,0,223
1680594062712,3148,Get Break list ,200,,Knock_out_Thread Group 1-1120,text,true,,3218,338,306,306,https://pabsa.impressicocrm.com/api/tournament/119922/players,3148,0,0
1680594062391,3479,Get Players schedule,200,,Knock_out_Thread Group 1-1073,text,true,,5441,338,306,306,https://pabsa.impressicocrm.com/api/tournament/119922/matches,3479,0,0
1680594060484,5395,Get tournament result,200,,Knock_out_Thread Group 1-969,text,true,,5435,338,306,306,https://pabsa.impressicocrm.com/api/tournament/119922/matches,5395,0,0
1680594062395,3490,Get Home page currency,200,,Knock_out_Thread Group 1-1182,text,true,,9160,321,306,306,https://pabsa.impressicocrm.com/api/currency,3490,0,0
1680594062691,3196,Get Home page currency,200,,Knock_out_Thread Group 1-1175,text,true,,9160,321,306,306,https://pabsa.impressicocrm.com/api/currency,3196,0,0
1680594062564,3362,Get tournament result,200,,Knock_out_Thread Group 1-965,text,true,,5441,338,306,306,https://pabsa.impressicocrm.com/api/tournament/119922/matches,3362,0,0
1680594062901,3032,Get playerA_Vs_playerB,200,,Knock_out_Thread Group 1-943,text,true,,1239,341,306,306,https://pabsa.impressicocrm.com/api/tournament/matchScore/147598,3032,0,0
1680594062427,3523,Get knockout players list ,200,,Knock_out_Thread Group 1-1043,text,true,,4598,340,305,305,https://pabsa.impressicocrm.com/api/tournament/118871/knockouts,3523,0,0
1680594062821,3147,Get Break list ,200,,Knock_out_Thread Group 1-1148,text,true,,3218,338,306,306,https://pabsa.impressicocrm.com/api/tournament/119922/players,3147,0,0
1680594062922,3065,Get playerA_Vs_playerB,200,,Knock_out_Thread Group 1-985,text,true,,1239,341,306,306,https://pabsa.impressicocrm.com/api/tournament/matchScore/147598,3065,0,0
1680594062427,3564,Get tournament result,200,,Knock_out_Thread Group 1-1002,text,true,,5441,338,305,305,https://pabsa.impressicocrm.com/api/tournament/119922/matches,3564,0,0
1680594062645,3385,Get knockout players list ,200,,Knock_out_Thread Group 1-1072,text,true,,4598,340,305,305,https://pabsa.impressicocrm.com/api/tournament/118871/knockouts,3385,0,0
1680594062629,3405,Get tournament result,200,,Knock_out_Thread Group 1-976,text,true,,5441,338,305,305,https://pabsa.impressicocrm.com/api/tournament/119922/matches,3405,0,0
1680594062666,3379,Get playerA_Vs_playerB,200,,Knock_out_Thread Group 1-987,text,true,,1239,341,305,305,https://pabsa.impressicocrm.com/api/tournament/matchScore/147598,3379,0,0
1680594062888,3157,Get knockout players list ,200,,Knock_out_Thread Group 1-1074,text,true,,4598,340,305,305,https://pabsa.impressicocrm.com/api/tournament/118871/knockouts,3157,0,0
1680594062481,3565,Get Players schedule,200,,Knock_out_Thread Group 1-1090,text,true,,5441,338,304,304,https://pabsa.impressicocrm.com/api/tournament/119922/matches,3565,0,0
1680594062186,3864,Get Players schedule,200,,Knock_out_Thread Group 1-1076,text,true,,5441,338,304,304,https://pabsa.impressicocrm.com/api/tournament/119922/matches,3864,0,0
1680594062625,3448,Get knockout players list ,200,,Knock_out_Thread Group 1-1053,text,true,,4598,340,305,305,https://pabsa.impressicocrm.com/api/tournament/118871/knockouts,3448,0,0
1680594062586,3491,Get Home page currency,200,,Knock_out_Thread Group 1-1172,text,true,,9153,321,305,305,https://pabsa.impressicocrm.com/api/currency,3491,0,0
1680594062825,3258,Get Home page country ,200,,Knock_out_Thread Group 1-1235,text,true,,17255,320,305,305,https://pabsa.impressicocrm.com/api/country,3255,0,0
1680594061087,5031,Get Players list ,200,,Knock_out_Thread Group 1-1124,text,true,,3218,338,305,305,https://pabsa.impressicocrm.com/api/tournament/119922/players,5031,0,0
1680594062672,3462,Get Players list ,200,,Knock_out_Thread Group 1-1127,text,true,,3218,338,305,305,https://pabsa.impressicocrm.com/api/tournament/119922/players,3462,0,0
1680594063241,2896,Get Players list ,200,,Knock_out_Thread Group 1-1135,text,true,,3218,338,305,305,https://pabsa.impressicocrm.com/api/tournament/119922/players,2896,0,0
1680594062586,3553,Get Home page currency,200,,Knock_out_Thread Group 1-1167,text,true,,9160,321,305,305,https://pabsa.impressicocrm.com/api/currency,3553,0,0
1680594060770,5387,Get Break list ,200,,Knock_out_Thread Group 1-1107,text,true,,3218,338,306,306,https://pabsa.impressicocrm.com/api/tournament/119922/players,5387,0,0
1680594065853,308,Home page ,200,OK,Knock_out_Thread Group 1-1269,text,true,,3033,309,306,306,https://pabsa.impressicocrm.com/,308,0,240
1680594063101,3068,Get Home page country ,200,,Knock_out_Thread Group 1-1238,text,true,,17270,320,306,306,https://pabsa.impressicocrm.com/api/country,3068,0,0
1680594062827,3345,Get single knockout Player details,200,,Knock_out_Thread Group 1-1000,text,true,,1210,326,306,306,https://pabsa.impressicocrm.com/api/player/110368,3345,0,0
1680594062734,3441,Get tournament result,200,,Knock_out_Thread Group 1-949,text,true,,5441,338,306,306,https://pabsa.impressicocrm.com/api/tournament/119922/matches,3441,0,0
1680594062950,3232,Get Home page country ,200,,Knock_out_Thread Group 1-1236,text,true,,17270,320,306,306,https://pabsa.impressicocrm.com/api/country,3232,0,0
1680594063325,2867,Get knockout players list ,200,,Knock_out_Thread Group 1-1080,text,true,,4598,340,306,306,https://pabsa.impressicocrm.com/api/tournament/118871/knockouts,2867,0,0
1680594061037,5159,Get tournamnent list ,200,,Knock_out_Thread Group 1-1191,text,true,,58888,389,306,306,https://pabsa.impressicocrm.com/api/tournament?limit=12&pageNumber=1&sportType=&tournamentName=&tournamentStyle=,3282,0,0
1680594062586,3666,Get Home page country ,200,,Knock_out_Thread Group 1-1233,text,true,,17270,320,307,307,https://pabsa.impressicocrm.com/api/country,3666,0,0
1680594062598,3663,Get knockout players list ,200,,Knock_out_Thread Group 1-1099,text,true,,4598,340,307,307,https://pabsa.impressicocrm.com/api/tournament/118871/knockouts,3663,0,0
1680594063164,3097,Get Home page currency,200,,Knock_out_Thread Group 1-1154,text,true,,9160,321,307,307,https://pabsa.impressicocrm.com/api/currency,3097,0,0
1680594062853,3408,Get Home page country ,200,,Knock_out_Thread Group 1-1226,text,true,,17270,320,307,307,https://pabsa.impressicocrm.com/api/country,3408,0,0
1680594065953,308,Home page ,200,OK,Knock_out_Thread Group 1-1270,text,true,,3033,309,307,307,https://pabsa.impressicocrm.com/,308,0,219
1680594062473,3792,Get Home page country ,200,,Knock_out_Thread Group 1-1219,text,true,,17270,320,307,307,https://pabsa.impressicocrm.com/api/country,3708,0,0
1680594065652,615,Home page ,200,OK,Knock_out_Thread Group 1-1267,text,true,,3033,309,307,307,https://pabsa.impressicocrm.com/,615,0,553
1680594062546,3732,Get tournament result,200,,Knock_out_Thread Group 1-1001,text,true,,5441,338,307,307,https://pabsa.impressicocrm.com/api/tournament/119922/matches,3732,0,0
1680594062462,3818,Get Home page currency,200,,Knock_out_Thread Group 1-1170,text,true,,9160,321,307,307,https://pabsa.impressicocrm.com/api/currency,3818,0,0
1680594063069,3239,Get playerA_Vs_playerB,200,,Knock_out_Thread Group 1-953,text,true,,1239,341,307,307,https://pabsa.impressicocrm.com/api/tournament/matchScore/147598,3239,0,0
1680594063277,3034,Get Home page country ,200,,Knock_out_Thread Group 1-1228,text,true,,17255,320,306,306,https://pabsa.impressicocrm.com/api/country,3034,0,0
1680594062789,3551,Get Home page currency,200,,Knock_out_Thread Group 1-1159,text,true,,9160,321,306,306,https://pabsa.impressicocrm.com/api/currency,3551,0,0
1680594062884,3480,Get Home page currency,200,,Knock_out_Thread Group 1-1165,text,true,,9160,321,307,307,https://pabsa.impressicocrm.com/api/currency,3480,0,0
1680594063011,3353,Get Players schedule,200,,Knock_out_Thread Group 1-1096,text,true,,5441,338,307,307,https://pabsa.impressicocrm.com/api/tournament/119922/matches,3353,0,0
1680594063113,3260,Get Players list ,200,,Knock_out_Thread Group 1-1130,text,true,,3218,338,307,307,https://pabsa.impressicocrm.com/api/tournament/119922/players,3260,0,0
1680594062625,3775,Get Players schedule,200,,Knock_out_Thread Group 1-1092,text,true,,5441,338,307,307,https://pabsa.impressicocrm.com/api/tournament/119922/matches,3775,0,0
1680594063952,2451,Home page ,200,OK,Knock_out_Thread Group 1-1250,text,true,,3033,309,307,307,https://pabsa.impressicocrm.com/,2451,0,2230
1680594063506,2925,Get playerA_Vs_playerB,200,,Knock_out_Thread Group 1-994,text,true,,1239,341,307,307,https://pabsa.impressicocrm.com/api/tournament/matchScore/147598,2925,0,0
1680594063512,2929,Get Break list ,200,,Knock_out_Thread Group 1-1118,text,true,,3218,338,306,306,https://pabsa.impressicocrm.com/api/tournament/119922/players,2929,0,0
1680594063366,3088,Get Players schedule,200,,Knock_out_Thread Group 1-1029,text,true,,5441,338,307,307,https://pabsa.impressicocrm.com/api/tournament/119922/matches,3088,0,0
1680594063493,2966,Get playerA_Vs_playerB,200,,Knock_out_Thread Group 1-980,text,true,,1239,341,307,307,https://pabsa.impressicocrm.com/api/tournament/matchScore/147598,2966,0,0
1680594063227,3266,Get Home page country ,200,,Knock_out_Thread Group 1-1237,text,true,,17270,320,306,306,https://pabsa.impressicocrm.com/api/country,3266,0,0
1680594063484,3009,Get knockout players list ,200,,Knock_out_Thread Group 1-1024,text,true,,4598,340,306,306,https://pabsa.impressicocrm.com/api/tournament/118871/knockouts,3009,0,0
1680594063059,3435,Get Players schedule,200,,Knock_out_Thread Group 1-1084,text,true,,5441,338,306,306,https://pabsa.impressicocrm.com/api/tournament/119922/matches,3435,0,0
1680594063391,3103,Get playerA_Vs_playerB,200,,Knock_out_Thread Group 1-975,text,true,,1239,341,306,306,https://pabsa.impressicocrm.com/api/tournament/matchScore/147598,3103,0,0
1680594063484,3027,Get Break list ,200,,Knock_out_Thread Group 1-1117,text,true,,3218,338,305,305,https://pabsa.impressicocrm.com/api/tournament/119922/players,3027,0,0
1680594062740,3771,Get Players schedule,200,,Knock_out_Thread Group 1-929,text,true,,5441,338,305,305,https://pabsa.impressicocrm.com/api/tournament/119922/matches,3771,0,0
1680594063461,3057,Get Home page country ,200,,Knock_out_Thread Group 1-1240,text,true,,17270,320,305,305,https://pabsa.impressicocrm.com/api/country,3057,0,0
1680594066253,289,Home page ,200,OK,Knock_out_Thread Group 1-1273,text,true,,3033,309,305,305,https://pabsa.impressicocrm.com/,289,0,216
1680594063445,3109,Get playerA_Vs_playerB,200,,Knock_out_Thread Group 1-1014,text,true,,1239,341,306,306,https://pabsa.impressicocrm.com/api/tournament/matchScore/147598,3109,0,0
1680594063435,3124,Get Home page currency,200,,Knock_out_Thread Group 1-1156,text,true,,9160,321,305,305,https://pabsa.impressicocrm.com/api/currency,3124,0,0
1680594062306,4253,Get tournamnent list ,200,,Knock_out_Thread Group 1-1203,text,true,,58880,389,305,305,https://pabsa.impressicocrm.com/api/tournament?limit=12&pageNumber=1&sportType=&tournamentName=&tournamentStyle=,3473,0,0
1680594063458,3157,Get Players schedule,200,,Knock_out_Thread Group 1-1105,text,true,,5435,338,305,305,https://pabsa.impressicocrm.com/api/tournament/119922/matches,3157,0,0
1680594063366,3249,Get tournament result,200,,Knock_out_Thread Group 1-970,text,true,,5435,338,305,305,https://pabsa.impressicocrm.com/api/tournament/119922/matches,3249,0,0
1680594063435,3185,Get Players schedule,200,,Knock_out_Thread Group 1-1102,text,true,,5441,338,305,305,https://pabsa.impressicocrm.com/api/tournament/119922/matches,3185,0,0
1680594064852,1768,Home page ,200,OK,Knock_out_Thread Group 1-1259,text,true,,3033,309,305,305,https://pabsa.impressicocrm.com/,1768,0,1651
1680594062836,3790,Get Players schedule,200,,Knock_out_Thread Group 1-1098,text,true,,5441,338,305,305,https://pabsa.impressicocrm.com/api/tournament/119922/matches,3790,0,0
1680594063723,2903,Get single knockout Player details,200,,Knock_out_Thread Group 1-1054,text,true,,1210,326,305,305,https://pabsa.impressicocrm.com/api/player/110368,2903,0,0
1680594063609,3017,Get Players list ,200,,Knock_out_Thread Group 1-1153,text,true,,3218,338,305,305,https://pabsa.impressicocrm.com/api/tournament/119922/players,3017,0,0
1680594063122,3508,Get tournament result,200,,Knock_out_Thread Group 1-957,text,true,,5435,338,305,305,https://pabsa.impressicocrm.com/api/tournament/119922/matches,3508,0,0
1680594063476,3159,Get tournament result,200,,Knock_out_Thread Group 1-1018,text,true,,5441,338,305,305,https://pabsa.impressicocrm.com/api/tournament/119922/matches,3159,0,0
1680594063589,3090,Get Players schedule,200,,Knock_out_Thread Group 1-1101,text,true,,5441,338,306,306,https://pabsa.impressicocrm.com/api/tournament/119922/matches,3090,0,0
1680594063735,2947,Get Break list ,200,,Knock_out_Thread Group 1-1125,text,true,,3218,338,306,306,https://pabsa.impressicocrm.com/api/tournament/119922/players,2947,0,0
1680594063428,3260,Get Home page country ,200,,Knock_out_Thread Group 1-1211,text,true,,17270,320,306,306,https://pabsa.impressicocrm.com/api/country,2904,0,0
1680594063832,2861,Get single knockout Player details,200,,Knock_out_Thread Group 1-1015,text,true,,1210,326,306,306,https://pabsa.impressicocrm.com/api/player/110368,2861,0,0
1680594063838,2859,Get single knockout Player details,200,,Knock_out_Thread Group 1-1059,text,true,,1210,326,306,306,https://pabsa.impressicocrm.com/api/player/110368,2859,0,0
1680594063609,3100,Get Players list ,200,,Knock_out_Thread Group 1-1140,text,true,,3218,338,306,306,https://pabsa.impressicocrm.com/api/tournament/119922/players,3100,0,0
1680594065552,1170,Home page ,200,OK,Knock_out_Thread Group 1-1266,text,true,,3033,309,306,306,https://pabsa.impressicocrm.com/,1170,0,1074
1680594063134,3590,Get knockout players list ,200,,Knock_out_Thread Group 1-1051,text,true,,4598,340,306,306,https://pabsa.impressicocrm.com/api/tournament/118871/knockouts,3590,0,0
1680594062376,4364,Get tournamnent list ,200,,Knock_out_Thread Group 1-1206,text,true,,58888,389,306,306,https://pabsa.impressicocrm.com/api/tournament?limit=12&pageNumber=1&sportType=&tournamentName=&tournamentStyle=,3305,0,0
1680594063854,2893,Get single knockout Player details,200,,Knock_out_Thread Group 1-1027,text,true,,1210,326,306,306,https://pabsa.impressicocrm.com/api/player/110368,2893,0,0
1680594063742,3005,Get Break list ,200,,Knock_out_Thread Group 1-1031,text,true,,3218,338,306,306,https://pabsa.impressicocrm.com/api/tournament/119922/players,3005,0,0
1680594063493,3255,Get tournament result,200,,Knock_out_Thread Group 1-956,text,true,,5435,338,306,306,https://pabsa.impressicocrm.com/api/tournament/119922/matches,3255,0,0
1680594063113,3648,Get playerA_Vs_playerB,200,,Knock_out_Thread Group 1-958,text,true,,1239,341,307,307,https://pabsa.impressicocrm.com/api/tournament/matchScore/147598,3648,0,0
1680594063717,3044,Get Home page country ,200,,Knock_out_Thread Group 1-1241,text,true,,17270,320,307,307,https://pabsa.impressicocrm.com/api/country,3044,0,0
1680594063697,3076,Get Home page country ,200,,Knock_out_Thread Group 1-1244,text,true,,17270,320,306,306,https://pabsa.impressicocrm.com/api/country,3000,0,0
1680594066452,321,Home page ,200,OK,Knock_out_Thread Group 1-1275,text,true,,3033,309,306,306,https://pabsa.impressicocrm.com/,321,0,254
1680594063811,2965,Get Players list ,200,,Knock_out_Thread Group 1-1152,text,true,,3218,338,306,306,https://pabsa.impressicocrm.com/api/tournament/119922/players,2965,0,0
1680594063764,3018,Get Home page country ,200,,Knock_out_Thread Group 1-1245,text,true,,17270,320,306,306,https://pabsa.impressicocrm.com/api/country,3018,0,0
1680594063759,3023,Get Players list ,200,,Knock_out_Thread Group 1-1157,text,true,,3218,338,306,306,https://pabsa.impressicocrm.com/api/tournament/119922/players,3023,0,0
1680594061946,4846,Get tournamnent list ,200,,Knock_out_Thread Group 1-1181,text,true,,58880,389,306,306,https://pabsa.impressicocrm.com/api/tournament?limit=12&pageNumber=1&sportType=&tournamentName=&tournamentStyle=,3493,0,0
1680594063457,3359,Get tournament result,200,,Knock_out_Thread Group 1-986,text,true,,5441,338,306,306,https://pabsa.impressicocrm.com/api/tournament/119922/matches,3359,0,0
1680594063856,2960,Get Players list ,200,,Knock_out_Thread Group 1-1160,text,true,,3218,338,306,306,https://pabsa.impressicocrm.com/api/tournament/119922/players,2960,0,0
1680594065195,1623,Get tournament result,200,,Knock_out_Thread Group 1-972,text,true,,5435,338,306,306,https://pabsa.impressicocrm.com/api/tournament/119922/matches,1623,0,0
1680594063868,2950,Get Players list ,200,,Knock_out_Thread Group 1-1151,text,true,,3218,338,306,306,https://pabsa.impressicocrm.com/api/tournament/119922/players,2950,0,0
1680594062242,4589,Get tournamnent list ,200,,Knock_out_Thread Group 1-1202,text,true,,58880,389,306,306,https://pabsa.impressicocrm.com/api/tournament?limit=12&pageNumber=1&sportType=&tournamentName=&tournamentStyle=,3441,0,0
1680594063674,3166,Get Home page country ,200,,Knock_out_Thread Group 1-1232,text,true,,17270,320,306,306,https://pabsa.impressicocrm.com/api/country,3137,0,0
1680594065887,953,Get Players list ,200,,Knock_out_Thread Group 1-1175,text,true,,3218,338,306,306,https://pabsa.impressicocrm.com/api/tournament/119922/players,953,0,0
1680594062712,4139,Get Players list ,200,,Knock_out_Thread Group 1-1147,text,true,,3218,338,307,307,https://pabsa.impressicocrm.com/api/tournament/119922/players,4139,0,0
1680594063541,3318,Get knockout players list ,200,,Knock_out_Thread Group 1-1069,text,true,,4598,340,307,307,https://pabsa.impressicocrm.com/api/tournament/118871/knockouts,3318,0,0
1680594063785,3081,Get knockout players list ,200,,Knock_out_Thread Group 1-1044,text,true,,4591,340,307,307,https://pabsa.impressicocrm.com/api/tournament/118871/knockouts,3081,0,0
1680594062591,4285,Get Home page currency,200,,Knock_out_Thread Group 1-1171,text,true,,9153,321,307,307,https://pabsa.impressicocrm.com/api/currency,4285,0,0
1680594063864,3017,Get Break list ,200,,Knock_out_Thread Group 1-1091,text,true,,3218,338,307,307,https://pabsa.impressicocrm.com/api/tournament/119922/players,3017,0,0
1680594063769,3144,Get knockout players list ,200,,Knock_out_Thread Group 1-1066,text,true,,4591,340,307,307,https://pabsa.impressicocrm.com/api/tournament/118871/knockouts,3144,0,0
1680594063902,3018,Get Players list ,200,,Knock_out_Thread Group 1-1143,text,true,,3218,338,307,307,https://pabsa.impressicocrm.com/api/tournament/119922/players,3018,0,0
1680594063713,3225,Get playerA_Vs_playerB,200,,Knock_out_Thread Group 1-993,text,true,,1239,341,307,307,https://pabsa.impressicocrm.com/api/tournament/matchScore/147598,3225,0,0
1680594063914,3024,Get knockout players list ,200,,Knock_out_Thread Group 1-1041,text,true,,4598,340,307,307,https://pabsa.impressicocrm.com/api/tournament/118871/knockouts,3024,0,0
1680594063946,3006,Get Players list ,200,,Knock_out_Thread Group 1-1136,text,true,,3218,338,307,307,https://pabsa.impressicocrm.com/api/tournament/119922/players,3006,0,0
1680594063977,2980,Get knockout players list ,200,,Knock_out_Thread Group 1-1049,text,true,,4598,340,307,307,https://pabsa.impressicocrm.com/api/tournament/118871/knockouts,2980,0,0
1680594066652,310,Home page ,200,OK,Knock_out_Thread Group 1-1277,text,true,,3033,309,307,307,https://pabsa.impressicocrm.com/,310,0,236
1680594063934,3041,Get Home page currency,200,,Knock_out_Thread Group 1-1187,text,true,,9160,321,307,307,https://pabsa.impressicocrm.com/api/currency,3041,0,0
1680594063769,3213,Get single knockout Player details,200,,Knock_out_Thread Group 1-1036,text,true,,1210,326,307,307,https://pabsa.impressicocrm.com/api/player/110368,3213,0,0
1680594063793,3219,Get Home page country ,200,,Knock_out_Thread Group 1-1239,text,true,,17255,320,307,307,https://pabsa.impressicocrm.com/api/country,3200,0,0
1680594064004,3032,Get Players list ,200,,Knock_out_Thread Group 1-1163,text,true,,3218,338,307,307,https://pabsa.impressicocrm.com/api/tournament/119922/players,3032,0,0
1680594063485,3560,Get tournament result,200,,Knock_out_Thread Group 1-1020,text,true,,5441,338,307,307,https://pabsa.impressicocrm.com/api/tournament/119922/matches,3560,0,0
1680594064029,3021,Get playerA_Vs_playerB,200,,Knock_out_Thread Group 1-1003,text,true,,1239,341,307,307,https://pabsa.impressicocrm.com/api/tournament/matchScore/147598,3021,0,0
1680594064007,3045,Get playerA_Vs_playerB,200,,Knock_out_Thread Group 1-998,text,true,,1239,341,307,307,https://pabsa.impressicocrm.com/api/tournament/matchScore/147598,3045,0,0
1680594064152,2908,Get single knockout Player details,200,,Knock_out_Thread Group 1-1065,text,true,,1210,326,306,306,https://pabsa.impressicocrm.com/api/player/110368,2908,0,0
1680594062881,4188,Get knockout players list ,200,,Knock_out_Thread Group 1-1025,text,true,,4598,340,306,306,https://pabsa.impressicocrm.com/api/tournament/118871/knockouts,4188,0,0
1680594064004,3068,Get knockout players list ,200,,Knock_out_Thread Group 1-1045,text,true,,4598,340,306,306,https://pabsa.impressicocrm.com/api/tournament/118871/knockouts,3068,0,0
1680594062821,4292,Get tournamnent list ,200,,Knock_out_Thread Group 1-1207,text,true,,58880,389,306,306,https://pabsa.impressicocrm.com/api/tournament?limit=12&pageNumber=1&sportType=&tournamentName=&tournamentStyle=,3440,0,0
1680594064174,2947,Get single knockout Player details,200,,Knock_out_Thread Group 1-1023,text,true,,1210,326,306,306,https://pabsa.impressicocrm.com/api/player/110368,2947,0,0
1680594062691,4449,Get tournamnent list ,200,,Knock_out_Thread Group 1-1205,text,true,,58880,389,306,306,https://pabsa.impressicocrm.com/api/tournament?limit=12&pageNumber=1&sportType=&tournamentName=&tournamentStyle=,3427,0,0
1680594061794,5346,Get tournament result,200,,Knock_out_Thread Group 1-997,text,true,,5441,338,306,306,https://pabsa.impressicocrm.com/api/tournament/119922/matches,5346,0,0
1680594064185,2955,Get knockout players list ,200,,Knock_out_Thread Group 1-1085,text,true,,4598,340,306,306,https://pabsa.impressicocrm.com/api/tournament/118871/knockouts,2955,0,0
1680594064076,3120,Get Players list ,200,,Knock_out_Thread Group 1-1158,text,true,,3218,338,307,307,https://pabsa.impressicocrm.com/api/tournament/119922/players,3120,0,0
1680594063908,3296,Get Players schedule,200,,Knock_out_Thread Group 1-1081,text,true,,5441,338,307,307,https://pabsa.impressicocrm.com/api/tournament/119922/matches,3296,0,0
1680594066851,353,Home page ,200,OK,Knock_out_Thread Group 1-1279,text,true,,3033,309,307,307,https://pabsa.impressicocrm.com/,353,0,282
1680594064147,3068,Get Home page currency,200,,Knock_out_Thread Group 1-1185,text,true,,9160,321,307,307,https://pabsa.impressicocrm.com/api/currency,3068,0,0
1680594063864,3401,Get Home page country ,200,,Knock_out_Thread Group 1-1246,text,true,,17255,320,308,308,https://pabsa.impressicocrm.com/api/country,3401,0,0
1680594062789,4484,Get tournamnent list ,200,,Knock_out_Thread Group 1-1210,text,true,,58880,389,308,308,https://pabsa.impressicocrm.com/api/tournament?limit=12&pageNumber=1&sportType=&tournamentName=&tournamentStyle=,3472,0,0
1680594063994,3280,Get tournament result,200,,Knock_out_Thread Group 1-954,text,true,,5435,338,308,308,https://pabsa.impressicocrm.com/api/tournament/119922/matches,3280,0,0
1680594064217,3072,Get knockout players list ,200,,Knock_out_Thread Group 1-1093,text,true,,4598,340,308,308,https://pabsa.impressicocrm.com/api/tournament/118871/knockouts,3072,0,0
1680594066153,1142,Home page ,200,OK,Knock_out_Thread Group 1-1272,text,true,,3033,309,308,308,https://pabsa.impressicocrm.com/,1141,0,378
1680594064188,3108,Get Break list ,200,,Knock_out_Thread Group 1-1115,text,true,,3218,338,308,308,https://pabsa.impressicocrm.com/api/tournament/119922/players,3108,0,0
1680594064228,3068,Get single knockout Player details,200,,Knock_out_Thread Group 1-1046,text,true,,1210,326,308,308,https://pabsa.impressicocrm.com/api/player/110368,3068,0,0
1680594064185,3114,Get Home page currency,200,,Knock_out_Thread Group 1-1177,text,true,,9153,321,308,308,https://pabsa.impressicocrm.com/api/currency,3114,0,0
1680594063983,3325,Get playerA_Vs_playerB,200,,Knock_out_Thread Group 1-960,text,true,,1239,341,308,308,https://pabsa.impressicocrm.com/api/tournament/matchScore/147598,3325,0,0
1680594063585,3728,Get tournament result,200,,Knock_out_Thread Group 1-988,text,true,,5435,338,307,307,https://pabsa.impressicocrm.com/api/tournament/119922/matches,3728,0,0
1680594064205,3124,Get Break list ,200,,Knock_out_Thread Group 1-1116,text,true,,3218,338,307,307,https://pabsa.impressicocrm.com/api/tournament/119922/players,3124,0,0
1680594064061,3281,Get tournament result,200,,Knock_out_Thread Group 1-995,text,true,,5441,338,307,307,https://pabsa.impressicocrm.com/api/tournament/119922/matches,3281,0,0
1680594064179,3167,Get Players schedule,200,,Knock_out_Thread Group 1-1122,text,true,,5441,338,307,307,https://pabsa.impressicocrm.com/api/tournament/119922/matches,3167,0,0
1680594066351,1008,Home page ,200,OK,Knock_out_Thread Group 1-1274,text,true,,3033,309,308,308,https://pabsa.impressicocrm.com/,1007,0,845
1680594062370,4993,Get tournamnent list ,200,,Knock_out_Thread Group 1-1201,text,true,,58888,389,308,308,https://pabsa.impressicocrm.com/api/tournament?limit=12&pageNumber=1&sportType=&tournamentName=&tournamentStyle=,3409,0,0
1680594067052,312,Home page ,200,OK,Knock_out_Thread Group 1-1281,text,true,,3033,309,308,308,https://pabsa.impressicocrm.com/,312,0,237
1680594064043,3332,Get Break list ,200,,Knock_out_Thread Group 1-1131,text,true,,3218,338,308,308,https://pabsa.impressicocrm.com/api/tournament/119922/players,3332,0,0
1680594065658,1717,Get Home page country ,200,,Knock_out_Thread Group 1-1258,text,true,,17270,320,308,308,https://pabsa.impressicocrm.com/api/country,1717,0,0
1680594064234,3166,Get knockout players list ,200,,Knock_out_Thread Group 1-1063,text,true,,4598,340,308,308,https://pabsa.impressicocrm.com/api/tournament/118871/knockouts,3166,0,0
1680594064361,3041,Get playerA_Vs_playerB,200,,Knock_out_Thread Group 1-1012,text,true,,1239,341,308,308,https://pabsa.impressicocrm.com/api/tournament/matchScore/147598,3041,0,0
1680594064330,3075,Get knockout players list ,200,,Knock_out_Thread Group 1-1067,text,true,,4598,340,307,307,https://pabsa.impressicocrm.com/api/tournament/118871/knockouts,3075,0,0
1680594064225,3182,Get knockout players list ,200,,Knock_out_Thread Group 1-1082,text,true,,4598,340,307,307,https://pabsa.impressicocrm.com/api/tournament/118871/knockouts,3182,0,0
1680594064364,3058,Get Break list ,200,,Knock_out_Thread Group 1-1114,text,true,,3218,338,307,307,https://pabsa.impressicocrm.com/api/tournament/119922/players,3058,0,0
1680594063802,3625,Get Players schedule,200,,Knock_out_Thread Group 1-1103,text,true,,5441,338,307,307,https://pabsa.impressicocrm.com/api/tournament/119922/matches,3625,0,0
1680594064385,3061,Get Break list ,200,,Knock_out_Thread Group 1-1106,text,true,,3218,338,307,307,https://pabsa.impressicocrm.com/api/tournament/119922/players,3061,0,0
1680594064166,3282,Get Players schedule,200,,Knock_out_Thread Group 1-1083,text,true,,5441,338,307,307,https://pabsa.impressicocrm.com/api/tournament/119922/matches,3282,0,0
1680594063727,3724,Get tournament result,200,,Knock_out_Thread Group 1-989,text,true,,5441,338,308,308,https://pabsa.impressicocrm.com/api/tournament/119922/matches,3724,0,0
1680594063670,3790,Get Players schedule,200,,Knock_out_Thread Group 1-1087,text,true,,5441,338,308,308,https://pabsa.impressicocrm.com/api/tournament/119922/matches,3790,0,0
1680594063702,3758,Get tournamnent list ,200,,Knock_out_Thread Group 1-1214,text,true,,58888,389,308,308,https://pabsa.impressicocrm.com/api/tournament?limit=12&pageNumber=1&sportType=&tournamentName=&tournamentStyle=,3325,0,0
1680594064475,2994,Get single knockout Player details,200,,Knock_out_Thread Group 1-1042,text,true,,1210,326,308,308,https://pabsa.impressicocrm.com/api/player/110368,2994,0,0
1680594067152,325,Home page ,200,OK,Knock_out_Thread Group 1-1282,text,true,,3033,309,308,308,https://pabsa.impressicocrm.com/,325,0,250
1680594065451,2030,Home page ,200,OK,Knock_out_Thread Group 1-1265,text,true,,3033,309,308,308,https://pabsa.impressicocrm.com/,2030,0,1843
1680594064046,3441,Get Home page currency,200,,Knock_out_Thread Group 1-1196,text,true,,9160,321,308,308,https://pabsa.impressicocrm.com/api/currency,3441,0,0
1680594064481,3007,Get single knockout Player details,200,,Knock_out_Thread Group 1-1052,text,true,,1210,326,308,308,https://pabsa.impressicocrm.com/api/player/110368,3007,0,0
1680594064399,3108,Get Home page currency,200,,Knock_out_Thread Group 1-1179,text,true,,9160,321,308,308,https://pabsa.impressicocrm.com/api/currency,3108,0,0
1680594064416,3101,Get Break list ,200,,Knock_out_Thread Group 1-1145,text,true,,3218,338,308,308,https://pabsa.impressicocrm.com/api/tournament/119922/players,3101,0,0
1680594064476,3072,Get Home page country ,200,,Knock_out_Thread Group 1-1252,text,true,,17270,320,308,308,https://pabsa.impressicocrm.com/api/country,3072,0,0
1680594064421,3127,Get Players list ,200,,Knock_out_Thread Group 1-1166,text,true,,3218,338,308,308,https://pabsa.impressicocrm.com/api/tournament/119922/players,3127,0,0
1680594064516,3040,Get single knockout Player details,200,,Knock_out_Thread Group 1-1048,text,true,,1210,326,309,309,https://pabsa.impressicocrm.com/api/player/110368,3040,0,0
1680594064084,3481,Get Home page country ,200,,Knock_out_Thread Group 1-1248,text,true,,17270,320,309,309,https://pabsa.impressicocrm.com/api/country,3481,0,0
1680594064481,3086,Get Break list ,200,,Knock_out_Thread Group 1-1137,text,true,,3218,338,309,309,https://pabsa.impressicocrm.com/api/tournament/119922/players,3086,0,0
1680594064373,3198,Get Players list ,200,,Knock_out_Thread Group 1-1123,text,true,,3218,338,309,309,https://pabsa.impressicocrm.com/api/tournament/119922/players,3198,0,0
1680594066083,1499,Get tournamnent list ,200,,Knock_out_Thread Group 1-1235,text,true,,58888,389,309,309,https://pabsa.impressicocrm.com/api/tournament?limit=12&pageNumber=1&sportType=&tournamentName=&tournamentStyle=,1121,0,0
1680594064488,3100,Get Players list ,200,,Knock_out_Thread Group 1-1150,text,true,,3218,338,309,309,https://pabsa.impressicocrm.com/api/tournament/119922/players,3100,0,0
1680594064657,2942,Get single knockout Player details,200,,Knock_out_Thread Group 1-1086,text,true,,1210,326,309,309,https://pabsa.impressicocrm.com/api/player/110368,2942,0,0
1680594064388,3212,Get tournament result,200,,Knock_out_Thread Group 1-1038,text,true,,5441,338,309,309,https://pabsa.impressicocrm.com/api/tournament/119922/matches,3212,0,0
1680594064252,3356,Get tournament result,200,,Knock_out_Thread Group 1-963,text,true,,5435,338,309,309,https://pabsa.impressicocrm.com/api/tournament/119922/matches,3356,0,0
1680594064253,3358,Get single knockout Player details,200,,Knock_out_Thread Group 1-1061,text,true,,1210,326,309,309,https://pabsa.impressicocrm.com/api/player/110368,3358,0,0
1680594064482,3129,Get Home page country ,200,,Knock_out_Thread Group 1-1242,text,true,,17270,320,309,309,https://pabsa.impressicocrm.com/api/country,3129,0,0
1680594064499,3145,Get Home page currency,200,,Knock_out_Thread Group 1-1204,text,true,,9160,321,309,309,https://pabsa.impressicocrm.com/api/currency,3145,0,0
1680594066552,1092,Home page ,200,OK,Knock_out_Thread Group 1-1276,text,true,,3033,309,309,309,https://pabsa.impressicocrm.com/,1092,0,517
1680594064676,2978,Get playerA_Vs_playerB,200,,Knock_out_Thread Group 1-947,text,true,,1239,341,310,310,https://pabsa.impressicocrm.com/api/tournament/matchScore/147598,2978,0,0
1680594064431,3223,Get Home page country ,200,,Knock_out_Thread Group 1-1249,text,true,,17270,320,310,310,https://pabsa.impressicocrm.com/api/country,3223,0,0
1680594064504,3171,Get Break list ,200,,Knock_out_Thread Group 1-1155,text,true,,3218,338,309,309,https://pabsa.impressicocrm.com/api/tournament/119922/players,3171,0,0
1680594064562,3114,Get Home page currency,200,,Knock_out_Thread Group 1-1162,text,true,,9160,321,309,309,https://pabsa.impressicocrm.com/api/currency,3114,0,0
1680594064657,3019,Get Break list ,200,,Knock_out_Thread Group 1-1119,text,true,,3218,338,309,309,https://pabsa.impressicocrm.com/api/tournament/119922/players,3019,0,0
1680594064686,2997,Get Players list ,200,,Knock_out_Thread Group 1-1173,text,true,,3218,338,309,309,https://pabsa.impressicocrm.com/api/tournament/119922/players,2997,0,0
1680594064396,3309,Get playerA_Vs_playerB,200,,Knock_out_Thread Group 1-964,text,true,,1239,341,309,309,https://pabsa.impressicocrm.com/api/tournament/matchScore/147598,3309,0,0
1680594066052,1654,Home page ,200,OK,Knock_out_Thread Group 1-1271,text,true,,3033,309,309,309,https://pabsa.impressicocrm.com/,1653,0,1218
1680594064399,3329,Get tournament result,200,,Knock_out_Thread Group 1-952,text,true,,5435,338,308,308,https://pabsa.impressicocrm.com/api/tournament/119922/matches,3329,0,0
1680594063930,3803,Get tournamnent list ,200,,Knock_out_Thread Group 1-1208,text,true,,58880,389,308,308,https://pabsa.impressicocrm.com/api/tournament?limit=12&pageNumber=1&sportType=&tournamentName=&tournamentStyle=,3326,0,0
1680594064710,3032,Get playerA_Vs_playerB,200,,Knock_out_Thread Group 1-1016,text,true,,1239,341,308,308,https://pabsa.impressicocrm.com/api/tournament/matchScore/147598,3032,0,0
1680594064821,2921,Get single knockout Player details,200,,Knock_out_Thread Group 1-1057,text,true,,1210,326,308,308,https://pabsa.impressicocrm.com/api/player/110368,2921,0,0
1680594064226,3518,Get Home page country ,200,,Knock_out_Thread Group 1-1213,text,true,,17270,320,307,307,https://pabsa.impressicocrm.com/api/country,3449,0,0
1680594064704,3041,Get Home page currency,200,,Knock_out_Thread Group 1-1169,text,true,,9160,321,307,307,https://pabsa.impressicocrm.com/api/currency,3041,0,0
1680594064853,2903,Get single knockout Player details,200,,Knock_out_Thread Group 1-1075,text,true,,1210,326,308,308,https://pabsa.impressicocrm.com/api/player/110368,2903,0,0
1680594063886,3879,Get tournamnent list ,200,,Knock_out_Thread Group 1-1217,text,true,,58880,389,308,308,https://pabsa.impressicocrm.com/api/tournament?limit=12&pageNumber=1&sportType=&tournamentName=&tournamentStyle=,3318,0,0
1680594064661,3104,Get Home page currency,200,,Knock_out_Thread Group 1-1178,text,true,,9160,321,308,308,https://pabsa.impressicocrm.com/api/currency,3104,0,0
1680594064796,2971,Get Players list ,200,,Knock_out_Thread Group 1-1128,text,true,,3218,338,308,308,https://pabsa.impressicocrm.com/api/tournament/119922/players,2971,0,0
1680594064293,3485,Get Players list ,200,,Knock_out_Thread Group 1-1141,text,true,,3218,338,308,308,https://pabsa.impressicocrm.com/api/tournament/119922/players,3485,0,0
1680594064481,3297,Get tournament result,200,,Knock_out_Thread Group 1-1033,text,true,,5441,338,308,308,https://pabsa.impressicocrm.com/api/tournament/119922/matches,3297,0,0
1680594064765,3042,Get knockout players list ,200,,Knock_out_Thread Group 1-1071,text,true,,4591,340,308,308,https://pabsa.impressicocrm.com/api/tournament/118871/knockouts,3042,0,0
1680594064912,2901,Get knockout players list ,200,,Knock_out_Thread Group 1-1094,text,true,,4598,340,308,308,https://pabsa.impressicocrm.com/api/tournament/118871/knockouts,2901,0,0
1680594064811,3005,Get knockout players list ,200,,Knock_out_Thread Group 1-1055,text,true,,4598,340,308,308,https://pabsa.impressicocrm.com/api/tournament/118871/knockouts,3005,0,0
1680594067451,365,Home page ,200,OK,Knock_out_Thread Group 1-1285,text,true,,3033,309,308,308,https://pabsa.impressicocrm.com/,365,0,280
1680594065753,2063,Home page ,200,OK,Knock_out_Thread Group 1-1268,text,true,,3033,309,308,308,https://pabsa.impressicocrm.com/,2063,0,1557
1680594064421,3400,Get Players schedule,200,,Knock_out_Thread Group 1-1113,text,true,,5441,338,308,308,https://pabsa.impressicocrm.com/api/tournament/119922/matches,3400,0,0
1680594064421,3400,Get tournament result,200,,Knock_out_Thread Group 1-996,text,true,,5441,338,308,308,https://pabsa.impressicocrm.com/api/tournament/119922/matches,3400,0,0
1680594064791,3035,Get Home page country ,200,,Knock_out_Thread Group 1-1255,text,true,,17270,320,308,308,https://pabsa.impressicocrm.com/api/country,3035,0,0
1680594066951,888,Home page ,200,OK,Knock_out_Thread Group 1-1280,text,true,,3033,309,308,308,https://pabsa.impressicocrm.com/,888,0,253
1680594067252,601,Home page ,200,OK,Knock_out_Thread Group 1-1283,text,true,,3033,309,309,309,https://pabsa.impressicocrm.com/,601,0,526
1680594064861,3020,Get playerA_Vs_playerB,200,,Knock_out_Thread Group 1-1008,text,true,,1239,341,309,309,https://pabsa.impressicocrm.com/api/tournament/matchScore/147598,3020,0,0
1680594064899,2997,Get playerA_Vs_playerB,200,,Knock_out_Thread Group 1-1013,text,true,,1239,341,308,308,https://pabsa.impressicocrm.com/api/tournament/matchScore/147598,2997,0,0
1680594064936,2968,Get Home page country ,200,,Knock_out_Thread Group 1-1256,text,true,,17270,320,307,307,https://pabsa.impressicocrm.com/api/country,2968,0,0
1680594065019,2902,Get knockout players list ,200,,Knock_out_Thread Group 1-1088,text,true,,4598,340,307,307,https://pabsa.impressicocrm.com/api/tournament/118871/knockouts,2902,0,0
1680594064747,3197,Get tournament result,200,,Knock_out_Thread Group 1-1037,text,true,,5441,338,307,307,https://pabsa.impressicocrm.com/api/tournament/119922/matches,3197,0,0
1680594064964,2985,Get playerA_Vs_playerB,200,,Knock_out_Thread Group 1-955,text,true,,1239,341,307,307,https://pabsa.impressicocrm.com/api/tournament/matchScore/147598,2985,0,0
1680594064804,3145,Get Home page country ,200,,Knock_out_Thread Group 1-1254,text,true,,17270,320,307,307,https://pabsa.impressicocrm.com/api/country,3145,0,0
1680594064941,3018,Get Break list ,200,,Knock_out_Thread Group 1-1111,text,true,,3218,338,307,307,https://pabsa.impressicocrm.com/api/tournament/119922/players,3018,0,0
1680594065019,2946,Get playerA_Vs_playerB,200,,Knock_out_Thread Group 1-977,text,true,,1239,341,307,307,https://pabsa.impressicocrm.com/api/tournament/matchScore/147598,2946,0,0
1680594064833,3148,Get Home page currency,200,,Knock_out_Thread Group 1-1193,text,true,,9160,321,306,306,https://pabsa.impressicocrm.com/api/currency,3148,0,0
1680594064978,3003,Get Home page currency,200,,Knock_out_Thread Group 1-1195,text,true,,9160,321,306,306,https://pabsa.impressicocrm.com/api/currency,3003,0,0
1680594065090,2891,Get single knockout Player details,200,,Knock_out_Thread Group 1-1068,text,true,,1210,326,306,306,https://pabsa.impressicocrm.com/api/player/110368,2891,0,0
1680594065090,2891,Get knockout players list ,200,,Knock_out_Thread Group 1-1050,text,true,,4598,340,306,306,https://pabsa.impressicocrm.com/api/tournament/118871/knockouts,2891,0,0
1680594065120,2870,Get single knockout Player details,200,,Knock_out_Thread Group 1-1032,text,true,,1210,326,306,306,https://pabsa.impressicocrm.com/api/player/110368,2870,0,0
1680594064382,3612,Get Players schedule,200,,Knock_out_Thread Group 1-983,text,true,,5441,338,306,306,https://pabsa.impressicocrm.com/api/tournament/119922/matches,3612,0,0
1680594065005,2989,Get Players list ,200,,Knock_out_Thread Group 1-1168,text,true,,3218,338,306,306,https://pabsa.impressicocrm.com/api/tournament/119922/players,2989,0,0
1680594064782,3215,Get Home page currency,200,,Knock_out_Thread Group 1-1188,text,true,,9160,321,306,306,https://pabsa.impressicocrm.com/api/currency,3215,0,0
1680594065055,2946,Get Break list ,200,,Knock_out_Thread Group 1-1146,text,true,,3218,338,306,306,https://pabsa.impressicocrm.com/api/tournament/119922/players,2946,0,0
1680594062691,5315,Get Home page country ,200,,Knock_out_Thread Group 1-1229,text,true,,17270,320,306,306,https://pabsa.impressicocrm.com/api/country,5312,0,0
1680594065137,2888,Get knockout players list ,200,,Knock_out_Thread Group 1-1040,text,true,,4598,340,306,306,https://pabsa.impressicocrm.com/api/tournament/118871/knockouts,2888,0,0
1680594065090,2971,Get playerA_Vs_playerB,200,,Knock_out_Thread Group 1-1021,text,true,,1239,341,307,307,https://pabsa.impressicocrm.com/api/tournament/matchScore/147598,2971,0,0
1680594064878,3183,Get Break list ,200,,Knock_out_Thread Group 1-1121,text,true,,3218,338,307,307,https://pabsa.impressicocrm.com/api/tournament/119922/players,3183,0,0
1680594065080,2986,Get knockout players list ,200,,Knock_out_Thread Group 1-1089,text,true,,4598,340,306,306,https://pabsa.impressicocrm.com/api/tournament/118871/knockouts,2986,0,0
1680594067654,413,Home page ,200,OK,Knock_out_Thread Group 1-1287,text,true,,3033,309,306,306,https://pabsa.impressicocrm.com/,412,0,305
1680594064682,3389,Get Home page currency,200,,Knock_out_Thread Group 1-1174,text,true,,9160,321,306,306,https://pabsa.impressicocrm.com/api/currency,3389,0,0
1680594064582,3489,Get tournament result,200,,Knock_out_Thread Group 1-974,text,true,,5441,338,306,306,https://pabsa.impressicocrm.com/api/tournament/119922/matches,3489,0,0
1680594064866,3205,Get single knockout Player details,200,,Knock_out_Thread Group 1-1056,text,true,,1210,326,306,306,https://pabsa.impressicocrm.com/api/player/110368,3205,0,0
1680594066752,1320,Home page ,200,OK,Knock_out_Thread Group 1-1278,text,true,,3033,309,306,306,https://pabsa.impressicocrm.com/,1319,0,1238
1680594065172,2904,Get Break list ,200,,Knock_out_Thread Group 1-1134,text,true,,3218,338,306,306,https://pabsa.impressicocrm.com/api/tournament/119922/players,2904,0,0
1680594064841,3235,Get knockout players list ,200,,Knock_out_Thread Group 1-1058,text,true,,4598,340,306,306,https://pabsa.impressicocrm.com/api/tournament/118871/knockouts,3235,0,0
1680594064985,3098,Get Home page currency,200,,Knock_out_Thread Group 1-1180,text,true,,9160,321,306,306,https://pabsa.impressicocrm.com/api/currency,3098,0,0
1680594067752,342,Home page ,200,OK,Knock_out_Thread Group 1-1288,text,true,,3033,309,306,306,https://pabsa.impressicocrm.com/,342,0,263
1680594065208,2892,Get playerA_Vs_playerB,200,,Knock_out_Thread Group 1-1006,text,true,,1239,341,306,306,https://pabsa.impressicocrm.com/api/tournament/matchScore/147598,2892,0,0
1680594065147,2958,Get playerA_Vs_playerB,200,,Knock_out_Thread Group 1-1009,text,true,,1239,341,305,305,https://pabsa.impressicocrm.com/api/tournament/matchScore/147598,2958,0,0
1680594065090,3038,Get knockout players list ,200,,Knock_out_Thread Group 1-1047,text,true,,4598,340,304,304,https://pabsa.impressicocrm.com/api/tournament/118871/knockouts,3038,0,0
1680594065200,2937,Get playerA_Vs_playerB,200,,Knock_out_Thread Group 1-1004,text,true,,1239,341,304,304,https://pabsa.impressicocrm.com/api/tournament/matchScore/147598,2937,0,0
1680594063666,4488,Get tournamnent list ,200,,Knock_out_Thread Group 1-1209,text,true,,58888,389,304,304,https://pabsa.impressicocrm.com/api/tournament?limit=12&pageNumber=1&sportType=&tournamentName=&tournamentStyle=,3350,0,0
1680594065198,2962,Get Break list ,200,,Knock_out_Thread Group 1-1138,text,true,,3218,338,304,304,https://pabsa.impressicocrm.com/api/tournament/119922/players,2962,0,0
1680594061946,6220,Get tournamnent list ,200,,Knock_out_Thread Group 1-1200,text,true,,58880,389,304,304,https://pabsa.impressicocrm.com/api/tournament?limit=12&pageNumber=1&sportType=&tournamentName=&tournamentStyle=,5604,0,0
1680594065234,2932,Get Home page country ,200,,Knock_out_Thread Group 1-1260,text,true,,17270,320,304,304,https://pabsa.impressicocrm.com/api/country,2932,0,0
1680594065236,2940,Get Home page currency,200,,Knock_out_Thread Group 1-1189,text,true,,9160,321,304,304,https://pabsa.impressicocrm.com/api/currency,2940,0,0
1680594065046,3137,Get Players schedule,200,,Knock_out_Thread Group 1-1110,text,true,,5441,338,304,304,https://pabsa.impressicocrm.com/api/tournament/119922/matches,3136,0,0
1680594065272,2915,Get Home page currency,200,,Knock_out_Thread Group 1-1198,text,true,,9160,321,304,304,https://pabsa.impressicocrm.com/api/currency,2915,0,0
1680594065357,2839,Get Players list ,200,,Knock_out_Thread Group 1-1183,text,true,,3218,338,304,304,https://pabsa.impressicocrm.com/api/tournament/119922/players,2839,0,0
1680594065342,2858,Get Break list ,200,,Knock_out_Thread Group 1-1109,text,true,,3218,338,304,304,https://pabsa.impressicocrm.com/api/tournament/119922/players,2858,0,0
1680594065368,2843,Get single knockout Player details,200,,Knock_out_Thread Group 1-1064,text,true,,1210,326,304,304,https://pabsa.impressicocrm.com/api/player/110368,2843,0,0
1680594065018,3193,Get Home page country ,200,,Knock_out_Thread Group 1-1253,text,true,,17255,320,304,304,https://pabsa.impressicocrm.com/api/country,3193,0,0
1680594063609,4605,Get tournamnent list ,200,,Knock_out_Thread Group 1-1212,text,true,,58888,389,304,304,https://pabsa.impressicocrm.com/api/tournament?limit=12&pageNumber=1&sportType=&tournamentName=&tournamentStyle=,3411,0,0
1680594066253,2000,Get tournamnent list ,200,,Knock_out_Thread Group 1-1233,text,true,,58880,389,305,305,https://pabsa.impressicocrm.com/api/tournament?limit=12&pageNumber=1&sportType=&tournamentName=&tournamentStyle=,1327,0,0
1680594064085,4172,Get tournamnent list ,200,,Knock_out_Thread Group 1-1216,text,true,,58880,389,305,305,https://pabsa.impressicocrm.com/api/tournament?limit=12&pageNumber=1&sportType=&tournamentName=&tournamentStyle=,3465,0,0
1680594067852,405,Home page ,200,OK,Knock_out_Thread Group 1-1289,text,true,,3033,309,305,305,https://pabsa.impressicocrm.com/,405,0,295
1680594065357,2907,Get Break list ,200,,Knock_out_Thread Group 1-1142,text,true,,3218,338,305,305,https://pabsa.impressicocrm.com/api/tournament/119922/players,2907,0,0
1680594064096,4168,Get tournamnent list ,200,,Knock_out_Thread Group 1-1215,text,true,,58888,389,305,305,https://pabsa.impressicocrm.com/api/tournament?limit=12&pageNumber=1&sportType=&tournamentName=&tournamentStyle=,3443,0,0
1680594067554,715,Home page ,200,OK,Knock_out_Thread Group 1-1286,text,true,,3033,309,305,305,https://pabsa.impressicocrm.com/,715,0,540
1680594065345,2928,Get Home page currency,200,,Knock_out_Thread Group 1-1186,text,true,,9160,321,305,305,https://pabsa.impressicocrm.com/api/currency,2928,0,0
1680594065395,2885,Get playerA_Vs_playerB,200,,Knock_out_Thread Group 1-1005,text,true,,1239,341,305,305,https://pabsa.impressicocrm.com/api/tournament/matchScore/147598,2885,0,0
1680594064531,3749,Get tournamnent list ,200,,Knock_out_Thread Group 1-1224,text,true,,58880,389,305,305,https://pabsa.impressicocrm.com/api/tournament?limit=12&pageNumber=1&sportType=&tournamentName=&tournamentStyle=,3390,0,0
1680594065368,2961,Get Home page country ,200,,Knock_out_Thread Group 1-1251,text,true,,17270,320,304,304,https://pabsa.impressicocrm.com/api/country,2961,0,0
1680594065357,2975,Get Home page country ,200,,Knock_out_Thread Group 1-1261,text,true,,17270,320,304,304,https://pabsa.impressicocrm.com/api/country,2975,0,0
1680594065191,3146,Get tournament result,200,,Knock_out_Thread Group 1-1026,text,true,,5441,338,304,304,https://pabsa.impressicocrm.com/api/tournament/119922/matches,3146,0,0
1680594065400,2943,Get playerA_Vs_playerB,200,,Knock_out_Thread Group 1-1010,text,true,,1239,341,304,304,https://pabsa.impressicocrm.com/api/tournament/matchScore/147598,2943,0,0
1680594065583,2795,Get single knockout Player details,200,,Knock_out_Thread Group 1-1034,text,true,,1210,326,304,304,https://pabsa.impressicocrm.com/api/player/110368,2795,0,0
1680594064893,3489,Get Break list ,200,,Knock_out_Thread Group 1-1112,text,true,,3218,338,304,304,https://pabsa.impressicocrm.com/api/tournament/119922/players,3489,0,0
1680594065055,3331,Get Home page country ,200,,Knock_out_Thread Group 1-1257,text,true,,17270,320,304,304,https://pabsa.impressicocrm.com/api/country,3331,0,0
1680594065514,2872,Get knockout players list ,200,,Knock_out_Thread Group 1-1077,text,true,,4598,340,304,304,https://pabsa.impressicocrm.com/api/tournament/118871/knockouts,2872,0,0
1680594068052,335,Home page ,200,OK,Knock_out_Thread Group 1-1291,text,true,,3033,309,304,304,https://pabsa.impressicocrm.com/,335,0,250
1680594065668,2723,Get single knockout Player details,200,,Knock_out_Thread Group 1-945,text,true,,1210,326,304,304,https://pabsa.impressicocrm.com/api/player/110368,2722,0,0
1680594065733,2658,Get single knockout Player details,200,,Knock_out_Thread Group 1-1062,text,true,,1210,326,304,304,https://pabsa.impressicocrm.com/api/player/110368,2658,0,0
1680594065682,2709,Get single knockout Player details,200,,Knock_out_Thread Group 1-1133,text,true,,1210,326,304,304,https://pabsa.impressicocrm.com/api/player/110368,2709,0,0
1680594063180,5211,Get tournament result,200,,Knock_out_Thread Group 1-1039,text,true,,5441,338,304,304,https://pabsa.impressicocrm.com/api/tournament/119922/matches,5211,0,0
1680594065080,3311,Get Players schedule,200,,Knock_out_Thread Group 1-1104,text,true,,5435,338,304,304,https://pabsa.impressicocrm.com/api/tournament/119922/matches,3311,0,0
1680594065393,3002,Get knockout players list ,200,,Knock_out_Thread Group 1-1095,text,true,,4598,340,304,304,https://pabsa.impressicocrm.com/api/tournament/118871/knockouts,3002,0,0
1680594065475,2920,Get Players list ,200,,Knock_out_Thread Group 1-1139,text,true,,3218,338,304,304,https://pabsa.impressicocrm.com/api/tournament/119922/players,2920,0,0
1680594065658,2743,Get single knockout Player details,200,,Knock_out_Thread Group 1-1060,text,true,,1210,326,304,304,https://pabsa.impressicocrm.com/api/player/110368,2743,0,0
1680594065621,2781,Get single knockout Player details,200,,Knock_out_Thread Group 1-948,text,true,,1210,326,304,304,https://pabsa.impressicocrm.com/api/player/110368,2781,0,0
1680594065336,3075,Get tournament result,200,,Knock_out_Thread Group 1-1030,text,true,,5441,338,304,304,https://pabsa.impressicocrm.com/api/tournament/119922/matches,3075,0,0
1680594062611,5800,Get tournament result,200,,Knock_out_Thread Group 1-1022,text,true,,5441,338,304,304,https://pabsa.impressicocrm.com/api/tournament/119922/matches,5800,0,0
1680594065779,2644,Get knockout players list ,200,,Knock_out_Thread Group 1-1079,text,true,,4598,340,304,304,https://pabsa.impressicocrm.com/api/tournament/118871/knockouts,2644,0,0
1680594063524,4905,Get tournamnent list ,200,,Knock_out_Thread Group 1-1197,text,true,,58880,389,304,304,https://pabsa.impressicocrm.com/api/tournament?limit=12&pageNumber=1&sportType=&tournamentName=&tournamentStyle=,3713,0,0
1680594065290,3149,Get Players schedule,200,,Knock_out_Thread Group 1-1108,text,true,,5441,338,304,304,https://pabsa.impressicocrm.com/api/tournament/119922/matches,3149,0,0
1680594065733,2706,Get playerA_Vs_playerB,200,,Knock_out_Thread Group 1-946,text,true,,1239,341,304,304,https://pabsa.impressicocrm.com/api/tournament/matchScore/147598,2706,0,0
1680594064702,3748,Get tournamnent list ,200,,Knock_out_Thread Group 1-1221,text,true,,58880,389,303,303,https://pabsa.impressicocrm.com/api/tournament?limit=12&pageNumber=1&sportType=&tournamentName=&tournamentStyle=,3226,0,0
1680594065829,2624,Get single knockout Player details,200,,Knock_out_Thread Group 1-1070,text,true,,1210,326,304,304,https://pabsa.impressicocrm.com/api/player/110368,2624,0,0
1680594063687,4775,Get Home page country ,200,,Knock_out_Thread Group 1-1243,text,true,,17270,320,304,304,https://pabsa.impressicocrm.com/api/country,4774,0,0
1680594065569,2903,Get Home page country ,200,,Knock_out_Thread Group 1-1262,text,true,,17270,320,304,304,https://pabsa.impressicocrm.com/api/country,2903,0,0
1680594064920,3552,Get tournamnent list ,200,,Knock_out_Thread Group 1-1225,text,true,,58880,389,304,304,https://pabsa.impressicocrm.com/api/tournament?limit=12&pageNumber=1&sportType=&tournamentName=&tournamentStyle=,3240,0,0
1680594065724,2748,Get Players list ,200,,Knock_out_Thread Group 1-1161,text,true,,3218,338,304,304,https://pabsa.impressicocrm.com/api/tournament/119922/players,2748,0,0
1680594065577,2895,Get Players list ,200,,Knock_out_Thread Group 1-1149,text,true,,3218,338,304,304,https://pabsa.impressicocrm.com/api/tournament/119922/players,2895,0,0
1680594065708,2772,Get Home page currency,200,,Knock_out_Thread Group 1-1192,text,true,,9160,321,304,304,https://pabsa.impressicocrm.com/api/currency,2772,0,0
1680594065780,2710,Get Home page country ,200,,Knock_out_Thread Group 1-1264,text,true,,17270,320,304,304,https://pabsa.impressicocrm.com/api/country,2704,0,0
1680594065376,3124,Get knockout players list ,200,,Knock_out_Thread Group 1-1100,text,true,,4598,340,304,304,https://pabsa.impressicocrm.com/api/tournament/118871/knockouts,3124,0,0
1680594065779,2729,Get knockout players list ,200,,Knock_out_Thread Group 1-1078,text,true,,4598,340,304,304,https://pabsa.impressicocrm.com/api/tournament/118871/knockouts,2729,0,0
1680594068152,361,Home page ,200,OK,Knock_out_Thread Group 1-1292,text,true,,3033,309,304,304,https://pabsa.impressicocrm.com/,361,0,302
1680594065850,2663,Get Home page country ,200,,Knock_out_Thread Group 1-1263,text,true,,17270,320,304,304,https://pabsa.impressicocrm.com/api/country,2663,0,0
1680594063387,5138,Get tournamnent list ,200,,Knock_out_Thread Group 1-1129,text,true,,58880,389,304,304,https://pabsa.impressicocrm.com/api/tournament?limit=12&pageNumber=1&sportType=&tournamentName=&tournamentStyle=,3353,0,0
1680594064226,4313,Get tournamnent list ,200,,Knock_out_Thread Group 1-1218,text,true,,58880,389,304,304,https://pabsa.impressicocrm.com/api/tournament?limit=12&pageNumber=1&sportType=&tournamentName=&tournamentStyle=,3434,0,0
1680594065191,3351,Get Players schedule,200,,Knock_out_Thread Group 1-1097,text,true,,5441,338,304,304,https://pabsa.impressicocrm.com/api/tournament/119922/matches,3351,0,0
1680594065046,3507,Get Players list ,200,,Knock_out_Thread Group 1-1132,text,true,,3218,338,305,305,https://pabsa.impressicocrm.com/api/tournament/119922/players,3507,0,0
1680594065061,3503,Get Home page currency,200,,Knock_out_Thread Group 1-1199,text,true,,9160,321,305,305,https://pabsa.impressicocrm.com/api/currency,3503,0,0
1680594065950,2626,Get single knockout Player details,200,,Knock_out_Thread Group 1-1043,text,true,,1210,326,305,305,https://pabsa.impressicocrm.com/api/player/110368,2625,0,0
1680594065870,2706,Get knockout players list ,200,,Knock_out_Thread Group 1-1073,text,true,,4598,340,305,305,https://pabsa.impressicocrm.com/api/tournament/118871/knockouts,2705,0,0
1680594065880,2713,Get playerA_Vs_playerB,200,,Knock_out_Thread Group 1-969,text,true,,1239,341,305,305,https://pabsa.impressicocrm.com/api/tournament/matchScore/147598,2713,0,0
1680594064327,4275,Get Home page currency,200,,Knock_out_Thread Group 1-1184,text,true,,9160,321,304,304,https://pabsa.impressicocrm.com/api/currency,4275,0,0
1680594066045,2593,Get single knockout Player details,200,,Knock_out_Thread Group 1-1074,text,true,,1210,326,304,304,https://pabsa.impressicocrm.com/api/player/110368,2593,0,0
1680594067352,1297,Home page ,200,OK,Knock_out_Thread Group 1-1284,text,true,,3033,309,304,304,https://pabsa.impressicocrm.com/,1296,0,1232
1680594066030,2626,Get single knockout Player details,200,,Knock_out_Thread Group 1-1072,text,true,,1210,326,305,305,https://pabsa.impressicocrm.com/api/player/110368,2626,0,0
1680594065395,3263,Get tournamnent list ,200,,Knock_out_Thread Group 1-1230,text,true,,58880,389,305,305,https://pabsa.impressicocrm.com/api/tournament?limit=12&pageNumber=1&sportType=&tournamentName=&tournamentStyle=,3102,0,0
1680594065372,3294,Get Home page currency,200,,Knock_out_Thread Group 1-1190,text,true,,9160,321,305,305,https://pabsa.impressicocrm.com/api/currency,3294,0,0
1680594066035,2646,Get playerA_Vs_playerB,200,,Knock_out_Thread Group 1-976,text,true,,1239,341,305,305,https://pabsa.impressicocrm.com/api/tournament/matchScore/147598,2646,0,0
1680594065805,2879,Get Players schedule,200,,Knock_out_Thread Group 1-1126,text,true,,5441,338,304,304,https://pabsa.impressicocrm.com/api/tournament/119922/matches,2879,0,0
1680594068352,351,Home page ,200,OK,Knock_out_Thread Group 1-1294,text,true,,3033,309,304,304,https://pabsa.impressicocrm.com/,351,0,280
1680594065386,3320,Get Home page currency,200,,Knock_out_Thread Group 1-1194,text,true,,9160,321,304,304,https://pabsa.impressicocrm.com/api/currency,3320,0,0
1680594065991,2721,Get playerA_Vs_playerB,200,,Knock_out_Thread Group 1-1002,text,true,,1239,341,304,304,https://pabsa.impressicocrm.com/api/tournament/matchScore/147598,2721,0,0
1680594066138,2586,Get Break list ,200,,Knock_out_Thread Group 1-1135,text,true,,3218,338,303,303,https://pabsa.impressicocrm.com/api/tournament/119922/players,2586,0,0
1680594065785,2945,Get Home page currency,200,,Knock_out_Thread Group 1-1176,text,true,,9160,321,303,303,https://pabsa.impressicocrm.com/api/currency,2945,0,0
1680594066050,2692,Get knockout players list ,200,,Knock_out_Thread Group 1-1076,text,true,,4598,340,303,303,https://pabsa.impressicocrm.com/api/tournament/118871/knockouts,2692,0,0
1680594066046,2698,Get knockout players list ,200,,Knock_out_Thread Group 1-1090,text,true,,4598,340,303,303,https://pabsa.impressicocrm.com/api/tournament/118871/knockouts,2698,0,0
1680594066077,2669,Get Players list ,200,,Knock_out_Thread Group 1-1172,text,true,,3218,338,303,303,https://pabsa.impressicocrm.com/api/tournament/119922/players,2669,0,0
1680594063860,4891,Get tournament result,200,,Knock_out_Thread Group 1-1019,text,true,,5441,338,303,303,https://pabsa.impressicocrm.com/api/tournament/119922/matches,4891,0,0
1680594066118,2654,Get Break list ,200,,Knock_out_Thread Group 1-1124,text,true,,3218,338,304,304,https://pabsa.impressicocrm.com/api/tournament/119922/players,2654,0,0
1680594068452,331,Home page ,200,OK,Knock_out_Thread Group 1-1295,text,true,,3033,309,304,304,https://pabsa.impressicocrm.com/,331,0,249
1680594065809,2991,Get tournament result,200,,Knock_out_Thread Group 1-1028,text,true,,5441,338,304,304,https://pabsa.impressicocrm.com/api/tournament/119922/matches,2991,0,0
1680594066161,2649,Get Home page country ,200,,Knock_out_Thread Group 1-1269,text,true,,17270,320,304,304,https://pabsa.impressicocrm.com/api/country,2647,0,0
1680594066193,2618,Get single knockout Player details,200,,Knock_out_Thread Group 1-1080,text,true,,1210,326,304,304,https://pabsa.impressicocrm.com/api/player/110368,2618,0,0
1680594066261,2562,Get single knockout Player details,200,,Knock_out_Thread Group 1-1099,text,true,,1210,326,304,304,https://pabsa.impressicocrm.com/api/player/110368,2562,0,0
1680594066175,2668,Get playerA_Vs_playerB,200,,Knock_out_Thread Group 1-949,text,true,,1239,341,304,304,https://pabsa.impressicocrm.com/api/tournament/matchScore/147598,2668,0,0
1680594067952,891,Home page ,200,OK,Knock_out_Thread Group 1-1290,text,true,,3033,309,304,304,https://pabsa.impressicocrm.com/,891,0,778
1680594065779,3081,Get Players list ,200,,Knock_out_Thread Group 1-1144,text,true,,3218,338,303,303,https://pabsa.impressicocrm.com/api/tournament/119922/players,3081,0,0
1680594063972,4911,Get tournament result,200,,Knock_out_Thread Group 1-1017,text,true,,5441,338,304,304,https://pabsa.impressicocrm.com/api/tournament/119922/matches,4911,0,0
1680594066139,2746,Get Players list ,200,,Knock_out_Thread Group 1-1167,text,true,,3218,338,304,304,https://pabsa.impressicocrm.com/api/tournament/119922/players,2746,0,0
1680594065779,3112,Get tournamnent list ,200,,Knock_out_Thread Group 1-1234,text,true,,58880,389,304,304,https://pabsa.impressicocrm.com/api/tournament?limit=12&pageNumber=1&sportType=&tournamentName=&tournamentStyle=,2880,0,0
1680594068553,343,Home page ,200,OK,Knock_out_Thread Group 1-1296,text,true,,3033,309,304,304,https://pabsa.impressicocrm.com/,342,0,258
1680594064742,4161,Get tournamnent list ,200,,Knock_out_Thread Group 1-1222,text,true,,58880,389,304,304,https://pabsa.impressicocrm.com/api/tournament?limit=12&pageNumber=1&sportType=&tournamentName=&tournamentStyle=,3396,0,0
1680594065885,3018,Get Players list ,200,,Knock_out_Thread Group 1-1182,text,true,,3218,338,304,304,https://pabsa.impressicocrm.com/api/tournament/119922/players,3018,0,0
1680594066135,2783,Get Break list ,200,,Knock_out_Thread Group 1-1127,text,true,,3218,338,304,304,https://pabsa.impressicocrm.com/api/tournament/119922/players,2783,0,0
1680594065968,2960,Get Players schedule,200,,Knock_out_Thread Group 1-1148,text,true,,5441,338,304,304,https://pabsa.impressicocrm.com/api/tournament/119922/matches,2960,0,0
1680594065926,3008,Get playerA_Vs_playerB,200,,Knock_out_Thread Group 1-965,text,true,,1239,341,304,304,https://pabsa.impressicocrm.com/api/tournament/matchScore/147598,3008,0,0
1680594067982,955,Get tournament result,200,,Knock_out_Thread Group 1-1068,text,true,,5441,338,303,303,https://pabsa.impressicocrm.com/api/tournament/119922/matches,955,0,0
1680594066261,2684,Get Home page country ,200,,Knock_out_Thread Group 1-1270,text,true,,17270,320,303,303,https://pabsa.impressicocrm.com/api/country,2684,0,0
1680594066261,2694,Get Players list ,200,,Knock_out_Thread Group 1-1154,text,true,,3218,338,304,304,https://pabsa.impressicocrm.com/api/tournament/119922/players,2694,0,0
1680594066196,2808,Get Home page currency,200,,Knock_out_Thread Group 1-1191,text,true,,9160,321,304,304,https://pabsa.impressicocrm.com/api/currency,2808,0,0
1680594066279,2725,Get playerA_Vs_playerB,200,,Knock_out_Thread Group 1-1001,text,true,,1239,341,304,304,https://pabsa.impressicocrm.com/api/tournament/matchScore/147598,2725,0,0
1680594066280,2732,Get Players list ,200,,Knock_out_Thread Group 1-1170,text,true,,3218,338,303,303,https://pabsa.impressicocrm.com/api/tournament/119922/players,2732,0,0
1680594066364,2652,Get knockout players list ,200,,Knock_out_Thread Group 1-1096,text,true,,4598,340,303,303,https://pabsa.impressicocrm.com/api/tournament/118871/knockouts,2652,0,0
1680594066172,2883,Get tournament result,200,,Knock_out_Thread Group 1-1000,text,true,,5441,338,304,304,https://pabsa.impressicocrm.com/api/tournament/119922/matches,2883,0,0
1680594068764,298,Home page ,200,OK,Knock_out_Thread Group 1-1298,text,true,,3033,309,304,304,https://pabsa.impressicocrm.com/,298,0,229
1680594064931,4137,Get tournamnent list ,200,,Knock_out_Thread Group 1-1164,text,true,,58880,389,304,304,https://pabsa.impressicocrm.com/api/tournament?limit=12&pageNumber=1&sportType=&tournamentName=&tournamentStyle=,3518,0,0
1680594066340,2742,Get Players list ,200,,Knock_out_Thread Group 1-1159,text,true,,3218,338,304,304,https://pabsa.impressicocrm.com/api/tournament/119922/players,2742,0,0
1680594065367,3717,Get tournamnent list ,200,,Knock_out_Thread Group 1-1220,text,true,,58880,389,304,304,https://pabsa.impressicocrm.com/api/tournament?limit=12&pageNumber=1&sportType=&tournamentName=&tournamentStyle=,3082,0,0
1680594066157,2934,Get Players schedule,200,,Knock_out_Thread Group 1-1107,text,true,,5441,338,304,304,https://pabsa.impressicocrm.com/api/tournament/119922/matches,2934,0,0
1680594065475,3617,Get tournamnent list ,200,,Knock_out_Thread Group 1-1227,text,true,,58880,389,304,304,https://pabsa.impressicocrm.com/api/tournament?limit=12&pageNumber=1&sportType=&tournamentName=&tournamentStyle=,3267,0,0
1680594066364,2741,Get Players list ,200,,Knock_out_Thread Group 1-1165,text,true,,3218,338,304,304,https://pabsa.impressicocrm.com/api/tournament/119922/players,2741,0,0
1680594066615,2497,Get knockout players list ,200,,Knock_out_Thread Group 1-1105,text,true,,4598,340,304,304,https://pabsa.impressicocrm.com/api/tournament/118871/knockouts,2497,0,0
1680594065860,3254,Get Players schedule,200,,Knock_out_Thread Group 1-1120,text,true,,5441,338,304,304,https://pabsa.impressicocrm.com/api/tournament/119922/matches,3254,0,0
1680594066373,2759,Get Break list ,200,,Knock_out_Thread Group 1-1130,text,true,,3218,338,304,304,https://pabsa.impressicocrm.com/api/tournament/119922/players,2759,0,0
1680594066494,2644,Get knockout players list ,200,,Knock_out_Thread Group 1-1084,text,true,,4598,340,304,304,https://pabsa.impressicocrm.com/api/tournament/118871/knockouts,2644,0,0
1680594066267,2892,Get Home page country ,200,,Knock_out_Thread Group 1-1267,text,true,,17270,320,305,305,https://pabsa.impressicocrm.com/api/country,2888,0,0
1680594068258,905,Get Home page country ,200,,Knock_out_Thread Group 1-1289,text,true,,17270,320,305,305,https://pabsa.impressicocrm.com/api/country,902,0,0
1680594066400,2772,Get knockout players list ,200,,Knock_out_Thread Group 1-1092,text,true,,4598,340,305,305,https://pabsa.impressicocrm.com/api/tournament/118871/knockouts,2772,0,0
1680594068864,331,Home page ,200,OK,Knock_out_Thread Group 1-1299,text,true,,3033,309,305,305,https://pabsa.impressicocrm.com/,331,0,258
1680594066615,2586,Get playerA_Vs_playerB,200,,Knock_out_Thread Group 1-970,text,true,,1239,341,305,305,https://pabsa.impressicocrm.com/api/tournament/matchScore/147598,2586,0,0
1680594066620,2595,Get knockout players list ,200,,Knock_out_Thread Group 1-1102,text,true,,4598,340,304,304,https://pabsa.impressicocrm.com/api/tournament/118871/knockouts,2595,0,0
1680594066559,2678,Get Players list ,200,,Knock_out_Thread Group 1-1156,text,true,,3218,338,304,304,https://pabsa.impressicocrm.com/api/tournament/119922/players,2678,0,0
1680594066403,2841,Get Home page country ,200,,Knock_out_Thread Group 1-1250,text,true,,17270,320,304,304,https://pabsa.impressicocrm.com/api/country,2830,0,0
1680594066635,2649,Get playerA_Vs_playerB,200,,Knock_out_Thread Group 1-1018,text,true,,1239,341,305,305,https://pabsa.impressicocrm.com/api/tournament/matchScore/147598,2649,0,0
1680594068387,913,Get Home page country ,200,,Knock_out_Thread Group 1-1291,text,true,,17270,320,304,304,https://pabsa.impressicocrm.com/api/country,913,0,0
1680594066679,2621,Get knockout players list ,200,,Knock_out_Thread Group 1-1101,text,true,,4591,340,304,304,https://pabsa.impressicocrm.com/api/tournament/118871/knockouts,2621,0,0
1680594068391,916,Get knockout players list ,200,,Knock_out_Thread Group 1-1104,text,true,,4591,340,304,304,https://pabsa.impressicocrm.com/api/tournament/118871/knockouts,916,0,0
1680594066626,2687,Get knockout players list ,200,,Knock_out_Thread Group 1-1098,text,true,,4598,340,304,304,https://pabsa.impressicocrm.com/api/tournament/118871/knockouts,2687,0,0
1680594069053,289,Home page ,200,OK,Knock_out_Thread Group 1-1301,text,true,,3033,309,304,304,https://pabsa.impressicocrm.com/,288,0,219
1680594068652,699,Home page ,200,OK,Knock_out_Thread Group 1-1297,text,true,,3033,309,304,304,https://pabsa.impressicocrm.com/,699,0,618
1680594066511,2852,Get Players schedule,200,,Knock_out_Thread Group 1-1117,text,true,,5441,338,305,305,https://pabsa.impressicocrm.com/api/tournament/119922/matches,2852,0,0
1680594065545,3822,Get tournamnent list ,200,,Knock_out_Thread Group 1-1231,text,true,,58865,389,305,305,https://pabsa.impressicocrm.com/api/tournament?limit=12&pageNumber=1&sportType=&tournamentName=&tournamentStyle=,3275,0,0
1680594068211,1177,Get tournament result,200,,Knock_out_Thread Group 1-1064,text,true,,5441,338,305,305,https://pabsa.impressicocrm.com/api/tournament/119922/matches,1177,0,0
1680594066709,2694,Get Break list ,200,,Knock_out_Thread Group 1-1140,text,true,,3218,338,305,305,https://pabsa.impressicocrm.com/api/tournament/119922/players,2694,0,0
1680594066626,2782,Get Break list ,200,,Knock_out_Thread Group 1-1153,text,true,,3218,338,305,305,https://pabsa.impressicocrm.com/api/tournament/119922/players,2782,0,0
1680594066441,2978,Get Players schedule,200,,Knock_out_Thread Group 1-1118,text,true,,5441,338,305,305,https://pabsa.impressicocrm.com/api/tournament/119922/matches,2978,0,0
1680594066511,2921,Get knockout players list ,200,,Knock_out_Thread Group 1-929,text,true,,4598,340,305,305,https://pabsa.impressicocrm.com/api/tournament/118871/knockouts,2921,0,0
1680594066543,2925,Get Home page country ,200,,Knock_out_Thread Group 1-1273,text,true,,17270,320,306,306,https://pabsa.impressicocrm.com/api/country,2585,0,0
1680594066773,2707,Get Home page country ,200,,Knock_out_Thread Group 1-1275,text,true,,17270,320,306,306,https://pabsa.impressicocrm.com/api/country,2700,0,0
1680594066169,3311,Get tournamnent list ,200,,Knock_out_Thread Group 1-1238,text,true,,58880,389,306,306,https://pabsa.impressicocrm.com/api/tournament?limit=12&pageNumber=1&sportType=&tournamentName=&tournamentStyle=,2956,0,0
1680594068265,1215,Get Players schedule,200,,Knock_out_Thread Group 1-1142,text,true,,5435,338,306,306,https://pabsa.impressicocrm.com/api/tournament/119922/matches,1215,0,0
1680594066740,2741,Get Home page currency,200,,Knock_out_Thread Group 1-1206,text,true,,9160,321,306,306,https://pabsa.impressicocrm.com/api/currency,2741,0,0
1680594068382,1115,Get Players schedule,200,,Knock_out_Thread Group 1-1112,text,true,,5441,338,306,306,https://pabsa.impressicocrm.com/api/tournament/119922/matches,1115,0,0
1680594068378,1133,Get tournament result,200,,Knock_out_Thread Group 1-1034,text,true,,5441,338,306,306,https://pabsa.impressicocrm.com/api/tournament/119922/matches,1133,0,0
1680594066693,2823,Get tournament result,200,,Knock_out_Thread Group 1-1015,text,true,,5441,338,306,306,https://pabsa.impressicocrm.com/api/tournament/119922/matches,2823,0,0
1680594066776,2777,Get Break list ,200,,Knock_out_Thread Group 1-1152,text,true,,3218,338,306,306,https://pabsa.impressicocrm.com/api/tournament/119922/players,2777,0,0
1680594066782,2771,Get Break list ,200,,Knock_out_Thread Group 1-1157,text,true,,3218,338,306,306,https://pabsa.impressicocrm.com/api/tournament/119922/players,2771,0,0
1680594064160,5393,Get Home page country ,200,,Knock_out_Thread Group 1-1247,text,true,,17270,320,306,306,https://pabsa.impressicocrm.com/api/country,5393,0,0
1680594066816,2737,Get playerA_Vs_playerB,200,,Knock_out_Thread Group 1-986,text,true,,1239,341,306,306,https://pabsa.impressicocrm.com/api/tournament/matchScore/147598,2737,0,0
1680594066722,2831,Get Home page country ,200,,Knock_out_Thread Group 1-1266,text,true,,17270,320,306,306,https://pabsa.impressicocrm.com/api/country,2831,0,0
1680594068252,1314,Home page ,200,OK,Knock_out_Thread Group 1-1293,text,true,,3033,309,306,306,https://pabsa.impressicocrm.com/,1314,0,1229
1680594065555,4034,Get tournamnent list ,200,,Knock_out_Thread Group 1-1223,text,true,,58880,389,306,306,https://pabsa.impressicocrm.com/api/tournament?limit=12&pageNumber=1&sportType=&tournamentName=&tournamentStyle=,3243,0,0
1680594066683,2909,Get Players schedule,200,,Knock_out_Thread Group 1-1125,text,true,,5441,338,306,306,https://pabsa.impressicocrm.com/api/tournament/119922/matches,2909,0,0
1680594066818,2789,Get playerA_Vs_playerB,200,,Knock_out_Thread Group 1-972,text,true,,1239,341,306,306,https://pabsa.impressicocrm.com/api/tournament/matchScore/147598,2789,0,0
1680594069252,373,Home page ,200,OK,Knock_out_Thread Group 1-1303,text,true,,3033,309,305,305,https://pabsa.impressicocrm.com/,372,0,301
1680594066725,2910,Get single knockout Player details,200,,Knock_out_Thread Group 1-1051,text,true,,1210,326,305,305,https://pabsa.impressicocrm.com/api/player/110368,2910,0,0
1680594066866,2770,Get single knockout Player details,200,,Knock_out_Thread Group 1-1044,text,true,,1210,326,305,305,https://pabsa.impressicocrm.com/api/player/110368,2770,0,0
1680594066816,2825,Get Break list ,200,,Knock_out_Thread Group 1-1160,text,true,,3218,338,305,305,https://pabsa.impressicocrm.com/api/tournament/119922/players,2825,0,0
1680594069352,291,Home page ,200,OK,Knock_out_Thread Group 1-1304,text,true,,3033,309,305,305,https://pabsa.impressicocrm.com/,291,0,220
1680594068953,699,Home page ,200,OK,Knock_out_Thread Group 1-1300,text,true,,3033,309,306,306,https://pabsa.impressicocrm.com/,699,0,620
1680594066957,2706,Get single knockout Player details,200,,Knock_out_Thread Group 1-1049,text,true,,1210,326,306,306,https://pabsa.impressicocrm.com/api/player/110368,2706,0,0
1680594066840,2823,Get Break list ,200,,Knock_out_Thread Group 1-1175,text,true,,3218,338,306,306,https://pabsa.impressicocrm.com/api/tournament/119922/players,2823,0,0
1680594066818,2845,Get Break list ,200,,Knock_out_Thread Group 1-1151,text,true,,3218,338,306,306,https://pabsa.impressicocrm.com/api/tournament/119922/players,2845,0,0
1680594066938,2743,Get single knockout Player details,200,,Knock_out_Thread Group 1-1041,text,true,,1210,326,306,306,https://pabsa.impressicocrm.com/api/player/110368,2743,0,0
1680594066913,2768,Get single knockout Player details,200,,Knock_out_Thread Group 1-1066,text,true,,1210,326,306,306,https://pabsa.impressicocrm.com/api/player/110368,2768,0,0
1680594066831,2867,Get Home page currency,200,,Knock_out_Thread Group 1-1202,text,true,,9160,321,306,306,https://pabsa.impressicocrm.com/api/currency,2867,0,0
1680594066920,2786,Get Break list ,200,,Knock_out_Thread Group 1-1143,text,true,,3218,338,306,306,https://pabsa.impressicocrm.com/api/tournament/119922/players,2786,0,0
1680594067070,2647,Get single knockout Player details,200,,Knock_out_Thread Group 1-1025,text,true,,1210,326,306,306,https://pabsa.impressicocrm.com/api/player/110368,2647,0,0
1680594067072,2652,Get single knockout Player details,200,,Knock_out_Thread Group 1-1045,text,true,,1210,326,306,306,https://pabsa.impressicocrm.com/api/player/110368,2652,0,0
1680594066749,2979,Get playerA_Vs_playerB,200,,Knock_out_Thread Group 1-956,text,true,,1239,341,306,306,https://pabsa.impressicocrm.com/api/tournament/matchScore/147598,2979,0,0
1680594067046,2686,Get playerA_Vs_playerB,200,,Knock_out_Thread Group 1-1020,text,true,,1239,341,305,305,https://pabsa.impressicocrm.com/api/tournament/matchScore/147598,2686,0,0
1680594066976,2759,Get Players list ,200,,Knock_out_Thread Group 1-1187,text,true,,3218,338,304,304,https://pabsa.impressicocrm.com/api/tournament/119922/players,2759,0,0
1680594066747,2989,Get tournament result,200,,Knock_out_Thread Group 1-1027,text,true,,5441,338,304,304,https://pabsa.impressicocrm.com/api/tournament/119922/matches,2989,0,0
1680594067140,2598,Get single knockout Player details,200,,Knock_out_Thread Group 1-1085,text,true,,1210,326,304,304,https://pabsa.impressicocrm.com/api/player/110368,2598,0,0
1680594068743,995,Get single knockout Player details,200,,Knock_out_Thread Group 1-1076,text,true,,1210,326,304,304,https://pabsa.impressicocrm.com/api/player/110368,995,0,0
1680594066962,2779,Get Home page country ,200,,Knock_out_Thread Group 1-1277,text,true,,17270,320,304,304,https://pabsa.impressicocrm.com/api/country,2779,0,0
1680594066852,2898,Get Break list ,200,,Knock_out_Thread Group 1-1147,text,true,,3218,338,304,304,https://pabsa.impressicocrm.com/api/tournament/119922/players,2898,0,0
1680594066311,3449,Get tournamnent list ,200,,Knock_out_Thread Group 1-1228,text,true,,58880,389,305,305,https://pabsa.impressicocrm.com/api/tournament?limit=12&pageNumber=1&sportType=&tournamentName=&tournamentStyle=,3062,0,0
1680594066876,2888,Get Players list ,200,,Knock_out_Thread Group 1-1171,text,true,,3218,338,305,305,https://pabsa.impressicocrm.com/api/tournament/119922/players,2888,0,0
1680594069452,319,Home page ,200,OK,Knock_out_Thread Group 1-1305,text,true,,3033,309,305,305,https://pabsa.impressicocrm.com/,318,0,252
1680594067197,2663,Get Break list ,200,,Knock_out_Thread Group 1-1158,text,true,,3218,338,306,306,https://pabsa.impressicocrm.com/api/tournament/119922/players,2663,0,0
1680594067140,2720,Get playerA_Vs_playerB,200,,Knock_out_Thread Group 1-997,text,true,,1239,341,306,306,https://pabsa.impressicocrm.com/api/tournament/matchScore/147598,2720,0,0
1680594066493,3367,Get tournamnent list ,200,,Knock_out_Thread Group 1-1237,text,true,,58888,389,306,306,https://pabsa.impressicocrm.com/api/tournament?limit=12&pageNumber=1&sportType=&tournamentName=&tournamentStyle=,2900,0,0
1680594067289,2576,Get single knockout Player details,200,,Knock_out_Thread Group 1-1093,text,true,,1210,326,305,305,https://pabsa.impressicocrm.com/api/player/110368,2576,0,0
1680594067113,2752,Get Home page currency,200,,Knock_out_Thread Group 1-1207,text,true,,9160,321,305,305,https://pabsa.impressicocrm.com/api/currency,2752,0,0
1680594067275,2590,Get playerA_Vs_playerB,200,,Knock_out_Thread Group 1-954,text,true,,1239,341,305,305,https://pabsa.impressicocrm.com/api/tournament/matchScore/147598,2590,0,0
1680594067215,2650,Get Players list ,200,,Knock_out_Thread Group 1-1185,text,true,,3218,338,305,305,https://pabsa.impressicocrm.com/api/tournament/119922/players,2650,0,0
1680594067036,2848,Get Break list ,200,,Knock_out_Thread Group 1-1163,text,true,,3218,338,304,304,https://pabsa.impressicocrm.com/api/tournament/119922/players,2848,0,0
1680594066859,3031,Get single knockout Player details,200,,Knock_out_Thread Group 1-1069,text,true,,1210,326,304,304,https://pabsa.impressicocrm.com/api/player/110368,3031,0,0
1680594066953,2946,Get Break list ,200,,Knock_out_Thread Group 1-1136,text,true,,3218,338,304,304,https://pabsa.impressicocrm.com/api/tournament/119922/players,2946,0,0
1680594067313,2605,Get playerA_Vs_playerB,200,,Knock_out_Thread Group 1-988,text,true,,1239,341,304,304,https://pabsa.impressicocrm.com/api/tournament/matchScore/147598,2605,0,0
1680594066881,3037,Get Players schedule,200,,Knock_out_Thread Group 1-1091,text,true,,5441,338,304,304,https://pabsa.impressicocrm.com/api/tournament/119922/matches,3037,0,0
1680594066747,3180,Get Players schedule,200,,Knock_out_Thread Group 1-1031,text,true,,5435,338,303,303,https://pabsa.impressicocrm.com/api/tournament/119922/matches,3180,0,0
1680594067346,2594,Get knockout players list ,200,,Knock_out_Thread Group 1-1122,text,true,,4598,340,303,303,https://pabsa.impressicocrm.com/api/tournament/118871/knockouts,2594,0,0
1680594067204,2746,Get knockout players list ,200,,Knock_out_Thread Group 1-1081,text,true,,4598,340,303,303,https://pabsa.impressicocrm.com/api/tournament/118871/knockouts,2746,0,0
1680594067299,2654,Get Players list ,200,,Knock_out_Thread Group 1-1177,text,true,,3218,338,304,304,https://pabsa.impressicocrm.com/api/tournament/119922/players,2654,0,0
1680594067405,2552,Get single knockout Player details,200,,Knock_out_Thread Group 1-1067,text,true,,1210,326,304,304,https://pabsa.impressicocrm.com/api/player/110368,2552,0,0
1680594067400,2569,Get single knockout Player details,200,,Knock_out_Thread Group 1-1063,text,true,,1210,326,304,304,https://pabsa.impressicocrm.com/api/player/110368,2569,0,0
1680594067343,2632,Get playerA_Vs_playerB,200,,Knock_out_Thread Group 1-995,text,true,,1239,341,304,304,https://pabsa.impressicocrm.com/api/tournament/matchScore/147598,2632,0,0
1680594067407,2570,Get single knockout Player details,200,,Knock_out_Thread Group 1-1082,text,true,,1210,326,303,303,https://pabsa.impressicocrm.com/api/player/110368,2570,0,0
1680594067060,2936,Get tournament result,200,,Knock_out_Thread Group 1-1065,text,true,,5441,338,303,303,https://pabsa.impressicocrm.com/api/tournament/119922/matches,2936,0,0
1680594066261,3735,Get tournamnent list ,200,,Knock_out_Thread Group 1-1226,text,true,,58881,389,303,303,https://pabsa.impressicocrm.com/api/tournament?limit=12&pageNumber=1&sportType=&tournamentName=&tournamentStyle=,2985,0,0
1680594066792,3225,Get Home page currency,200,,Knock_out_Thread Group 1-1181,text,true,,9160,321,303,303,https://pabsa.impressicocrm.com/api/currency,3225,0,0
1680594067364,2653,Get Home page country ,200,,Knock_out_Thread Group 1-1281,text,true,,17255,320,303,303,https://pabsa.impressicocrm.com/api/country,2653,0,0
1680594069652,371,Home page ,200,OK,Knock_out_Thread Group 1-1307,text,true,,3033,309,303,303,https://pabsa.impressicocrm.com/,371,0,305
1680594069554,474,Home page ,200,OK,Knock_out_Thread Group 1-1306,text,true,,3033,309,303,303,https://pabsa.impressicocrm.com/,474,0,397
1680594067451,2597,Get playerA_Vs_playerB,200,,Knock_out_Thread Group 1-989,text,true,,1239,341,303,303,https://pabsa.impressicocrm.com/api/tournament/matchScore/147598,2597,0,0
1680594067427,2625,Get knockout players list ,200,,Knock_out_Thread Group 1-1103,text,true,,4598,340,303,303,https://pabsa.impressicocrm.com/api/tournament/118871/knockouts,2625,0,0
1680594066982,3075,Get tournament result,200,,Knock_out_Thread Group 1-1036,text,true,,5441,338,303,303,https://pabsa.impressicocrm.com/api/tournament/119922/matches,3075,0,0
1680594067448,2621,Get knockout players list ,200,,Knock_out_Thread Group 1-1083,text,true,,4598,340,303,303,https://pabsa.impressicocrm.com/api/tournament/118871/knockouts,2621,0,0
1680594069753,331,Home page ,200,OK,Knock_out_Thread Group 1-1308,text,true,,3033,309,303,303,https://pabsa.impressicocrm.com/,331,0,264
1680594067274,2818,Get Home page currency,200,,Knock_out_Thread Group 1-1210,text,true,,9160,321,303,303,https://pabsa.impressicocrm.com/api/currency,2818,0,0
1680594067205,2898,Get Home page country ,200,,Knock_out_Thread Group 1-1279,text,true,,17270,320,303,303,https://pabsa.impressicocrm.com/api/country,2898,0,0
1680594066182,3922,Get tournamnent list ,200,,Knock_out_Thread Group 1-1236,text,true,,58880,389,303,303,https://pabsa.impressicocrm.com/api/tournament?limit=12&pageNumber=1&sportType=&tournamentName=&tournamentStyle=,3049,0,0
1680594067460,2661,Get Home page currency,200,,Knock_out_Thread Group 1-1214,text,true,,9160,321,303,303,https://pabsa.impressicocrm.com/api/currency,2661,0,0
1680594067140,3038,Get Home page currency,200,,Knock_out_Thread Group 1-1205,text,true,,9160,321,304,304,https://pabsa.impressicocrm.com/api/currency,3038,0,0
1680594067487,2707,Get Players list ,200,,Knock_out_Thread Group 1-1196,text,true,,3218,338,304,304,https://pabsa.impressicocrm.com/api/tournament/119922/players,2707,0,0
1680594067375,2834,Get Players schedule,200,,Knock_out_Thread Group 1-1131,text,true,,5435,338,304,304,https://pabsa.impressicocrm.com/api/tournament/119922/matches,2834,0,0
1680594067477,2738,Get Home page country ,200,,Knock_out_Thread Group 1-1282,text,true,,17270,320,304,304,https://pabsa.impressicocrm.com/api/country,2738,0,0
1680594069853,363,Home page ,200,OK,Knock_out_Thread Group 1-1309,text,true,,3033,309,304,304,https://pabsa.impressicocrm.com/,363,0,204
1680594067422,2821,Get Players schedule,200,,Knock_out_Thread Group 1-1114,text,true,,5441,338,304,304,https://pabsa.impressicocrm.com/api/tournament/119922/matches,2821,0,0
1680594067446,2803,Get Players schedule,200,,Knock_out_Thread Group 1-1106,text,true,,5441,338,304,304,https://pabsa.impressicocrm.com/api/tournament/119922/matches,2803,0,0
1680594067297,2956,Get tournament result,200,,Knock_out_Thread Group 1-1046,text,true,,5441,338,305,305,https://pabsa.impressicocrm.com/api/tournament/119922/matches,2956,0,0
1680594067297,2962,Get Players schedule,200,,Knock_out_Thread Group 1-1115,text,true,,5441,338,305,305,https://pabsa.impressicocrm.com/api/tournament/119922/matches,2962,0,0
1680594067295,2969,Get Home page country ,200,,Knock_out_Thread Group 1-1272,text,true,,17270,320,305,305,https://pabsa.impressicocrm.com/api/country,2928,0,0
1680594067548,2716,Get Break list ,200,,Knock_out_Thread Group 1-1166,text,true,,3218,338,305,305,https://pabsa.impressicocrm.com/api/tournament/119922/players,2716,0,0
1680594067582,2684,Get Home page currency,200,,Knock_out_Thread Group 1-1235,text,true,,9160,321,305,305,https://pabsa.impressicocrm.com/api/currency,2684,0,0
1680594065489,4783,Get single knockout Player details,200,,Knock_out_Thread Group 1-1035,text,true,,1210,326,305,305,https://pabsa.impressicocrm.com/api/player/110368,4783,0,0
1680594066773,3499,Get tournamnent list ,200,,Knock_out_Thread Group 1-1244,text,true,,58888,389,305,305,https://pabsa.impressicocrm.com/api/tournament?limit=12&pageNumber=1&sportType=&tournamentName=&tournamentStyle=,2933,0,0
1680594067507,2766,Get Players list ,200,,Knock_out_Thread Group 1-1179,text,true,,3218,338,305,305,https://pabsa.impressicocrm.com/api/tournament/119922/players,2765,0,0
1680594067469,2854,Get tournament result,200,,Knock_out_Thread Group 1-1042,text,true,,5441,338,305,305,https://pabsa.impressicocrm.com/api/tournament/119922/matches,2854,0,0
1680594067600,2727,Get playerA_Vs_playerB,200,,Knock_out_Thread Group 1-1038,text,true,,1239,341,305,305,https://pabsa.impressicocrm.com/api/tournament/matchScore/147598,2727,0,0
1680594067518,2819,Get Players schedule,200,,Knock_out_Thread Group 1-1145,text,true,,5441,338,304,304,https://pabsa.impressicocrm.com/api/tournament/119922/matches,2819,0,0
1680594070053,297,Home page ,200,OK,Knock_out_Thread Group 1-1311,text,true,,3033,309,304,304,https://pabsa.impressicocrm.com/,297,0,227
1680594067359,2997,Get Home page country ,200,,Knock_out_Thread Group 1-1274,text,true,,17270,320,305,305,https://pabsa.impressicocrm.com/api/country,2993,0,0
1680594067588,2785,Get Break list ,200,,Knock_out_Thread Group 1-1150,text,true,,3218,338,305,305,https://pabsa.impressicocrm.com/api/tournament/119922/players,2785,0,0
1680594067572,2808,Get Break list ,200,,Knock_out_Thread Group 1-1123,text,true,,3218,338,305,305,https://pabsa.impressicocrm.com/api/tournament/119922/players,2808,0,0
1680594067460,2949,Get knockout players list ,200,,Knock_out_Thread Group 1-1087,text,true,,4598,340,305,305,https://pabsa.impressicocrm.com/api/tournament/118871/knockouts,2949,0,0
1680594067489,2933,Get tournament result,200,,Knock_out_Thread Group 1-1052,text,true,,5441,338,305,305,https://pabsa.impressicocrm.com/api/tournament/119922/matches,2933,0,0
1680594067364,3077,Get Home page currency,200,,Knock_out_Thread Group 1-1201,text,true,,9160,321,305,305,https://pabsa.impressicocrm.com/api/currency,3077,0,0
1680594067644,2813,Get Players list ,200,,Knock_out_Thread Group 1-1204,text,true,,3218,338,306,306,https://pabsa.impressicocrm.com/api/tournament/119922/players,2813,0,0
1680594067683,2792,Get Break list ,200,,Knock_out_Thread Group 1-1173,text,true,,3218,338,306,306,https://pabsa.impressicocrm.com/api/tournament/119922/players,2792,0,0
1680594069152,1349,Home page ,200,OK,Knock_out_Thread Group 1-1302,text,true,,3033,309,306,306,https://pabsa.impressicocrm.com/,1349,0,1265
1680594067728,2822,Get playerA_Vs_playerB,200,,Knock_out_Thread Group 1-952,text,true,,1239,341,306,306,https://pabsa.impressicocrm.com/api/tournament/matchScore/147598,2822,0,0
1680594067766,2784,Get Home page currency,200,,Knock_out_Thread Group 1-1217,text,true,,9153,321,306,306,https://pabsa.impressicocrm.com/api/currency,2784,0,0
1680594067557,2997,Get tournament result,200,,Knock_out_Thread Group 1-1048,text,true,,5441,338,306,306,https://pabsa.impressicocrm.com/api/tournament/119922/matches,2997,0,0
1680594067676,2882,Get Players list ,200,,Knock_out_Thread Group 1-1162,text,true,,3218,338,306,306,https://pabsa.impressicocrm.com/api/tournament/119922/players,2882,0,0
1680594067645,2917,Get Home page country ,200,,Knock_out_Thread Group 1-1276,text,true,,17270,320,306,306,https://pabsa.impressicocrm.com/api/country,2905,0,0
1680594067568,3031,Get Players schedule,200,,Knock_out_Thread Group 1-1137,text,true,,5441,338,306,306,https://pabsa.impressicocrm.com/api/tournament/119922/matches,3031,0,0
1680594069952,647,Home page ,200,OK,Knock_out_Thread Group 1-1310,text,true,,3033,309,306,306,https://pabsa.impressicocrm.com/,647,0,576
1680594070352,280,Home page ,200,OK,Knock_out_Thread Group 1-1314,text,true,,3033,309,306,306,https://pabsa.impressicocrm.com/,279,0,206
1680594067733,2904,Get Home page currency,200,,Knock_out_Thread Group 1-1208,text,true,,9160,321,306,306,https://pabsa.impressicocrm.com/api/currency,2904,0,0
1680594067611,3034,Get tournament result,200,,Knock_out_Thread Group 1-1061,text,true,,5441,338,306,306,https://pabsa.impressicocrm.com/api/tournament/119922/matches,3034,0,0
1680594067329,3331,Get Players schedule,200,,Knock_out_Thread Group 1-1116,text,true,,5441,338,307,307,https://pabsa.impressicocrm.com/api/tournament/119922/matches,3331,0,0
1680594067766,2912,Get Players list ,200,,Knock_out_Thread Group 1-1178,text,true,,3218,338,307,307,https://pabsa.impressicocrm.com/api/tournament/119922/players,2912,0,0
1680594067813,2870,Get single knockout Player details,200,,Knock_out_Thread Group 1-1094,text,true,,1210,326,307,307,https://pabsa.impressicocrm.com/api/player/110368,2870,0,0
1680594067745,2945,Get Players list ,200,,Knock_out_Thread Group 1-1169,text,true,,3218,338,307,307,https://pabsa.impressicocrm.com/api/tournament/119922/players,2945,0,0
1680594066265,4440,Get tournamnent list ,200,,Knock_out_Thread Group 1-1219,text,true,,58880,389,307,307,https://pabsa.impressicocrm.com/api/tournament?limit=12&pageNumber=1&sportType=&tournamentName=&tournamentStyle=,3307,0,0
1680594067778,2946,Get playerA_Vs_playerB,200,,Knock_out_Thread Group 1-1033,text,true,,1239,341,307,307,https://pabsa.impressicocrm.com/api/tournament/matchScore/147598,2946,0,0
1680594067778,2952,Get Break list ,200,,Knock_out_Thread Group 1-1141,text,true,,3218,338,306,306,https://pabsa.impressicocrm.com/api/tournament/119922/players,2952,0,0
1680594067982,2751,Get single knockout Player details,200,,Knock_out_Thread Group 1-1050,text,true,,1210,326,306,306,https://pabsa.impressicocrm.com/api/player/110368,2751,0,0
1680594067821,2926,Get playerA_Vs_playerB,200,,Knock_out_Thread Group 1-996,text,true,,1239,341,306,306,https://pabsa.impressicocrm.com/api/tournament/matchScore/147598,2926,0,0
1680594066073,4696,Get single knockout Player details,200,,Knock_out_Thread Group 1-1053,text,true,,1210,326,306,306,https://pabsa.impressicocrm.com/api/player/110368,4696,0,0
1680594067676,3108,Get Players schedule,200,,Knock_out_Thread Group 1-1155,text,true,,5441,338,306,306,https://pabsa.impressicocrm.com/api/tournament/119922/matches,3108,0,0
1680594067742,3042,Get tournament result,200,,Knock_out_Thread Group 1-1057,text,true,,5441,338,306,306,https://pabsa.impressicocrm.com/api/tournament/119922/matches,3042,0,0
1680594067944,2842,Get playerA_Vs_playerB,200,,Knock_out_Thread Group 1-1037,text,true,,1239,341,306,306,https://pabsa.impressicocrm.com/api/tournament/matchScore/147598,2842,0,0
1680594067599,3191,Get tournament result,200,,Knock_out_Thread Group 1-1086,text,true,,5441,338,305,305,https://pabsa.impressicocrm.com/api/tournament/119922/matches,3191,0,0
1680594067265,3546,Get tournamnent list ,200,,Knock_out_Thread Group 1-1246,text,true,,58880,389,305,305,https://pabsa.impressicocrm.com/api/tournament?limit=12&pageNumber=1&sportType=&tournamentName=&tournamentStyle=,2944,0,0
1680594067676,3141,Get Players schedule,200,,Knock_out_Thread Group 1-1119,text,true,,5441,338,305,305,https://pabsa.impressicocrm.com/api/tournament/119922/matches,3141,0,0
1680594067481,3357,Get Home page country ,200,,Knock_out_Thread Group 1-1265,text,true,,17270,320,305,305,https://pabsa.impressicocrm.com/api/country,3135,0,0
1680594067982,2857,Get Players list ,200,,Knock_out_Thread Group 1-1193,text,true,,3218,338,305,305,https://pabsa.impressicocrm.com/api/tournament/119922/players,2857,0,0
1680594067982,2870,Get Players list ,200,,Knock_out_Thread Group 1-1195,text,true,,3218,338,306,306,https://pabsa.impressicocrm.com/api/tournament/119922/players,2870,0,0
1680594068025,2835,Get single knockout Player details,200,,Knock_out_Thread Group 1-1040,text,true,,1210,326,306,306,https://pabsa.impressicocrm.com/api/player/110368,2834,0,0
1680594068067,2807,Get single knockout Player details,200,,Knock_out_Thread Group 1-1089,text,true,,1210,326,306,306,https://pabsa.impressicocrm.com/api/player/110368,2807,0,0
1680594066518,4372,Get tournamnent list ,200,,Knock_out_Thread Group 1-1240,text,true,,58880,389,306,306,https://pabsa.impressicocrm.com/api/tournament?limit=12&pageNumber=1&sportType=&tournamentName=&tournamentStyle=,3291,0,0
1680594067821,3071,Get knockout players list ,200,,Knock_out_Thread Group 1-1113,text,true,,4598,340,306,306,https://pabsa.impressicocrm.com/api/tournament/118871/knockouts,3071,0,0
1680594070152,763,Home page ,200,OK,Knock_out_Thread Group 1-1312,text,true,,3033,309,306,306,https://pabsa.impressicocrm.com/,763,0,228
1680594067995,2940,Get Break list ,200,,Knock_out_Thread Group 1-1168,text,true,,3218,338,306,306,https://pabsa.impressicocrm.com/api/tournament/119922/players,2940,0,0
1680594068076,2863,Get single knockout Player details,200,,Knock_out_Thread Group 1-1058,text,true,,1210,326,306,306,https://pabsa.impressicocrm.com/api/player/110368,2863,0,0
1680594067807,3138,Get single knockout Player details,200,,Knock_out_Thread Group 1-1071,text,true,,1210,326,306,306,https://pabsa.impressicocrm.com/api/player/110368,3138,0,0
1680594067990,2971,Get tournament result,200,,Knock_out_Thread Group 1-1032,text,true,,5441,338,307,307,https://pabsa.impressicocrm.com/api/tournament/119922/matches,2971,0,0
1680594067995,2971,Get knockout players list ,200,,Knock_out_Thread Group 1-983,text,true,,4591,340,307,307,https://pabsa.impressicocrm.com/api/tournament/118871/knockouts,2971,0,0
1680594067816,3154,Get single knockout Player details,200,,Knock_out_Thread Group 1-1055,text,true,,1210,326,307,307,https://pabsa.impressicocrm.com/api/player/110368,3154,0,0
1680594066761,4210,Get tournamnent list ,200,,Knock_out_Thread Group 1-1241,text,true,,58888,389,307,307,https://pabsa.impressicocrm.com/api/tournament?limit=12&pageNumber=1&sportType=&tournamentName=&tournamentStyle=,3117,0,0
1680594068067,2937,Get Home page country ,200,,Knock_out_Thread Group 1-1287,text,true,,17270,320,307,307,https://pabsa.impressicocrm.com/api/country,2928,0,0
1680594067706,3298,Get Home page country ,200,,Knock_out_Thread Group 1-1271,text,true,,17270,320,307,307,https://pabsa.impressicocrm.com/api/country,3298,0,0
1680594068128,2879,Get single knockout Player details,200,,Knock_out_Thread Group 1-1047,text,true,,1210,326,307,307,https://pabsa.impressicocrm.com/api/player/110368,2879,0,0
1680594067921,3112,Get single knockout Player details,200,,Knock_out_Thread Group 1-1088,text,true,,1210,326,307,307,https://pabsa.impressicocrm.com/api/player/110368,3112,0,0
1680594066840,4206,Get tournamnent list ,200,,Knock_out_Thread Group 1-1232,text,true,,58888,389,307,307,https://pabsa.impressicocrm.com/api/tournament?limit=12&pageNumber=1&sportType=&tournamentName=&tournamentStyle=,3264,0,0
1680594068183,2870,Get knockout players list ,200,,Knock_out_Thread Group 1-1110,text,true,,4598,340,308,308,https://pabsa.impressicocrm.com/api/tournament/118871/knockouts,2870,0,0
1680594068071,2989,Get playerA_Vs_playerB,200,,Knock_out_Thread Group 1-974,text,true,,1239,341,308,308,https://pabsa.impressicocrm.com/api/tournament/matchScore/147598,2989,0,0
1680594068176,2904,Get Players list ,200,,Knock_out_Thread Group 1-1189,text,true,,3218,338,307,307,https://pabsa.impressicocrm.com/api/tournament/119922/players,2904,0,0
1680594067840,3257,Get Home page country ,200,,Knock_out_Thread Group 1-1280,text,true,,17270,320,307,307,https://pabsa.impressicocrm.com/api/country,3257,0,0
1680594068001,3108,Get Players schedule,200,,Knock_out_Thread Group 1-1146,text,true,,5441,338,307,307,https://pabsa.impressicocrm.com/api/tournament/119922/matches,3108,0,0
1680594070753,357,Home page ,200,OK,Knock_out_Thread Group 1-1318,text,true,,3033,309,307,307,https://pabsa.impressicocrm.com/,357,0,272
1680594067611,3510,Get tournamnent list ,200,,Knock_out_Thread Group 1-1242,text,true,,58880,389,307,307,https://pabsa.impressicocrm.com/api/tournament?limit=12&pageNumber=1&sportType=&tournamentName=&tournamentStyle=,3046,0,0
1680594069300,1824,Get tournamnent list ,200,,Knock_out_Thread Group 1-1291,text,true,,58880,389,307,307,https://pabsa.impressicocrm.com/api/tournament?limit=12&pageNumber=1&sportType=&tournamentName=&tournamentStyle=,1175,0,0
1680594067854,3279,Get Home page country ,200,,Knock_out_Thread Group 1-1283,text,true,,17270,320,307,307,https://pabsa.impressicocrm.com/api/country,3279,0,0
1680594066493,4643,Get single knockout Player details,200,,Knock_out_Thread Group 1-1024,text,true,,1210,326,307,307,https://pabsa.impressicocrm.com/api/player/110368,4643,0,0
1680594068095,3044,Get Home page country ,200,,Knock_out_Thread Group 1-1288,text,true,,17270,320,307,307,https://pabsa.impressicocrm.com/api/country,3044,0,0
1680594067757,3386,Get tournament result,200,,Knock_out_Thread Group 1-1075,text,true,,5441,338,307,307,https://pabsa.impressicocrm.com/api/tournament/119922/matches,3386,0,0
1680594068167,2994,Get Home page currency,200,,Knock_out_Thread Group 1-1200,text,true,,9153,321,308,308,https://pabsa.impressicocrm.com/api/currency,2994,0,0
1680594067816,3349,Get Home page country ,200,,Knock_out_Thread Group 1-1285,text,true,,17270,320,308,308,https://pabsa.impressicocrm.com/api/country,3349,0,0
1680594068188,3013,Get Players list ,200,,Knock_out_Thread Group 1-1198,text,true,,3218,338,308,308,https://pabsa.impressicocrm.com/api/tournament/119922/players,3013,0,0
1680594068196,3009,Get Break list ,200,,Knock_out_Thread Group 1-1183,text,true,,3218,338,308,308,https://pabsa.impressicocrm.com/api/tournament/119922/players,3009,0,0
1680594068257,2956,Get Home page currency,200,,Knock_out_Thread Group 1-1216,text,true,,9160,321,308,308,https://pabsa.impressicocrm.com/api/currency,2956,0,0
1680594067816,3397,Get Home page country ,200,,Knock_out_Thread Group 1-1268,text,true,,17270,320,308,308,https://pabsa.impressicocrm.com/api/country,3397,0,0
1680594068269,2944,Get Home page country ,200,,Knock_out_Thread Group 1-1286,text,true,,17255,320,308,308,https://pabsa.impressicocrm.com/api/country,2944,0,0
1680594070852,361,Home page ,200,OK,Knock_out_Thread Group 1-1319,text,true,,3033,309,308,308,https://pabsa.impressicocrm.com/,361,0,263
1680594070952,271,Home page ,200,OK,Knock_out_Thread Group 1-1320,text,true,,3033,309,308,308,https://pabsa.impressicocrm.com/,270,0,201
1680594070553,674,Home page ,200,OK,Knock_out_Thread Group 1-1316,text,true,,3033,309,308,308,https://pabsa.impressicocrm.com/,673,0,546
1680594067654,3576,Get tournamnent list ,200,,Knock_out_Thread Group 1-1249,text,true,,58880,389,308,308,https://pabsa.impressicocrm.com/api/tournament?limit=12&pageNumber=1&sportType=&tournamentName=&tournamentStyle=,3134,0,0
1680594068280,2951,Get Home page currency,200,,Knock_out_Thread Group 1-1224,text,true,,9160,321,308,308,https://pabsa.impressicocrm.com/api/currency,2951,0,0
1680594068337,2907,Get playerA_Vs_playerB,200,,Knock_out_Thread Group 1-1026,text,true,,1239,341,308,308,https://pabsa.impressicocrm.com/api/tournament/matchScore/147598,2907,0,0
1680594068214,3039,Get Home page currency,200,,Knock_out_Thread Group 1-1212,text,true,,9153,321,308,308,https://pabsa.impressicocrm.com/api/currency,3039,0,0
1680594068387,2880,Get single knockout Player details,200,,Knock_out_Thread Group 1-1077,text,true,,1210,326,308,308,https://pabsa.impressicocrm.com/api/player/110368,2880,0,0
1680594066630,4647,Get playerA_Vs_playerB,200,,Knock_out_Thread Group 1-957,text,true,,1239,341,308,308,https://pabsa.impressicocrm.com/api/tournament/matchScore/147598,4647,0,0
1680594068273,3007,Get Players list ,200,,Knock_out_Thread Group 1-1186,text,true,,3218,338,307,307,https://pabsa.impressicocrm.com/api/tournament/119922/players,3007,0,0
1680594067960,3323,Get Players schedule,200,,Knock_out_Thread Group 1-1111,text,true,,5435,338,307,307,https://pabsa.impressicocrm.com/api/tournament/119922/matches,3323,0,0
1680594068253,3030,Get Home page currency,200,,Knock_out_Thread Group 1-1233,text,true,,9160,321,307,307,https://pabsa.impressicocrm.com/api/currency,3030,0,0
1680594066689,4597,Get tournamnent list ,200,,Knock_out_Thread Group 1-1211,text,true,,58880,389,307,307,https://pabsa.impressicocrm.com/api/tournament?limit=12&pageNumber=1&sportType=&tournamentName=&tournamentStyle=,3003,0,0
1680594068265,3028,Get Home page currency,200,,Knock_out_Thread Group 1-1215,text,true,,9160,321,307,307,https://pabsa.impressicocrm.com/api/currency,3028,0,0
1680594066621,4693,Get Home page country ,200,,Knock_out_Thread Group 1-1259,text,true,,17270,320,307,307,https://pabsa.impressicocrm.com/api/country,4690,0,0
1680594068396,2923,Get single knockout Player details,200,,Knock_out_Thread Group 1-1095,text,true,,1210,326,307,307,https://pabsa.impressicocrm.com/api/player/110368,2923,0,0
1680594068076,3243,Get Players schedule,200,,Knock_out_Thread Group 1-1134,text,true,,5441,338,307,307,https://pabsa.impressicocrm.com/api/tournament/119922/matches,3243,0,0
1680594067768,3557,Get Break list ,200,,Knock_out_Thread Group 1-1128,text,true,,3218,338,307,307,https://pabsa.impressicocrm.com/api/tournament/119922/players,3557,0,0
1680594068391,2950,Get playerA_Vs_playerB,200,,Knock_out_Thread Group 1-1039,text,true,,1239,341,307,307,https://pabsa.impressicocrm.com/api/tournament/matchScore/147598,2950,0,0
1680594071053,296,Home page ,200,OK,Knock_out_Thread Group 1-1321,text,true,,3033,309,306,306,https://pabsa.impressicocrm.com/,296,0,230
1680594068160,3199,Get Players schedule,200,,Knock_out_Thread Group 1-1138,text,true,,5441,338,307,307,https://pabsa.impressicocrm.com/api/tournament/119922/matches,3199,0,0
1680594068071,3288,Get tournament result,200,,Knock_out_Thread Group 1-1056,text,true,,5441,338,307,307,https://pabsa.impressicocrm.com/api/tournament/119922/matches,3288,0,0
1680594070410,952,Get single knockout Player details,200,,Knock_out_Thread Group 1-1087,text,true,,1210,326,307,307,https://pabsa.impressicocrm.com/api/player/110368,952,0,0
1680594066782,4580,Get tournamnent list ,200,,Knock_out_Thread Group 1-1245,text,true,,58865,389,307,307,https://pabsa.impressicocrm.com/api/tournament?limit=12&pageNumber=1&sportType=&tournamentName=&tournamentStyle=,3117,0,0
1680594068396,2969,Get Break list ,200,,Knock_out_Thread Group 1-1139,text,true,,3218,338,307,307,https://pabsa.impressicocrm.com/api/tournament/119922/players,2969,0,0
1680594068411,2975,Get playerA_Vs_playerB,200,,Knock_out_Thread Group 1-1022,text,true,,1239,341,307,307,https://pabsa.impressicocrm.com/api/tournament/matchScore/147598,2975,0,0
1680594068072,3319,Get Home page country ,200,,Knock_out_Thread Group 1-1278,text,true,,17270,320,306,306,https://pabsa.impressicocrm.com/api/country,3319,0,0
1680594066454,4937,Get knockout players list ,200,,Knock_out_Thread Group 1-1029,text,true,,4598,340,306,306,https://pabsa.impressicocrm.com/api/tournament/118871/knockouts,4937,0,0
1680594067997,3432,Get Players list ,200,,Knock_out_Thread Group 1-1188,text,true,,3218,338,306,306,https://pabsa.impressicocrm.com/api/tournament/119922/players,3432,0,0
1680594070652,784,Home page ,200,OK,Knock_out_Thread Group 1-1317,text,true,,3033,309,306,306,https://pabsa.impressicocrm.com/,783,0,615
1680594068439,3006,Get knockout players list ,200,,Knock_out_Thread Group 1-1108,text,true,,4598,340,306,306,https://pabsa.impressicocrm.com/api/tournament/118871/knockouts,3006,0,0
1680594070453,996,Home page ,200,OK,Knock_out_Thread Group 1-1315,text,true,,3033,309,306,306,https://pabsa.impressicocrm.com/,996,0,840
1680594068084,3373,Get Players list ,200,,Knock_out_Thread Group 1-1180,text,true,,3218,338,307,307,https://pabsa.impressicocrm.com/api/tournament/119922/players,3373,0,0
1680594071153,321,Home page ,200,OK,Knock_out_Thread Group 1-1322,text,true,,3033,309,307,307,https://pabsa.impressicocrm.com/,321,0,242
1680594068411,3081,Get playerA_Vs_playerB,200,,Knock_out_Thread Group 1-1030,text,true,,1239,341,307,307,https://pabsa.impressicocrm.com/api/tournament/matchScore/147598,3081,0,0
1680594067012,4483,Get tournamnent list ,200,,Knock_out_Thread Group 1-1239,text,true,,58880,389,306,306,https://pabsa.impressicocrm.com/api/tournament?limit=12&pageNumber=1&sportType=&tournamentName=&tournamentStyle=,3237,0,0
1680594067375,4126,Get tournamnent list ,200,,Knock_out_Thread Group 1-1258,text,true,,58880,389,306,306,https://pabsa.impressicocrm.com/api/tournament?limit=12&pageNumber=1&sportType=&tournamentName=&tournamentStyle=,3154,0,0
1680594068429,3080,Get Home page currency,200,,Knock_out_Thread Group 1-1197,text,true,,9160,321,306,306,https://pabsa.impressicocrm.com/api/currency,3080,0,0
1680594068391,3121,Get tournament result,200,,Knock_out_Thread Group 1-1062,text,true,,5441,338,306,306,https://pabsa.impressicocrm.com/api/tournament/119922/matches,3121,0,0
1680594068472,3046,Get Home page currency,200,,Knock_out_Thread Group 1-1225,text,true,,9160,321,306,306,https://pabsa.impressicocrm.com/api/currency,3046,0,0
1680594068450,3080,Get Home page currency,200,,Knock_out_Thread Group 1-1221,text,true,,9160,321,306,306,https://pabsa.impressicocrm.com/api/currency,3080,0,0
1680594066626,4913,Get tournament result,200,,Knock_out_Thread Group 1-1054,text,true,,5435,338,306,306,https://pabsa.impressicocrm.com/api/tournament/119922/matches,4913,0,0
1680594068155,3398,Get Home page currency,200,,Knock_out_Thread Group 1-1209,text,true,,9160,321,307,307,https://pabsa.impressicocrm.com/api/currency,3398,0,0
1680594068472,3081,Get Break list ,200,,Knock_out_Thread Group 1-1149,text,true,,3218,338,307,307,https://pabsa.impressicocrm.com/api/tournament/119922/players,3081,0,0
1680594068501,3062,Get single knockout Player details,200,,Knock_out_Thread Group 1-1100,text,true,,1210,326,307,307,https://pabsa.impressicocrm.com/api/player/110368,3062,0,0
1680594068061,3517,Get Players schedule,200,,Knock_out_Thread Group 1-1121,text,true,,5441,338,307,307,https://pabsa.impressicocrm.com/api/tournament/119922/matches,3517,0,0
1680594067950,3640,Get tournamnent list ,200,,Knock_out_Thread Group 1-1254,text,true,,58888,389,307,307,https://pabsa.impressicocrm.com/api/tournament?limit=12&pageNumber=1&sportType=&tournamentName=&tournamentStyle=,3263,0,0
1680594068391,3203,Get tournament result,200,,Knock_out_Thread Group 1-1133,text,true,,5441,338,307,307,https://pabsa.impressicocrm.com/api/tournament/119922/matches,3203,0,0
1680594068509,3100,Get single knockout Player details,200,,Knock_out_Thread Group 1-1078,text,true,,1210,326,307,307,https://pabsa.impressicocrm.com/api/player/110368,3099,0,0
1680594068472,3150,Get Break list ,200,,Knock_out_Thread Group 1-1161,text,true,,3218,338,307,307,https://pabsa.impressicocrm.com/api/tournament/119922/players,3150,0,0
1680594068513,3112,Get Home page country ,200,,Knock_out_Thread Group 1-1292,text,true,,17270,320,307,307,https://pabsa.impressicocrm.com/api/country,3109,0,0
1680594070017,1615,Get tournamnent list ,200,,Knock_out_Thread Group 1-1281,text,true,,58888,389,307,307,https://pabsa.impressicocrm.com/api/tournament?limit=12&pageNumber=1&sportType=&tournamentName=&tournamentStyle=,1290,0,0
1680594070252,1380,Home page ,200,OK,Knock_out_Thread Group 1-1313,text,true,,3033,309,307,307,https://pabsa.impressicocrm.com/,1380,0,1308
1680594068576,3059,Get single knockout Player details,200,,Knock_out_Thread Group 1-1073,text,true,,1210,326,307,307,https://pabsa.impressicocrm.com/api/player/110368,3059,0,0
1680594071353,282,Home page ,200,OK,Knock_out_Thread Group 1-1324,text,true,,3033,309,307,307,https://pabsa.impressicocrm.com/,282,0,218
1680594068200,3438,Get Players schedule,200,,Knock_out_Thread Group 1-1109,text,true,,5441,338,307,307,https://pabsa.impressicocrm.com/api/tournament/119922/matches,3438,0,0
1680594067826,3812,Get tournamnent list ,200,,Knock_out_Thread Group 1-1255,text,true,,58888,389,307,307,https://pabsa.impressicocrm.com/api/tournament?limit=12&pageNumber=1&sportType=&tournamentName=&tournamentStyle=,3262,0,0
1680594068480,3161,Get Players list ,200,,Knock_out_Thread Group 1-1192,text,true,,3218,338,307,307,https://pabsa.impressicocrm.com/api/tournament/119922/players,3161,0,0
1680594071254,415,Home page ,200,OK,Knock_out_Thread Group 1-1323,text,true,,3033,309,308,308,https://pabsa.impressicocrm.com/,415,0,320
1680594068543,3138,Get knockout players list ,200,,Knock_out_Thread Group 1-1097,text,true,,4598,340,308,308,https://pabsa.impressicocrm.com/api/tournament/118871/knockouts,3138,0,0
1680594066697,4988,Get tournament result,200,,Knock_out_Thread Group 1-1059,text,true,,5441,338,308,308,https://pabsa.impressicocrm.com/api/tournament/119922/matches,4988,0,0
1680594068649,3052,Get Home page country ,200,,Knock_out_Thread Group 1-1284,text,true,,17270,320,308,308,https://pabsa.impressicocrm.com/api/country,3051,0,0
1680594066559,5147,Get Home page currency,200,,Knock_out_Thread Group 1-1203,text,true,,9160,321,308,308,https://pabsa.impressicocrm.com/api/currency,5147,0,0
1680594068423,3291,Get single knockout Player details,200,,Knock_out_Thread Group 1-1079,text,true,,1210,326,308,308,https://pabsa.impressicocrm.com/api/player/110368,3291,0,0
1680594068539,3175,Get Home page currency,200,,Knock_out_Thread Group 1-1218,text,true,,9160,321,308,308,https://pabsa.impressicocrm.com/api/currency,3175,0,0
1680594068564,3163,Get Players list ,200,,Knock_out_Thread Group 1-1199,text,true,,3218,338,308,308,https://pabsa.impressicocrm.com/api/tournament/119922/players,3163,0,0
1680594068402,3335,Get tournament result,200,,Knock_out_Thread Group 1-1060,text,true,,5441,338,308,308,https://pabsa.impressicocrm.com/api/tournament/119922/matches,3335,0,0
1680594068659,3089,Get Home page currency,200,,Knock_out_Thread Group 1-1230,text,true,,9160,321,308,308,https://pabsa.impressicocrm.com/api/currency,3089,0,0
1680594071452,312,Home page ,200,OK,Knock_out_Thread Group 1-1325,text,true,,3033,309,309,309,https://pabsa.impressicocrm.com/,311,0,240
1680594068667,3100,Get Players list ,200,,Knock_out_Thread Group 1-1190,text,true,,3218,338,309,309,https://pabsa.impressicocrm.com/api/tournament/119922/players,3100,0,0
1680594068745,3036,Get single knockout Player details,200,,Knock_out_Thread Group 1-1090,text,true,,1210,326,309,309,https://pabsa.impressicocrm.com/api/player/110368,3036,0,0
1680594068391,3397,Get tournament result,200,,Knock_out_Thread Group 1-945,text,true,,5441,338,309,309,https://pabsa.impressicocrm.com/api/tournament/119922/matches,3397,0,0
1680594068554,3251,Get Break list ,200,,Knock_out_Thread Group 1-1132,text,true,,3218,338,309,309,https://pabsa.impressicocrm.com/api/tournament/119922/players,3251,0,0
1680594067904,3934,Get tournamnent list ,200,,Knock_out_Thread Group 1-1256,text,true,,58888,389,309,309,https://pabsa.impressicocrm.com/api/tournament?limit=12&pageNumber=1&sportType=&tournamentName=&tournamentStyle=,3449,0,0
1680594068454,3395,Get tournament result,200,,Knock_out_Thread Group 1-1070,text,true,,5435,338,309,309,https://pabsa.impressicocrm.com/api/tournament/119922/matches,3395,0,0
1680594068684,3165,Get knockout players list ,200,,Knock_out_Thread Group 1-1126,text,true,,4598,340,309,309,https://pabsa.impressicocrm.com/api/tournament/118871/knockouts,3165,0,0
1680594068747,3116,Get Break list ,200,,Knock_out_Thread Group 1-1172,text,true,,3218,338,310,310,https://pabsa.impressicocrm.com/api/tournament/119922/players,3116,0,0
1680594067565,4301,Get tournamnent list ,200,,Knock_out_Thread Group 1-1248,text,true,,58865,389,310,310,https://pabsa.impressicocrm.com/api/tournament?limit=12&pageNumber=1&sportType=&tournamentName=&tournamentStyle=,3246,0,0
1680594071553,331,Home page ,200,OK,Knock_out_Thread Group 1-1326,text,true,,3033,309,310,310,https://pabsa.impressicocrm.com/,331,0,252
1680594068703,3184,Get Home page country ,200,,Knock_out_Thread Group 1-1294,text,true,,17270,320,310,310,https://pabsa.impressicocrm.com/api/country,3184,0,0
1680594068752,3138,Get playerA_Vs_playerB,200,,Knock_out_Thread Group 1-1019,text,true,,1239,341,310,310,https://pabsa.impressicocrm.com/api/tournament/matchScore/147598,3138,0,0
1680594068800,3101,Get playerA_Vs_playerB,200,,Knock_out_Thread Group 1-1028,text,true,,1239,341,309,309,https://pabsa.impressicocrm.com/api/tournament/matchScore/147598,3101,0,0
1680594068006,3941,Get tournamnent list ,200,,Knock_out_Thread Group 1-1229,text,true,,58888,389,308,308,https://pabsa.impressicocrm.com/api/tournament?limit=12&pageNumber=1&sportType=&tournamentName=&tournamentStyle=,3287,0,0
1680594068860,3101,Get Break list ,200,,Knock_out_Thread Group 1-1144,text,true,,3218,338,309,309,https://pabsa.impressicocrm.com/api/tournament/119922/players,3101,0,0
1680594068576,3392,Get tournament result,200,,Knock_out_Thread Group 1-1043,text,true,,5441,338,309,309,https://pabsa.impressicocrm.com/api/tournament/119922/matches,3392,0,0
1680594068706,3267,Get Players list ,200,,Knock_out_Thread Group 1-1194,text,true,,3218,338,309,309,https://pabsa.impressicocrm.com/api/tournament/119922/players,3267,0,0
1680594068891,3091,Get Home page currency,200,,Knock_out_Thread Group 1-1234,text,true,,9160,321,309,309,https://pabsa.impressicocrm.com/api/currency,3091,0,0
1680594068639,3343,Get tournament result,200,,Knock_out_Thread Group 1-1074,text,true,,5435,338,309,309,https://pabsa.impressicocrm.com/api/tournament/119922/matches,3343,0,0
1680594068884,3148,Get playerA_Vs_playerB,200,,Knock_out_Thread Group 1-1017,text,true,,1239,341,309,309,https://pabsa.impressicocrm.com/api/tournament/matchScore/147598,3148,0,0
1680594068462,3570,Get tournamnent list ,200,,Knock_out_Thread Group 1-1243,text,true,,58880,389,309,309,https://pabsa.impressicocrm.com/api/tournament?limit=12&pageNumber=1&sportType=&tournamentName=&tournamentStyle=,3219,0,0
1680594068783,3252,Get Home page country ,200,,Knock_out_Thread Group 1-1295,text,true,,17270,320,308,308,https://pabsa.impressicocrm.com/api/country,3252,0,0
1680594068896,3157,Get Home page country ,200,,Knock_out_Thread Group 1-1296,text,true,,17270,320,309,309,https://pabsa.impressicocrm.com/api/country,3153,0,0
1680594068886,3174,Get Break list ,200,,Knock_out_Thread Group 1-1167,text,true,,3218,338,309,309,https://pabsa.impressicocrm.com/api/tournament/119922/players,3174,0,0
1680594068329,3739,Get tournamnent list ,200,,Knock_out_Thread Group 1-1251,text,true,,58888,389,309,309,https://pabsa.impressicocrm.com/api/tournament?limit=12&pageNumber=1&sportType=&tournamentName=&tournamentStyle=,3216,0,0
1680594068725,3351,Get Players schedule,200,,Knock_out_Thread Group 1-1135,text,true,,5435,338,309,309,https://pabsa.impressicocrm.com/api/tournament/119922/matches,3351,0,0
1680594071752,324,Home page ,200,OK,Knock_out_Thread Group 1-1328,text,true,,3033,309,309,309,https://pabsa.impressicocrm.com/,324,0,244
1680594068937,3144,Get playerA_Vs_playerB,200,,Knock_out_Thread Group 1-1068,text,true,,1239,341,309,309,https://pabsa.impressicocrm.com/api/tournament/matchScore/147598,3144,0,0
1680594069017,3085,Get single knockout Player details,200,,Knock_out_Thread Group 1-1096,text,true,,1210,326,308,308,https://pabsa.impressicocrm.com/api/player/110368,3085,0,0
1680594068903,3199,Get Home page currency,200,,Knock_out_Thread Group 1-1222,text,true,,9160,321,308,308,https://pabsa.impressicocrm.com/api/currency,3199,0,0
1680594068904,3212,Get Break list ,200,,Knock_out_Thread Group 1-1182,text,true,,3218,338,308,308,https://pabsa.impressicocrm.com/api/tournament/119922/players,3212,0,0
1680594068956,3169,Get Break list ,200,,Knock_out_Thread Group 1-1154,text,true,,3218,338,308,308,https://pabsa.impressicocrm.com/api/tournament/119922/players,3169,0,0
1680594069112,3019,Get single knockout Player details,200,,Knock_out_Thread Group 1-1105,text,true,,1210,326,308,308,https://pabsa.impressicocrm.com/api/player/110368,3019,0,0
1680594068773,3371,Get Players schedule,200,,Knock_out_Thread Group 1-1124,text,true,,5441,338,308,308,https://pabsa.impressicocrm.com/api/tournament/119922/matches,3371,0,0
1680594069114,3032,Get knockout players list ,200,,Knock_out_Thread Group 1-1120,text,true,,4598,340,308,308,https://pabsa.impressicocrm.com/api/tournament/118871/knockouts,3032,0,0
1680594068844,3311,Get Home page country ,200,,Knock_out_Thread Group 1-1290,text,true,,17255,320,309,309,https://pabsa.impressicocrm.com/api/country,3287,0,0
1680594069173,2982,Get single knockout Player details,200,,Knock_out_Thread Group 1-1092,text,true,,1210,326,309,309,https://pabsa.impressicocrm.com/api/player/110368,2982,0,0
1680594069004,3151,Get Players list ,200,,Knock_out_Thread Group 1-1191,text,true,,3218,338,309,309,https://pabsa.impressicocrm.com/api/tournament/119922/players,3151,0,0
1680594069138,3025,Get single knockout Player details,200,,Knock_out_Thread Group 1-1084,text,true,,1210,326,309,309,https://pabsa.impressicocrm.com/api/player/110368,3025,0,0
1680594068472,3700,Get tournamnent list ,200,,Knock_out_Thread Group 1-1262,text,true,,58880,389,309,309,https://pabsa.impressicocrm.com/api/tournament?limit=12&pageNumber=1&sportType=&tournamentName=&tournamentStyle=,3444,0,0
1680594069055,3123,Get playerA_Vs_playerB,200,,Knock_out_Thread Group 1-1000,text,true,,1239,341,309,309,https://pabsa.impressicocrm.com/api/tournament/matchScore/147598,3123,0,0
1680594067745,4445,Get tournamnent list ,200,,Knock_out_Thread Group 1-1213,text,true,,58880,389,308,308,https://pabsa.impressicocrm.com/api/tournament?limit=12&pageNumber=1&sportType=&tournamentName=&tournamentStyle=,3277,0,0
1680594071852,346,Home page ,200,OK,Knock_out_Thread Group 1-1329,text,true,,3033,309,308,308,https://pabsa.impressicocrm.com/,345,0,262
1680594068526,3681,Get Home page currency,200,,Knock_out_Thread Group 1-1129,text,true,,9153,321,308,308,https://pabsa.impressicocrm.com/api/currency,3681,0,0
1680594069092,3115,Get Home page currency,200,,Knock_out_Thread Group 1-1227,text,true,,9160,321,308,308,https://pabsa.impressicocrm.com/api/currency,3115,0,0
1680594068730,3496,Get Players list ,200,,Knock_out_Thread Group 1-1176,text,true,,3218,338,308,308,https://pabsa.impressicocrm.com/api/tournament/119922/players,3496,0,0
1680594069237,2992,Get Break list ,200,,Knock_out_Thread Group 1-1156,text,true,,3218,338,308,308,https://pabsa.impressicocrm.com/api/tournament/119922/players,2992,0,0
1680594069012,3222,Get Break list ,200,,Knock_out_Thread Group 1-1170,text,true,,3218,338,308,308,https://pabsa.impressicocrm.com/api/tournament/119922/players,3221,0,0
1680594069300,2941,Get single knockout Player details,200,,Knock_out_Thread Group 1-1101,text,true,,1210,326,308,308,https://pabsa.impressicocrm.com/api/player/110368,2941,0,0
1680594069308,2933,Get single knockout Player details,200,,Knock_out_Thread Group 1-1104,text,true,,1210,326,308,308,https://pabsa.impressicocrm.com/api/player/110368,2933,0,0
1680594069196,3064,Get Home page country ,200,,Knock_out_Thread Group 1-1299,text,true,,17270,320,309,309,https://pabsa.impressicocrm.com/api/country,3059,0,0
1680594068824,3447,Get tournament result,200,,Knock_out_Thread Group 1-1099,text,true,,5441,338,309,309,https://pabsa.impressicocrm.com/api/tournament/119922/matches,3447,0,0
1680594069092,3189,Get knockout players list ,200,,Knock_out_Thread Group 1-1107,text,true,,4598,340,309,309,https://pabsa.impressicocrm.com/api/tournament/118871/knockouts,3189,0,0
1680594069363,2918,Get knockout players list ,200,,Knock_out_Thread Group 1-1117,text,true,,4591,340,309,309,https://pabsa.impressicocrm.com/api/tournament/118871/knockouts,2918,0,0
1680594069388,2897,Get playerA_Vs_playerB,200,,Knock_out_Thread Group 1-1064,text,true,,1239,341,309,309,https://pabsa.impressicocrm.com/api/tournament/matchScore/147598,2897,0,0
1680594068332,3953,Get tournamnent list ,200,,Knock_out_Thread Group 1-1261,text,true,,58888,389,309,309,https://pabsa.impressicocrm.com/api/tournament?limit=12&pageNumber=1&sportType=&tournamentName=&tournamentStyle=,3178,0,0
1680594069105,3197,Get Break list ,200,,Knock_out_Thread Group 1-1165,text,true,,3218,338,308,308,https://pabsa.impressicocrm.com/api/tournament/119922/players,3197,0,0
1680594069342,2976,Get Home page country ,200,,Knock_out_Thread Group 1-1301,text,true,,17270,320,308,308,https://pabsa.impressicocrm.com/api/country,2973,0,0
1680594069069,3252,Get Home page currency,200,,Knock_out_Thread Group 1-1164,text,true,,9160,321,308,308,https://pabsa.impressicocrm.com/api/currency,3252,0,0
1680594067608,4718,Get playerA_Vs_playerB,200,,Knock_out_Thread Group 1-963,text,true,,1239,341,308,308,https://pabsa.impressicocrm.com/api/tournament/matchScore/147598,4718,0,0
1680594069351,2981,Get Home page country ,200,,Knock_out_Thread Group 1-1297,text,true,,17255,320,307,307,https://pabsa.impressicocrm.com/api/country,2977,0,0
1680594069367,2965,Get Home page currency,200,,Knock_out_Thread Group 1-1231,text,true,,9153,321,307,307,https://pabsa.impressicocrm.com/api/currency,2965,0,0
1680594069082,3254,Get Break list ,200,,Knock_out_Thread Group 1-1159,text,true,,3218,338,307,307,https://pabsa.impressicocrm.com/api/tournament/119922/players,3254,0,0
1680594071652,692,Home page ,200,OK,Knock_out_Thread Group 1-1327,text,true,,3033,309,307,307,https://pabsa.impressicocrm.com/,692,0,462
1680594068514,3857,Get tournamnent list ,200,,Knock_out_Thread Group 1-1263,text,true,,58880,389,308,308,https://pabsa.impressicocrm.com/api/tournament?limit=12&pageNumber=1&sportType=&tournamentName=&tournamentStyle=,3376,0,0
1680594069085,3291,Get Home page currency,200,,Knock_out_Thread Group 1-1220,text,true,,9153,321,308,308,https://pabsa.impressicocrm.com/api/currency,3290,0,0
1680594068928,3460,Get knockout players list ,200,,Knock_out_Thread Group 1-1148,text,true,,4598,340,308,308,https://pabsa.impressicocrm.com/api/tournament/118871/knockouts,3460,0,0
1680594068387,4001,Get tournamnent list ,200,,Knock_out_Thread Group 1-1257,text,true,,58880,389,308,308,https://pabsa.impressicocrm.com/api/tournament?limit=12&pageNumber=1&sportType=&tournamentName=&tournamentStyle=,3248,0,0
1680594068490,3904,Get tournamnent list ,200,,Knock_out_Thread Group 1-1264,text,true,,58880,389,308,308,https://pabsa.impressicocrm.com/api/tournament?limit=12&pageNumber=1&sportType=&tournamentName=&tournamentStyle=,3449,0,0
1680594069432,2971,Get single knockout Player details,200,,Knock_out_Thread Group 1-929,text,true,,1210,326,308,308,https://pabsa.impressicocrm.com/api/player/110368,2971,0,0
1680594068211,4202,Get tournamnent list ,200,,Knock_out_Thread Group 1-1253,text,true,,58888,389,308,308,https://pabsa.impressicocrm.com/api/tournament?limit=12&pageNumber=1&sportType=&tournamentName=&tournamentStyle=,3244,0,0
1680594068602,3812,Get Players list ,200,,Knock_out_Thread Group 1-1184,text,true,,3218,338,308,308,https://pabsa.impressicocrm.com/api/tournament/119922/players,3812,0,0
1680594072053,385,Home page ,200,OK,Knock_out_Thread Group 1-1331,text,true,,3033,309,308,308,https://pabsa.impressicocrm.com/,385,0,314
1680594067122,5332,Get tournament result,200,,Knock_out_Thread Group 1-1023,text,true,,5441,338,309,309,https://pabsa.impressicocrm.com/api/tournament/119922/matches,5332,0,0
1680594069216,3275,Get single knockout Player details,200,,Knock_out_Thread Group 1-1102,text,true,,1210,326,309,309,https://pabsa.impressicocrm.com/api/player/110368,3275,0,0
1680594068656,3835,Get tournament result,200,,Knock_out_Thread Group 1-1072,text,true,,5435,338,309,309,https://pabsa.impressicocrm.com/api/tournament/119922/matches,3835,0,0
1680594069313,3193,Get single knockout Player details,200,,Knock_out_Thread Group 1-1098,text,true,,1210,326,309,309,https://pabsa.impressicocrm.com/api/player/110368,3193,0,0
1680594068810,3703,Get tournamnent list ,200,,Knock_out_Thread Group 1-1269,text,true,,58888,389,309,309,https://pabsa.impressicocrm.com/api/tournament?limit=12&pageNumber=1&sportType=&tournamentName=&tournamentStyle=,3435,0,0
1680594068812,3736,Get tournament result,200,,Knock_out_Thread Group 1-1080,text,true,,5441,338,309,309,https://pabsa.impressicocrm.com/api/tournament/119922/matches,3736,0,0
1680594069420,3133,Get knockout players list ,200,,Knock_out_Thread Group 1-1118,text,true,,4598,340,310,310,https://pabsa.impressicocrm.com/api/tournament/118871/knockouts,3133,0,0
1680594072253,327,Home page ,200,OK,Knock_out_Thread Group 1-1333,text,true,,3033,309,310,310,https://pabsa.impressicocrm.com/,326,0,244
1680594072353,266,Home page ,200,OK,Knock_out_Thread Group 1-1334,text,true,,3033,309,310,310,https://pabsa.impressicocrm.com/,266,0,200
1680594069517,3180,Get playerA_Vs_playerB,200,,Knock_out_Thread Group 1-1015,text,true,,1239,341,311,311,https://pabsa.impressicocrm.com/api/tournament/matchScore/147598,3180,0,0
1680594071539,1158,Get playerA_Vs_playerB,200,,Knock_out_Thread Group 1-1054,text,true,,1239,341,311,311,https://pabsa.impressicocrm.com/api/tournament/matchScore/147598,1158,0,0
1680594069403,3294,Get Players schedule,200,,Knock_out_Thread Group 1-1140,text,true,,5441,338,311,311,https://pabsa.impressicocrm.com/api/tournament/119922/matches,3294,0,0
1680594068945,3760,Get tournamnent list ,200,,Knock_out_Thread Group 1-1270,text,true,,58888,389,309,309,https://pabsa.impressicocrm.com/api/tournament?limit=12&pageNumber=1&sportType=&tournamentName=&tournamentStyle=,3360,0,0
1680594069481,3224,Get knockout players list ,200,,Knock_out_Thread Group 1-1142,text,true,,4598,340,309,309,https://pabsa.impressicocrm.com/api/tournament/118871/knockouts,3224,0,0
1680594071954,751,Home page ,200,OK,Knock_out_Thread Group 1-1330,text,true,,3033,309,309,309,https://pabsa.impressicocrm.com/,751,0,559
1680594068918,3819,Get Players schedule,200,,Knock_out_Thread Group 1-1127,text,true,,5435,338,309,309,https://pabsa.impressicocrm.com/api/tournament/119922/matches,3819,0,0
1680594069511,3267,Get playerA_Vs_playerB,200,,Knock_out_Thread Group 1-1034,text,true,,1239,341,310,310,https://pabsa.impressicocrm.com/api/tournament/matchScore/147598,3267,0,0
1680594069566,3224,Get Home page country ,200,,Knock_out_Thread Group 1-1293,text,true,,17270,320,309,309,https://pabsa.impressicocrm.com/api/country,3223,0,0
1680594069133,3659,Get Players schedule,200,,Knock_out_Thread Group 1-1130,text,true,,5441,338,309,309,https://pabsa.impressicocrm.com/api/tournament/119922/matches,3659,0,0
1680594069408,3397,Get Players schedule,200,,Knock_out_Thread Group 1-1153,text,true,,5441,338,309,309,https://pabsa.impressicocrm.com/api/tournament/119922/matches,3397,0,0
1680594069592,3243,Get knockout players list ,200,,Knock_out_Thread Group 1-1125,text,true,,4598,340,309,309,https://pabsa.impressicocrm.com/api/tournament/118871/knockouts,3243,0,0
1680594069480,3380,Get Home page currency,200,,Knock_out_Thread Group 1-1238,text,true,,9160,321,310,310,https://pabsa.impressicocrm.com/api/currency,3380,0,0
1680594069625,3281,Get Home page country ,200,,Knock_out_Thread Group 1-1303,text,true,,17270,320,310,310,https://pabsa.impressicocrm.com/api/country,3281,0,0
1680594069644,3273,Get Home page country ,200,,Knock_out_Thread Group 1-1304,text,true,,17270,320,310,310,https://pabsa.impressicocrm.com/api/country,3273,0,0
1680594069590,3400,Get Home page currency,200,,Knock_out_Thread Group 1-1223,text,true,,9160,321,311,311,https://pabsa.impressicocrm.com/api/currency,3400,0,0
1680594069553,3505,Get Players schedule,200,,Knock_out_Thread Group 1-1152,text,true,,5441,338,312,312,https://pabsa.impressicocrm.com/api/tournament/119922/matches,3505,0,0
1680594069641,3421,Get Players schedule,200,,Knock_out_Thread Group 1-1160,text,true,,5441,338,312,312,https://pabsa.impressicocrm.com/api/tournament/119922/matches,3421,0,0
1680594067548,5523,Get tournamnent list ,200,,Knock_out_Thread Group 1-1252,text,true,,58865,389,312,312,https://pabsa.impressicocrm.com/api/tournament?limit=12&pageNumber=1&sportType=&tournamentName=&tournamentStyle=,5226,0,0
1680594071530,1562,Get Players list ,200,,Knock_out_Thread Group 1-1221,text,true,,3218,338,312,312,https://pabsa.impressicocrm.com/api/tournament/119922/players,1562,0,0
1680594072753,373,Home page ,200,OK,Knock_out_Thread Group 1-1338,text,true,,3033,309,312,312,https://pabsa.impressicocrm.com/,373,0,309
1680594072153,982,Home page ,200,OK,Knock_out_Thread Group 1-1332,text,true,,3033,309,312,312,https://pabsa.impressicocrm.com/,981,0,272
1680594069063,4084,Get Home page country ,200,,Knock_out_Thread Group 1-1298,text,true,,17255,320,312,312,https://pabsa.impressicocrm.com/api/country,4084,0,0
1680594069653,3608,Get Home page country ,200,,Knock_out_Thread Group 1-1300,text,true,,17270,320,314,314,https://pabsa.impressicocrm.com/api/country,3607,0,0
1680594069664,3661,Get Players schedule,200,,Knock_out_Thread Group 1-1175,text,true,,5441,338,314,314,https://pabsa.impressicocrm.com/api/tournament/119922/matches,3661,0,0
1680594069635,3725,Get tournament result,200,,Knock_out_Thread Group 1-1051,text,true,,5441,338,315,315,https://pabsa.impressicocrm.com/api/tournament/119922/matches,3725,0,0
1680594072852,508,Home page ,200,OK,Knock_out_Thread Group 1-1339,text,true,,3033,309,315,315,https://pabsa.impressicocrm.com/,508,0,357
1680594069553,3819,Get Players schedule,200,,Knock_out_Thread Group 1-1157,text,true,,5441,338,315,315,https://pabsa.impressicocrm.com/api/tournament/119922/matches,3819,0,0
1680594069736,3658,Get playerA_Vs_playerB,200,,Knock_out_Thread Group 1-1027,text,true,,1239,341,315,315,https://pabsa.impressicocrm.com/api/tournament/matchScore/147598,3658,0,0
1680594069664,3734,Get Players schedule,200,,Knock_out_Thread Group 1-1151,text,true,,5435,338,314,314,https://pabsa.impressicocrm.com/api/tournament/119922/matches,3734,0,0
1680594069681,3782,Get tournament result,200,,Knock_out_Thread Group 1-1041,text,true,,5441,338,315,315,https://pabsa.impressicocrm.com/api/tournament/119922/matches,3782,0,0
1680594069698,3773,Get Players list ,200,,Knock_out_Thread Group 1-1202,text,true,,3218,338,315,315,https://pabsa.impressicocrm.com/api/tournament/119922/players,3773,0,0
1680594069636,3852,Get tournament result,200,,Knock_out_Thread Group 1-1044,text,true,,5441,338,315,315,https://pabsa.impressicocrm.com/api/tournament/119922/matches,3852,0,0
1680594071838,1653,Get Home page currency,200,,Knock_out_Thread Group 1-1256,text,true,,9160,321,315,315,https://pabsa.impressicocrm.com/api/currency,1653,0,0
1680594069771,3745,Get Home page country ,200,,Knock_out_Thread Group 1-1305,text,true,,17255,320,315,315,https://pabsa.impressicocrm.com/api/country,3745,0,0
1680594072654,862,Home page ,200,OK,Knock_out_Thread Group 1-1337,text,true,,3033,309,315,315,https://pabsa.impressicocrm.com/,862,0,252
1680594069765,3760,Get Break list ,200,,Knock_out_Thread Group 1-1171,text,true,,3218,338,315,315,https://pabsa.impressicocrm.com/api/tournament/119922/players,3760,0,0
1680594069865,3674,Get Players list ,200,,Knock_out_Thread Group 1-1207,text,true,,3218,338,315,315,https://pabsa.impressicocrm.com/api/tournament/119922/players,3674,0,0
1680594069760,3789,Get Home page currency,200,,Knock_out_Thread Group 1-1228,text,true,,9160,321,315,315,https://pabsa.impressicocrm.com/api/currency,3789,0,0
1680594069866,3699,Get Break list ,200,,Knock_out_Thread Group 1-1185,text,true,,3218,338,316,316,https://pabsa.impressicocrm.com/api/tournament/119922/players,3699,0,0
1680594069725,3852,Get tournament result,200,,Knock_out_Thread Group 1-1045,text,true,,5441,338,316,316,https://pabsa.impressicocrm.com/api/tournament/119922/matches,3852,0,0
1680594069918,3667,Get knockout players list ,200,,Knock_out_Thread Group 1-1091,text,true,,4598,340,316,316,https://pabsa.impressicocrm.com/api/tournament/118871/knockouts,3667,0,0
1680594069738,3856,Get tournament result,200,,Knock_out_Thread Group 1-1085,text,true,,5441,338,316,316,https://pabsa.impressicocrm.com/api/tournament/119922/matches,3856,0,0
1680594069940,3673,Get single knockout Player details,200,,Knock_out_Thread Group 1-1122,text,true,,1210,326,316,316,https://pabsa.impressicocrm.com/api/player/110368,3673,0,0
1680594069469,4156,Get tournamnent list ,200,,Knock_out_Thread Group 1-1273,text,true,,58880,389,316,316,https://pabsa.impressicocrm.com/api/tournament?limit=12&pageNumber=1&sportType=&tournamentName=&tournamentStyle=,3554,0,0
1680594069738,3890,Get tournament result,200,,Knock_out_Thread Group 1-1076,text,true,,5435,338,316,316,https://pabsa.impressicocrm.com/api/tournament/119922/matches,3890,0,0
1680594069927,3731,Get knockout players list ,200,,Knock_out_Thread Group 1-1031,text,true,,4598,340,317,317,https://pabsa.impressicocrm.com/api/tournament/118871/knockouts,3731,0,0
1680594069480,4196,Get tournamnent list ,200,,Knock_out_Thread Group 1-1275,text,true,,58880,389,317,317,https://pabsa.impressicocrm.com/api/tournament?limit=12&pageNumber=1&sportType=&tournamentName=&tournamentStyle=,3629,0,0
1680594069860,3836,Get Home page currency,200,,Knock_out_Thread Group 1-1237,text,true,,9153,321,317,317,https://pabsa.impressicocrm.com/api/currency,3836,0,0
1680594069663,4033,Get tournament result,200,,Knock_out_Thread Group 1-1049,text,true,,5441,338,317,317,https://pabsa.impressicocrm.com/api/tournament/119922/matches,4033,0,0
1680594069717,3993,Get tournament result,200,,Knock_out_Thread Group 1-1025,text,true,,5441,338,317,317,https://pabsa.impressicocrm.com/api/tournament/119922/matches,3993,0,0
1680594069997,3719,Get playerA_Vs_playerB,200,,Knock_out_Thread Group 1-1065,text,true,,1239,341,317,317,https://pabsa.impressicocrm.com/api/tournament/matchScore/147598,3719,0,0
1680594069735,3988,Get Break list ,200,,Knock_out_Thread Group 1-1187,text,true,,3218,338,316,316,https://pabsa.impressicocrm.com/api/tournament/119922/players,3988,0,0
1680594068071,5652,Get Players list ,200,,Knock_out_Thread Group 1-1174,text,true,,3218,338,316,316,https://pabsa.impressicocrm.com/api/tournament/119922/players,5652,0,0
1680594072076,1652,Get knockout players list ,200,,Knock_out_Thread Group 1-1135,text,true,,4591,340,316,316,https://pabsa.impressicocrm.com/api/tournament/118871/knockouts,1652,0,0
1680594069865,3882,Get tournament result,200,,Knock_out_Thread Group 1-1093,text,true,,5441,338,316,316,https://pabsa.impressicocrm.com/api/tournament/119922/matches,3882,0,0
1680594069706,4048,Get Players schedule,200,,Knock_out_Thread Group 1-1143,text,true,,5441,338,317,317,https://pabsa.impressicocrm.com/api/tournament/119922/matches,4048,0,0
1680594071714,2079,Get tournament result,200,,Knock_out_Thread Group 1-1079,text,true,,5441,338,317,317,https://pabsa.impressicocrm.com/api/tournament/119922/matches,2079,0,0
1680594073452,341,Home page ,200,OK,Knock_out_Thread Group 1-1345,text,true,,3033,309,317,317,https://pabsa.impressicocrm.com/,341,0,265
1680594070053,3774,Get single knockout Player details,200,,Knock_out_Thread Group 1-1103,text,true,,1210,326,317,317,https://pabsa.impressicocrm.com/api/player/110368,3774,0,0
1680594070070,3762,Get single knockout Player details,200,,Knock_out_Thread Group 1-1083,text,true,,1210,326,317,317,https://pabsa.impressicocrm.com/api/player/110368,3762,0,0
1680594069159,4676,Get tournamnent list ,200,,Knock_out_Thread Group 1-1267,text,true,,58880,389,317,317,https://pabsa.impressicocrm.com/api/tournament?limit=12&pageNumber=1&sportType=&tournamentName=&tournamentStyle=,3747,0,0
1680594073552,292,Home page ,200,OK,Knock_out_Thread Group 1-1346,text,true,,3033,309,317,317,https://pabsa.impressicocrm.com/,291,0,224
1680594069899,3949,Get Players schedule,200,,Knock_out_Thread Group 1-1136,text,true,,5441,338,317,317,https://pabsa.impressicocrm.com/api/tournament/119922/matches,3949,0,0
1680594069885,3972,Get Players schedule,200,,Knock_out_Thread Group 1-1163,text,true,,5441,338,318,318,https://pabsa.impressicocrm.com/api/tournament/119922/matches,3972,0,0
1680594070028,3860,Get Home page country ,200,,Knock_out_Thread Group 1-1306,text,true,,17270,320,318,318,https://pabsa.impressicocrm.com/api/country,3859,0,0
1680594070093,3799,Get Players list ,200,,Knock_out_Thread Group 1-1210,text,true,,3218,338,318,318,https://pabsa.impressicocrm.com/api/tournament/119922/players,3799,0,0
1680594069245,4659,Get tournamnent list ,200,,Knock_out_Thread Group 1-1250,text,true,,58880,389,318,318,https://pabsa.impressicocrm.com/api/tournament?limit=12&pageNumber=1&sportType=&tournamentName=&tournamentStyle=,3570,0,0
1680594070017,3895,Get Players list ,200,,Knock_out_Thread Group 1-1181,text,true,,3218,338,318,318,https://pabsa.impressicocrm.com/api/tournament/119922/players,3895,0,0
1680594070209,3721,Get knockout players list ,200,,Knock_out_Thread Group 1-1131,text,true,,4598,340,318,318,https://pabsa.impressicocrm.com/api/tournament/118871/knockouts,3721,0,0
1680594073253,692,Home page ,200,OK,Knock_out_Thread Group 1-1343,text,true,,3033,309,318,318,https://pabsa.impressicocrm.com/,691,0,595
1680594072453,1498,Home page ,200,OK,Knock_out_Thread Group 1-1335,text,true,,3033,309,318,318,https://pabsa.impressicocrm.com/,1498,0,504
1680594070084,3876,Get Home page country ,200,,Knock_out_Thread Group 1-1308,text,true,,17270,320,319,319,https://pabsa.impressicocrm.com/api/country,3876,0,0
1680594072953,1021,Home page ,200,OK,Knock_out_Thread Group 1-1340,text,true,,3033,309,319,319,https://pabsa.impressicocrm.com/,1021,0,830
1680594069997,3998,Get Home page currency,200,,Knock_out_Thread Group 1-1226,text,true,,9160,321,319,319,https://pabsa.impressicocrm.com/api/currency,3998,0,0
1680594070121,3894,Get Players list ,200,,Knock_out_Thread Group 1-1214,text,true,,3218,338,319,319,https://pabsa.impressicocrm.com/api/tournament/119922/players,3894,0,0
1680594070105,3920,Get Home page currency,200,,Knock_out_Thread Group 1-1236,text,true,,9160,321,319,319,https://pabsa.impressicocrm.com/api/currency,3920,0,0
1680594069741,4295,Get tournamnent list ,200,,Knock_out_Thread Group 1-1277,text,true,,58865,389,319,319,https://pabsa.impressicocrm.com/api/tournament?limit=12&pageNumber=1&sportType=&tournamentName=&tournamentStyle=,3938,0,0
1680594069163,4874,Get tournamnent list ,200,,Knock_out_Thread Group 1-1289,text,true,,58880,389,319,319,https://pabsa.impressicocrm.com/api/tournament?limit=12&pageNumber=1&sportType=&tournamentName=&tournamentStyle=,3738,0,0
1680594070195,3854,Get Break list ,200,,Knock_out_Thread Group 1-1196,text,true,,3218,338,319,319,https://pabsa.impressicocrm.com/api/tournament/119922/players,3854,0,0
1680594070253,3804,Get playerA_Vs_playerB,200,,Knock_out_Thread Group 1-1046,text,true,,1239,341,320,320,https://pabsa.impressicocrm.com/api/tournament/matchScore/147598,3804,0,0
1680594069957,4110,Get tournament result,200,,Knock_out_Thread Group 1-1067,text,true,,5441,338,319,319,https://pabsa.impressicocrm.com/api/tournament/119922/matches,4110,0,0
1680594069969,4098,Get tournament result,200,,Knock_out_Thread Group 1-1063,text,true,,5441,338,319,319,https://pabsa.impressicocrm.com/api/tournament/119922/matches,4098,0,0
1680594070338,3729,Get knockout players list ,200,,Knock_out_Thread Group 1-1145,text,true,,4598,340,319,319,https://pabsa.impressicocrm.com/api/tournament/118871/knockouts,3729,0,0
1680594070259,3816,Get knockout players list ,200,,Knock_out_Thread Group 1-1115,text,true,,4591,340,319,319,https://pabsa.impressicocrm.com/api/tournament/118871/knockouts,3816,0,0
1680594070243,3835,Get knockout players list ,200,,Knock_out_Thread Group 1-1114,text,true,,4598,340,319,319,https://pabsa.impressicocrm.com/api/tournament/118871/knockouts,3835,0,0
1680594069977,4116,Get tournament result,200,,Knock_out_Thread Group 1-1082,text,true,,5441,338,319,319,https://pabsa.impressicocrm.com/api/tournament/119922/matches,4116,0,0
1680594070216,3880,Get Home page country ,200,,Knock_out_Thread Group 1-1309,text,true,,17270,320,319,319,https://pabsa.impressicocrm.com/api/country,3879,0,0
1680594072322,1821,Get Players list ,200,,Knock_out_Thread Group 1-1164,text,true,,3218,338,319,319,https://pabsa.impressicocrm.com/api/tournament/119922/players,1821,0,0
1680594070323,3827,Get playerA_Vs_playerB,200,,Knock_out_Thread Group 1-1042,text,true,,1239,341,319,319,https://pabsa.impressicocrm.com/api/tournament/matchScore/147598,3827,0,0
1680594073852,313,Home page ,200,OK,Knock_out_Thread Group 1-1349,text,true,,3033,309,319,319,https://pabsa.impressicocrm.com/,313,0,241
1680594070350,3818,Get Home page country ,200,,Knock_out_Thread Group 1-1311,text,true,,17270,320,319,319,https://pabsa.impressicocrm.com/api/country,3818,0,0
1680594073753,442,Home page ,200,OK,Knock_out_Thread Group 1-1348,text,true,,3033,309,319,319,https://pabsa.impressicocrm.com/,442,0,364
1680594070272,3937,Get Home page currency,200,,Knock_out_Thread Group 1-1244,text,true,,9160,321,319,319,https://pabsa.impressicocrm.com/api/currency,3937,0,0
1680594070024,4243,Get Home page country ,200,,Knock_out_Thread Group 1-1307,text,true,,17270,320,320,320,https://pabsa.impressicocrm.com/api/country,4243,0,0
1680594069890,4379,Get tournament result,200,,Knock_out_Thread Group 1-1069,text,true,,5441,338,320,320,https://pabsa.impressicocrm.com/api/tournament/119922/matches,4379,0,0
1680594073952,317,Home page ,200,OK,Knock_out_Thread Group 1-1350,text,true,,3033,309,320,320,https://pabsa.impressicocrm.com/,317,0,240
1680594070273,4056,Get Break list ,200,,Knock_out_Thread Group 1-1179,text,true,,3218,338,320,320,https://pabsa.impressicocrm.com/api/tournament/119922/players,4056,0,0
1680594070250,4079,Get knockout players list ,200,,Knock_out_Thread Group 1-1106,text,true,,4598,340,320,320,https://pabsa.impressicocrm.com/api/tournament/118871/knockouts,4079,0,0
1680594068167,6162,Get tournamnent list ,200,,Knock_out_Thread Group 1-1260,text,true,,58888,389,320,320,https://pabsa.impressicocrm.com/api/tournament?limit=12&pageNumber=1&sportType=&tournamentName=&tournamentStyle=,5942,0,0
1680594070265,4068,Get Players schedule,200,,Knock_out_Thread Group 1-1166,text,true,,5441,338,320,320,https://pabsa.impressicocrm.com/api/tournament/119922/matches,4068,0,0
1680594071887,2451,Get tournamnent list ,200,,Knock_out_Thread Group 1-1294,text,true,,58880,389,320,320,https://pabsa.impressicocrm.com/api/tournament?limit=12&pageNumber=1&sportType=&tournamentName=&tournamentStyle=,1854,0,0
1680594070442,3899,Get Players list ,200,,Knock_out_Thread Group 1-1201,text,true,,3218,338,320,320,https://pabsa.impressicocrm.com/api/tournament/119922/players,3899,0,0
1680594070501,3860,Get Home page country ,200,,Knock_out_Thread Group 1-1302,text,true,,17270,320,321,321,https://pabsa.impressicocrm.com/api/country,3860,0,0
1680594070555,3813,Get playerA_Vs_playerB,200,,Knock_out_Thread Group 1-1048,text,true,,1239,341,321,321,https://pabsa.impressicocrm.com/api/tournament/matchScore/147598,3813,0,0
1680594072491,1880,Get playerA_Vs_playerB,200,,Knock_out_Thread Group 1-1072,text,true,,1239,341,320,320,https://pabsa.impressicocrm.com/api/tournament/matchScore/147598,1880,0,0
1680594070551,3853,Get Players list ,200,,Knock_out_Thread Group 1-1217,text,true,,3218,338,319,319,https://pabsa.impressicocrm.com/api/tournament/119922/players,3853,0,0
1680594072553,1891,Home page ,200,OK,Knock_out_Thread Group 1-1336,text,true,,3033,309,319,319,https://pabsa.impressicocrm.com/,1891,0,1714
1680594070600,3852,Get Home page country ,200,,Knock_out_Thread Group 1-1310,text,true,,17270,320,320,320,https://pabsa.impressicocrm.com/api/country,3851,0,0
1680594070645,3811,Get playerA_Vs_playerB,200,,Knock_out_Thread Group 1-1061,text,true,,1239,341,320,320,https://pabsa.impressicocrm.com/api/tournament/matchScore/147598,3811,0,0
1680594070638,3818,Get Players list ,200,,Knock_out_Thread Group 1-1208,text,true,,3218,338,320,320,https://pabsa.impressicocrm.com/api/tournament/119922/players,3818,0,0
1680594070599,3860,Get knockout players list ,200,,Knock_out_Thread Group 1-1137,text,true,,4598,340,319,319,https://pabsa.impressicocrm.com/api/tournament/118871/knockouts,3860,0,0
1680594070058,4408,Get playerA_Vs_playerB,200,,Knock_out_Thread Group 1-1036,text,true,,1239,341,319,319,https://pabsa.impressicocrm.com/api/tournament/matchScore/147598,4408,0,0
1680594070660,3822,Get knockout players list ,200,,Knock_out_Thread Group 1-1116,text,true,,4598,340,318,318,https://pabsa.impressicocrm.com/api/tournament/118871/knockouts,3822,0,0
1680594070632,3850,Get Home page country ,200,,Knock_out_Thread Group 1-1314,text,true,,17270,320,318,318,https://pabsa.impressicocrm.com/api/country,3850,0,0
1680594070558,3932,Get Break list ,200,,Knock_out_Thread Group 1-1162,text,true,,3218,338,318,318,https://pabsa.impressicocrm.com/api/tournament/119922/players,3932,0,0
1680594074153,340,Home page ,200,OK,Knock_out_Thread Group 1-1352,text,true,,3033,309,318,318,https://pabsa.impressicocrm.com/,340,0,268
1680594070272,4252,Get tournament result,200,,Knock_out_Thread Group 1-1035,text,true,,5441,338,318,318,https://pabsa.impressicocrm.com/api/tournament/119922/matches,4252,0,0
1680594069557,5048,Get tournamnent list ,200,,Knock_out_Thread Group 1-1266,text,true,,58880,389,319,319,https://pabsa.impressicocrm.com/api/tournament?limit=12&pageNumber=1&sportType=&tournamentName=&tournamentStyle=,3968,0,0
1680594070784,3825,Get playerA_Vs_playerB,200,,Knock_out_Thread Group 1-1057,text,true,,1239,341,319,319,https://pabsa.impressicocrm.com/api/tournament/matchScore/147598,3825,0,0
1680594070103,4506,Get tournamnent list ,200,,Knock_out_Thread Group 1-1279,text,true,,58880,389,319,319,https://pabsa.impressicocrm.com/api/tournament?limit=12&pageNumber=1&sportType=&tournamentName=&tournamentStyle=,4048,0,0
1680594072053,2565,Get tournamnent list ,200,,Knock_out_Thread Group 1-1296,text,true,,58880,389,318,318,https://pabsa.impressicocrm.com/api/tournament?limit=12&pageNumber=1&sportType=&tournamentName=&tournamentStyle=,1784,0,0
1680594070706,3912,Get Home page currency,200,,Knock_out_Thread Group 1-1219,text,true,,9160,321,318,318,https://pabsa.impressicocrm.com/api/currency,3912,0,0
1680594070853,3765,Get Break list ,200,,Knock_out_Thread Group 1-1195,text,true,,3218,338,318,318,https://pabsa.impressicocrm.com/api/tournament/119922/players,3765,0,0
1680594070678,3941,Get Break list ,200,,Knock_out_Thread Group 1-1178,text,true,,3218,338,318,318,https://pabsa.impressicocrm.com/api/tournament/119922/players,3940,0,0
1680594070373,4250,Get Players schedule,200,,Knock_out_Thread Group 1-1150,text,true,,5441,338,318,318,https://pabsa.impressicocrm.com/api/tournament/119922/matches,4250,0,0
1680594070476,4149,Get Players schedule,200,,Knock_out_Thread Group 1-1173,text,true,,5441,338,318,318,https://pabsa.impressicocrm.com/api/tournament/119922/matches,4149,0,0
1680594070893,3740,Get single knockout Player details,200,,Knock_out_Thread Group 1-1113,text,true,,1210,326,318,318,https://pabsa.impressicocrm.com/api/player/110368,3740,0,0
1680594070690,3982,Get Break list ,200,,Knock_out_Thread Group 1-1169,text,true,,3218,338,319,319,https://pabsa.impressicocrm.com/api/tournament/119922/players,3982,0,0
1680594070811,3869,Get Home page currency,200,,Knock_out_Thread Group 1-1246,text,true,,9160,321,319,319,https://pabsa.impressicocrm.com/api/currency,3869,0,0
1680594070817,3894,Get knockout players list ,200,,Knock_out_Thread Group 1-1119,text,true,,4598,340,319,319,https://pabsa.impressicocrm.com/api/tournament/118871/knockouts,3894,0,0
1680594070890,3835,Get Home page currency,200,,Knock_out_Thread Group 1-1240,text,true,,9160,321,319,319,https://pabsa.impressicocrm.com/api/currency,3835,0,0
1680594070731,4004,Get Players schedule,200,,Knock_out_Thread Group 1-1141,text,true,,5441,338,319,319,https://pabsa.impressicocrm.com/api/tournament/119922/matches,4004,0,0
1680594070423,4323,Get playerA_Vs_playerB,200,,Knock_out_Thread Group 1-1052,text,true,,1239,341,319,319,https://pabsa.impressicocrm.com/api/tournament/matchScore/147598,4323,0,0
1680594073360,1386,Get playerA_Vs_playerB,200,,Knock_out_Thread Group 1-1051,text,true,,1239,341,319,319,https://pabsa.impressicocrm.com/api/tournament/matchScore/147598,1386,0,0
1680594074452,309,Home page ,200,OK,Knock_out_Thread Group 1-1355,text,true,,3033,309,318,318,https://pabsa.impressicocrm.com/,308,0,243
1680594070961,3811,Get playerA_Vs_playerB,200,,Knock_out_Thread Group 1-1032,text,true,,1239,341,318,318,https://pabsa.impressicocrm.com/api/tournament/matchScore/147598,3811,0,0
1680594070915,3909,Get Home page country ,200,,Knock_out_Thread Group 1-1312,text,true,,17270,320,317,317,https://pabsa.impressicocrm.com/api/country,3845,0,0
1680594070380,4472,Get Players schedule,200,,Knock_out_Thread Group 1-1123,text,true,,5441,338,318,318,https://pabsa.impressicocrm.com/api/tournament/119922/matches,4472,0,0
1680594070457,4407,Get Break list ,200,,Knock_out_Thread Group 1-1204,text,true,,3218,338,318,318,https://pabsa.impressicocrm.com/api/tournament/119922/players,4407,0,0
1680594068402,6463,Get tournament result,200,,Knock_out_Thread Group 1-948,text,true,,5441,338,318,318,https://pabsa.impressicocrm.com/api/tournament/119922/matches,6463,0,0
1680594071053,3833,Get single knockout Player details,200,,Knock_out_Thread Group 1-1110,text,true,,1210,326,318,318,https://pabsa.impressicocrm.com/api/player/110368,3833,0,0
1680594071110,3814,Get knockout players list ,200,,Knock_out_Thread Group 1-1146,text,true,,4598,340,318,318,https://pabsa.impressicocrm.com/api/tournament/118871/knockouts,3814,0,0
1680594074253,685,Home page ,200,OK,Knock_out_Thread Group 1-1353,text,true,,3033,309,318,318,https://pabsa.impressicocrm.com/,685,0,609
1680594070939,4007,Get tournament result,200,,Knock_out_Thread Group 1-1058,text,true,,5441,338,318,318,https://pabsa.impressicocrm.com/api/tournament/119922/matches,4007,0,0
1680594070860,4086,Get tournament result,200,,Knock_out_Thread Group 1-1040,text,true,,5435,338,318,318,https://pabsa.impressicocrm.com/api/tournament/119922/matches,4086,0,0
1680594071007,3985,Get tournament result,200,,Knock_out_Thread Group 1-1047,text,true,,5435,338,319,319,https://pabsa.impressicocrm.com/api/tournament/119922/matches,3985,0,0
1680594070770,4243,Get tournament result,200,,Knock_out_Thread Group 1-1053,text,true,,5441,338,319,319,https://pabsa.impressicocrm.com/api/tournament/119922/matches,4243,0,0
1680594070840,4177,Get Break list ,200,,Knock_out_Thread Group 1-1193,text,true,,3218,338,319,319,https://pabsa.impressicocrm.com/api/tournament/119922/players,4177,0,0
1680594071046,3983,Get Home page currency,200,,Knock_out_Thread Group 1-1232,text,true,,9160,321,319,319,https://pabsa.impressicocrm.com/api/currency,3983,0,0
1680594071161,3881,Get Players list ,200,,Knock_out_Thread Group 1-1200,text,true,,3218,338,319,319,https://pabsa.impressicocrm.com/api/tournament/119922/players,3881,0,0
1680594071143,3921,Get playerA_Vs_playerB,200,,Knock_out_Thread Group 1-1075,text,true,,1239,341,320,320,https://pabsa.impressicocrm.com/api/tournament/matchScore/147598,3921,0,0
1680594070874,4215,Get tournament result,200,,Knock_out_Thread Group 1-1089,text,true,,5441,338,319,319,https://pabsa.impressicocrm.com/api/tournament/119922/matches,4215,0,0
1680594071121,3982,Get Home page currency,200,,Knock_out_Thread Group 1-1242,text,true,,9160,321,319,319,https://pabsa.impressicocrm.com/api/currency,3982,0,0
1680594071111,4009,Get Home page country ,200,,Knock_out_Thread Group 1-1318,text,true,,17270,320,319,319,https://pabsa.impressicocrm.com/api/country,4009,0,0
1680594070971,4166,Get Home page currency,200,,Knock_out_Thread Group 1-1241,text,true,,9153,321,319,319,https://pabsa.impressicocrm.com/api/currency,4166,0,0
1680594070683,4455,Get tournament result,200,,Knock_out_Thread Group 1-1094,text,true,,5441,338,319,319,https://pabsa.impressicocrm.com/api/tournament/119922/matches,4455,0,0
1680594069553,5604,Get tournamnent list ,200,,Knock_out_Thread Group 1-1247,text,true,,58888,389,320,320,https://pabsa.impressicocrm.com/api/tournament?limit=12&pageNumber=1&sportType=&tournamentName=&tournamentStyle=,4002,0,0
1680594070936,4227,Get Players schedule,200,,Knock_out_Thread Group 1-1168,text,true,,5441,338,320,320,https://pabsa.impressicocrm.com/api/tournament/119922/matches,4227,0,0
1680594070970,4193,Get tournament result,200,,Knock_out_Thread Group 1-1055,text,true,,5441,338,320,320,https://pabsa.impressicocrm.com/api/tournament/119922/matches,4193,0,0
1680594073653,1523,Home page ,200,OK,Knock_out_Thread Group 1-1347,text,true,,3033,309,320,320,https://pabsa.impressicocrm.com/,1523,0,965
1680594071201,3980,Get Break list ,200,,Knock_out_Thread Group 1-1198,text,true,,3218,338,320,320,https://pabsa.impressicocrm.com/api/tournament/119922/players,3980,0,0
1680594070790,4403,Get playerA_Vs_playerB,200,,Knock_out_Thread Group 1-1086,text,true,,1239,341,320,320,https://pabsa.impressicocrm.com/api/tournament/matchScore/147598,4402,0,0
1680594074552,642,Home page ,200,OK,Knock_out_Thread Group 1-1356,text,true,,3033,309,319,319,https://pabsa.impressicocrm.com/,641,0,206
1680594071223,3971,Get Home page country ,200,,Knock_out_Thread Group 1-1320,text,true,,17270,320,319,319,https://pabsa.impressicocrm.com/api/country,3971,0,0
1680594074752,443,Home page ,200,OK,Knock_out_Thread Group 1-1358,text,true,,3033,309,319,319,https://pabsa.impressicocrm.com/,442,0,335
1680594071033,4163,Get tournament result,200,,Knock_out_Thread Group 1-1088,text,true,,5441,338,319,319,https://pabsa.impressicocrm.com/api/tournament/119922/matches,4163,0,0
1680594070215,4994,Get tournamnent list ,200,,Knock_out_Thread Group 1-1282,text,true,,58880,389,319,319,https://pabsa.impressicocrm.com/api/tournament?limit=12&pageNumber=1&sportType=&tournamentName=&tournamentStyle=,4199,0,0
1680594074952,258,Home page ,200,OK,Knock_out_Thread Group 1-1360,text,true,,3033,309,319,319,https://pabsa.impressicocrm.com/,257,0,195
1680594071231,4019,Get Home page currency,200,,Knock_out_Thread Group 1-1249,text,true,,9160,321,319,319,https://pabsa.impressicocrm.com/api/currency,4019,0,0
1680594071214,4055,Get Home page country ,200,,Knock_out_Thread Group 1-1319,text,true,,17270,320,320,320,https://pabsa.impressicocrm.com/api/country,4055,0,0
1680594071231,4047,Get Players list ,200,,Knock_out_Thread Group 1-1224,text,true,,3218,338,320,320,https://pabsa.impressicocrm.com/api/tournament/119922/players,4047,0,0
1680594071136,4157,Get tournament result,200,,Knock_out_Thread Group 1-1024,text,true,,5441,338,320,320,https://pabsa.impressicocrm.com/api/tournament/119922/matches,4157,0,0
1680594071124,4235,Get Home page currency,200,,Knock_out_Thread Group 1-1291,text,true,,9160,321,321,321,https://pabsa.impressicocrm.com/api/currency,4235,0,0
1680594071213,4146,Get Players list ,200,,Knock_out_Thread Group 1-1216,text,true,,3218,338,321,321,https://pabsa.impressicocrm.com/api/tournament/119922/players,4146,0,0
1680594070967,4396,Get single knockout Player details,200,,Knock_out_Thread Group 1-983,text,true,,1210,326,321,321,https://pabsa.impressicocrm.com/api/player/110368,4396,0,0
1680594071081,4282,Get Break list ,200,,Knock_out_Thread Group 1-1189,text,true,,3218,338,321,321,https://pabsa.impressicocrm.com/api/tournament/119922/players,4282,0,0
1680594071283,4080,Get Players list ,200,,Knock_out_Thread Group 1-1233,text,true,,3218,338,321,321,https://pabsa.impressicocrm.com/api/tournament/119922/players,4080,0,0
1680594071253,4110,Get Players list ,200,,Knock_out_Thread Group 1-1212,text,true,,3218,338,321,321,https://pabsa.impressicocrm.com/api/tournament/119922/players,4110,0,0
1680594071293,4082,Get Players list ,200,,Knock_out_Thread Group 1-1215,text,true,,3218,338,321,321,https://pabsa.impressicocrm.com/api/tournament/119922/players,4082,0,0
1680594071319,4060,Get knockout players list ,200,,Knock_out_Thread Group 1-1134,text,true,,4598,340,321,321,https://pabsa.impressicocrm.com/api/tournament/118871/knockouts,4060,0,0
1680594075052,343,Home page ,200,OK,Knock_out_Thread Group 1-1361,text,true,,3033,309,321,321,https://pabsa.impressicocrm.com/,343,0,268
1680594071283,4133,Get knockout players list ,200,,Knock_out_Thread Group 1-1111,text,true,,4598,340,321,321,https://pabsa.impressicocrm.com/api/tournament/118871/knockouts,4133,0,0
1680594071350,4084,Get Home page country ,200,,Knock_out_Thread Group 1-1321,text,true,,17270,320,321,321,https://pabsa.impressicocrm.com/api/country,4084,0,0
1680594071359,4081,Get knockout players list ,200,,Knock_out_Thread Group 1-1138,text,true,,4598,340,321,321,https://pabsa.impressicocrm.com/api/tournament/118871/knockouts,4081,0,0
1680594073052,2392,Home page ,200,OK,Knock_out_Thread Group 1-1341,text,true,,3033,309,321,321,https://pabsa.impressicocrm.com/,2392,0,1683
1680594071280,4173,Get Break list ,200,,Knock_out_Thread Group 1-1186,text,true,,3218,338,321,321,https://pabsa.impressicocrm.com/api/tournament/119922/players,4173,0,0
1680594071446,4013,Get single knockout Player details,200,,Knock_out_Thread Group 1-1108,text,true,,1210,326,322,322,https://pabsa.impressicocrm.com/api/player/110368,4013,0,0
1680594074352,1108,Home page ,200,OK,Knock_out_Thread Group 1-1354,text,true,,3033,309,322,322,https://pabsa.impressicocrm.com/,1107,0,358
1680594070265,5228,Get tournamnent list ,200,,Knock_out_Thread Group 1-1272,text,true,,58880,389,322,322,https://pabsa.impressicocrm.com/api/tournament?limit=12&pageNumber=1&sportType=&tournamentName=&tournamentStyle=,4207,0,0
1680594073153,2388,Home page ,200,OK,Knock_out_Thread Group 1-1342,text,true,,3033,309,322,322,https://pabsa.impressicocrm.com/,2387,0,1671
1680594071512,4030,Get playerA_Vs_playerB,200,,Knock_out_Thread Group 1-1062,text,true,,1239,341,322,322,https://pabsa.impressicocrm.com/api/tournament/matchScore/147598,4030,0,0
1680594071430,4142,Get Break list ,200,,Knock_out_Thread Group 1-1188,text,true,,3218,338,322,322,https://pabsa.impressicocrm.com/api/tournament/119922/players,4142,0,0
1680594071267,4307,Get tournament result,200,,Knock_out_Thread Group 1-1077,text,true,,5441,338,322,322,https://pabsa.impressicocrm.com/api/tournament/119922/matches,4307,0,0
1680594069481,6095,Get Players list ,200,,Knock_out_Thread Group 1-1206,text,true,,3218,338,322,322,https://pabsa.impressicocrm.com/api/tournament/119922/players,6095,0,0
1680594071362,4255,Get Home page currency,200,,Knock_out_Thread Group 1-1245,text,true,,9160,321,322,322,https://pabsa.impressicocrm.com/api/currency,4255,0,0
1680594071474,4150,Get Home page country ,200,,Knock_out_Thread Group 1-1322,text,true,,17270,320,322,322,https://pabsa.impressicocrm.com/api/country,4072,0,0
1680594071509,4115,Get Players list ,200,,Knock_out_Thread Group 1-1197,text,true,,3218,338,322,322,https://pabsa.impressicocrm.com/api/tournament/119922/players,4115,0,0
1680594071501,4128,Get Home page currency,200,,Knock_out_Thread Group 1-1258,text,true,,9160,321,322,322,https://pabsa.impressicocrm.com/api/currency,4128,0,0
1680594069497,6135,Get knockout players list ,200,,Knock_out_Thread Group 1-1112,text,true,,4598,340,322,322,https://pabsa.impressicocrm.com/api/tournament/118871/knockouts,6135,0,0
1680594071450,4184,Get Home page country ,200,,Knock_out_Thread Group 1-1315,text,true,,17270,320,322,322,https://pabsa.impressicocrm.com/api/country,4182,0,0
1680594075352,305,Home page ,200,OK,Knock_out_Thread Group 1-1364,text,true,,3033,309,323,323,https://pabsa.impressicocrm.com/,305,0,228
1680594071594,4065,Get playerA_Vs_playerB,200,,Knock_out_Thread Group 1-1133,text,true,,1239,341,323,323,https://pabsa.impressicocrm.com/api/tournament/matchScore/147598,4065,0,0
1680594071325,4336,Get Players schedule,200,,Knock_out_Thread Group 1-1128,text,true,,5441,338,322,322,https://pabsa.impressicocrm.com/api/tournament/119922/matches,4336,0,0
1680594071286,4389,Get Home page currency,200,,Knock_out_Thread Group 1-1211,text,true,,9160,321,322,322,https://pabsa.impressicocrm.com/api/currency,4389,0,0
1680594071682,3999,Get single knockout Player details,200,,Knock_out_Thread Group 1-1097,text,true,,1210,326,322,322,https://pabsa.impressicocrm.com/api/player/110368,3999,0,0
1680594071362,4322,Get tournament result,200,,Knock_out_Thread Group 1-1087,text,true,,5441,338,322,322,https://pabsa.impressicocrm.com/api/tournament/119922/matches,4322,0,0
1680594071519,4165,Get Players list ,200,,Knock_out_Thread Group 1-1225,text,true,,3218,338,322,322,https://pabsa.impressicocrm.com/api/tournament/119922/players,4165,0,0
1680594071496,4206,Get Home page currency,200,,Knock_out_Thread Group 1-1239,text,true,,9153,321,322,322,https://pabsa.impressicocrm.com/api/currency,4206,0,0
1680594071227,4483,Get Home page country ,200,,Knock_out_Thread Group 1-1316,text,true,,17270,320,322,322,https://pabsa.impressicocrm.com/api/country,4125,0,0
1680594071391,4325,Get single knockout Player details,200,,Knock_out_Thread Group 1-1029,text,true,,1210,326,322,322,https://pabsa.impressicocrm.com/api/player/110368,4325,0,0
1680594071636,4083,Get Home page country ,200,,Knock_out_Thread Group 1-1324,text,true,,17270,320,322,322,https://pabsa.impressicocrm.com/api/country,4080,0,0
1680594071359,4386,Get playerA_Vs_playerB,200,,Knock_out_Thread Group 1-1056,text,true,,1239,341,322,322,https://pabsa.impressicocrm.com/api/tournament/matchScore/147598,4386,0,0
1680594071638,4109,Get knockout players list ,200,,Knock_out_Thread Group 1-1109,text,true,,4598,340,321,321,https://pabsa.impressicocrm.com/api/tournament/118871/knockouts,4109,0,0
1680594071686,4064,Get playerA_Vs_playerB,200,,Knock_out_Thread Group 1-1059,text,true,,1239,341,321,321,https://pabsa.impressicocrm.com/api/tournament/matchScore/147598,4064,0,0
1680594071553,4209,Get Players list ,200,,Knock_out_Thread Group 1-1209,text,true,,3218,338,321,321,https://pabsa.impressicocrm.com/api/tournament/119922/players,4209,0,0
1680594071365,4403,Get Players schedule,200,,Knock_out_Thread Group 1-1139,text,true,,5435,338,321,321,https://pabsa.impressicocrm.com/api/tournament/119922/matches,4403,0,0
1680594071206,4563,Get Players schedule,200,,Knock_out_Thread Group 1-1183,text,true,,5441,338,321,321,https://pabsa.impressicocrm.com/api/tournament/119922/matches,4563,0,0
1680594071004,4808,Get tournamnent list ,200,,Knock_out_Thread Group 1-1287,text,true,,58880,389,321,321,https://pabsa.impressicocrm.com/api/tournament?limit=12&pageNumber=1&sportType=&tournamentName=&tournamentStyle=,4315,0,0
1680594071436,4391,Get Home page country ,200,,Knock_out_Thread Group 1-1317,text,true,,17270,320,321,321,https://pabsa.impressicocrm.com/api/country,4319,0,0
1680594071707,4120,Get Players list ,200,,Knock_out_Thread Group 1-1203,text,true,,3218,338,321,321,https://pabsa.impressicocrm.com/api/tournament/119922/players,4120,0,0
1680594075454,373,Home page ,200,OK,Knock_out_Thread Group 1-1365,text,true,,3033,309,321,321,https://pabsa.impressicocrm.com/,373,0,301
1680594071638,4193,Get Home page currency,200,,Knock_out_Thread Group 1-1255,text,true,,9160,321,321,321,https://pabsa.impressicocrm.com/api/currency,4193,0,0
1680594071728,4106,Get Break list ,200,,Knock_out_Thread Group 1-1199,text,true,,3218,338,321,321,https://pabsa.impressicocrm.com/api/tournament/119922/players,4106,0,0
1680594071714,4126,Get Players list ,200,,Knock_out_Thread Group 1-1218,text,true,,3218,338,321,321,https://pabsa.impressicocrm.com/api/tournament/119922/players,4126,0,0
1680594071590,4260,Get Home page currency,200,,Knock_out_Thread Group 1-1254,text,true,,9160,321,321,321,https://pabsa.impressicocrm.com/api/currency,4260,0,0
1680594074652,1223,Home page ,200,OK,Knock_out_Thread Group 1-1357,text,true,,3033,309,322,322,https://pabsa.impressicocrm.com/,1223,0,788
1680594071579,4310,Get knockout players list ,200,,Knock_out_Thread Group 1-1121,text,true,,4598,340,322,322,https://pabsa.impressicocrm.com/api/tournament/118871/knockouts,4310,0,0
1680594071670,4233,Get Home page country ,200,,Knock_out_Thread Group 1-1323,text,true,,17270,320,322,322,https://pabsa.impressicocrm.com/api/country,4233,0,0
1680594071737,4167,Get playerA_Vs_playerB,200,,Knock_out_Thread Group 1-1060,text,true,,1239,341,322,322,https://pabsa.impressicocrm.com/api/tournament/matchScore/147598,4167,0,0
1680594073353,2560,Home page ,200,OK,Knock_out_Thread Group 1-1344,text,true,,3033,309,321,321,https://pabsa.impressicocrm.com/,2560,0,2114
1680594071633,4299,Get Home page country ,200,,Knock_out_Thread Group 1-1313,text,true,,17270,320,321,321,https://pabsa.impressicocrm.com/api/country,4299,0,0
1680594071788,4144,Get playerA_Vs_playerB,200,,Knock_out_Thread Group 1-945,text,true,,1239,341,321,321,https://pabsa.impressicocrm.com/api/tournament/matchScore/147598,4144,0,0
1680594072918,3038,Get tournamnent list ,200,,Knock_out_Thread Group 1-1304,text,true,,58880,389,321,321,https://pabsa.impressicocrm.com/api/tournament?limit=12&pageNumber=1&sportType=&tournamentName=&tournamentStyle=,2212,0,0
1680594071748,4208,Get Players list ,200,,Knock_out_Thread Group 1-1230,text,true,,3218,338,321,321,https://pabsa.impressicocrm.com/api/tournament/119922/players,4208,0,0
1680594071849,4112,Get single knockout Player details,200,,Knock_out_Thread Group 1-1126,text,true,,1210,326,321,321,https://pabsa.impressicocrm.com/api/player/110368,4112,0,0
1680594072790,3177,Get tournamnent list ,200,,Knock_out_Thread Group 1-1293,text,true,,58888,389,321,321,https://pabsa.impressicocrm.com/api/tournament?limit=12&pageNumber=1&sportType=&tournamentName=&tournamentStyle=,2259,0,0
1680594071563,4431,Get tournament result,200,,Knock_out_Thread Group 1-1100,text,true,,5441,338,321,321,https://pabsa.impressicocrm.com/api/tournament/119922/matches,4431,0,0
1680594075653,361,Home page ,200,OK,Knock_out_Thread Group 1-1367,text,true,,3033,309,321,321,https://pabsa.impressicocrm.com/,361,0,266
1680594071968,4060,Get playerA_Vs_playerB,200,,Knock_out_Thread Group 1-1043,text,true,,1239,341,321,321,https://pabsa.impressicocrm.com/api/tournament/matchScore/147598,4060,0,0
1680594074735,1297,Get knockout players list ,200,,Knock_out_Thread Group 1-1141,text,true,,4598,340,320,320,https://pabsa.impressicocrm.com/api/tournament/118871/knockouts,1297,0,0
1680594071982,4081,Get Players list ,200,,Knock_out_Thread Group 1-1234,text,true,,3218,338,321,321,https://pabsa.impressicocrm.com/api/tournament/119922/players,4081,0,0
1680594071319,4746,Get tournament result,200,,Knock_out_Thread Group 1-1095,text,true,,5441,338,321,321,https://pabsa.impressicocrm.com/api/tournament/119922/matches,4746,0,0
1680594071635,4440,Get tournament result,200,,Knock_out_Thread Group 1-1073,text,true,,5441,338,321,321,https://pabsa.impressicocrm.com/api/tournament/119922/matches,4440,0,0
1680594071947,4132,Get Home page currency,200,,Knock_out_Thread Group 1-1229,text,true,,9160,321,321,321,https://pabsa.impressicocrm.com/api/currency,4132,0,0
1680594069950,6129,Get single knockout Player details,200,,Knock_out_Thread Group 1-1081,text,true,,1210,326,321,321,https://pabsa.impressicocrm.com/api/player/110368,6129,0,0
1680594071973,4112,Get Break list ,200,,Knock_out_Thread Group 1-1194,text,true,,3218,338,321,321,https://pabsa.impressicocrm.com/api/tournament/119922/players,4112,0,0
1680594075553,572,Home page ,200,OK,Knock_out_Thread Group 1-1366,text,true,,3033,309,321,321,https://pabsa.impressicocrm.com/,572,0,322
1680594072068,4062,Get Home page currency,200,,Knock_out_Thread Group 1-1251,text,true,,9160,321,321,321,https://pabsa.impressicocrm.com/api/currency,4062,0,0
1680594071633,4502,Get Home page currency,200,,Knock_out_Thread Group 1-1281,text,true,,9160,321,321,321,https://pabsa.impressicocrm.com/api/currency,4502,0,0
1680594075852,283,Home page ,200,OK,Knock_out_Thread Group 1-1369,text,true,,3033,309,321,321,https://pabsa.impressicocrm.com/,283,0,213
1680594071314,4823,Get tournamnent list ,200,,Knock_out_Thread Group 1-1259,text,true,,58880,389,321,321,https://pabsa.impressicocrm.com/api/tournament?limit=12&pageNumber=1&sportType=&tournamentName=&tournamentStyle=,4486,0,0
1680594071863,4277,Get Players schedule,200,,Knock_out_Thread Group 1-1172,text,true,,5441,338,321,321,https://pabsa.impressicocrm.com/api/tournament/119922/matches,4276,0,0
1680594071866,4283,Get Home page currency,200,,Knock_out_Thread Group 1-1248,text,true,,9153,321,321,321,https://pabsa.impressicocrm.com/api/currency,4283,0,0
1680594072077,4083,Get Home page country ,200,,Knock_out_Thread Group 1-1328,text,true,,17270,320,322,322,https://pabsa.impressicocrm.com/api/country,4076,0,0
1680594071553,4619,Get Players schedule,200,,Knock_out_Thread Group 1-1149,text,true,,5441,338,322,322,https://pabsa.impressicocrm.com/api/tournament/119922/matches,4619,0,0
1680594069954,6229,Get Break list ,200,,Knock_out_Thread Group 1-1177,text,true,,3218,338,322,322,https://pabsa.impressicocrm.com/api/tournament/119922/players,6229,0,0
1680594072102,4081,Get Players list ,200,,Knock_out_Thread Group 1-1222,text,true,,3218,338,322,322,https://pabsa.impressicocrm.com/api/tournament/119922/players,4081,0,0
1680594072146,4043,Get single knockout Player details,200,,Knock_out_Thread Group 1-1120,text,true,,1210,326,322,322,https://pabsa.impressicocrm.com/api/player/110368,4043,0,0
1680594071623,4582,Get Players schedule,200,,Knock_out_Thread Group 1-1161,text,true,,5441,338,322,322,https://pabsa.impressicocrm.com/api/tournament/119922/matches,4582,0,0
1680594072144,4077,Get knockout players list ,200,,Knock_out_Thread Group 1-1124,text,true,,4598,340,322,322,https://pabsa.impressicocrm.com/api/tournament/118871/knockouts,4077,0,0
1680594074853,1404,Home page ,200,OK,Knock_out_Thread Group 1-1359,text,true,,3033,309,323,323,https://pabsa.impressicocrm.com/,1404,0,1282
1680594071609,4653,Get tournament result,200,,Knock_out_Thread Group 1-1078,text,true,,5441,338,323,323,https://pabsa.impressicocrm.com/api/tournament/119922/matches,4653,0,0
1680594072155,4122,Get Break list ,200,,Knock_out_Thread Group 1-1191,text,true,,3218,338,323,323,https://pabsa.impressicocrm.com/api/tournament/119922/players,4122,0,0
1680594072173,4118,Get Home page currency,200,,Knock_out_Thread Group 1-1262,text,true,,9160,321,323,323,https://pabsa.impressicocrm.com/api/currency,4118,0,0
1680594071458,4850,Get Break list ,200,,Knock_out_Thread Group 1-1180,text,true,,3218,338,323,323,https://pabsa.impressicocrm.com/api/tournament/119922/players,4850,0,0
1680594071805,4506,Get Players schedule,200,,Knock_out_Thread Group 1-1132,text,true,,5441,338,323,323,https://pabsa.impressicocrm.com/api/tournament/119922/matches,4506,0,0
1680594076052,261,Home page ,200,OK,Knock_out_Thread Group 1-1371,text,true,,3033,309,323,323,https://pabsa.impressicocrm.com/,261,0,198
1680594071982,4332,Get playerA_Vs_playerB,200,,Knock_out_Thread Group 1-1074,text,true,,1239,341,323,323,https://pabsa.impressicocrm.com/api/tournament/matchScore/147598,4332,0,0
1680594072060,4284,Get Players schedule,200,,Knock_out_Thread Group 1-1167,text,true,,5435,338,322,322,https://pabsa.impressicocrm.com/api/tournament/119922/matches,4284,0,0
1680594069750,6598,Get Players schedule,200,,Knock_out_Thread Group 1-1147,text,true,,5435,338,322,322,https://pabsa.impressicocrm.com/api/tournament/119922/matches,6598,0,0
1680594072190,4163,Get Home page currency,200,,Knock_out_Thread Group 1-1213,text,true,,9160,321,323,323,https://pabsa.impressicocrm.com/api/currency,4163,0,0
1680594072102,4251,Get tournament result,200,,Knock_out_Thread Group 1-1096,text,true,,5435,338,323,323,https://pabsa.impressicocrm.com/api/tournament/119922/matches,4251,0,0
1680594071768,4586,Get Break list ,200,,Knock_out_Thread Group 1-1190,text,true,,3218,338,323,323,https://pabsa.impressicocrm.com/api/tournament/119922/players,4586,0,0
1680594069860,6497,Get Players schedule,200,,Knock_out_Thread Group 1-1158,text,true,,5441,338,323,323,https://pabsa.impressicocrm.com/api/tournament/119922/matches,6497,0,0
1680594075250,1116,Get Players list ,200,,Knock_out_Thread Group 1-1249,text,true,,3218,338,323,323,https://pabsa.impressicocrm.com/api/tournament/119922/players,1116,0,0
1680594072226,4145,Get Break list ,200,,Knock_out_Thread Group 1-1176,text,true,,3218,338,323,323,https://pabsa.impressicocrm.com/api/tournament/119922/players,4145,0,0
1680594072208,4195,Get Players list ,200,,Knock_out_Thread Group 1-1227,text,true,,3218,338,323,323,https://pabsa.impressicocrm.com/api/tournament/119922/players,4195,0,0
1680594071005,5403,Get tournamnent list ,200,,Knock_out_Thread Group 1-1271,text,true,,58888,389,323,323,https://pabsa.impressicocrm.com/api/tournament?limit=12&pageNumber=1&sportType=&tournamentName=&tournamentStyle=,4676,0,0
1680594070356,6060,Get tournamnent list ,200,,Knock_out_Thread Group 1-1274,text,true,,58888,389,323,323,https://pabsa.impressicocrm.com/api/tournament?limit=12&pageNumber=1&sportType=&tournamentName=&tournamentStyle=,4747,0,0
1680594071885,4531,Get Home page country ,200,,Knock_out_Thread Group 1-1326,text,true,,17255,320,323,323,https://pabsa.impressicocrm.com/api/country,4531,0,0
1680594072198,4222,Get Home page country ,200,,Knock_out_Thread Group 1-1329,text,true,,17270,320,323,323,https://pabsa.impressicocrm.com/api/country,4222,0,0
1680594071133,5294,Get tournamnent list ,200,,Knock_out_Thread Group 1-1283,text,true,,58888,389,323,323,https://pabsa.impressicocrm.com/api/tournament?limit=12&pageNumber=1&sportType=&tournamentName=&tournamentStyle=,4393,0,0
1680594071701,4743,Get tournamnent list ,200,,Knock_out_Thread Group 1-1284,text,true,,58865,389,323,323,https://pabsa.impressicocrm.com/api/tournament?limit=12&pageNumber=1&sportType=&tournamentName=&tournamentStyle=,4390,0,0
1680594074052,2393,Home page ,200,OK,Knock_out_Thread Group 1-1351,text,true,,3033,309,323,323,https://pabsa.impressicocrm.com/,2392,0,1751
1680594071764,4693,Get Home page country ,200,,Knock_out_Thread Group 1-1325,text,true,,17270,320,324,324,https://pabsa.impressicocrm.com/api/country,4588,0,0
1680594075752,711,Home page ,200,OK,Knock_out_Thread Group 1-1368,text,true,,3033,309,324,324,https://pabsa.impressicocrm.com/,711,0,639
1680594071625,4845,Get tournamnent list ,200,,Knock_out_Thread Group 1-1292,text,true,,58888,389,324,324,https://pabsa.impressicocrm.com/api/tournament?limit=12&pageNumber=1&sportType=&tournamentName=&tournamentStyle=,4401,0,0
1680594072131,4351,Get tournament result,200,,Knock_out_Thread Group 1-1105,text,true,,5441,338,324,324,https://pabsa.impressicocrm.com/api/tournament/119922/matches,4351,0,0
1680594071213,5291,Get tournamnent list ,200,,Knock_out_Thread Group 1-1286,text,true,,58880,389,324,324,https://pabsa.impressicocrm.com/api/tournament?limit=12&pageNumber=1&sportType=&tournamentName=&tournamentStyle=,4213,0,0
1680594071139,5369,Get tournamnent list ,200,,Knock_out_Thread Group 1-1288,text,true,,58880,389,324,324,https://pabsa.impressicocrm.com/api/tournament?limit=12&pageNumber=1&sportType=&tournamentName=&tournamentStyle=,4362,0,0
1680594072125,4387,Get Players schedule,200,,Knock_out_Thread Group 1-1154,text,true,,5435,338,324,324,https://pabsa.impressicocrm.com/api/tournament/119922/matches,4387,0,0
1680594072271,4241,Get playerA_Vs_playerB,200,,Knock_out_Thread Group 1-1099,text,true,,1239,341,324,324,https://pabsa.impressicocrm.com/api/tournament/matchScore/147598,4241,0,0
1680594072285,4230,Get Home page currency,200,,Knock_out_Thread Group 1-1261,text,true,,9160,321,323,323,https://pabsa.impressicocrm.com/api/currency,4230,0,0
1680594072282,4245,Get single knockout Player details,200,,Knock_out_Thread Group 1-1117,text,true,,1210,326,323,323,https://pabsa.impressicocrm.com/api/player/110368,4245,0,0
1680594075252,1281,Home page ,200,OK,Knock_out_Thread Group 1-1363,text,true,,3033,309,323,323,https://pabsa.impressicocrm.com/,1281,0,1222
1680594072117,4427,Get Players schedule,200,,Knock_out_Thread Group 1-1182,text,true,,5441,338,323,323,https://pabsa.impressicocrm.com/api/tournament/119922/matches,4427,0,0
1680594069681,6887,Get tournament result,200,,Knock_out_Thread Group 1-1066,text,true,,5441,338,324,324,https://pabsa.impressicocrm.com/api/tournament/119922/matches,6887,0,0
1680594071961,4619,Get Players schedule,200,,Knock_out_Thread Group 1-1144,text,true,,5441,338,324,324,https://pabsa.impressicocrm.com/api/tournament/119922/matches,4619,0,0
1680594071781,4830,Get tournament result,200,,Knock_out_Thread Group 1-1090,text,true,,5441,338,324,324,https://pabsa.impressicocrm.com/api/tournament/119922/matches,4830,0,0
1680594070266,6345,Get Players list ,200,,Knock_out_Thread Group 1-1235,text,true,,3218,338,324,324,https://pabsa.impressicocrm.com/api/tournament/119922/players,6345,0,0
1680594075152,1460,Home page ,200,OK,Knock_out_Thread Group 1-1362,text,true,,3033,309,324,324,https://pabsa.impressicocrm.com/,1459,0,1310
1680594072388,4234,Get single knockout Player details,200,,Knock_out_Thread Group 1-1148,text,true,,1210,326,324,324,https://pabsa.impressicocrm.com/api/player/110368,4234,0,0
1680594072155,4492,Get tournament result,200,,Knock_out_Thread Group 1-1092,text,true,,5435,338,324,324,https://pabsa.impressicocrm.com/api/tournament/119922/matches,4492,0,0
1680594074482,2179,Get tournamnent list ,200,,Knock_out_Thread Group 1-1314,text,true,,58888,389,325,325,https://pabsa.impressicocrm.com/api/tournament?limit=12&pageNumber=1&sportType=&tournamentName=&tournamentStyle=,1667,0,0
1680594072332,4332,Get Players list ,200,,Knock_out_Thread Group 1-1231,text,true,,3218,338,325,325,https://pabsa.impressicocrm.com/api/tournament/119922/players,4332,0,0
1680594076353,317,Home page ,200,OK,Knock_out_Thread Group 1-1374,text,true,,3033,309,325,325,https://pabsa.impressicocrm.com/,317,0,243
1680594072163,4510,Get tournament result,200,,Knock_out_Thread Group 1-1084,text,true,,5441,338,325,325,https://pabsa.impressicocrm.com/api/tournament/119922/matches,4510,0,0
1680594072371,4307,Get Home page currency,200,,Knock_out_Thread Group 1-1263,text,true,,9153,321,325,325,https://pabsa.impressicocrm.com/api/currency,4307,0,0
1680594072241,4453,Get tournament result,200,,Knock_out_Thread Group 1-1101,text,true,,5441,338,325,325,https://pabsa.impressicocrm.com/api/tournament/119922/matches,4453,0,0
1680594072388,4309,Get Home page currency,200,,Knock_out_Thread Group 1-1257,text,true,,9160,321,325,325,https://pabsa.impressicocrm.com/api/currency,4309,0,0
1680594072032,4666,Get Home page currency,200,,Knock_out_Thread Group 1-1243,text,true,,9160,321,325,325,https://pabsa.impressicocrm.com/api/currency,4666,0,0
1680594072394,4304,Get Home page currency,200,,Knock_out_Thread Group 1-1264,text,true,,9160,321,325,325,https://pabsa.impressicocrm.com/api/currency,4304,0,0
1680594072230,4488,Get Players schedule,200,,Knock_out_Thread Group 1-1156,text,true,,5435,338,325,325,https://pabsa.impressicocrm.com/api/tournament/119922/matches,4488,0,0
1680594072234,4485,Get Players schedule,200,,Knock_out_Thread Group 1-1170,text,true,,5441,338,325,325,https://pabsa.impressicocrm.com/api/tournament/119922/matches,4485,0,0
1680594072554,4165,Get single knockout Player details,200,,Knock_out_Thread Group 1-1118,text,true,,1210,326,325,325,https://pabsa.impressicocrm.com/api/player/110368,4165,0,0
1680594072035,4712,Get tournamnent list ,200,,Knock_out_Thread Group 1-1295,text,true,,58880,389,325,325,https://pabsa.impressicocrm.com/api/tournament?limit=12&pageNumber=1&sportType=&tournamentName=&tournamentStyle=,4337,0,0
1680594072438,4319,Get Home page country ,200,,Knock_out_Thread Group 1-1331,text,true,,17270,320,326,326,https://pabsa.impressicocrm.com/api/country,4318,0,0
1680594072376,4413,Get Players list ,200,,Knock_out_Thread Group 1-1220,text,true,,3218,338,326,326,https://pabsa.impressicocrm.com/api/tournament/119922/players,4413,0,0
1680594076453,348,Home page ,200,OK,Knock_out_Thread Group 1-1375,text,true,,3033,309,326,326,https://pabsa.impressicocrm.com/,348,0,260
1680594072282,4523,Get single knockout Player details,200,,Knock_out_Thread Group 1-1107,text,true,,1210,326,326,326,https://pabsa.impressicocrm.com/api/player/110368,4523,0,0
1680594072548,4257,Get playerA_Vs_playerB,200,,Knock_out_Thread Group 1-1080,text,true,,1239,341,326,326,https://pabsa.impressicocrm.com/api/tournament/matchScore/147598,4257,0,0
1680594072454,4358,Get playerA_Vs_playerB,200,,Knock_out_Thread Group 1-1023,text,true,,1239,341,325,325,https://pabsa.impressicocrm.com/api/tournament/matchScore/147598,4358,0,0
1680594072705,4108,Get single knockout Player details,200,,Knock_out_Thread Group 1-1142,text,true,,1210,326,324,324,https://pabsa.impressicocrm.com/api/player/110368,4108,0,0
1680594072413,4400,Get Home page currency,200,,Knock_out_Thread Group 1-1253,text,true,,9160,321,324,324,https://pabsa.impressicocrm.com/api/currency,4400,0,0
1680594071213,5606,Get tournamnent list ,200,,Knock_out_Thread Group 1-1268,text,true,,58888,389,324,324,https://pabsa.impressicocrm.com/api/tournament?limit=12&pageNumber=1&sportType=&tournamentName=&tournamentStyle=,4537,0,0
1680594072835,3998,Get single knockout Player details,200,,Knock_out_Thread Group 1-1125,text,true,,1210,326,324,324,https://pabsa.impressicocrm.com/api/player/110368,3998,0,0
1680594072344,4491,Get Home page country ,200,,Knock_out_Thread Group 1-1327,text,true,,17270,320,324,324,https://pabsa.impressicocrm.com/api/country,4489,0,0
1680594072580,4278,Get Home page country ,200,,Knock_out_Thread Group 1-1333,text,true,,17270,320,325,325,https://pabsa.impressicocrm.com/api/country,4278,0,0
1680594072513,4380,Get Home page currency,200,,Knock_out_Thread Group 1-1269,text,true,,9153,321,325,325,https://pabsa.impressicocrm.com/api/currency,4380,0,0
1680594072705,4198,Get Home page currency,200,,Knock_out_Thread Group 1-1270,text,true,,9160,321,325,325,https://pabsa.impressicocrm.com/api/currency,4198,0,0
1680594072792,4120,Get knockout players list ,200,,Knock_out_Thread Group 1-1130,text,true,,4598,340,325,325,https://pabsa.impressicocrm.com/api/tournament/118871/knockouts,4120,0,0
1680594072805,4116,Get knockout players list ,200,,Knock_out_Thread Group 1-1153,text,true,,4598,340,325,325,https://pabsa.impressicocrm.com/api/tournament/118871/knockouts,4116,0,0
1680594072507,4416,Get tournament result,200,,Knock_out_Thread Group 1-1098,text,true,,5441,338,325,325,https://pabsa.impressicocrm.com/api/tournament/119922/matches,4416,0,0
1680594072737,4188,Get knockout players list ,200,,Knock_out_Thread Group 1-1127,text,true,,4598,340,325,325,https://pabsa.impressicocrm.com/api/tournament/118871/knockouts,4188,0,0
1680594076553,377,Home page ,200,OK,Knock_out_Thread Group 1-1376,text,true,,3033,309,325,325,https://pabsa.impressicocrm.com/,376,0,270
1680594071097,5839,Get tournamnent list ,200,,Knock_out_Thread Group 1-1280,text,true,,58880,389,325,325,https://pabsa.impressicocrm.com/api/tournament?limit=12&pageNumber=1&sportType=&tournamentName=&tournamentStyle=,4806,0,0
1680594072861,4082,Get Players list ,200,,Knock_out_Thread Group 1-1238,text,true,,3218,338,325,325,https://pabsa.impressicocrm.com/api/tournament/119922/players,4082,0,0
1680594072303,4643,Get Players schedule,200,,Knock_out_Thread Group 1-1165,text,true,,5441,338,325,325,https://pabsa.impressicocrm.com/api/tournament/119922/matches,4643,0,0
1680594072705,4276,Get Home page country ,200,,Knock_out_Thread Group 1-1330,text,true,,17270,320,326,326,https://pabsa.impressicocrm.com/api/country,4276,0,0
1680594070784,6197,Get knockout players list ,200,,Knock_out_Thread Group 1-1155,text,true,,4598,340,326,326,https://pabsa.impressicocrm.com/api/tournament/118871/knockouts,6197,0,0
1680594073071,3925,Get Home page currency,200,,Knock_out_Thread Group 1-1252,text,true,,9160,321,326,326,https://pabsa.impressicocrm.com/api/currency,3925,0,0
1680594072990,4006,Get Players list ,200,,Knock_out_Thread Group 1-1223,text,true,,3218,338,326,326,https://pabsa.impressicocrm.com/api/tournament/119922/players,4006,0,0
1680594076652,348,Home page ,200,OK,Knock_out_Thread Group 1-1377,text,true,,3033,309,326,326,https://pabsa.impressicocrm.com/,348,0,283
1680594073058,3951,Get knockout players list ,200,,Knock_out_Thread Group 1-1152,text,true,,4598,340,326,326,https://pabsa.impressicocrm.com/api/tournament/118871/knockouts,3951,0,0
1680594076032,993,Get single knockout Player details,200,,Knock_out_Thread Group 1-1141,text,true,,1210,326,326,326,https://pabsa.impressicocrm.com/api/player/110368,993,0,0
1680594073063,3966,Get knockout players list ,200,,Knock_out_Thread Group 1-1160,text,true,,4598,340,326,326,https://pabsa.impressicocrm.com/api/tournament/118871/knockouts,3966,0,0
1680594073127,3914,Get Home page country ,200,,Knock_out_Thread Group 1-1338,text,true,,17255,320,326,326,https://pabsa.impressicocrm.com/api/country,3914,0,0
1680594072241,4809,Get tournament result,200,,Knock_out_Thread Group 1-1104,text,true,,5441,338,326,326,https://pabsa.impressicocrm.com/api/tournament/119922/matches,4809,0,0
1680594072260,4790,Get tournamnent list ,200,,Knock_out_Thread Group 1-1299,text,true,,58865,389,326,326,https://pabsa.impressicocrm.com/api/tournament?limit=12&pageNumber=1&sportType=&tournamentName=&tournamentStyle=,4446,0,0
1680594072404,4661,Get tournament result,200,,Knock_out_Thread Group 1-929,text,true,,5441,338,327,327,https://pabsa.impressicocrm.com/api/tournament/119922/matches,4661,0,0
1680594073398,3674,Get knockout players list ,200,,Knock_out_Thread Group 1-1151,text,true,,4598,340,327,327,https://pabsa.impressicocrm.com/api/tournament/118871/knockouts,3674,0,0
1680594076752,353,Home page ,200,OK,Knock_out_Thread Group 1-1378,text,true,,3033,309,327,327,https://pabsa.impressicocrm.com/,353,0,273
1680594073372,3733,Get knockout players list ,200,,Knock_out_Thread Group 1-1157,text,true,,4598,340,327,327,https://pabsa.impressicocrm.com/api/tournament/118871/knockouts,3733,0,0
1680594073492,3635,Get Players list ,200,,Knock_out_Thread Group 1-1256,text,true,,3218,338,327,327,https://pabsa.impressicocrm.com/api/tournament/119922/players,3635,0,0
1680594073471,3662,Get Break list ,200,,Knock_out_Thread Group 1-1202,text,true,,3218,338,327,327,https://pabsa.impressicocrm.com/api/tournament/119922/players,3662,0,0
1680594073585,3557,Get single knockout Player details,200,,Knock_out_Thread Group 1-1091,text,true,,1210,326,327,327,https://pabsa.impressicocrm.com/api/player/110368,3557,0,0
1680594070838,6304,Get tournamnent list ,200,,Knock_out_Thread Group 1-1265,text,true,,58888,389,327,327,https://pabsa.impressicocrm.com/api/tournament?limit=12&pageNumber=1&sportType=&tournamentName=&tournamentStyle=,4989,0,0
1680594072491,4667,Get tournament result,200,,Knock_out_Thread Group 1-1102,text,true,,5441,338,328,328,https://pabsa.impressicocrm.com/api/tournament/119922/matches,4667,0,0
1680594075953,1217,Home page ,200,OK,Knock_out_Thread Group 1-1370,text,true,,3033,309,328,328,https://pabsa.impressicocrm.com/,1217,0,1097
1680594073658,3522,Get single knockout Player details,200,,Knock_out_Thread Group 1-1031,text,true,,1210,326,328,328,https://pabsa.impressicocrm.com/api/player/110368,3522,0,0
1680594072414,4766,Get Break list ,200,,Knock_out_Thread Group 1-1184,text,true,,3218,338,328,328,https://pabsa.impressicocrm.com/api/tournament/119922/players,4766,0,0
1680594073594,3605,Get playerA_Vs_playerB,200,,Knock_out_Thread Group 1-1085,text,true,,1239,341,328,328,https://pabsa.impressicocrm.com/api/tournament/matchScore/147598,3605,0,0
1680594071391,5809,Get tournamnent list ,200,,Knock_out_Thread Group 1-1278,text,true,,58880,389,328,328,https://pabsa.impressicocrm.com/api/tournament?limit=12&pageNumber=1&sportType=&tournamentName=&tournamentStyle=,5066,0,0
1680594073577,3625,Get playerA_Vs_playerB,200,,Knock_out_Thread Group 1-1045,text,true,,1239,341,327,327,https://pabsa.impressicocrm.com/api/tournament/matchScore/147598,3625,0,0
1680594073540,3677,Get Break list ,200,,Knock_out_Thread Group 1-1207,text,true,,3218,338,326,326,https://pabsa.impressicocrm.com/api/tournament/119922/players,3677,0,0
1680594076253,1003,Home page ,200,OK,Knock_out_Thread Group 1-1373,text,true,,3033,309,327,327,https://pabsa.impressicocrm.com/,1003,0,619
1680594076205,1056,Get knockout players list ,200,,Knock_out_Thread Group 1-1161,text,true,,4598,340,327,327,https://pabsa.impressicocrm.com/api/tournament/118871/knockouts,1056,0,0
1680594073697,3577,Get playerA_Vs_playerB,200,,Knock_out_Thread Group 1-1049,text,true,,1239,341,327,327,https://pabsa.impressicocrm.com/api/tournament/matchScore/147598,3577,0,0
1680594072620,4654,Get Home page country ,200,,Knock_out_Thread Group 1-1334,text,true,,17270,320,327,327,https://pabsa.impressicocrm.com/api/country,4654,0,0
1680594073628,3648,Get playerA_Vs_playerB,200,,Knock_out_Thread Group 1-1076,text,true,,1239,341,326,326,https://pabsa.impressicocrm.com/api/tournament/matchScore/147598,3648,0,0
1680594073517,3762,Get Home page country ,200,,Knock_out_Thread Group 1-1337,text,true,,17270,320,325,325,https://pabsa.impressicocrm.com/api/country,3762,0,0
1680594076135,1155,Get Players list ,200,,Knock_out_Thread Group 1-1281,text,true,,3218,338,325,325,https://pabsa.impressicocrm.com/api/tournament/119922/players,1155,0,0
1680594073361,3933,Get Home page country ,200,,Knock_out_Thread Group 1-1339,text,true,,17255,320,325,325,https://pabsa.impressicocrm.com/api/country,3933,0,0
1680594073325,3969,Get knockout players list ,200,,Knock_out_Thread Group 1-1175,text,true,,4598,340,325,325,https://pabsa.impressicocrm.com/api/tournament/118871/knockouts,3969,0,0
1680594073724,3585,Get Break list ,200,,Knock_out_Thread Group 1-1174,text,true,,3218,338,325,325,https://pabsa.impressicocrm.com/api/tournament/119922/players,3585,0,0
1680594070733,6585,Get tournament result,200,,Knock_out_Thread Group 1-1050,text,true,,5441,338,325,325,https://pabsa.impressicocrm.com/api/tournament/119922/matches,6585,0,0
1680594073697,3631,Get Players list ,200,,Knock_out_Thread Group 1-1237,text,true,,3218,338,325,325,https://pabsa.impressicocrm.com/api/tournament/119922/players,3631,0,0
1680594073857,3487,Get knockout players list ,200,,Knock_out_Thread Group 1-1163,text,true,,4598,340,325,325,https://pabsa.impressicocrm.com/api/tournament/118871/knockouts,3487,0,0
1680594073093,4254,Get Break list ,200,,Knock_out_Thread Group 1-1221,text,true,,3218,338,325,325,https://pabsa.impressicocrm.com/api/tournament/119922/players,4254,0,0
1680594073754,3600,Get knockout players list ,200,,Knock_out_Thread Group 1-1143,text,true,,4598,340,326,326,https://pabsa.impressicocrm.com/api/tournament/118871/knockouts,3600,0,0
1680594073931,3449,Get single knockout Player details,200,,Knock_out_Thread Group 1-1131,text,true,,1210,326,326,326,https://pabsa.impressicocrm.com/api/player/110368,3449,0,0
1680594073525,3857,Get Players schedule,200,,Knock_out_Thread Group 1-1171,text,true,,5441,338,326,326,https://pabsa.impressicocrm.com/api/tournament/119922/matches,3857,0,0
1680594073848,3540,Get knockout players list ,200,,Knock_out_Thread Group 1-1136,text,true,,4598,340,326,326,https://pabsa.impressicocrm.com/api/tournament/118871/knockouts,3540,0,0
1680594073676,3722,Get Home page currency,200,,Knock_out_Thread Group 1-1275,text,true,,9160,321,326,326,https://pabsa.impressicocrm.com/api/currency,3722,0,0
1680594072318,5092,Get tournamnent list ,200,,Knock_out_Thread Group 1-1301,text,true,,58880,389,326,326,https://pabsa.impressicocrm.com/api/tournament?limit=12&pageNumber=1&sportType=&tournamentName=&tournamentStyle=,4507,0,0
1680594073614,3797,Get tournament result,200,,Knock_out_Thread Group 1-1122,text,true,,5441,338,326,326,https://pabsa.impressicocrm.com/api/tournament/119922/matches,3797,0,0
1680594073893,3529,Get Break list ,200,,Knock_out_Thread Group 1-1210,text,true,,3218,338,326,326,https://pabsa.impressicocrm.com/api/tournament/119922/players,3529,0,0
1680594073489,3947,Get playerA_Vs_playerB,200,,Knock_out_Thread Group 1-1044,text,true,,1239,341,326,326,https://pabsa.impressicocrm.com/api/tournament/matchScore/147598,3947,0,0
1680594071165,6272,Get tournamnent list ,200,,Knock_out_Thread Group 1-1285,text,true,,58888,389,326,326,https://pabsa.impressicocrm.com/api/tournament?limit=12&pageNumber=1&sportType=&tournamentName=&tournamentStyle=,4317,0,0
1680594073844,3614,Get Home page country ,200,,Knock_out_Thread Group 1-1346,text,true,,17270,320,326,326,https://pabsa.impressicocrm.com/api/country,3614,0,0
1680594073835,3640,Get Home page currency,200,,Knock_out_Thread Group 1-1267,text,true,,9160,321,326,326,https://pabsa.impressicocrm.com/api/currency,3640,0,0
1680594074078,3420,Get single knockout Player details,200,,Knock_out_Thread Group 1-1114,text,true,,1210,326,326,326,https://pabsa.impressicocrm.com/api/player/110368,3420,0,0
1680594073729,3771,Get single knockout Player details,200,,Knock_out_Thread Group 1-1135,text,true,,1210,326,326,326,https://pabsa.impressicocrm.com/api/player/110368,3771,0,0
1680594073904,3597,Get Home page currency,200,,Knock_out_Thread Group 1-1250,text,true,,9160,321,326,326,https://pabsa.impressicocrm.com/api/currency,3597,0,0
1680594074076,3428,Get single knockout Player details,200,,Knock_out_Thread Group 1-1115,text,true,,1210,326,326,326,https://pabsa.impressicocrm.com/api/player/110368,3428,0,0
1680594072337,5180,Get Players schedule,200,,Knock_out_Thread Group 1-1159,text,true,,5441,338,326,326,https://pabsa.impressicocrm.com/api/tournament/119922/matches,5180,0,0
1680594077252,268,Home page ,200,OK,Knock_out_Thread Group 1-1383,text,true,,3033,309,326,326,https://pabsa.impressicocrm.com/,268,0,206
1680594074026,3497,Get Players list ,200,,Knock_out_Thread Group 1-1236,text,true,,3218,338,326,326,https://pabsa.impressicocrm.com/api/tournament/119922/players,3497,0,0
1680594073945,3582,Get Home page country ,200,,Knock_out_Thread Group 1-1343,text,true,,17270,320,326,326,https://pabsa.impressicocrm.com/api/country,3582,0,0
1680594074067,3469,Get playerA_Vs_playerB,200,,Knock_out_Thread Group 1-1067,text,true,,1239,341,326,326,https://pabsa.impressicocrm.com/api/tournament/matchScore/147598,3469,0,0
1680594070945,6593,Get tournament result,200,,Knock_out_Thread Group 1-1071,text,true,,5441,338,325,325,https://pabsa.impressicocrm.com/api/tournament/119922/matches,6593,0,0
1680594076278,1261,Get Players schedule,200,,Knock_out_Thread Group 1-1191,text,true,,5441,338,325,325,https://pabsa.impressicocrm.com/api/tournament/119922/matches,1261,0,0
1680594073951,3588,Get Home page country ,200,,Knock_out_Thread Group 1-1335,text,true,,17270,320,325,325,https://pabsa.impressicocrm.com/api/country,3588,0,0
1680594074067,3476,Get playerA_Vs_playerB,200,,Knock_out_Thread Group 1-1063,text,true,,1239,341,325,325,https://pabsa.impressicocrm.com/api/tournament/matchScore/147598,3476,0,0
1680594073912,3636,Get Break list ,200,,Knock_out_Thread Group 1-1181,text,true,,3218,338,324,324,https://pabsa.impressicocrm.com/api/tournament/119922/players,3636,0,0
1680594073724,3838,Get Players schedule,200,,Knock_out_Thread Group 1-1187,text,true,,5441,338,325,325,https://pabsa.impressicocrm.com/api/tournament/119922/matches,3838,0,0
1680594074037,3528,Get Home page currency,200,,Knock_out_Thread Group 1-1277,text,true,,9160,321,325,325,https://pabsa.impressicocrm.com/api/currency,3528,0,0
1680594074094,3476,Get playerA_Vs_playerB,200,,Knock_out_Thread Group 1-1082,text,true,,1239,341,325,325,https://pabsa.impressicocrm.com/api/tournament/matchScore/147598,3476,0,0
1680594073549,4024,Get Players list ,200,,Knock_out_Thread Group 1-1228,text,true,,3218,338,324,324,https://pabsa.impressicocrm.com/api/tournament/119922/players,4024,0,0
1680594074334,3271,Get knockout players list ,200,,Knock_out_Thread Group 1-1166,text,true,,4598,340,324,324,https://pabsa.impressicocrm.com/api/tournament/118871/knockouts,3271,0,0
1680594076568,1037,Get playerA_Vs_playerB,200,,Knock_out_Thread Group 1-1066,text,true,,1239,341,324,324,https://pabsa.impressicocrm.com/api/tournament/matchScore/147598,1037,0,0
1680594074330,3280,Get single knockout Player details,200,,Knock_out_Thread Group 1-1106,text,true,,1210,326,323,323,https://pabsa.impressicocrm.com/api/player/110368,3280,0,0
1680594074166,3455,Get Home page country ,200,,Knock_out_Thread Group 1-1349,text,true,,17270,320,323,323,https://pabsa.impressicocrm.com/api/country,3455,0,0
1680594073827,3794,Get tournament result,200,,Knock_out_Thread Group 1-1103,text,true,,5441,338,323,323,https://pabsa.impressicocrm.com/api/tournament/119922/matches,3794,0,0
1680594073833,3796,Get tournament result,200,,Knock_out_Thread Group 1-1083,text,true,,5441,338,323,323,https://pabsa.impressicocrm.com/api/tournament/119922/matches,3796,0,0
1680594074270,3367,Get playerA_Vs_playerB,200,,Knock_out_Thread Group 1-1069,text,true,,1239,341,323,323,https://pabsa.impressicocrm.com/api/tournament/matchScore/147598,3367,0,0
1680594074195,3442,Get Home page country ,200,,Knock_out_Thread Group 1-1348,text,true,,17270,320,323,323,https://pabsa.impressicocrm.com/api/country,3442,0,0
1680594074037,3609,Get Home page currency,200,,Knock_out_Thread Group 1-1289,text,true,,9160,321,322,322,https://pabsa.impressicocrm.com/api/currency,3609,0,0
1680594072332,5320,Get tournamnent list ,200,,Knock_out_Thread Group 1-1297,text,true,,58888,389,323,323,https://pabsa.impressicocrm.com/api/tournament?limit=12&pageNumber=1&sportType=&tournamentName=&tournamentStyle=,4563,0,0
1680594074270,3390,Get Home page country ,200,,Knock_out_Thread Group 1-1350,text,true,,17270,320,323,323,https://pabsa.impressicocrm.com/api/country,3385,0,0
1680594074459,3203,Get single knockout Player details,200,,Knock_out_Thread Group 1-1137,text,true,,1210,326,323,323,https://pabsa.impressicocrm.com/api/player/110368,3203,0,0
1680594073793,3882,Get playerA_Vs_playerB,200,,Knock_out_Thread Group 1-1079,text,true,,1239,341,323,323,https://pabsa.impressicocrm.com/api/tournament/matchScore/147598,3882,0,0
1680594074330,3357,Get Home page currency,200,,Knock_out_Thread Group 1-1260,text,true,,9160,321,322,322,https://pabsa.impressicocrm.com/api/currency,3357,0,0
1680594074338,3353,Get Home page currency,200,,Knock_out_Thread Group 1-1294,text,true,,9160,321,322,322,https://pabsa.impressicocrm.com/api/currency,3353,0,0
1680594074404,3287,Get Break list ,200,,Knock_out_Thread Group 1-1217,text,true,,3218,338,322,322,https://pabsa.impressicocrm.com/api/tournament/119922/players,3287,0,0
1680594077453,255,Home page ,200,OK,Knock_out_Thread Group 1-1385,text,true,,3033,309,322,322,https://pabsa.impressicocrm.com/,254,0,193
1680594073975,3739,Get Home page country ,200,,Knock_out_Thread Group 1-1340,text,true,,17270,320,322,322,https://pabsa.impressicocrm.com/api/country,3739,0,0
1680594075913,1806,Get Home page country ,200,,Knock_out_Thread Group 1-1344,text,true,,17270,320,322,322,https://pabsa.impressicocrm.com/api/country,1805,0,0
1680594074209,3512,Get Players list ,200,,Knock_out_Thread Group 1-1244,text,true,,3218,338,322,322,https://pabsa.impressicocrm.com/api/tournament/119922/players,3512,0,0
1680594074067,3689,Get single knockout Player details,200,,Knock_out_Thread Group 1-1145,text,true,,1210,326,323,323,https://pabsa.impressicocrm.com/api/player/110368,3689,0,0
1680594073626,4136,Get Home page currency,200,,Knock_out_Thread Group 1-1273,text,true,,9160,321,323,323,https://pabsa.impressicocrm.com/api/currency,4136,0,0
1680594074456,3306,Get Break list ,200,,Knock_out_Thread Group 1-1208,text,true,,3218,338,323,323,https://pabsa.impressicocrm.com/api/tournament/119922/players,3306,0,0
1680594073793,3974,Get Home page country ,200,,Knock_out_Thread Group 1-1345,text,true,,17270,320,323,323,https://pabsa.impressicocrm.com/api/country,3605,0,0
1680594074049,3722,Get Players schedule,200,,Knock_out_Thread Group 1-1196,text,true,,5441,338,323,323,https://pabsa.impressicocrm.com/api/tournament/119922/matches,3722,0,0
1680594075710,2064,Get tournamnent list ,200,,Knock_out_Thread Group 1-1316,text,true,,58880,389,323,323,https://pabsa.impressicocrm.com/api/tournament?limit=12&pageNumber=1&sportType=&tournamentName=&tournamentStyle=,1522,0,0
1680594077352,423,Home page ,200,OK,Knock_out_Thread Group 1-1384,text,true,,3033,309,323,323,https://pabsa.impressicocrm.com/,423,0,345
1680594071641,6154,Get Break list ,200,,Knock_out_Thread Group 1-1192,text,true,,3218,338,323,323,https://pabsa.impressicocrm.com/api/tournament/119922/players,6154,0,0
1680594074609,3214,Get Home page currency,200,,Knock_out_Thread Group 1-1279,text,true,,9153,321,323,323,https://pabsa.impressicocrm.com/api/currency,3214,0,0
1680594074494,3373,Get Home page country ,200,,Knock_out_Thread Group 1-1352,text,true,,17255,320,324,324,https://pabsa.impressicocrm.com/api/country,3373,0,0
1680594074015,3858,Get Break list ,200,,Knock_out_Thread Group 1-1214,text,true,,3218,338,324,324,https://pabsa.impressicocrm.com/api/tournament/119922/players,3858,0,0
1680594074330,3545,Get Players schedule,200,,Knock_out_Thread Group 1-1179,text,true,,5441,338,324,324,https://pabsa.impressicocrm.com/api/tournament/119922/matches,3545,0,0
1680594074524,3351,Get playerA_Vs_playerB,200,,Knock_out_Thread Group 1-1035,text,true,,1239,341,324,324,https://pabsa.impressicocrm.com/api/tournament/matchScore/147598,3351,0,0
1680594073148,4727,Get tournamnent list ,200,,Knock_out_Thread Group 1-1298,text,true,,58880,389,324,324,https://pabsa.impressicocrm.com/api/tournament?limit=12&pageNumber=1&sportType=&tournamentName=&tournamentStyle=,4240,0,0
1680594074619,3297,Get Players list ,200,,Knock_out_Thread Group 1-1219,text,true,,3218,338,323,323,https://pabsa.impressicocrm.com/api/tournament/119922/players,3297,0,0
1680594076153,1770,Home page ,200,OK,Knock_out_Thread Group 1-1372,text,true,,3033,309,323,323,https://pabsa.impressicocrm.com/,1770,0,1620
1680594074712,3237,Get single knockout Player details,200,,Knock_out_Thread Group 1-1119,text,true,,1210,326,323,323,https://pabsa.impressicocrm.com/api/player/110368,3237,0,0
1680594077652,316,Home page ,200,OK,Knock_out_Thread Group 1-1387,text,true,,3033,309,324,324,https://pabsa.impressicocrm.com/,316,0,247
1680594074625,3345,Get knockout players list ,200,,Knock_out_Thread Group 1-1173,text,true,,4598,340,324,324,https://pabsa.impressicocrm.com/api/tournament/118871/knockouts,3345,0,0
1680594074605,3380,Get Home page currency,200,,Knock_out_Thread Group 1-1266,text,true,,9160,321,324,324,https://pabsa.impressicocrm.com/api/currency,3380,0,0
1680594073996,3989,Get Players list ,200,,Knock_out_Thread Group 1-1226,text,true,,3218,338,324,324,https://pabsa.impressicocrm.com/api/tournament/119922/players,3989,0,0
1680594076612,1375,Get playerA_Vs_playerB,200,,Knock_out_Thread Group 1-1090,text,true,,1239,341,324,324,https://pabsa.impressicocrm.com/api/tournament/matchScore/147598,1375,0,0
1680594073960,4039,Get tournamnent list ,200,,Knock_out_Thread Group 1-1308,text,true,,58888,389,323,323,https://pabsa.impressicocrm.com/api/tournament?limit=12&pageNumber=1&sportType=&tournamentName=&tournamentStyle=,3747,0,0
1680594074681,3331,Get Players list ,200,,Knock_out_Thread Group 1-1246,text,true,,3218,338,323,323,https://pabsa.impressicocrm.com/api/tournament/119922/players,3331,0,0
1680594074623,3390,Get knockout players list ,200,,Knock_out_Thread Group 1-1150,text,true,,4598,340,323,323,https://pabsa.impressicocrm.com/api/tournament/118871/knockouts,3390,0,0
1680594077752,270,Home page ,200,OK,Knock_out_Thread Group 1-1388,text,true,,3033,309,323,323,https://pabsa.impressicocrm.com/,269,0,206
1680594074619,3404,Get Home page currency,200,,Knock_out_Thread Group 1-1296,text,true,,9160,321,323,323,https://pabsa.impressicocrm.com/api/currency,3404,0,0
1680594076805,1222,Get tournament result,200,,Knock_out_Thread Group 1-1107,text,true,,5441,338,323,323,https://pabsa.impressicocrm.com/api/tournament/119922/matches,1222,0,0
1680594071849,6196,Get playerA_Vs_playerB,200,,Knock_out_Thread Group 1-1070,text,true,,1239,341,323,323,https://pabsa.impressicocrm.com/api/tournament/matchScore/147598,6196,0,0
1680594077050,996,Get Home page currency,200,,Knock_out_Thread Group 1-1299,text,true,,9160,321,322,322,https://pabsa.impressicocrm.com/api/currency,996,0,0
1680594074853,3216,Get knockout players list ,200,,Knock_out_Thread Group 1-1123,text,true,,4598,340,323,323,https://pabsa.impressicocrm.com/api/tournament/118871/knockouts,3216,0,0
1680594076997,1079,Get Break list ,200,,Knock_out_Thread Group 1-1223,text,true,,3218,338,323,323,https://pabsa.impressicocrm.com/api/tournament/119922/players,1079,0,0
1680594074947,3137,Get playerA_Vs_playerB,200,,Knock_out_Thread Group 1-1058,text,true,,1239,341,323,323,https://pabsa.impressicocrm.com/api/tournament/matchScore/147598,3137,0,0
1680594077152,943,Home page ,200,OK,Knock_out_Thread Group 1-1382,text,true,,3033,309,322,322,https://pabsa.impressicocrm.com/,943,0,831
1680594074341,3761,Get Break list ,200,,Knock_out_Thread Group 1-1201,text,true,,3218,338,322,322,https://pabsa.impressicocrm.com/api/tournament/119922/players,3761,0,0
1680594074992,3116,Get playerA_Vs_playerB,200,,Knock_out_Thread Group 1-1047,text,true,,1239,341,322,322,https://pabsa.impressicocrm.com/api/tournament/matchScore/147598,3116,0,0
1680594074725,3386,Get Players list ,200,,Knock_out_Thread Group 1-1240,text,true,,3218,338,321,321,https://pabsa.impressicocrm.com/api/tournament/119922/players,3386,0,0
1680594075013,3131,Get playerA_Vs_playerB,200,,Knock_out_Thread Group 1-1053,text,true,,1239,341,321,321,https://pabsa.impressicocrm.com/api/tournament/matchScore/147598,3131,0,0
1680594075090,3061,Get playerA_Vs_playerB,200,,Knock_out_Thread Group 1-1089,text,true,,1239,341,320,320,https://pabsa.impressicocrm.com/api/tournament/matchScore/147598,3061,0,0
1680594077050,1106,Get playerA_Vs_playerB,200,,Knock_out_Thread Group 1-1104,text,true,,1239,341,320,320,https://pabsa.impressicocrm.com/api/tournament/matchScore/147598,1106,0,0
1680594074490,3681,Get Players schedule,200,,Knock_out_Thread Group 1-1162,text,true,,5441,338,319,319,https://pabsa.impressicocrm.com/api/tournament/119922/matches,3681,0,0
1680594073516,4655,Get tournamnent list ,200,,Knock_out_Thread Group 1-1305,text,true,,58880,389,319,319,https://pabsa.impressicocrm.com/api/tournament?limit=12&pageNumber=1&sportType=&tournamentName=&tournamentStyle=,3882,0,0
1680594077553,635,Home page ,200,OK,Knock_out_Thread Group 1-1386,text,true,,3033,309,319,319,https://pabsa.impressicocrm.com/,635,0,558
1680594075139,3054,Get playerA_Vs_playerB,200,,Knock_out_Thread Group 1-1094,text,true,,1239,341,319,319,https://pabsa.impressicocrm.com/api/tournament/matchScore/147598,3054,0,0
1680594075043,3155,Get Break list ,200,,Knock_out_Thread Group 1-1200,text,true,,3218,338,318,318,https://pabsa.impressicocrm.com/api/tournament/119922/players,3155,0,0
1680594075163,3066,Get playerA_Vs_playerB,200,,Knock_out_Thread Group 1-1055,text,true,,1239,341,318,318,https://pabsa.impressicocrm.com/api/tournament/matchScore/147598,3066,0,0
1680594075197,3033,Get playerA_Vs_playerB,200,,Knock_out_Thread Group 1-1088,text,true,,1239,341,317,317,https://pabsa.impressicocrm.com/api/tournament/matchScore/147598,3033,0,0
1680594070562,7685,Get tournamnent list ,200,,Knock_out_Thread Group 1-1276,text,true,,58880,389,316,316,https://pabsa.impressicocrm.com/api/tournament?limit=12&pageNumber=1&sportType=&tournamentName=&tournamentStyle=,6785,0,0
1680594076952,1309,Home page ,200,OK,Knock_out_Thread Group 1-1380,text,true,,3033,309,317,317,https://pabsa.impressicocrm.com/,1309,0,1241
1680594075210,3066,Get Home page country ,200,,Knock_out_Thread Group 1-1360,text,true,,17255,320,317,317,https://pabsa.impressicocrm.com/api/country,3066,0,0
1680594075029,3261,Get Players list ,200,,Knock_out_Thread Group 1-1232,text,true,,3218,338,317,317,https://pabsa.impressicocrm.com/api/tournament/119922/players,3261,0,0
1680594074925,3371,Get single knockout Player details,200,,Knock_out_Thread Group 1-1146,text,true,,1210,326,317,317,https://pabsa.impressicocrm.com/api/player/110368,3371,0,0
1680594075293,3014,Get playerA_Vs_playerB,200,,Knock_out_Thread Group 1-1024,text,true,,1239,341,317,317,https://pabsa.impressicocrm.com/api/tournament/matchScore/147598,3014,0,0
1680594074633,3674,Get tournament result,200,,Knock_out_Thread Group 1-1113,text,true,,5441,338,317,317,https://pabsa.impressicocrm.com/api/tournament/119922/matches,3674,0,0
1680594075210,3195,Get Home page currency,200,,Knock_out_Thread Group 1-1282,text,true,,9160,321,317,317,https://pabsa.impressicocrm.com/api/currency,3195,0,0
1680594074865,3540,Get playerA_Vs_playerB,200,,Knock_out_Thread Group 1-948,text,true,,1239,341,317,317,https://pabsa.impressicocrm.com/api/tournament/matchScore/147598,3540,0,0
1680594075417,2988,Get single knockout Player details,200,,Knock_out_Thread Group 1-1111,text,true,,1210,326,317,317,https://pabsa.impressicocrm.com/api/player/110368,2988,0,0
1680594075380,3025,Get single knockout Player details,200,,Knock_out_Thread Group 1-1134,text,true,,1210,326,317,317,https://pabsa.impressicocrm.com/api/player/110368,3025,0,0
1680594075375,3032,Get Break list ,200,,Knock_out_Thread Group 1-1215,text,true,,3218,338,316,316,https://pabsa.impressicocrm.com/api/tournament/119922/players,3032,0,0
1680594075163,3244,Get knockout players list ,200,,Knock_out_Thread Group 1-1168,text,true,,4598,340,316,316,https://pabsa.impressicocrm.com/api/tournament/118871/knockouts,3244,0,0
1680594072155,6252,Get tournamnent list ,200,,Knock_out_Thread Group 1-1290,text,true,,58880,389,316,316,https://pabsa.impressicocrm.com/api/tournament?limit=12&pageNumber=1&sportType=&tournamentName=&tournamentStyle=,4585,0,0
1680594075359,3053,Get Break list ,200,,Knock_out_Thread Group 1-1216,text,true,,3218,338,316,316,https://pabsa.impressicocrm.com/api/tournament/119922/players,3053,0,0
1680594074761,3651,Get Home page country ,200,,Knock_out_Thread Group 1-1355,text,true,,17270,320,316,316,https://pabsa.impressicocrm.com/api/country,3273,0,0
1680594075440,2972,Get single knockout Player details,200,,Knock_out_Thread Group 1-1138,text,true,,1210,326,316,316,https://pabsa.impressicocrm.com/api/player/110368,2972,0,0
1680594075364,3052,Get Break list ,200,,Knock_out_Thread Group 1-1233,text,true,,3218,338,316,316,https://pabsa.impressicocrm.com/api/tournament/119922/players,3052,0,0
1680594074619,3797,Get Players schedule,200,,Knock_out_Thread Group 1-1178,text,true,,5441,338,316,316,https://pabsa.impressicocrm.com/api/tournament/119922/matches,3797,0,0
1680594072208,6208,Get Players list ,200,,Knock_out_Thread Group 1-1129,text,true,,3218,338,316,316,https://pabsa.impressicocrm.com/api/tournament/119922/players,6208,0,0
1680594074672,3786,Get Players schedule,200,,Knock_out_Thread Group 1-1169,text,true,,5435,338,317,317,https://pabsa.impressicocrm.com/api/tournament/119922/matches,3786,0,0
1680594074619,3840,Get Players schedule,200,,Knock_out_Thread Group 1-1195,text,true,,5441,338,317,317,https://pabsa.impressicocrm.com/api/tournament/119922/matches,3840,0,0
1680594075359,3122,Get Players list ,200,,Knock_out_Thread Group 1-1291,text,true,,3218,338,317,317,https://pabsa.impressicocrm.com/api/tournament/119922/players,3122,0,0
1680594075158,3343,Get Home page currency,200,,Knock_out_Thread Group 1-1247,text,true,,9160,321,317,317,https://pabsa.impressicocrm.com/api/currency,3343,0,0
1680594070178,8329,Get Players list ,200,,Knock_out_Thread Group 1-1205,text,true,,3218,338,317,317,https://pabsa.impressicocrm.com/api/tournament/119922/players,8329,0,0
1680594075195,3323,Get Home page country ,200,,Knock_out_Thread Group 1-1358,text,true,,17270,320,317,317,https://pabsa.impressicocrm.com/api/country,3322,0,0
1680594075278,3266,Get Break list ,200,,Knock_out_Thread Group 1-1224,text,true,,3218,338,317,317,https://pabsa.impressicocrm.com/api/tournament/119922/players,3266,0,0
1680594078152,400,Home page ,200,OK,Knock_out_Thread Group 1-1392,text,true,,3033,309,317,317,https://pabsa.impressicocrm.com/,400,0,255
1680594074886,3670,Get tournament result,200,,Knock_out_Thread Group 1-1110,text,true,,5441,338,318,318,https://pabsa.impressicocrm.com/api/tournament/119922/matches,3670,0,0
1680594075104,3452,Get Players list ,200,,Knock_out_Thread Group 1-1242,text,true,,3218,338,318,318,https://pabsa.impressicocrm.com/api/tournament/119922/players,3451,0,0
1680594076852,1706,Home page ,200,OK,Knock_out_Thread Group 1-1379,text,true,,3033,309,318,318,https://pabsa.impressicocrm.com/,1705,0,1643
1680594075577,2987,Get Break list ,200,,Knock_out_Thread Group 1-1206,text,true,,3218,338,318,318,https://pabsa.impressicocrm.com/api/tournament/119922/players,2987,0,0
1680594075181,3385,Get Players schedule,200,,Knock_out_Thread Group 1-1198,text,true,,5441,338,318,318,https://pabsa.impressicocrm.com/api/tournament/119922/matches,3385,0,0
1680594075396,3171,Get Home page country ,200,,Knock_out_Thread Group 1-1361,text,true,,17255,320,318,318,https://pabsa.impressicocrm.com/api/country,3171,0,0
1680594075493,3077,Get Home page currency,200,,Knock_out_Thread Group 1-1272,text,true,,9153,321,318,318,https://pabsa.impressicocrm.com/api/currency,3077,0,0
1680594075176,3406,Get Home page country ,200,,Knock_out_Thread Group 1-1347,text,true,,17270,320,318,318,https://pabsa.impressicocrm.com/api/country,3401,0,0
1680594074938,3654,Get Home page country ,200,,Knock_out_Thread Group 1-1353,text,true,,17270,320,318,318,https://pabsa.impressicocrm.com/api/country,3654,0,0
1680594073888,4716,Get tournamnent list ,200,,Knock_out_Thread Group 1-1306,text,true,,58880,389,318,318,https://pabsa.impressicocrm.com/api/tournament?limit=12&pageNumber=1&sportType=&tournamentName=&tournamentStyle=,3831,0,0
1680594078352,264,Home page ,200,OK,Knock_out_Thread Group 1-1394,text,true,,3033,309,318,318,https://pabsa.impressicocrm.com/,264,0,200
1680594075632,2991,Get single knockout Player details,200,,Knock_out_Thread Group 1-1112,text,true,,1210,326,318,318,https://pabsa.impressicocrm.com/api/player/110368,2991,0,0
1680594075138,3512,Get Players list ,200,,Knock_out_Thread Group 1-1241,text,true,,3218,338,318,318,https://pabsa.impressicocrm.com/api/tournament/119922/players,3512,0,0
1680594075460,3197,Get Home page country ,200,,Knock_out_Thread Group 1-1354,text,true,,17270,320,319,319,https://pabsa.impressicocrm.com/api/country,3197,0,0
1680594075364,3298,Get Players schedule,200,,Knock_out_Thread Group 1-1189,text,true,,5441,338,319,319,https://pabsa.impressicocrm.com/api/tournament/119922/matches,3298,0,0
1680594075364,3300,Get Break list ,200,,Knock_out_Thread Group 1-1212,text,true,,3218,338,319,319,https://pabsa.impressicocrm.com/api/tournament/119922/players,3300,0,0
1680594075541,3130,Get Home page country ,200,,Knock_out_Thread Group 1-1342,text,true,,17255,320,319,319,https://pabsa.impressicocrm.com/api/country,3125,0,0
1680594078251,428,Home page ,200,OK,Knock_out_Thread Group 1-1393,text,true,,3033,309,319,319,https://pabsa.impressicocrm.com/,428,0,350
1680594074445,4243,Get Home page country ,200,,Knock_out_Thread Group 1-1336,text,true,,17270,320,319,319,https://pabsa.impressicocrm.com/api/country,4241,0,0
1680594075827,2871,Get tournamnent list ,200,,Knock_out_Thread Group 1-1317,text,true,,58888,389,319,319,https://pabsa.impressicocrm.com/api/tournament?limit=12&pageNumber=1&sportType=&tournamentName=&tournamentStyle=,1746,0,0
1680594074361,4347,Get tournamnent list ,200,,Knock_out_Thread Group 1-1302,text,true,,58880,389,319,319,https://pabsa.impressicocrm.com/api/tournament?limit=12&pageNumber=1&sportType=&tournamentName=&tournamentStyle=,3674,0,0
1680594075625,3118,Get Break list ,200,,Knock_out_Thread Group 1-1197,text,true,,3218,338,319,319,https://pabsa.impressicocrm.com/api/tournament/119922/players,3118,0,0
1680594075194,3552,Get Home page country ,200,,Knock_out_Thread Group 1-1356,text,true,,17270,320,319,319,https://pabsa.impressicocrm.com/api/country,3552,0,0
1680594075630,3125,Get Players list ,200,,Knock_out_Thread Group 1-1258,text,true,,3218,338,320,320,https://pabsa.impressicocrm.com/api/tournament/119922/players,3124,0,0
1680594075460,3299,Get tournament result,200,,Knock_out_Thread Group 1-1108,text,true,,5441,338,320,320,https://pabsa.impressicocrm.com/api/tournament/119922/matches,3299,0,0
1680594075364,3396,Get tournament result,200,,Knock_out_Thread Group 1-983,text,true,,5441,338,320,320,https://pabsa.impressicocrm.com/api/tournament/119922/matches,3396,0,0
1680594073261,5509,Get tournamnent list ,200,,Knock_out_Thread Group 1-1300,text,true,,58880,389,320,320,https://pabsa.impressicocrm.com/api/tournament?limit=12&pageNumber=1&sportType=&tournamentName=&tournamentStyle=,4254,0,0
1680594075684,3132,Get playerA_Vs_playerB,200,,Knock_out_Thread Group 1-1087,text,true,,1239,341,320,320,https://pabsa.impressicocrm.com/api/tournament/matchScore/147598,3132,0,0
1680594075748,3068,Get single knockout Player details,200,,Knock_out_Thread Group 1-1109,text,true,,1210,326,320,320,https://pabsa.impressicocrm.com/api/player/110368,3068,0,0
1680594075617,3206,Get Players list ,200,,Knock_out_Thread Group 1-1245,text,true,,3218,338,319,319,https://pabsa.impressicocrm.com/api/tournament/119922/players,3206,0,0
1680594075572,3276,Get Players schedule,200,,Knock_out_Thread Group 1-1188,text,true,,5441,338,319,319,https://pabsa.impressicocrm.com/api/tournament/119922/matches,3276,0,0
1680594075661,3195,Get knockout players list ,200,,Knock_out_Thread Group 1-1128,text,true,,4598,340,320,320,https://pabsa.impressicocrm.com/api/tournament/118871/knockouts,3195,0,0
1680594075769,3126,Get knockout players list ,200,,Knock_out_Thread Group 1-1183,text,true,,4598,340,320,320,https://pabsa.impressicocrm.com/api/tournament/118871/knockouts,3126,0,0
1680594077646,1270,Get Players list ,200,,Knock_out_Thread Group 1-1289,text,true,,3218,338,320,320,https://pabsa.impressicocrm.com/api/tournament/119922/players,1270,0,0
1680594074452,4478,Get tournamnent list ,200,,Knock_out_Thread Group 1-1310,text,true,,58880,389,320,320,https://pabsa.impressicocrm.com/api/tournament?limit=12&pageNumber=1&sportType=&tournamentName=&tournamentStyle=,3617,0,0
1680594075120,3823,Get tournamnent list ,200,,Knock_out_Thread Group 1-1318,text,true,,58880,389,320,320,https://pabsa.impressicocrm.com/api/tournament?limit=12&pageNumber=1&sportType=&tournamentName=&tournamentStyle=,3296,0,0
1680594075195,3760,Get tournamnent list ,200,,Knock_out_Thread Group 1-1320,text,true,,58880,389,321,321,https://pabsa.impressicocrm.com/api/tournament?limit=12&pageNumber=1&sportType=&tournamentName=&tournamentStyle=,3312,0,0
1680594078553,406,Home page ,200,OK,Knock_out_Thread Group 1-1396,text,true,,3033,309,321,321,https://pabsa.impressicocrm.com/,406,0,301
1680594075435,3535,Get tournamnent list ,200,,Knock_out_Thread Group 1-1321,text,true,,58888,389,321,321,https://pabsa.impressicocrm.com/api/tournament?limit=12&pageNumber=1&sportType=&tournamentName=&tournamentStyle=,3244,0,0
1680594075762,3216,Get Break list ,200,,Knock_out_Thread Group 1-1209,text,true,,3218,338,321,321,https://pabsa.impressicocrm.com/api/tournament/119922/players,3216,0,0
1680594078052,953,Home page ,200,OK,Knock_out_Thread Group 1-1391,text,true,,3033,309,321,321,https://pabsa.impressicocrm.com/,953,0,830
1680594075676,3336,Get Players list ,200,,Knock_out_Thread Group 1-1211,text,true,,3218,338,321,321,https://pabsa.impressicocrm.com/api/tournament/119922/players,3336,0,0
1680594075889,3144,Get single knockout Player details,200,,Knock_out_Thread Group 1-1121,text,true,,1210,326,321,321,https://pabsa.impressicocrm.com/api/player/110368,3144,0,0
1680594078452,594,Home page ,200,OK,Knock_out_Thread Group 1-1395,text,true,,3033,309,321,321,https://pabsa.impressicocrm.com/,594,0,518
1680594075827,3233,Get Break list ,200,,Knock_out_Thread Group 1-1203,text,true,,3218,338,322,322,https://pabsa.impressicocrm.com/api/tournament/119922/players,3233,0,0
1680594075840,3233,Get Break list ,200,,Knock_out_Thread Group 1-1218,text,true,,3218,338,322,322,https://pabsa.impressicocrm.com/api/tournament/119922/players,3233,0,0
1680594078751,327,Home page ,200,OK,Knock_out_Thread Group 1-1398,text,true,,3033,309,322,322,https://pabsa.impressicocrm.com/,327,0,250
1680594075812,3287,Get Home page currency,200,,Knock_out_Thread Group 1-1287,text,true,,9160,321,322,322,https://pabsa.impressicocrm.com/api/currency,3287,0,0
1680594074267,4835,Get tournamnent list ,200,,Knock_out_Thread Group 1-1307,text,true,,58888,389,322,322,https://pabsa.impressicocrm.com/api/tournament?limit=12&pageNumber=1&sportType=&tournamentName=&tournamentStyle=,3844,0,0
1680594077851,1271,Home page ,200,OK,Knock_out_Thread Group 1-1389,text,true,,3033,309,322,322,https://pabsa.impressicocrm.com/,1271,0,1209
1680594075827,3316,Get Home page country ,200,,Knock_out_Thread Group 1-1365,text,true,,17255,320,322,322,https://pabsa.impressicocrm.com/api/country,3316,0,0
1680594075850,3305,Get Players list ,200,,Knock_out_Thread Group 1-1254,text,true,,3218,338,323,323,https://pabsa.impressicocrm.com/api/tournament/119922/players,3305,0,0
1680594075957,3207,Get Break list ,200,,Knock_out_Thread Group 1-1230,text,true,,3218,338,323,323,https://pabsa.impressicocrm.com/api/tournament/119922/players,3207,0,0
1680594077565,1618,Get Players list ,200,,Knock_out_Thread Group 1-1277,text,true,,3218,338,323,323,https://pabsa.impressicocrm.com/api/tournament/119922/players,1618,0,0
1680594075717,3472,Get tournament result,200,,Knock_out_Thread Group 1-1029,text,true,,5441,338,323,323,https://pabsa.impressicocrm.com/api/tournament/119922/matches,3472,0,0
1680594076079,3110,Get Players list ,200,,Knock_out_Thread Group 1-1229,text,true,,3218,338,323,323,https://pabsa.impressicocrm.com/api/tournament/119922/players,3110,0,0
1680594077056,2142,Home page ,200,OK,Knock_out_Thread Group 1-1381,text,true,,3033,309,323,323,https://pabsa.impressicocrm.com/,2142,0,1533
1680594076066,3144,Get playerA_Vs_playerB,200,,Knock_out_Thread Group 1-1095,text,true,,1239,341,323,323,https://pabsa.impressicocrm.com/api/tournament/matchScore/147598,3144,0,0
1680594075768,3442,Get knockout players list ,200,,Knock_out_Thread Group 1-1139,text,true,,4591,340,323,323,https://pabsa.impressicocrm.com/api/tournament/118871/knockouts,3441,0,0
1680594075957,3259,Get Home page currency,200,,Knock_out_Thread Group 1-1304,text,true,,9153,321,322,322,https://pabsa.impressicocrm.com/api/currency,3259,0,0
1680594072697,6528,Get knockout players list ,200,,Knock_out_Thread Group 1-1140,text,true,,4598,340,322,322,https://pabsa.impressicocrm.com/api/tournament/118871/knockouts,6528,0,0
1680594075453,3774,Get Players schedule,200,,Knock_out_Thread Group 1-1186,text,true,,5441,338,322,322,https://pabsa.impressicocrm.com/api/tournament/119922/matches,3774,0,0
1680594076075,3154,Get playerA_Vs_playerB,200,,Knock_out_Thread Group 1-1073,text,true,,1239,341,322,322,https://pabsa.impressicocrm.com/api/tournament/matchScore/147598,3154,0,0
1680594076064,3176,Get Break list ,200,,Knock_out_Thread Group 1-1234,text,true,,3218,338,321,321,https://pabsa.impressicocrm.com/api/tournament/119922/players,3176,0,0
1680594076130,3134,Get Players list ,200,,Knock_out_Thread Group 1-1251,text,true,,3218,338,322,322,https://pabsa.impressicocrm.com/api/tournament/119922/players,3133,0,0
1680594075834,3447,Get Players schedule,200,,Knock_out_Thread Group 1-1199,text,true,,5441,338,322,322,https://pabsa.impressicocrm.com/api/tournament/119922/matches,3447,0,0
1680594077951,1350,Home page ,200,OK,Knock_out_Thread Group 1-1390,text,true,,3033,309,322,322,https://pabsa.impressicocrm.com/,1350,0,659
1680594075831,3496,Get Players list ,200,,Knock_out_Thread Group 1-1255,text,true,,3218,338,322,322,https://pabsa.impressicocrm.com/api/tournament/119922/players,3495,0,0
1680594076125,3219,Get Home page country ,200,,Knock_out_Thread Group 1-1366,text,true,,17270,320,322,322,https://pabsa.impressicocrm.com/api/country,3215,0,0
1680594076184,3167,Get Break list ,200,,Knock_out_Thread Group 1-1222,text,true,,3218,338,322,322,https://pabsa.impressicocrm.com/api/tournament/119922/players,3167,0,0
1680594076149,3205,Get Players list ,200,,Knock_out_Thread Group 1-1248,text,true,,3218,338,323,323,https://pabsa.impressicocrm.com/api/tournament/119922/players,3205,0,0
1680594076221,3138,Get single knockout Player details,200,,Knock_out_Thread Group 1-1124,text,true,,1210,326,323,323,https://pabsa.impressicocrm.com/api/player/110368,3138,0,0
1680594075681,3704,Get tournament result,200,,Knock_out_Thread Group 1-1097,text,true,,5441,338,323,323,https://pabsa.impressicocrm.com/api/tournament/119922/matches,3704,0,0
1680594073711,5702,Get playerA_Vs_playerB,200,,Knock_out_Thread Group 1-1025,text,true,,1239,341,323,323,https://pabsa.impressicocrm.com/api/tournament/matchScore/147598,5702,0,0
1680594073748,5671,Get playerA_Vs_playerB,200,,Knock_out_Thread Group 1-1093,text,true,,1239,341,322,322,https://pabsa.impressicocrm.com/api/tournament/matchScore/147598,5671,0,0
1680594076344,3075,Get knockout players list ,200,,Knock_out_Thread Group 1-1167,text,true,,4598,340,322,322,https://pabsa.impressicocrm.com/api/tournament/118871/knockouts,3075,0,0
1680594075994,3431,Get playerA_Vs_playerB,200,,Knock_out_Thread Group 1-1100,text,true,,1239,341,321,321,https://pabsa.impressicocrm.com/api/tournament/matchScore/147598,3431,0,0
1680594078171,1255,Get Home page currency,200,,Knock_out_Thread Group 1-1305,text,true,,9160,321,320,320,https://pabsa.impressicocrm.com/api/currency,1255,0,0
1680594075961,3497,Get tournament result,200,,Knock_out_Thread Group 1-1126,text,true,,5441,338,321,321,https://pabsa.impressicocrm.com/api/tournament/119922/matches,3497,0,0
1680594076079,3379,Get tournament result,200,,Knock_out_Thread Group 1-1081,text,true,,5435,338,321,321,https://pabsa.impressicocrm.com/api/tournament/119922/matches,3379,0,0
1680594076291,3173,Get Players list ,200,,Knock_out_Thread Group 1-1262,text,true,,3218,338,321,321,https://pabsa.impressicocrm.com/api/tournament/119922/players,3173,0,0
1680594073464,6018,Get playerA_Vs_playerB,200,,Knock_out_Thread Group 1-1041,text,true,,1239,341,321,321,https://pabsa.impressicocrm.com/api/tournament/matchScore/147598,6018,0,0
1680594074824,4658,Get tournamnent list ,200,,Knock_out_Thread Group 1-1312,text,true,,58880,389,321,321,https://pabsa.impressicocrm.com/api/tournament?limit=12&pageNumber=1&sportType=&tournamentName=&tournamentStyle=,3588,0,0
1680594076354,3149,Get playerA_Vs_playerB,200,,Knock_out_Thread Group 1-1096,text,true,,1239,341,320,320,https://pabsa.impressicocrm.com/api/tournament/matchScore/147598,3149,0,0
1680594076357,3166,Get knockout players list ,200,,Knock_out_Thread Group 1-1158,text,true,,4598,340,319,319,https://pabsa.impressicocrm.com/api/tournament/118871/knockouts,3166,0,0
1680594076408,3126,Get Home page currency,200,,Knock_out_Thread Group 1-1271,text,true,,9160,321,319,319,https://pabsa.impressicocrm.com/api/currency,3126,0,0
1680594076257,3280,Get Home page country ,200,,Knock_out_Thread Group 1-1359,text,true,,17270,320,319,319,https://pabsa.impressicocrm.com/api/country,3220,0,0
1680594076086,3457,Get Players schedule,200,,Knock_out_Thread Group 1-1194,text,true,,5441,338,319,319,https://pabsa.impressicocrm.com/api/tournament/119922/matches,3457,0,0
1680594076404,3144,Get Break list ,200,,Knock_out_Thread Group 1-1227,text,true,,3218,338,319,319,https://pabsa.impressicocrm.com/api/tournament/119922/players,3144,0,0
1680594078851,716,Home page ,200,OK,Knock_out_Thread Group 1-1399,text,true,,3033,309,320,320,https://pabsa.impressicocrm.com/,716,0,631
1680594076416,3178,Get Home page currency,200,,Knock_out_Thread Group 1-1274,text,true,,9160,321,320,320,https://pabsa.impressicocrm.com/api/currency,3178,0,0
1680594076544,3062,Get knockout players list ,200,,Knock_out_Thread Group 1-1182,text,true,,4598,340,320,320,https://pabsa.impressicocrm.com/api/tournament/118871/knockouts,3062,0,0
1680594078952,657,Home page ,200,OK,Knock_out_Thread Group 1-1400,text,true,,3033,309,320,320,https://pabsa.impressicocrm.com/,657,0,582
1680594076348,3272,Get knockout players list ,200,,Knock_out_Thread Group 1-1147,text,true,,4598,340,320,320,https://pabsa.impressicocrm.com/api/tournament/118871/knockouts,3272,0,0
1680594076482,3141,Get playerA_Vs_playerB,200,,Knock_out_Thread Group 1-1105,text,true,,1239,341,320,320,https://pabsa.impressicocrm.com/api/tournament/matchScore/147598,3141,0,0
1680594073565,6058,Get Players schedule,200,,Knock_out_Thread Group 1-1185,text,true,,5441,338,320,320,https://pabsa.impressicocrm.com/api/tournament/119922/matches,6058,0,0
1680594076464,3159,Get Home page country ,200,,Knock_out_Thread Group 1-1368,text,true,,17270,320,320,320,https://pabsa.impressicocrm.com/api/country,3159,0,0
1680594076515,3120,Get Players list ,200,,Knock_out_Thread Group 1-1261,text,true,,3218,338,319,319,https://pabsa.impressicocrm.com/api/tournament/119922/players,3120,0,0
1680594076140,3503,Get knockout players list ,200,,Knock_out_Thread Group 1-1172,text,true,,4598,340,319,319,https://pabsa.impressicocrm.com/api/tournament/118871/knockouts,3503,0,0
1680594075269,4378,Get tournamnent list ,200,,Knock_out_Thread Group 1-1319,text,true,,58865,389,319,319,https://pabsa.impressicocrm.com/api/tournament?limit=12&pageNumber=1&sportType=&tournamentName=&tournamentStyle=,3376,0,0
1680594076513,3144,Get knockout players list ,200,,Knock_out_Thread Group 1-1154,text,true,,4591,340,320,320,https://pabsa.impressicocrm.com/api/tournament/118871/knockouts,3144,0,0
1680594076534,3140,Get Home page country ,200,,Knock_out_Thread Group 1-1363,text,true,,17270,320,320,320,https://pabsa.impressicocrm.com/api/country,3140,0,0
1680594076471,3207,Get Home page currency,200,,Knock_out_Thread Group 1-1292,text,true,,9160,321,320,320,https://pabsa.impressicocrm.com/api/currency,3207,0,0
1680594076581,3098,Get knockout players list ,200,,Knock_out_Thread Group 1-1144,text,true,,4598,340,320,320,https://pabsa.impressicocrm.com/api/tournament/118871/knockouts,3098,0,0
1680594075968,3724,Get Home page currency,200,,Knock_out_Thread Group 1-1293,text,true,,9160,321,320,320,https://pabsa.impressicocrm.com/api/currency,3724,0,0
1680594078407,1293,Get Home page currency,200,,Knock_out_Thread Group 1-1290,text,true,,9153,321,320,320,https://pabsa.impressicocrm.com/api/currency,1293,0,0
1680594076648,3059,Get playerA_Vs_playerB,200,,Knock_out_Thread Group 1-1092,text,true,,1239,341,320,320,https://pabsa.impressicocrm.com/api/tournament/matchScore/147598,3059,0,0
1680594078653,1062,Home page ,200,OK,Knock_out_Thread Group 1-1397,text,true,,3033,309,319,319,https://pabsa.impressicocrm.com/,1062,0,914
1680594076427,3290,Get Home page currency,200,,Knock_out_Thread Group 1-1283,text,true,,9160,321,319,319,https://pabsa.impressicocrm.com/api/currency,3290,0,0
1680594076308,3409,Get Players schedule,200,,Knock_out_Thread Group 1-1180,text,true,,5435,338,319,319,https://pabsa.impressicocrm.com/api/tournament/119922/matches,3409,0,0
1680594076612,3110,Get Break list ,200,,Knock_out_Thread Group 1-1235,text,true,,3218,338,319,319,https://pabsa.impressicocrm.com/api/tournament/119922/players,3110,0,0
1680594076354,3368,Get Players schedule,200,,Knock_out_Thread Group 1-1190,text,true,,5441,338,319,319,https://pabsa.impressicocrm.com/api/tournament/119922/matches,3368,0,0
1680594076670,3056,Get Home page country ,200,,Knock_out_Thread Group 1-1374,text,true,,17270,320,319,319,https://pabsa.impressicocrm.com/api/country,3056,0,0
1680594074144,5583,Get Break list ,200,,Knock_out_Thread Group 1-1164,text,true,,3218,338,319,319,https://pabsa.impressicocrm.com/api/tournament/119922/players,5583,0,0
1680594075876,3859,Get Home page country ,200,,Knock_out_Thread Group 1-1357,text,true,,17270,320,319,319,https://pabsa.impressicocrm.com/api/country,3859,0,0
1680594076263,3490,Get playerA_Vs_playerB,200,,Knock_out_Thread Group 1-1078,text,true,,1239,341,320,320,https://pabsa.impressicocrm.com/api/tournament/matchScore/147598,3490,0,0
1680594075719,4068,Get tournamnent list ,200,,Knock_out_Thread Group 1-1324,text,true,,58880,389,319,319,https://pabsa.impressicocrm.com/api/tournament?limit=12&pageNumber=1&sportType=&tournamentName=&tournamentStyle=,3585,0,0
1680594076137,3661,Get Home page currency,200,,Knock_out_Thread Group 1-1259,text,true,,9160,321,319,319,https://pabsa.impressicocrm.com/api/currency,3661,0,0
1680594076673,3126,Get playerA_Vs_playerB,200,,Knock_out_Thread Group 1-1084,text,true,,1239,341,319,319,https://pabsa.impressicocrm.com/api/tournament/matchScore/147598,3126,0,0
1680594076678,3142,Get Players list ,200,,Knock_out_Thread Group 1-1263,text,true,,3218,338,318,318,https://pabsa.impressicocrm.com/api/tournament/119922/players,3142,0,0
1680594076371,3454,Get Players schedule,200,,Knock_out_Thread Group 1-1176,text,true,,5441,338,318,318,https://pabsa.impressicocrm.com/api/tournament/119922/matches,3454,0,0
1680594076695,3135,Get playerA_Vs_playerB,200,,Knock_out_Thread Group 1-1101,text,true,,1239,341,318,318,https://pabsa.impressicocrm.com/api/tournament/matchScore/147598,3135,0,0
1680594076698,3144,Get Players list ,200,,Knock_out_Thread Group 1-1264,text,true,,3218,338,317,317,https://pabsa.impressicocrm.com/api/tournament/119922/players,3144,0,0
1680594076720,3130,Get knockout players list ,200,,Knock_out_Thread Group 1-1170,text,true,,4598,340,317,317,https://pabsa.impressicocrm.com/api/tournament/118871/knockouts,3130,0,0
1680594073135,6716,Get Home page country ,200,,Knock_out_Thread Group 1-1332,text,true,,17270,320,318,318,https://pabsa.impressicocrm.com/api/country,6642,0,0
1680594076508,3358,Get Home page currency,200,,Knock_out_Thread Group 1-1288,text,true,,9160,321,318,318,https://pabsa.impressicocrm.com/api/currency,3358,0,0
1680594074482,5393,Get single knockout Player details,200,,Knock_out_Thread Group 1-1116,text,true,,1210,326,318,318,https://pabsa.impressicocrm.com/api/player/110368,5393,0,0
1680594076697,3184,Get Players list ,200,,Knock_out_Thread Group 1-1257,text,true,,3218,338,318,318,https://pabsa.impressicocrm.com/api/tournament/119922/players,3184,0,0
1680594076172,3711,Get knockout players list ,200,,Knock_out_Thread Group 1-1149,text,true,,4598,340,318,318,https://pabsa.impressicocrm.com/api/tournament/118871/knockouts,3711,0,0
1680594076313,3575,Get Home page country ,200,,Knock_out_Thread Group 1-1371,text,true,,17255,320,318,318,https://pabsa.impressicocrm.com/api/country,3513,0,0
1680594074096,5806,Get tournamnent list ,200,,Knock_out_Thread Group 1-1309,text,true,,58880,389,318,318,https://pabsa.impressicocrm.com/api/tournament?limit=12&pageNumber=1&sportType=&tournamentName=&tournamentStyle=,4053,0,0
1680594076504,3419,Get Home page currency,200,,Knock_out_Thread Group 1-1286,text,true,,9160,321,318,318,https://pabsa.impressicocrm.com/api/currency,3419,0,0
1680594076353,3570,Get Players list ,200,,Knock_out_Thread Group 1-1213,text,true,,3218,338,318,318,https://pabsa.impressicocrm.com/api/tournament/119922/players,3570,0,0
1680594079553,371,Home page ,200,OK,Knock_out_Thread Group 1-1406,text,true,,3033,309,318,318,https://pabsa.impressicocrm.com/,370,0,277
1680594076748,3194,Get Home page currency,200,,Knock_out_Thread Group 1-1295,text,true,,9160,321,318,318,https://pabsa.impressicocrm.com/api/currency,3194,0,0
1680594077527,2415,Get tournamnent list ,200,,Knock_out_Thread Group 1-1343,text,true,,58880,389,318,318,https://pabsa.impressicocrm.com/api/tournament?limit=12&pageNumber=1&sportType=&tournamentName=&tournamentStyle=,1534,0,0
1680594076366,3617,Get Break list ,200,,Knock_out_Thread Group 1-1249,text,true,,3218,338,319,319,https://pabsa.impressicocrm.com/api/tournament/119922/players,3617,0,0
1680594076912,3071,Get single knockout Player details,200,,Knock_out_Thread Group 1-1130,text,true,,1210,326,319,319,https://pabsa.impressicocrm.com/api/player/110368,3071,0,0
1680594076623,3360,Get tournament result,200,,Knock_out_Thread Group 1-1148,text,true,,5441,338,319,319,https://pabsa.impressicocrm.com/api/tournament/119922/matches,3360,0,0
1680594076718,3265,Get knockout players list ,200,,Knock_out_Thread Group 1-1156,text,true,,4598,340,319,319,https://pabsa.impressicocrm.com/api/tournament/118871/knockouts,3265,0,0
1680594076184,3799,Get Players schedule,200,,Knock_out_Thread Group 1-1177,text,true,,5441,338,319,319,https://pabsa.impressicocrm.com/api/tournament/119922/matches,3799,0,0
1680594076664,3319,Get Break list ,200,,Knock_out_Thread Group 1-1231,text,true,,3218,338,319,319,https://pabsa.impressicocrm.com/api/tournament/119922/players,3319,0,0
1680594076921,3062,Get single knockout Player details,200,,Knock_out_Thread Group 1-1153,text,true,,1210,326,319,319,https://pabsa.impressicocrm.com/api/player/110368,3062,0,0
1680594076015,3968,Get Home page country ,200,,Knock_out_Thread Group 1-1367,text,true,,17270,320,319,319,https://pabsa.impressicocrm.com/api/country,3968,0,0
1680594076698,3294,Get Players list ,200,,Knock_out_Thread Group 1-1243,text,true,,3218,338,319,319,https://pabsa.impressicocrm.com/api/tournament/119922/players,3294,0,0
1680594076820,3187,Get Home page currency,200,,Knock_out_Thread Group 1-1268,text,true,,9160,321,319,319,https://pabsa.impressicocrm.com/api/currency,3187,0,0
1680594076925,3082,Get single knockout Player details,200,,Knock_out_Thread Group 1-1127,text,true,,1210,326,319,319,https://pabsa.impressicocrm.com/api/player/110368,3082,0,0
1680594076923,3097,Get playerA_Vs_playerB,200,,Knock_out_Thread Group 1-1098,text,true,,1239,341,319,319,https://pabsa.impressicocrm.com/api/tournament/matchScore/147598,3097,0,0
1680594077621,2399,Get tournamnent list ,200,,Knock_out_Thread Group 1-1349,text,true,,58880,389,319,319,https://pabsa.impressicocrm.com/api/tournament?limit=12&pageNumber=1&sportType=&tournamentName=&tournamentStyle=,1813,0,0
1680594076903,3120,Get Players list ,200,,Knock_out_Thread Group 1-1270,text,true,,3218,338,318,318,https://pabsa.impressicocrm.com/api/tournament/119922/players,3120,0,0
1680594076981,3043,Get single knockout Player details,200,,Knock_out_Thread Group 1-1155,text,true,,1210,326,318,318,https://pabsa.impressicocrm.com/api/player/110368,3043,0,0
1680594077459,2565,Get tournamnent list ,200,,Knock_out_Thread Group 1-1346,text,true,,58880,389,318,318,https://pabsa.impressicocrm.com/api/tournament?limit=12&pageNumber=1&sportType=&tournamentName=&tournamentStyle=,1279,0,0
1680594076789,3255,Get Break list ,200,,Knock_out_Thread Group 1-1220,text,true,,3218,338,318,318,https://pabsa.impressicocrm.com/api/tournament/119922/players,3255,0,0
1680594076893,3151,Get Players list ,200,,Knock_out_Thread Group 1-1269,text,true,,3218,338,318,318,https://pabsa.impressicocrm.com/api/tournament/119922/players,3151,0,0
1680594076813,3233,Get Players list ,200,,Knock_out_Thread Group 1-1253,text,true,,3218,338,318,318,https://pabsa.impressicocrm.com/api/tournament/119922/players,3233,0,0
1680594075625,4428,Get tournamnent list ,200,,Knock_out_Thread Group 1-1322,text,true,,58888,389,319,319,https://pabsa.impressicocrm.com/api/tournament?limit=12&pageNumber=1&sportType=&tournamentName=&tournamentStyle=,3385,0,0
1680594075634,4426,Get tournamnent list ,200,,Knock_out_Thread Group 1-1315,text,true,,58888,389,319,319,https://pabsa.impressicocrm.com/api/tournament?limit=12&pageNumber=1&sportType=&tournamentName=&tournamentStyle=,3564,0,0
1680594076160,3900,Get tournamnent list ,200,,Knock_out_Thread Group 1-1328,text,true,,58880,389,319,319,https://pabsa.impressicocrm.com/api/tournament?limit=12&pageNumber=1&sportType=&tournamentName=&tournamentStyle=,3479,0,0
1680594076801,3264,Get Home page country ,200,,Knock_out_Thread Group 1-1375,text,true,,17270,320,319,319,https://pabsa.impressicocrm.com/api/country,3264,0,0
1680594076720,3347,Get tournament result,200,,Knock_out_Thread Group 1-1118,text,true,,5441,338,319,319,https://pabsa.impressicocrm.com/api/tournament/119922/matches,3347,0,0
1680594076930,3146,Get Home page country ,200,,Knock_out_Thread Group 1-1376,text,true,,17270,320,319,319,https://pabsa.impressicocrm.com/api/country,3146,0,0
1680594076947,3134,Get knockout players list ,200,,Knock_out_Thread Group 1-1165,text,true,,4598,340,319,319,https://pabsa.impressicocrm.com/api/tournament/118871/knockouts,3134,0,0
1680594076944,3162,Get Break list ,200,,Knock_out_Thread Group 1-1238,text,true,,3218,338,319,319,https://pabsa.impressicocrm.com/api/tournament/119922/players,3162,0,0
1680594076937,3169,Get Home page currency,200,,Knock_out_Thread Group 1-1280,text,true,,9160,321,319,319,https://pabsa.impressicocrm.com/api/currency,3169,0,0
1680594077009,3108,Get single knockout Player details,200,,Knock_out_Thread Group 1-1152,text,true,,1210,326,319,319,https://pabsa.impressicocrm.com/api/player/110368,3108,0,0
1680594077029,3090,Get single knockout Player details,200,,Knock_out_Thread Group 1-1160,text,true,,1210,326,319,319,https://pabsa.impressicocrm.com/api/player/110368,3090,0,0
1680594079852,267,Home page ,200,OK,Knock_out_Thread Group 1-1409,text,true,,3033,309,319,319,https://pabsa.impressicocrm.com/,267,0,201
1680594079652,484,Home page ,200,OK,Knock_out_Thread Group 1-1407,text,true,,3033,309,319,319,https://pabsa.impressicocrm.com/,484,0,413
1680594076833,3306,Get tournament result,200,,Knock_out_Thread Group 1-1125,text,true,,5441,338,319,319,https://pabsa.impressicocrm.com/api/tournament/119922/matches,3306,0,0
1680594077072,3078,Get single knockout Player details,200,,Knock_out_Thread Group 1-1151,text,true,,1210,326,319,319,https://pabsa.impressicocrm.com/api/player/110368,3078,0,0
1680594077001,3150,Get Home page country ,200,,Knock_out_Thread Group 1-1377,text,true,,17270,320,320,320,https://pabsa.impressicocrm.com/api/country,3150,0,0
1680594079453,699,Home page ,200,OK,Knock_out_Thread Group 1-1405,text,true,,3033,309,320,320,https://pabsa.impressicocrm.com/,698,0,247
1680594077106,3056,Get single knockout Player details,200,,Knock_out_Thread Group 1-1157,text,true,,1210,326,320,320,https://pabsa.impressicocrm.com/api/player/110368,3056,0,0
1680594074947,5236,Get playerA_Vs_playerB,200,,Knock_out_Thread Group 1-1040,text,true,,1239,341,320,320,https://pabsa.impressicocrm.com/api/tournament/matchScore/147598,5236,0,0
1680594076457,3726,Get tournamnent list ,200,,Knock_out_Thread Group 1-1325,text,true,,58880,389,320,320,https://pabsa.impressicocrm.com/api/tournament?limit=12&pageNumber=1&sportType=&tournamentName=&tournamentStyle=,3431,0,0
1680594076136,4050,Get Home page country ,200,,Knock_out_Thread Group 1-1369,text,true,,17270,320,319,319,https://pabsa.impressicocrm.com/api/country,4050,0,0
1680594079253,939,Home page ,200,OK,Knock_out_Thread Group 1-1403,text,true,,3033,309,319,319,https://pabsa.impressicocrm.com/,939,0,807
1680594076813,3389,Get tournament result,200,,Knock_out_Thread Group 1-1142,text,true,,5435,338,319,319,https://pabsa.impressicocrm.com/api/tournament/119922/matches,3389,0,0
1680594077066,3170,Get playerA_Vs_playerB,200,,Knock_out_Thread Group 1-929,text,true,,1239,341,319,319,https://pabsa.impressicocrm.com/api/tournament/matchScore/147598,3170,0,0
1680594072906,7330,Get tournamnent list ,200,,Knock_out_Thread Group 1-1303,text,true,,58880,389,319,319,https://pabsa.impressicocrm.com/api/tournament?limit=12&pageNumber=1&sportType=&tournamentName=&tournamentStyle=,6395,0,0
1680594077106,3141,Get Home page country ,200,,Knock_out_Thread Group 1-1378,text,true,,17270,320,318,318,https://pabsa.impressicocrm.com/api/country,3136,0,0
1680594076612,3645,Get Home page country ,200,,Knock_out_Thread Group 1-1362,text,true,,17270,320,319,319,https://pabsa.impressicocrm.com/api/country,3235,0,0
1680594077127,3138,Get Break list ,200,,Knock_out_Thread Group 1-1256,text,true,,3218,338,319,319,https://pabsa.impressicocrm.com/api/tournament/119922/players,3138,0,0
1680594079954,321,Home page ,200,OK,Knock_out_Thread Group 1-1410,text,true,,3033,309,319,319,https://pabsa.impressicocrm.com/,321,0,244
1680594077261,3016,Get single knockout Player details,200,,Knock_out_Thread Group 1-1161,text,true,,1210,326,319,319,https://pabsa.impressicocrm.com/api/player/110368,3016,0,0
1680594079155,1132,Get Break list ,200,,Knock_out_Thread Group 1-1254,text,true,,3218,338,319,319,https://pabsa.impressicocrm.com/api/tournament/119922/players,1132,0,0
1680594077158,3184,Get playerA_Vs_playerB,200,,Knock_out_Thread Group 1-1102,text,true,,1239,341,319,319,https://pabsa.impressicocrm.com/api/tournament/matchScore/147598,3184,0,0
1680594075903,4449,Get tournamnent list ,200,,Knock_out_Thread Group 1-1323,text,true,,58888,389,319,319,https://pabsa.impressicocrm.com/api/tournament?limit=12&pageNumber=1&sportType=&tournamentName=&tournamentStyle=,3670,0,0
1680594074168,6186,Get tournamnent list ,200,,Knock_out_Thread Group 1-1311,text,true,,58880,389,319,319,https://pabsa.impressicocrm.com/api/tournament?limit=12&pageNumber=1&sportType=&tournamentName=&tournamentStyle=,5774,0,0
1680594076445,3909,Get Home page country ,200,,Knock_out_Thread Group 1-1351,text,true,,17270,320,319,319,https://pabsa.impressicocrm.com/api/country,3909,0,0
1680594076757,3625,Get tournamnent list ,200,,Knock_out_Thread Group 1-1331,text,true,,58880,389,319,319,https://pabsa.impressicocrm.com/api/tournament?limit=12&pageNumber=1&sportType=&tournamentName=&tournamentStyle=,3435,0,0
1680594077200,3205,Get Home page currency,200,,Knock_out_Thread Group 1-1278,text,true,,9153,321,319,319,https://pabsa.impressicocrm.com/api/currency,3205,0,0
1680594074864,5542,Get Players schedule,200,,Knock_out_Thread Group 1-1204,text,true,,5441,338,319,319,https://pabsa.impressicocrm.com/api/tournament/119922/matches,5542,0,0
1680594080152,260,Home page ,200,OK,Knock_out_Thread Group 1-1412,text,true,,3033,309,319,319,https://pabsa.impressicocrm.com/,260,0,197
1680594077295,3123,Get single knockout Player details,200,,Knock_out_Thread Group 1-1175,text,true,,1210,326,319,319,https://pabsa.impressicocrm.com/api/player/110368,3123,0,0
1680594077290,3156,Get Break list ,200,,Knock_out_Thread Group 1-1281,text,true,,3218,338,319,319,https://pabsa.impressicocrm.com/api/tournament/119922/players,3156,0,0
1680594077345,3101,Get single knockout Player details,200,,Knock_out_Thread Group 1-1163,text,true,,1210,326,319,319,https://pabsa.impressicocrm.com/api/player/110368,3101,0,0
1680594077257,3189,Get Home page country ,200,,Knock_out_Thread Group 1-1373,text,true,,17255,320,319,319,https://pabsa.impressicocrm.com/api/country,3189,0,0
1680594076416,4045,Get tournamnent list ,200,,Knock_out_Thread Group 1-1326,text,true,,58888,389,320,320,https://pabsa.impressicocrm.com/api/tournament?limit=12&pageNumber=1&sportType=&tournamentName=&tournamentStyle=,3583,0,0
1680594075932,4529,Get tournamnent list ,200,,Knock_out_Thread Group 1-1313,text,true,,58888,389,320,320,https://pabsa.impressicocrm.com/api/tournament?limit=12&pageNumber=1&sportType=&tournamentName=&tournamentStyle=,4010,0,0
1680594077133,3332,Get Players schedule,200,,Knock_out_Thread Group 1-1202,text,true,,5441,338,320,320,https://pabsa.impressicocrm.com/api/tournament/119922/matches,3332,0,0
1680594077142,3327,Get Home page currency,200,,Knock_out_Thread Group 1-1265,text,true,,9160,321,320,320,https://pabsa.impressicocrm.com/api/currency,3327,0,0
1680594077318,3183,Get playerA_Vs_playerB,200,,Knock_out_Thread Group 1-1050,text,true,,1239,341,320,320,https://pabsa.impressicocrm.com/api/tournament/matchScore/147598,3183,0,0
1680594077354,3157,Get single knockout Player details,200,,Knock_out_Thread Group 1-1143,text,true,,1210,326,319,319,https://pabsa.impressicocrm.com/api/player/110368,3157,0,0
1680594077025,3487,Get tournament result,200,,Knock_out_Thread Group 1-1141,text,true,,5435,338,319,319,https://pabsa.impressicocrm.com/api/tournament/119922/matches,3487,0,0
1680594077389,3132,Get single knockout Player details,200,,Knock_out_Thread Group 1-1136,text,true,,1210,326,319,319,https://pabsa.impressicocrm.com/api/player/110368,3132,0,0
1680594080053,474,Home page ,200,OK,Knock_out_Thread Group 1-1411,text,true,,3033,309,319,319,https://pabsa.impressicocrm.com/,474,0,398
1680594075018,5526,Get Players schedule,200,,Knock_out_Thread Group 1-1193,text,true,,5435,338,319,319,https://pabsa.impressicocrm.com/api/tournament/119922/matches,5526,0,0
1680594077142,3409,Get tournament result,200,,Knock_out_Thread Group 1-1091,text,true,,5441,338,319,319,https://pabsa.impressicocrm.com/api/tournament/119922/matches,3409,0,0
1680594077410,3151,Get Home page currency,200,,Knock_out_Thread Group 1-1301,text,true,,9160,321,320,320,https://pabsa.impressicocrm.com/api/currency,3151,0,0
1680594077180,3381,Get Players schedule,200,,Knock_out_Thread Group 1-1184,text,true,,5441,338,320,320,https://pabsa.impressicocrm.com/api/tournament/119922/matches,3381,0,0
1680594077328,3264,Get Break list ,200,,Knock_out_Thread Group 1-1237,text,true,,3218,338,320,320,https://pabsa.impressicocrm.com/api/tournament/119922/players,3264,0,0
1680594077411,3210,Get playerA_Vs_playerB,200,,Knock_out_Thread Group 1-1122,text,true,,1239,341,320,320,https://pabsa.impressicocrm.com/api/tournament/matchScore/147598,3210,0,0
1680594077180,3452,Get tournament result,200,,Knock_out_Thread Group 1-1031,text,true,,5441,338,319,319,https://pabsa.impressicocrm.com/api/tournament/119922/matches,3452,0,0
1680594076527,4107,Get tournament result,200,,Knock_out_Thread Group 1-1117,text,true,,5441,338,319,319,https://pabsa.impressicocrm.com/api/tournament/119922/matches,4107,0,0
1680594077217,3432,Get Players schedule,200,,Knock_out_Thread Group 1-1207,text,true,,5435,338,319,319,https://pabsa.impressicocrm.com/api/tournament/119922/matches,3432,0,0
1680594077042,3621,Get tournamnent list ,200,,Knock_out_Thread Group 1-1338,text,true,,58888,389,320,320,https://pabsa.impressicocrm.com/api/tournament?limit=12&pageNumber=1&sportType=&tournamentName=&tournamentStyle=,3355,0,0
1680594077347,3316,Get Players schedule,200,,Knock_out_Thread Group 1-1221,text,true,,5441,338,320,320,https://pabsa.impressicocrm.com/api/tournament/119922/matches,3316,0,0
1680594076858,3808,Get tournamnent list ,200,,Knock_out_Thread Group 1-1333,text,true,,58880,389,320,320,https://pabsa.impressicocrm.com/api/tournament?limit=12&pageNumber=1&sportType=&tournamentName=&tournamentStyle=,3372,0,0
1680594080252,422,Home page ,200,OK,Knock_out_Thread Group 1-1413,text,true,,3033,309,320,320,https://pabsa.impressicocrm.com/,422,0,320
1680594077398,3284,Get Players list ,200,,Knock_out_Thread Group 1-1275,text,true,,3218,338,320,320,https://pabsa.impressicocrm.com/api/tournament/119922/players,3284,0,0
1680594080353,330,Home page ,200,OK,Knock_out_Thread Group 1-1414,text,true,,3033,309,320,320,https://pabsa.impressicocrm.com/,329,0,255
1680594076420,4265,Get tournamnent list ,200,,Knock_out_Thread Group 1-1329,text,true,,58880,389,320,320,https://pabsa.impressicocrm.com/api/tournament?limit=12&pageNumber=1&sportType=&tournamentName=&tournamentStyle=,3503,0,0
1680594077382,3329,Get knockout players list ,200,,Knock_out_Thread Group 1-1171,text,true,,4598,340,320,320,https://pabsa.impressicocrm.com/api/tournament/118871/knockouts,3329,0,0
1680594077521,3191,Get Home page country ,200,,Knock_out_Thread Group 1-1383,text,true,,17255,320,320,320,https://pabsa.impressicocrm.com/api/country,3191,0,0
1680594077475,3242,Get Players list ,200,,Knock_out_Thread Group 1-1267,text,true,,3218,338,320,320,https://pabsa.impressicocrm.com/api/tournament/119922/players,3242,0,0
1680594078688,2030,Get tournamnent list ,200,,Knock_out_Thread Group 1-1336,text,true,,58880,389,320,320,https://pabsa.impressicocrm.com/api/tournament?limit=12&pageNumber=1&sportType=&tournamentName=&tournamentStyle=,1477,0,0
1680594079352,1366,Home page ,200,OK,Knock_out_Thread Group 1-1404,text,true,,3033,309,320,320,https://pabsa.impressicocrm.com/,1366,0,1285
1680594079153,1567,Home page ,200,OK,Knock_out_Thread Group 1-1402,text,true,,3033,309,320,320,https://pabsa.impressicocrm.com/,1567,0,1463
1680594077540,3183,Get knockout players list ,200,,Knock_out_Thread Group 1-1191,text,true,,4598,340,320,320,https://pabsa.impressicocrm.com/api/tournament/118871/knockouts,3183,0,0
1680594075574,5166,Get playerA_Vs_playerB,200,,Knock_out_Thread Group 1-1077,text,true,,1239,341,320,320,https://pabsa.impressicocrm.com/api/tournament/matchScore/147598,5166,0,0
1680594077524,3216,Get Break list ,200,,Knock_out_Thread Group 1-1236,text,true,,3218,338,320,320,https://pabsa.impressicocrm.com/api/tournament/119922/players,3216,0,0
1680594077539,3204,Get playerA_Vs_playerB,200,,Knock_out_Thread Group 1-1071,text,true,,1239,341,319,319,https://pabsa.impressicocrm.com/api/tournament/matchScore/147598,3204,0,0
1680594077502,3245,Get Players list ,200,,Knock_out_Thread Group 1-1250,text,true,,3218,338,318,318,https://pabsa.impressicocrm.com/api/tournament/119922/players,3245,0,0
1680594077517,3234,Get knockout players list ,200,,Knock_out_Thread Group 1-1159,text,true,,4598,340,318,318,https://pabsa.impressicocrm.com/api/tournament/118871/knockouts,3234,0,0
1680594077562,3189,Get knockout players list ,200,,Knock_out_Thread Group 1-1187,text,true,,4598,340,318,318,https://pabsa.impressicocrm.com/api/tournament/118871/knockouts,3189,0,0
1680594076835,3917,Get tournamnent list ,200,,Knock_out_Thread Group 1-1327,text,true,,58880,389,318,318,https://pabsa.impressicocrm.com/api/tournament?limit=12&pageNumber=1&sportType=&tournamentName=&tournamentStyle=,3526,0,0
1680594077605,3153,Get single knockout Player details,200,,Knock_out_Thread Group 1-1166,text,true,,1210,326,319,319,https://pabsa.impressicocrm.com/api/player/110368,3153,0,0
1680594077171,3602,Get Home page country ,200,,Knock_out_Thread Group 1-1370,text,true,,17255,320,319,319,https://pabsa.impressicocrm.com/api/country,3602,0,0
1680594080452,321,Home page ,200,OK,Knock_out_Thread Group 1-1415,text,true,,3033,309,319,319,https://pabsa.impressicocrm.com/,321,0,249
1680594077380,3396,Get tournament result,200,,Knock_out_Thread Group 1-1131,text,true,,5441,338,319,319,https://pabsa.impressicocrm.com/api/tournament/119922/matches,3396,0,0
1680594076981,3804,Get tournamnent list ,200,,Knock_out_Thread Group 1-1330,text,true,,58880,389,319,319,https://pabsa.impressicocrm.com/api/tournament?limit=12&pageNumber=1&sportType=&tournamentName=&tournamentStyle=,3428,0,0
1680594077437,3361,Get Home page currency,200,,Knock_out_Thread Group 1-1285,text,true,,9160,321,319,319,https://pabsa.impressicocrm.com/api/currency,3361,0,0
1680594075658,5150,Get Home page country ,200,,Knock_out_Thread Group 1-1364,text,true,,17270,320,319,319,https://pabsa.impressicocrm.com/api/country,5147,0,0
1680594077621,3202,Get playerA_Vs_playerB,200,,Knock_out_Thread Group 1-1103,text,true,,1239,341,319,319,https://pabsa.impressicocrm.com/api/tournament/matchScore/147598,3202,0,0
1680594075444,5386,Get Home page country ,200,,Knock_out_Thread Group 1-1341,text,true,,17270,320,318,318,https://pabsa.impressicocrm.com/api/country,5384,0,0
1680594080553,307,Home page ,200,OK,Knock_out_Thread Group 1-1416,text,true,,3033,309,319,319,https://pabsa.impressicocrm.com/,307,0,232
1680594077498,3367,Get tournament result,200,,Knock_out_Thread Group 1-1114,text,true,,5441,338,319,319,https://pabsa.impressicocrm.com/api/tournament/119922/matches,3367,0,0
1680594077629,3248,Get playerA_Vs_playerB,200,,Knock_out_Thread Group 1-1083,text,true,,1239,341,319,319,https://pabsa.impressicocrm.com/api/tournament/matchScore/147598,3247,0,0
1680594077422,3477,Get Players schedule,200,,Knock_out_Thread Group 1-1210,text,true,,5441,338,318,318,https://pabsa.impressicocrm.com/api/tournament/119922/matches,3477,0,0
1680594077501,3398,Get tournament result,200,,Knock_out_Thread Group 1-1135,text,true,,5441,338,318,318,https://pabsa.impressicocrm.com/api/tournament/119922/matches,3398,0,0
1680594075684,5220,Get Break list ,200,,Knock_out_Thread Group 1-1225,text,true,,3218,338,318,318,https://pabsa.impressicocrm.com/api/tournament/119922/players,5220,0,0
1680594079752,1152,Home page ,200,OK,Knock_out_Thread Group 1-1408,text,true,,3033,309,318,318,https://pabsa.impressicocrm.com/,1152,0,1019
1680594075702,5255,Get Players list ,200,,Knock_out_Thread Group 1-1239,text,true,,3218,338,319,319,https://pabsa.impressicocrm.com/api/tournament/119922/players,5255,0,0
1680594080654,303,Home page ,200,OK,Knock_out_Thread Group 1-1417,text,true,,3033,309,319,319,https://pabsa.impressicocrm.com/,303,0,231
1680594077504,3463,Get tournament result,200,,Knock_out_Thread Group 1-1115,text,true,,5441,338,319,319,https://pabsa.impressicocrm.com/api/tournament/119922/matches,3463,0,0
1680594079051,1928,Home page ,200,OK,Knock_out_Thread Group 1-1401,text,true,,3033,309,319,319,https://pabsa.impressicocrm.com/,1928,0,1820
1680594077687,3319,Get Players list ,200,,Knock_out_Thread Group 1-1260,text,true,,3218,338,319,319,https://pabsa.impressicocrm.com/api/tournament/119922/players,3319,0,0
1680594077708,3304,Get Home page country ,200,,Knock_out_Thread Group 1-1385,text,true,,17270,320,319,319,https://pabsa.impressicocrm.com/api/country,3298,0,0
1680594077274,3766,Get tournamnent list ,200,,Knock_out_Thread Group 1-1334,text,true,,58880,389,319,319,https://pabsa.impressicocrm.com/api/tournament?limit=12&pageNumber=1&sportType=&tournamentName=&tournamentStyle=,3400,0,0
1680594077279,3808,Get tournamnent list ,200,,Knock_out_Thread Group 1-1337,text,true,,58888,389,320,320,https://pabsa.impressicocrm.com/api/tournament?limit=12&pageNumber=1&sportType=&tournamentName=&tournamentStyle=,3362,0,0
1680594077309,3779,Get Players schedule,200,,Knock_out_Thread Group 1-1174,text,true,,5441,338,320,320,https://pabsa.impressicocrm.com/api/tournament/119922/matches,3779,0,0
1680594077653,3435,Get Home page currency,200,,Knock_out_Thread Group 1-1297,text,true,,9160,321,320,320,https://pabsa.impressicocrm.com/api/currency,3435,0,0
1680594077692,3423,Get Players list ,200,,Knock_out_Thread Group 1-1294,text,true,,3218,338,320,320,https://pabsa.impressicocrm.com/api/tournament/119922/players,3423,0,0
1680594077548,3570,Get Players schedule,200,,Knock_out_Thread Group 1-1181,text,true,,5441,338,320,320,https://pabsa.impressicocrm.com/api/tournament/119922/matches,3570,0,0
1680594080852,285,Home page ,200,OK,Knock_out_Thread Group 1-1419,text,true,,3033,309,320,320,https://pabsa.impressicocrm.com/,285,0,216
1680594077610,3528,Get tournament result,200,,Knock_out_Thread Group 1-1106,text,true,,5441,338,320,320,https://pabsa.impressicocrm.com/api/tournament/119922/matches,3528,0,0
1680594080753,411,Home page ,200,OK,Knock_out_Thread Group 1-1418,text,true,,3033,309,321,321,https://pabsa.impressicocrm.com/,411,0,234
1680594077692,3480,Get Players schedule,200,,Knock_out_Thread Group 1-1217,text,true,,5441,338,321,321,https://pabsa.impressicocrm.com/api/tournament/119922/matches,3480,0,0
1680594077775,3426,Get Home page currency,200,,Knock_out_Thread Group 1-1316,text,true,,9160,321,321,321,https://pabsa.impressicocrm.com/api/currency,3426,0,0
1680594077775,3426,Get Home page country ,200,,Knock_out_Thread Group 1-1384,text,true,,17270,320,321,321,https://pabsa.impressicocrm.com/api/country,3426,0,0
1680594077762,3441,Get Players list ,200,,Knock_out_Thread Group 1-1273,text,true,,3218,338,321,321,https://pabsa.impressicocrm.com/api/tournament/119922/players,3441,0,0
1680594077823,3381,Get Players list ,200,,Knock_out_Thread Group 1-1279,text,true,,3218,338,321,321,https://pabsa.impressicocrm.com/api/tournament/119922/players,3381,0,0
1680594077574,3689,Get Break list ,200,,Knock_out_Thread Group 1-1228,text,true,,3218,338,322,322,https://pabsa.impressicocrm.com/api/tournament/119922/players,3688,0,0
1680594077762,3512,Get Players schedule,200,,Knock_out_Thread Group 1-1208,text,true,,5441,338,322,322,https://pabsa.impressicocrm.com/api/tournament/119922/matches,3512,0,0
1680594077662,3612,Get tournament result,200,,Knock_out_Thread Group 1-1137,text,true,,5441,338,322,322,https://pabsa.impressicocrm.com/api/tournament/119922/matches,3612,0,0
1680594077999,3283,Get Home page currency,200,,Knock_out_Thread Group 1-1308,text,true,,9160,321,322,322,https://pabsa.impressicocrm.com/api/currency,3283,0,0
1680594077970,3320,Get single knockout Player details,200,,Knock_out_Thread Group 1-1173,text,true,,1210,326,322,322,https://pabsa.impressicocrm.com/api/player/110368,3320,0,0
1680594077757,3538,Get tournament result,200,,Knock_out_Thread Group 1-1145,text,true,,5441,338,322,322,https://pabsa.impressicocrm.com/api/tournament/119922/matches,3538,0,0
1680594078013,3302,Get single knockout Player details,200,,Knock_out_Thread Group 1-1150,text,true,,1210,326,322,322,https://pabsa.impressicocrm.com/api/player/110368,3302,0,0
1680594081052,289,Home page ,200,OK,Knock_out_Thread Group 1-1421,text,true,,3033,309,322,322,https://pabsa.impressicocrm.com/,289,0,222
1680594080952,397,Home page ,200,OK,Knock_out_Thread Group 1-1420,text,true,,3033,309,322,322,https://pabsa.impressicocrm.com/,397,0,311
1680594077876,3477,Get Home page currency,200,,Knock_out_Thread Group 1-1298,text,true,,9153,321,323,323,https://pabsa.impressicocrm.com/api/currency,3477,0,0
1680594077969,3386,Get Home page country ,200,,Knock_out_Thread Group 1-1387,text,true,,17270,320,323,323,https://pabsa.impressicocrm.com/api/country,3384,0,0
1680594079983,1375,Get Players schedule,200,,Knock_out_Thread Group 1-1249,text,true,,5441,338,323,323,https://pabsa.impressicocrm.com/api/tournament/119922/matches,1375,0,0
1680594077916,3457,Get Break list ,200,,Knock_out_Thread Group 1-1219,text,true,,3218,338,323,323,https://pabsa.impressicocrm.com/api/tournament/119922/players,3457,0,0
1680594077295,4085,Get tournamnent list ,200,,Knock_out_Thread Group 1-1339,text,true,,58888,389,323,323,https://pabsa.impressicocrm.com/api/tournament?limit=12&pageNumber=1&sportType=&tournamentName=&tournamentStyle=,3482,0,0
1680594077795,3587,Get Players schedule,200,,Knock_out_Thread Group 1-1192,text,true,,5441,338,323,323,https://pabsa.impressicocrm.com/api/tournament/119922/matches,3587,0,0
1680594077985,3409,Get Players list ,200,,Knock_out_Thread Group 1-1266,text,true,,3218,338,323,323,https://pabsa.impressicocrm.com/api/tournament/119922/players,3409,0,0
1680594078070,3329,Get single knockout Player details,200,,Knock_out_Thread Group 1-1123,text,true,,1210,326,323,323,https://pabsa.impressicocrm.com/api/player/110368,3329,0,0
1680594078013,3401,Get Break list ,200,,Knock_out_Thread Group 1-1246,text,true,,3218,338,323,323,https://pabsa.impressicocrm.com/api/tournament/119922/players,3401,0,0
1680594078027,3389,Get playerA_Vs_playerB,200,,Knock_out_Thread Group 1-1107,text,true,,1239,341,323,323,https://pabsa.impressicocrm.com/api/tournament/matchScore/147598,3389,0,0
1680594077660,3762,Get tournamnent list ,200,,Knock_out_Thread Group 1-1350,text,true,,58888,389,322,322,https://pabsa.impressicocrm.com/api/tournament?limit=12&pageNumber=1&sportType=&tournamentName=&tournamentStyle=,3534,0,0
1680594077923,3531,Get Home page country ,200,,Knock_out_Thread Group 1-1372,text,true,,17270,320,323,323,https://pabsa.impressicocrm.com/api/country,3528,0,0
1680594077985,3489,Get Break list ,200,,Knock_out_Thread Group 1-1226,text,true,,3218,338,323,323,https://pabsa.impressicocrm.com/api/tournament/119922/players,3489,0,0
1680594081152,324,Home page ,200,OK,Knock_out_Thread Group 1-1422,text,true,,3033,309,323,323,https://pabsa.impressicocrm.com/,324,0,260
1680594078171,3351,Get knockout players list ,200,,Knock_out_Thread Group 1-1162,text,true,,4591,340,323,323,https://pabsa.impressicocrm.com/api/tournament/118871/knockouts,3351,0,0
1680594078111,3415,Get Break list ,200,,Knock_out_Thread Group 1-1240,text,true,,3218,338,323,323,https://pabsa.impressicocrm.com/api/tournament/119922/players,3415,0,0
1680594078261,3267,Get Home page country ,200,,Knock_out_Thread Group 1-1380,text,true,,17270,320,323,323,https://pabsa.impressicocrm.com/api/country,3265,0,0
1680594081252,283,Home page ,200,OK,Knock_out_Thread Group 1-1423,text,true,,3033,309,323,323,https://pabsa.impressicocrm.com/,283,0,210
1680594078095,3449,Get Home page country ,200,,Knock_out_Thread Group 1-1382,text,true,,17270,320,323,323,https://pabsa.impressicocrm.com/api/country,3449,0,0
1680594077873,3692,Get Players schedule,200,,Knock_out_Thread Group 1-1214,text,true,,5441,338,324,324,https://pabsa.impressicocrm.com/api/tournament/119922/matches,3692,0,0
1680594078188,3387,Get Home page country ,200,,Knock_out_Thread Group 1-1386,text,true,,17270,320,324,324,https://pabsa.impressicocrm.com/api/country,3377,0,0
1680594078307,3268,Get playerA_Vs_playerB,200,,Knock_out_Thread Group 1-1113,text,true,,1239,341,324,324,https://pabsa.impressicocrm.com/api/tournament/matchScore/147598,3268,0,0
1680594078248,3347,Get Home page currency,200,,Knock_out_Thread Group 1-1276,text,true,,9153,321,323,323,https://pabsa.impressicocrm.com/api/currency,3347,0,0
1680594078290,3307,Get Break list ,200,,Knock_out_Thread Group 1-1232,text,true,,3218,338,323,323,https://pabsa.impressicocrm.com/api/tournament/119922/players,3307,0,0
1680594080025,1572,Get tournament result,200,,Knock_out_Thread Group 1-1155,text,true,,5441,338,323,323,https://pabsa.impressicocrm.com/api/tournament/119922/matches,1572,0,0
1680594078407,3198,Get single knockout Player details,200,,Knock_out_Thread Group 1-1168,text,true,,1210,326,323,323,https://pabsa.impressicocrm.com/api/player/110368,3198,0,0
1680594080119,1492,Get tournament result,200,,Knock_out_Thread Group 1-1160,text,true,,5435,338,323,323,https://pabsa.impressicocrm.com/api/tournament/119922/matches,1492,0,0
1680594076312,5315,Get knockout players list ,200,,Knock_out_Thread Group 1-1132,text,true,,4598,340,323,323,https://pabsa.impressicocrm.com/api/tournament/118871/knockouts,5315,0,0
1680594077637,3990,Get tournamnent list ,200,,Knock_out_Thread Group 1-1348,text,true,,58888,389,323,323,https://pabsa.impressicocrm.com/api/tournament?limit=12&pageNumber=1&sportType=&tournamentName=&tournamentStyle=,3493,0,0
1680594077540,4125,Get tournamnent list ,200,,Knock_out_Thread Group 1-1335,text,true,,58880,389,324,324,https://pabsa.impressicocrm.com/api/tournament?limit=12&pageNumber=1&sportType=&tournamentName=&tournamentStyle=,3664,0,0
1680594077950,3717,Get tournament result,200,,Knock_out_Thread Group 1-1119,text,true,,5441,338,324,324,https://pabsa.impressicocrm.com/api/tournament/119922/matches,3717,0,0
1680594081351,343,Home page ,200,OK,Knock_out_Thread Group 1-1424,text,true,,3033,309,324,324,https://pabsa.impressicocrm.com/,343,0,260
1680594078198,3525,Get Players schedule,200,,Knock_out_Thread Group 1-1200,text,true,,5441,338,324,324,https://pabsa.impressicocrm.com/api/tournament/119922/matches,3525,0,0
1680594078405,3323,Get Players list ,200,,Knock_out_Thread Group 1-1282,text,true,,3218,338,324,324,https://pabsa.impressicocrm.com/api/tournament/119922/players,3323,0,0
1680594078102,3645,Get Players schedule,200,,Knock_out_Thread Group 1-1201,text,true,,5441,338,324,324,https://pabsa.impressicocrm.com/api/tournament/119922/matches,3645,0,0
1680594078297,3455,Get tournament result,200,,Knock_out_Thread Group 1-1146,text,true,,5441,338,325,325,https://pabsa.impressicocrm.com/api/tournament/119922/matches,3455,0,0
1680594076189,5597,Get tournament result,200,,Knock_out_Thread Group 1-1120,text,true,,5441,338,325,325,https://pabsa.impressicocrm.com/api/tournament/119922/matches,5597,0,0
1680594078416,3382,Get Break list ,200,,Knock_out_Thread Group 1-1129,text,true,,3218,338,325,325,https://pabsa.impressicocrm.com/api/tournament/119922/players,3382,0,0
1680594080020,1784,Get Home page currency,200,,Knock_out_Thread Group 1-1349,text,true,,9160,321,325,325,https://pabsa.impressicocrm.com/api/currency,1784,0,0
1680594081453,357,Home page ,200,OK,Knock_out_Thread Group 1-1425,text,true,,3033,309,325,325,https://pabsa.impressicocrm.com/,357,0,276
1680594078405,3417,Get tournament result,200,,Knock_out_Thread Group 1-1111,text,true,,5435,338,325,325,https://pabsa.impressicocrm.com/api/tournament/119922/matches,3417,0,0
1680594078459,3363,Get knockout players list ,200,,Knock_out_Thread Group 1-1195,text,true,,4591,340,325,325,https://pabsa.impressicocrm.com/api/tournament/118871/knockouts,3363,0,0
1680594078482,3342,Get Break list ,200,,Knock_out_Thread Group 1-1291,text,true,,3218,338,325,325,https://pabsa.impressicocrm.com/api/tournament/119922/players,3342,0,0
1680594078046,3790,Get Players list ,200,,Knock_out_Thread Group 1-1299,text,true,,3218,338,325,325,https://pabsa.impressicocrm.com/api/tournament/119922/players,3790,0,0
1680594078502,3351,Get Players list ,200,,Knock_out_Thread Group 1-1247,text,true,,3218,338,326,326,https://pabsa.impressicocrm.com/api/tournament/119922/players,3351,0,0
1680594078412,3474,Get tournament result,200,,Knock_out_Thread Group 1-1138,text,true,,5435,338,326,326,https://pabsa.impressicocrm.com/api/tournament/119922/matches,3474,0,0
1680594077867,4049,Get tournamnent list ,200,,Knock_out_Thread Group 1-1352,text,true,,58888,389,326,326,https://pabsa.impressicocrm.com/api/tournament?limit=12&pageNumber=1&sportType=&tournamentName=&tournamentStyle=,3663,0,0
1680594078566,3352,Get knockout players list ,200,,Knock_out_Thread Group 1-1198,text,true,,4598,340,326,326,https://pabsa.impressicocrm.com/api/tournament/118871/knockouts,3352,0,0
1680594078407,3513,Get Players schedule,200,,Knock_out_Thread Group 1-1215,text,true,,5441,338,326,326,https://pabsa.impressicocrm.com/api/tournament/119922/matches,3513,0,0
1680594081652,305,Home page ,200,OK,Knock_out_Thread Group 1-1427,text,true,,3033,309,327,327,https://pabsa.impressicocrm.com/,305,0,235
1680594078556,3410,Get Break list ,200,,Knock_out_Thread Group 1-1242,text,true,,3218,338,327,327,https://pabsa.impressicocrm.com/api/tournament/119922/players,3410,0,0
1680594078276,3690,Get tournamnent list ,200,,Knock_out_Thread Group 1-1360,text,true,,58880,389,327,327,https://pabsa.impressicocrm.com/api/tournament?limit=12&pageNumber=1&sportType=&tournamentName=&tournamentStyle=,3379,0,0
1680594078405,3576,Get tournament result,200,,Knock_out_Thread Group 1-1134,text,true,,5441,338,327,327,https://pabsa.impressicocrm.com/api/tournament/119922/matches,3576,0,0
1680594078023,3976,Get Players list ,200,,Knock_out_Thread Group 1-1296,text,true,,3218,338,327,327,https://pabsa.impressicocrm.com/api/tournament/119922/players,3976,0,0
1680594078616,3411,Get Home page country ,200,,Knock_out_Thread Group 1-1394,text,true,,17270,320,327,327,https://pabsa.impressicocrm.com/api/country,3411,0,0
1680594078416,3618,Get Players schedule,200,,Knock_out_Thread Group 1-1233,text,true,,5441,338,327,327,https://pabsa.impressicocrm.com/api/tournament/119922/matches,3617,0,0
1680594078558,3480,Get Home page country ,200,,Knock_out_Thread Group 1-1379,text,true,,17270,320,327,327,https://pabsa.impressicocrm.com/api/country,3430,0,0
1680594076445,5596,Get Home page currency,200,,Knock_out_Thread Group 1-1284,text,true,,9160,321,327,327,https://pabsa.impressicocrm.com/api/currency,5596,0,0
1680594078552,3489,Get Home page country ,200,,Knock_out_Thread Group 1-1392,text,true,,17255,320,327,327,https://pabsa.impressicocrm.com/api/country,3489,0,0
1680594078662,3379,Get knockout players list ,200,,Knock_out_Thread Group 1-1189,text,true,,4598,340,327,327,https://pabsa.impressicocrm.com/api/tournament/118871/knockouts,3379,0,0
1680594078604,3447,Get Home page currency,200,,Knock_out_Thread Group 1-1306,text,true,,9160,321,327,327,https://pabsa.impressicocrm.com/api/currency,3447,0,0
1680594078077,4006,Get Players schedule,200,,Knock_out_Thread Group 1-1223,text,true,,5441,338,328,328,https://pabsa.impressicocrm.com/api/tournament/119922/matches,4006,0,0
1680594078570,3518,Get Players list ,200,,Knock_out_Thread Group 1-1272,text,true,,3218,338,328,328,https://pabsa.impressicocrm.com/api/tournament/119922/players,3518,0,0
1680594077719,4379,Get tournamnent list ,200,,Knock_out_Thread Group 1-1344,text,true,,58888,389,328,328,https://pabsa.impressicocrm.com/api/tournament?limit=12&pageNumber=1&sportType=&tournamentName=&tournamentStyle=,3785,0,0
1680594077767,4333,Get tournamnent list ,200,,Knock_out_Thread Group 1-1345,text,true,,58880,389,328,328,https://pabsa.impressicocrm.com/api/tournament?limit=12&pageNumber=1&sportType=&tournamentName=&tournamentStyle=,3793,0,0
1680594078650,3464,Get Break list ,200,,Knock_out_Thread Group 1-1241,text,true,,3218,338,328,328,https://pabsa.impressicocrm.com/api/tournament/119922/players,3464,0,0
1680594078564,3553,Get Players schedule,200,,Knock_out_Thread Group 1-1206,text,true,,5441,338,328,328,https://pabsa.impressicocrm.com/api/tournament/119922/matches,3553,0,0
1680594076662,5461,Get Home page currency,200,,Knock_out_Thread Group 1-1314,text,true,,9160,321,328,328,https://pabsa.impressicocrm.com/api/currency,5461,0,0
1680594078544,3608,Get Players schedule,200,,Knock_out_Thread Group 1-1224,text,true,,5435,338,329,329,https://pabsa.impressicocrm.com/api/tournament/119922/matches,3608,0,0
1680594078708,3446,Get Home page currency,200,,Knock_out_Thread Group 1-1302,text,true,,9160,321,329,329,https://pabsa.impressicocrm.com/api/currency,3446,0,0
1680594078458,3722,Get knockout players list ,200,,Knock_out_Thread Group 1-1169,text,true,,4598,340,329,329,https://pabsa.impressicocrm.com/api/tournament/118871/knockouts,3722,0,0
1680594078761,3420,Get playerA_Vs_playerB,200,,Knock_out_Thread Group 1-983,text,true,,1239,341,329,329,https://pabsa.impressicocrm.com/api/tournament/matchScore/147598,3420,0,0
1680594078755,3440,Get Break list ,200,,Knock_out_Thread Group 1-1258,text,true,,3218,338,328,328,https://pabsa.impressicocrm.com/api/tournament/119922/players,3440,0,0
1680594078556,3655,Get playerA_Vs_playerB,200,,Knock_out_Thread Group 1-1110,text,true,,1239,341,328,328,https://pabsa.impressicocrm.com/api/tournament/matchScore/147598,3655,0,0
1680594078760,3456,Get playerA_Vs_playerB,200,,Knock_out_Thread Group 1-1108,text,true,,1239,341,327,327,https://pabsa.impressicocrm.com/api/tournament/matchScore/147598,3456,0,0
1680594078856,3361,Get single knockout Player details,200,,Knock_out_Thread Group 1-1128,text,true,,1210,326,327,327,https://pabsa.impressicocrm.com/api/player/110368,3361,0,0
1680594078895,3326,Get single knockout Player details,200,,Knock_out_Thread Group 1-1183,text,true,,1210,326,326,326,https://pabsa.impressicocrm.com/api/player/110368,3326,0,0
1680594078416,3816,Get knockout players list ,200,,Knock_out_Thread Group 1-1178,text,true,,4591,340,326,326,https://pabsa.impressicocrm.com/api/tournament/118871/knockouts,3816,0,0
1680594078413,3824,Get tournamnent list ,200,,Knock_out_Thread Group 1-1355,text,true,,58880,389,326,326,https://pabsa.impressicocrm.com/api/tournament?limit=12&pageNumber=1&sportType=&tournamentName=&tournamentStyle=,3582,0,0
1680594078698,3539,Get Home page currency,200,,Knock_out_Thread Group 1-1317,text,true,,9160,321,326,326,https://pabsa.impressicocrm.com/api/currency,3539,0,0
1680594081852,385,Home page ,200,OK,Knock_out_Thread Group 1-1429,text,true,,3033,309,326,326,https://pabsa.impressicocrm.com/,385,0,293
1680594078679,3565,Get Home page country ,200,,Knock_out_Thread Group 1-1393,text,true,,17270,320,326,326,https://pabsa.impressicocrm.com/api/country,3565,0,0
1680594078508,3736,Get Break list ,200,,Knock_out_Thread Group 1-1205,text,true,,3218,338,326,326,https://pabsa.impressicocrm.com/api/tournament/119922/players,3736,0,0
1680594081752,508,Home page ,200,OK,Knock_out_Thread Group 1-1428,text,true,,3033,309,327,327,https://pabsa.impressicocrm.com/,508,0,435
1680594078412,3876,Get Players schedule,200,,Knock_out_Thread Group 1-1216,text,true,,5441,338,327,327,https://pabsa.impressicocrm.com/api/tournament/119922/matches,3876,0,0
1680594080798,1518,Get Players list ,200,,Knock_out_Thread Group 1-1285,text,true,,3218,338,327,327,https://pabsa.impressicocrm.com/api/tournament/119922/players,1518,0,0
1680594080865,1451,Get playerA_Vs_playerB,200,,Knock_out_Thread Group 1-1114,text,true,,1239,341,327,327,https://pabsa.impressicocrm.com/api/tournament/matchScore/147598,1451,0,0
1680594078623,3720,Get tournament result,200,,Knock_out_Thread Group 1-1112,text,true,,5441,338,326,326,https://pabsa.impressicocrm.com/api/tournament/119922/matches,3720,0,0
1680594078744,3649,Get Players schedule,200,,Knock_out_Thread Group 1-1197,text,true,,5435,338,327,327,https://pabsa.impressicocrm.com/api/tournament/119922/matches,3649,0,0
1680594081554,874,Home page ,200,OK,Knock_out_Thread Group 1-1426,text,true,,3033,309,327,327,https://pabsa.impressicocrm.com/,873,0,244
1680594079079,3363,Get Home page country ,200,,Knock_out_Thread Group 1-1398,text,true,,17255,320,327,327,https://pabsa.impressicocrm.com/api/country,3363,0,0
1680594079210,3240,Get single knockout Player details,200,,Knock_out_Thread Group 1-1139,text,true,,1210,326,327,327,https://pabsa.impressicocrm.com/api/player/110368,3240,0,0
1680594079005,3450,Get Home page country ,200,,Knock_out_Thread Group 1-1391,text,true,,17270,320,328,328,https://pabsa.impressicocrm.com/api/country,3442,0,0
1680594079013,3447,Get Break list ,200,,Knock_out_Thread Group 1-1211,text,true,,3218,338,328,328,https://pabsa.impressicocrm.com/api/tournament/119922/players,3447,0,0
1680594078664,3801,Get Players schedule,200,,Knock_out_Thread Group 1-1212,text,true,,5441,338,328,328,https://pabsa.impressicocrm.com/api/tournament/119922/matches,3801,0,0
1680594082152,313,Home page ,200,OK,Knock_out_Thread Group 1-1432,text,true,,3033,309,328,328,https://pabsa.impressicocrm.com/,313,0,241
1680594081115,1357,Get Break list ,200,,Knock_out_Thread Group 1-1294,text,true,,3218,338,328,328,https://pabsa.impressicocrm.com/api/tournament/119922/players,1357,0,0
1680594079047,3430,Get Home page country ,200,,Knock_out_Thread Group 1-1395,text,true,,17255,320,328,328,https://pabsa.impressicocrm.com/api/country,3429,0,0
1680594079102,3377,Get Home page currency,200,,Knock_out_Thread Group 1-1307,text,true,,9153,321,328,328,https://pabsa.impressicocrm.com/api/currency,3377,0,0
1680594079225,3254,Get single knockout Player details,200,,Knock_out_Thread Group 1-1140,text,true,,1210,326,328,328,https://pabsa.impressicocrm.com/api/player/110368,3254,0,0
1680594081137,1343,Get Home page country ,200,,Knock_out_Thread Group 1-1419,text,true,,17270,320,328,328,https://pabsa.impressicocrm.com/api/country,1342,0,0
1680594079183,3305,Get Break list ,200,,Knock_out_Thread Group 1-1277,text,true,,3218,338,328,328,https://pabsa.impressicocrm.com/api/tournament/119922/players,3305,0,0
1680594078955,3533,Get Home page currency,200,,Knock_out_Thread Group 1-1320,text,true,,9160,321,328,328,https://pabsa.impressicocrm.com/api/currency,3533,0,0
1680594079189,3309,Get playerA_Vs_playerB,200,,Knock_out_Thread Group 1-1029,text,true,,1239,341,328,328,https://pabsa.impressicocrm.com/api/tournament/matchScore/147598,3309,0,0
1680594078959,3543,Get Home page country ,200,,Knock_out_Thread Group 1-1396,text,true,,17270,320,327,327,https://pabsa.impressicocrm.com/api/country,3543,0,0
1680594078816,3688,Get tournament result,200,,Knock_out_Thread Group 1-1109,text,true,,5441,338,327,327,https://pabsa.impressicocrm.com/api/tournament/119922/matches,3688,0,0
1680594078970,3537,Get Home page currency,200,,Knock_out_Thread Group 1-1321,text,true,,9160,321,327,327,https://pabsa.impressicocrm.com/api/currency,3537,0,0
1680594078916,3591,Get Break list ,200,,Knock_out_Thread Group 1-1289,text,true,,3218,338,327,327,https://pabsa.impressicocrm.com/api/tournament/119922/players,3591,0,0
1680594079122,3392,Get Home page country ,200,,Knock_out_Thread Group 1-1389,text,true,,17270,320,327,327,https://pabsa.impressicocrm.com/api/country,3392,0,0
1680594079227,3298,Get knockout players list ,200,,Knock_out_Thread Group 1-1186,text,true,,4598,340,327,327,https://pabsa.impressicocrm.com/api/tournament/118871/knockouts,3298,0,0
1680594079216,3348,Get Players list ,200,,Knock_out_Thread Group 1-1304,text,true,,3218,338,328,328,https://pabsa.impressicocrm.com/api/tournament/119922/players,3348,0,0
1680594078823,3752,Get Break list ,200,,Knock_out_Thread Group 1-1245,text,true,,3218,338,328,328,https://pabsa.impressicocrm.com/api/tournament/119922/players,3752,0,0
1680594081204,1371,Get Break list ,200,,Knock_out_Thread Group 1-1273,text,true,,3218,338,328,328,https://pabsa.impressicocrm.com/api/tournament/119922/players,1371,0,0
1680594078848,3727,Get knockout players list ,200,,Knock_out_Thread Group 1-1188,text,true,,4598,340,328,328,https://pabsa.impressicocrm.com/api/tournament/118871/knockouts,3727,0,0
1680594079420,3179,Get single knockout Player details,200,,Knock_out_Thread Group 1-1167,text,true,,1210,326,328,328,https://pabsa.impressicocrm.com/api/player/110368,3179,0,0
1680594079264,3340,Get Break list ,200,,Knock_out_Thread Group 1-1251,text,true,,3218,338,328,328,https://pabsa.impressicocrm.com/api/tournament/119922/players,3340,0,0
1680594079073,3532,Get Players schedule,200,,Knock_out_Thread Group 1-1218,text,true,,5441,338,328,328,https://pabsa.impressicocrm.com/api/tournament/119922/matches,3532,0,0
1680594078978,3639,Get Players schedule,200,,Knock_out_Thread Group 1-1209,text,true,,5435,338,328,328,https://pabsa.impressicocrm.com/api/tournament/119922/matches,3639,0,0
1680594079327,3295,Get Break list ,200,,Knock_out_Thread Group 1-1255,text,true,,3218,338,328,328,https://pabsa.impressicocrm.com/api/tournament/119922/players,3295,0,0
1680594079458,3185,Get playerA_Vs_playerB,200,,Knock_out_Thread Group 1-1081,text,true,,1239,341,328,328,https://pabsa.impressicocrm.com/api/tournament/matchScore/147598,3185,0,0
1680594078770,3888,Get Home page currency,200,,Knock_out_Thread Group 1-1300,text,true,,9160,321,328,328,https://pabsa.impressicocrm.com/api/currency,3888,0,0
1680594082353,305,Home page ,200,OK,Knock_out_Thread Group 1-1434,text,true,,3033,309,328,328,https://pabsa.impressicocrm.com/,305,0,232
1680594079355,3307,Get Break list ,200,,Knock_out_Thread Group 1-1248,text,true,,3218,338,328,328,https://pabsa.impressicocrm.com/api/tournament/119922/players,3307,0,0
1680594079060,3602,Get Players schedule,200,,Knock_out_Thread Group 1-1203,text,true,,5441,338,328,328,https://pabsa.impressicocrm.com/api/tournament/119922/matches,3602,0,0
1680594078567,4100,Get tournamnent list ,200,,Knock_out_Thread Group 1-1361,text,true,,58888,389,328,328,https://pabsa.impressicocrm.com/api/tournament?limit=12&pageNumber=1&sportType=&tournamentName=&tournamentStyle=,3619,0,0
1680594079386,3285,Get playerA_Vs_playerB,200,,Knock_out_Thread Group 1-1097,text,true,,1239,341,328,328,https://pabsa.impressicocrm.com/api/tournament/matchScore/147598,3285,0,0
1680594079523,3156,Get single knockout Player details,200,,Knock_out_Thread Group 1-1158,text,true,,1210,326,327,327,https://pabsa.impressicocrm.com/api/player/110368,3156,0,0
1680594079199,3500,Get Home page country ,200,,Knock_out_Thread Group 1-1381,text,true,,17270,320,327,327,https://pabsa.impressicocrm.com/api/country,3463,0,0
1680594079359,3346,Get tournament result,200,,Knock_out_Thread Group 1-1124,text,true,,5441,338,327,327,https://pabsa.impressicocrm.com/api/tournament/119922/matches,3346,0,0
1680594082452,273,Home page ,200,OK,Knock_out_Thread Group 1-1435,text,true,,3033,309,327,327,https://pabsa.impressicocrm.com/,273,0,206
1680594081952,774,Home page ,200,OK,Knock_out_Thread Group 1-1430,text,true,,3033,309,327,327,https://pabsa.impressicocrm.com/,773,0,594
1680594079164,3567,Get Players schedule,200,,Knock_out_Thread Group 1-1230,text,true,,5441,338,327,327,https://pabsa.impressicocrm.com/api/tournament/119922/matches,3567,0,0
1680594079621,3116,Get single knockout Player details,200,,Knock_out_Thread Group 1-1147,text,true,,1210,326,327,327,https://pabsa.impressicocrm.com/api/player/110368,3116,0,0
1680594079426,3332,Get Players list ,200,,Knock_out_Thread Group 1-1305,text,true,,3218,338,328,328,https://pabsa.impressicocrm.com/api/tournament/119922/players,3332,0,0
1680594079643,3139,Get single knockout Player details,200,,Knock_out_Thread Group 1-1172,text,true,,1210,326,328,328,https://pabsa.impressicocrm.com/api/player/110368,3139,0,0
1680594079657,3128,Get single knockout Player details,200,,Knock_out_Thread Group 1-1154,text,true,,1210,326,328,328,https://pabsa.impressicocrm.com/api/player/110368,3128,0,0
1680594079464,3328,Get Break list ,200,,Knock_out_Thread Group 1-1262,text,true,,3218,338,328,328,https://pabsa.impressicocrm.com/api/tournament/119922/players,3328,0,0
1680594079679,3121,Get single knockout Player details,200,,Knock_out_Thread Group 1-1144,text,true,,1210,326,328,328,https://pabsa.impressicocrm.com/api/player/110368,3121,0,0
1680594079351,3453,Get Players schedule,200,,Knock_out_Thread Group 1-1222,text,true,,5441,338,328,328,https://pabsa.impressicocrm.com/api/tournament/119922/matches,3453,0,0
1680594079635,3188,Get Break list ,200,,Knock_out_Thread Group 1-1261,text,true,,3218,338,328,328,https://pabsa.impressicocrm.com/api/tournament/119922/players,3188,0,0
1680594079623,3228,Get knockout players list ,200,,Knock_out_Thread Group 1-1185,text,true,,4598,340,328,328,https://pabsa.impressicocrm.com/api/tournament/118871/knockouts,3228,0,0
1680594081611,1246,Get playerA_Vs_playerB,200,,Knock_out_Thread Group 1-1160,text,true,,1239,341,329,329,https://pabsa.impressicocrm.com/api/tournament/matchScore/147598,1246,0,0
1680594079717,3157,Get Players list ,200,,Knock_out_Thread Group 1-1283,text,true,,3218,338,328,328,https://pabsa.impressicocrm.com/api/tournament/119922/players,3157,0,0
1680594079099,3775,Get Players list ,200,,Knock_out_Thread Group 1-1287,text,true,,3218,338,328,328,https://pabsa.impressicocrm.com/api/tournament/119922/players,3775,0,0
1680594079483,3395,Get Home page currency,200,,Knock_out_Thread Group 1-1312,text,true,,9160,321,328,328,https://pabsa.impressicocrm.com/api/currency,3395,0,0
1680594079595,3289,Get Players list ,200,,Knock_out_Thread Group 1-1274,text,true,,3218,338,328,328,https://pabsa.impressicocrm.com/api/tournament/119922/players,3289,0,0
1680594079609,3280,Get Home page country ,200,,Knock_out_Thread Group 1-1400,text,true,,17270,320,328,328,https://pabsa.impressicocrm.com/api/country,3280,0,0
1680594079722,3181,Get knockout players list ,200,,Knock_out_Thread Group 1-1190,text,true,,4598,340,328,328,https://pabsa.impressicocrm.com/api/tournament/118871/knockouts,3181,0,0
1680594079647,3272,Get Home page currency,200,,Knock_out_Thread Group 1-1319,text,true,,9160,321,328,328,https://pabsa.impressicocrm.com/api/currency,3272,0,0
1680594081290,1636,Get tournament result,200,,Knock_out_Thread Group 1-1173,text,true,,5441,338,328,328,https://pabsa.impressicocrm.com/api/tournament/119922/matches,1636,0,0
1680594079850,3085,Get single knockout Player details,200,,Knock_out_Thread Group 1-1170,text,true,,1210,326,328,328,https://pabsa.impressicocrm.com/api/player/110368,3085,0,0
1680594079692,3255,Get Players list ,200,,Knock_out_Thread Group 1-1293,text,true,,3218,338,328,328,https://pabsa.impressicocrm.com/api/tournament/119922/players,3255,0,0
1680594079842,3124,Get Break list ,200,,Knock_out_Thread Group 1-1264,text,true,,3218,338,329,329,https://pabsa.impressicocrm.com/api/tournament/119922/players,3124,0,0
1680594079884,3116,Get single knockout Player details,200,,Knock_out_Thread Group 1-1149,text,true,,1210,326,329,329,https://pabsa.impressicocrm.com/api/player/110368,3116,0,0
1680594079607,3405,Get single knockout Player details,200,,Knock_out_Thread Group 1-1182,text,true,,1210,326,329,329,https://pabsa.impressicocrm.com/api/player/110368,3405,0,0
1680594079458,3554,Get playerA_Vs_playerB,200,,Knock_out_Thread Group 1-1126,text,true,,1239,341,329,329,https://pabsa.impressicocrm.com/api/tournament/matchScore/147598,3554,0,0
1680594079820,3197,Get Break list ,200,,Knock_out_Thread Group 1-1263,text,true,,3218,338,328,328,https://pabsa.impressicocrm.com/api/tournament/119922/players,3197,0,0
1680594079535,3485,Get Players list ,200,,Knock_out_Thread Group 1-1271,text,true,,3218,338,328,328,https://pabsa.impressicocrm.com/api/tournament/119922/players,3485,0,0
1680594081966,1060,Get Home page currency,200,,Knock_out_Thread Group 1-1360,text,true,,9160,321,328,328,https://pabsa.impressicocrm.com/api/currency,1060,0,0
1680594079302,3753,Get Home page country ,200,,Knock_out_Thread Group 1-1390,text,true,,17270,320,329,329,https://pabsa.impressicocrm.com/api/country,3744,0,0
1680594079701,3355,Get Players list ,200,,Knock_out_Thread Group 1-1290,text,true,,3218,338,329,329,https://pabsa.impressicocrm.com/api/tournament/119922/players,3355,0,0
1680594079715,3360,Get Home page country ,200,,Knock_out_Thread Group 1-1397,text,true,,17270,320,329,329,https://pabsa.impressicocrm.com/api/country,3359,0,0
1680594079882,3225,Get Break list ,200,,Knock_out_Thread Group 1-1257,text,true,,3218,338,329,329,https://pabsa.impressicocrm.com/api/tournament/119922/players,3225,0,0
1680594079722,3393,Get Players schedule,200,,Knock_out_Thread Group 1-1235,text,true,,5441,338,329,329,https://pabsa.impressicocrm.com/api/tournament/119922/matches,3393,0,0
1680594079798,3326,Get Players list ,200,,Knock_out_Thread Group 1-1259,text,true,,3218,338,329,329,https://pabsa.impressicocrm.com/api/tournament/119922/players,3326,0,0
1680594079983,3147,Get single knockout Player details,200,,Knock_out_Thread Group 1-1156,text,true,,1210,326,329,329,https://pabsa.impressicocrm.com/api/player/110368,3147,0,0
1680594079983,3152,Get playerA_Vs_playerB,200,,Knock_out_Thread Group 1-1148,text,true,,1239,341,329,329,https://pabsa.impressicocrm.com/api/tournament/matchScore/147598,3152,0,0
1680594079903,3244,Get Home page currency,200,,Knock_out_Thread Group 1-1309,text,true,,9160,321,328,328,https://pabsa.impressicocrm.com/api/currency,3244,0,0
1680594079866,3297,Get Players list ,200,,Knock_out_Thread Group 1-1288,text,true,,3218,338,329,329,https://pabsa.impressicocrm.com/api/tournament/119922/players,3297,0,0
1680594082552,614,Home page ,200,OK,Knock_out_Thread Group 1-1436,text,true,,3033,309,329,329,https://pabsa.impressicocrm.com/,613,0,234
1680594079924,3262,Get Home page country ,200,,Knock_out_Thread Group 1-1406,text,true,,17270,320,329,329,https://pabsa.impressicocrm.com/api/country,3262,0,0
1680594079033,4161,Get tournament result,200,,Knock_out_Thread Group 1-1121,text,true,,5441,338,329,329,https://pabsa.impressicocrm.com/api/tournament/119922/matches,4161,0,0
1680594079727,3473,Get Players schedule,200,,Knock_out_Thread Group 1-1164,text,true,,5441,338,329,329,https://pabsa.impressicocrm.com/api/tournament/119922/matches,3473,0,0
1680594079924,3278,Get Break list ,200,,Knock_out_Thread Group 1-1213,text,true,,3218,338,329,329,https://pabsa.impressicocrm.com/api/tournament/119922/players,3278,0,0
1680594079543,3662,Get knockout players list ,200,,Knock_out_Thread Group 1-1194,text,true,,4591,340,329,329,https://pabsa.impressicocrm.com/api/tournament/118871/knockouts,3662,0,0
1680594079568,3637,Get Home page country ,200,,Knock_out_Thread Group 1-1399,text,true,,17270,320,329,329,https://pabsa.impressicocrm.com/api/country,3637,0,0
1680594080007,3201,Get Players list ,200,,Knock_out_Thread Group 1-1268,text,true,,3218,338,329,329,https://pabsa.impressicocrm.com/api/tournament/119922/players,3201,0,0
1680594077772,5450,Get knockout players list ,200,,Knock_out_Thread Group 1-1196,text,true,,4598,340,329,329,https://pabsa.impressicocrm.com/api/tournament/118871/knockouts,5450,0,0
1680594077721,5516,Get Break list ,200,,Knock_out_Thread Group 1-1244,text,true,,3218,338,329,329,https://pabsa.impressicocrm.com/api/tournament/119922/players,5516,0,0
1680594079678,3559,Get Players list ,200,,Knock_out_Thread Group 1-1292,text,true,,3218,338,329,329,https://pabsa.impressicocrm.com/api/tournament/119922/players,3559,0,0
1680594079942,3295,Get Players list ,200,,Knock_out_Thread Group 1-1295,text,true,,3218,338,329,329,https://pabsa.impressicocrm.com/api/tournament/119922/players,3295,0,0
1680594079825,3434,Get knockout players list ,200,,Knock_out_Thread Group 1-1176,text,true,,4598,340,330,330,https://pabsa.impressicocrm.com/api/tournament/118871/knockouts,3434,0,0
1680594081394,1886,Get Break list ,200,,Knock_out_Thread Group 1-1266,text,true,,3218,338,330,330,https://pabsa.impressicocrm.com/api/tournament/119922/players,1886,0,0
1680594079942,3362,Get Home page currency,200,,Knock_out_Thread Group 1-1343,text,true,,9160,321,330,330,https://pabsa.impressicocrm.com/api/currency,3362,0,0
1680594080081,3225,Get single knockout Player details,200,,Knock_out_Thread Group 1-1165,text,true,,1210,326,330,330,https://pabsa.impressicocrm.com/api/player/110368,3225,0,0
1680594080046,3265,Get Break list ,200,,Knock_out_Thread Group 1-1253,text,true,,3218,338,330,330,https://pabsa.impressicocrm.com/api/tournament/119922/players,3265,0,0
1680594080025,3286,Get Home page currency,200,,Knock_out_Thread Group 1-1346,text,true,,9160,321,330,330,https://pabsa.impressicocrm.com/api/currency,3286,0,0
1680594080044,3268,Get Break list ,200,,Knock_out_Thread Group 1-1269,text,true,,3218,338,330,330,https://pabsa.impressicocrm.com/api/tournament/119922/players,3268,0,0
1680594078593,4721,Get tournamnent list ,200,,Knock_out_Thread Group 1-1353,text,true,,58888,389,330,330,https://pabsa.impressicocrm.com/api/tournament?limit=12&pageNumber=1&sportType=&tournamentName=&tournamentStyle=,3864,0,0
1680594079875,3447,Get tournament result,200,,Knock_out_Thread Group 1-1116,text,true,,5441,338,330,330,https://pabsa.impressicocrm.com/api/tournament/119922/matches,3447,0,0
1680594077714,5619,Get tournamnent list ,200,,Knock_out_Thread Group 1-1340,text,true,,58880,389,330,330,https://pabsa.impressicocrm.com/api/tournament?limit=12&pageNumber=1&sportType=&tournamentName=&tournamentStyle=,3833,0,0
1680594079992,3384,Get Break list ,200,,Knock_out_Thread Group 1-1243,text,true,,3218,338,331,331,https://pabsa.impressicocrm.com/api/tournament/119922/players,3384,0,0
1680594080060,3319,Get Home page currency,200,,Knock_out_Thread Group 1-1315,text,true,,9160,321,331,331,https://pabsa.impressicocrm.com/api/currency,3319,0,0
1680594080067,3318,Get playerA_Vs_playerB,200,,Knock_out_Thread Group 1-1118,text,true,,1239,341,331,331,https://pabsa.impressicocrm.com/api/tournament/matchScore/147598,3318,0,0
1680594079717,3677,Get knockout players list ,200,,Knock_out_Thread Group 1-1180,text,true,,4598,340,330,330,https://pabsa.impressicocrm.com/api/tournament/118871/knockouts,3677,0,0
1680594079984,3415,Get knockout players list ,200,,Knock_out_Thread Group 1-1177,text,true,,4598,340,330,330,https://pabsa.impressicocrm.com/api/tournament/118871/knockouts,3415,0,0
1680594079984,3429,Get tournament result,200,,Knock_out_Thread Group 1-1153,text,true,,5441,338,330,330,https://pabsa.impressicocrm.com/api/tournament/119922/matches,3429,0,0
1680594082655,798,Home page ,200,OK,Knock_out_Thread Group 1-1437,text,true,,3033,309,331,331,https://pabsa.impressicocrm.com/,798,0,678
1680594078022,5436,Get Home page country ,200,,Knock_out_Thread Group 1-1388,text,true,,17270,320,331,331,https://pabsa.impressicocrm.com/api/country,5430,0,0
1680594080106,3352,Get Players list ,200,,Knock_out_Thread Group 1-1280,text,true,,3218,338,331,331,https://pabsa.impressicocrm.com/api/tournament/119922/players,3352,0,0
1680594080139,3326,Get playerA_Vs_playerB,200,,Knock_out_Thread Group 1-1125,text,true,,1239,341,331,331,https://pabsa.impressicocrm.com/api/tournament/matchScore/147598,3326,0,0
1680594079984,3481,Get Players schedule,200,,Knock_out_Thread Group 1-1231,text,true,,5441,338,331,331,https://pabsa.impressicocrm.com/api/tournament/119922/matches,3481,0,0
1680594078671,4794,Get tournamnent list ,200,,Knock_out_Thread Group 1-1342,text,true,,58865,389,331,331,https://pabsa.impressicocrm.com/api/tournament?limit=12&pageNumber=1&sportType=&tournamentName=&tournamentStyle=,3883,0,0
1680594082752,713,Home page ,200,OK,Knock_out_Thread Group 1-1438,text,true,,3033,309,331,331,https://pabsa.impressicocrm.com/,713,0,628
1680594080137,3372,Get Home page country ,200,,Knock_out_Thread Group 1-1407,text,true,,17270,320,330,330,https://pabsa.impressicocrm.com/api/country,3365,0,0
1680594083153,356,Home page ,200,OK,Knock_out_Thread Group 1-1442,text,true,,3033,309,330,330,https://pabsa.impressicocrm.com/,356,0,268
1680594080202,3314,Get playerA_Vs_playerB,200,,Knock_out_Thread Group 1-1142,text,true,,1239,341,330,330,https://pabsa.impressicocrm.com/api/tournament/matchScore/147598,3314,0,0
1680594079983,3540,Get tournament result,200,,Knock_out_Thread Group 1-1130,text,true,,5441,338,329,329,https://pabsa.impressicocrm.com/api/tournament/119922/matches,3540,0,0
1680594078746,4789,Get tournamnent list ,200,,Knock_out_Thread Group 1-1356,text,true,,58880,389,329,329,https://pabsa.impressicocrm.com/api/tournament?limit=12&pageNumber=1&sportType=&tournamentName=&tournamentStyle=,3882,0,0
1680594078518,5050,Get tournamnent list ,200,,Knock_out_Thread Group 1-1358,text,true,,58880,389,330,330,https://pabsa.impressicocrm.com/api/tournament?limit=12&pageNumber=1&sportType=&tournamentName=&tournamentStyle=,3935,0,0
1680594083252,321,Home page ,200,OK,Knock_out_Thread Group 1-1443,text,true,,3033,309,330,330,https://pabsa.impressicocrm.com/,320,0,250
1680594080119,3457,Get Home page country ,200,,Knock_out_Thread Group 1-1409,text,true,,17270,320,330,330,https://pabsa.impressicocrm.com/api/country,3456,0,0
1680594078582,4996,Get tournamnent list ,200,,Knock_out_Thread Group 1-1347,text,true,,58865,389,330,330,https://pabsa.impressicocrm.com/api/tournament?limit=12&pageNumber=1&sportType=&tournamentName=&tournamentStyle=,4200,0,0
1680594080007,3579,Get tournament result,200,,Knock_out_Thread Group 1-1127,text,true,,5441,338,330,330,https://pabsa.impressicocrm.com/api/tournament/119922/matches,3579,0,0
1680594082123,1463,Get Players list ,200,,Knock_out_Thread Group 1-1314,text,true,,3218,338,330,330,https://pabsa.impressicocrm.com/api/tournament/119922/players,1463,0,0
1680594082053,1542,Home page ,200,OK,Knock_out_Thread Group 1-1431,text,true,,3033,309,330,330,https://pabsa.impressicocrm.com/,1541,0,1363
1680594080044,3597,Get Players schedule,200,,Knock_out_Thread Group 1-1220,text,true,,5441,338,330,330,https://pabsa.impressicocrm.com/api/tournament/119922/matches,3597,0,0
1680594080193,3454,Get Home page country ,200,,Knock_out_Thread Group 1-1403,text,true,,17270,320,330,330,https://pabsa.impressicocrm.com/api/country,3454,0,0
1680594080060,3592,Get Home page currency,200,,Knock_out_Thread Group 1-1328,text,true,,9160,321,331,331,https://pabsa.impressicocrm.com/api/currency,3592,0,0
1680594079344,4308,Get tournamnent list ,200,,Knock_out_Thread Group 1-1366,text,true,,58880,389,331,331,https://pabsa.impressicocrm.com/api/tournament?limit=12&pageNumber=1&sportType=&tournamentName=&tournamentStyle=,3725,0,0
1680594080117,3535,Get tournament result,200,,Knock_out_Thread Group 1-1152,text,true,,5441,338,331,331,https://pabsa.impressicocrm.com/api/tournament/119922/matches,3535,0,0
1680594080106,3553,Get Players schedule,200,,Knock_out_Thread Group 1-1238,text,true,,5441,338,331,331,https://pabsa.impressicocrm.com/api/tournament/119922/matches,3553,0,0
1680594079537,4122,Get tournamnent list ,200,,Knock_out_Thread Group 1-1359,text,true,,58888,389,331,331,https://pabsa.impressicocrm.com/api/tournament?limit=12&pageNumber=1&sportType=&tournamentName=&tournamentStyle=,3659,0,0
1680594079787,3922,Get Home page currency,200,,Knock_out_Thread Group 1-1324,text,true,,9160,321,331,331,https://pabsa.impressicocrm.com/api/currency,3922,0,0
1680594082254,1455,Home page ,200,OK,Knock_out_Thread Group 1-1433,text,true,,3033,309,331,331,https://pabsa.impressicocrm.com/,1455,0,1307
1680594077876,5842,Get knockout players list ,200,,Knock_out_Thread Group 1-1179,text,true,,4598,340,331,331,https://pabsa.impressicocrm.com/api/tournament/118871/knockouts,5842,0,0
1680594080054,3664,Get Home page currency,200,,Knock_out_Thread Group 1-1322,text,true,,9160,321,331,331,https://pabsa.impressicocrm.com/api/currency,3664,0,0
1680594080407,3311,Get knockout players list ,200,,Knock_out_Thread Group 1-1204,text,true,,4598,340,331,331,https://pabsa.impressicocrm.com/api/tournament/118871/knockouts,3311,0,0
1680594080150,3571,Get tournament result,200,,Knock_out_Thread Group 1-1151,text,true,,5441,338,331,331,https://pabsa.impressicocrm.com/api/tournament/119922/matches,3571,0,0
1680594079623,4102,Get tournamnent list ,200,,Knock_out_Thread Group 1-1368,text,true,,58888,389,331,331,https://pabsa.impressicocrm.com/api/tournament?limit=12&pageNumber=1&sportType=&tournamentName=&tournamentStyle=,3494,0,0
1680594080163,3566,Get tournament result,200,,Knock_out_Thread Group 1-1157,text,true,,5441,338,331,331,https://pabsa.impressicocrm.com/api/tournament/119922/matches,3566,0,0
1680594083352,377,Home page ,200,OK,Knock_out_Thread Group 1-1444,text,true,,3033,309,331,331,https://pabsa.impressicocrm.com/,377,0,295
1680594080354,3379,Get Home page currency,200,,Knock_out_Thread Group 1-1311,text,true,,9160,321,331,331,https://pabsa.impressicocrm.com/api/currency,3379,0,0
1680594080276,3460,Get Home page country ,200,,Knock_out_Thread Group 1-1410,text,true,,17270,320,331,331,https://pabsa.impressicocrm.com/api/country,3457,0,0
1680594080152,3596,Get Home page country ,200,,Knock_out_Thread Group 1-1405,text,true,,17270,320,331,331,https://pabsa.impressicocrm.com/api/country,3596,0,0
1680594080413,3352,Get Home page country ,200,,Knock_out_Thread Group 1-1412,text,true,,17270,320,332,332,https://pabsa.impressicocrm.com/api/country,3346,0,0
1680594080183,3587,Get Home page currency,200,,Knock_out_Thread Group 1-1325,text,true,,9160,321,332,332,https://pabsa.impressicocrm.com/api/currency,3587,0,0
1680594083452,326,Home page ,200,OK,Knock_out_Thread Group 1-1445,text,true,,3033,309,332,332,https://pabsa.impressicocrm.com/,326,0,254
1680594079888,3897,Get tournamnent list ,200,,Knock_out_Thread Group 1-1371,text,true,,58880,389,332,332,https://pabsa.impressicocrm.com/api/tournament?limit=12&pageNumber=1&sportType=&tournamentName=&tournamentStyle=,3506,0,0
1680594080265,3520,Get Players schedule,200,,Knock_out_Thread Group 1-1256,text,true,,5441,338,332,332,https://pabsa.impressicocrm.com/api/tournament/119922/matches,3520,0,0
1680594083053,742,Home page ,200,OK,Knock_out_Thread Group 1-1441,text,true,,3033,309,332,332,https://pabsa.impressicocrm.com/,742,0,653
1680594080405,3401,Get Players list ,200,,Knock_out_Thread Group 1-1278,text,true,,3218,338,332,332,https://pabsa.impressicocrm.com/api/tournament/119922/players,3401,0,0
1680594080077,3748,Get tournamnent list ,200,,Knock_out_Thread Group 1-1376,text,true,,58888,389,332,332,https://pabsa.impressicocrm.com/api/tournament?limit=12&pageNumber=1&sportType=&tournamentName=&tournamentStyle=,3570,0,0
1680594080237,3602,Get Home page currency,200,,Knock_out_Thread Group 1-1303,text,true,,9160,321,332,332,https://pabsa.impressicocrm.com/api/currency,3602,0,0
1680594080461,3407,Get Home page currency,200,,Knock_out_Thread Group 1-1313,text,true,,9160,321,333,333,https://pabsa.impressicocrm.com/api/currency,3407,0,0
1680594083552,316,Home page ,200,OK,Knock_out_Thread Group 1-1446,text,true,,3033,309,333,333,https://pabsa.impressicocrm.com/,316,0,243
1680594080466,3407,Get knockout players list ,200,,Knock_out_Thread Group 1-1202,text,true,,4591,340,333,333,https://pabsa.impressicocrm.com/api/tournament/118871/knockouts,3407,0,0
1680594080277,3599,Get tournament result,200,,Knock_out_Thread Group 1-1161,text,true,,5441,338,333,333,https://pabsa.impressicocrm.com/api/tournament/119922/matches,3599,0,0
1680594080512,3367,Get playerA_Vs_playerB,200,,Knock_out_Thread Group 1-1141,text,true,,1239,341,333,333,https://pabsa.impressicocrm.com/api/tournament/matchScore/147598,3367,0,0
1680594080352,3536,Get Home page currency,200,,Knock_out_Thread Group 1-1323,text,true,,9160,321,332,332,https://pabsa.impressicocrm.com/api/currency,3536,0,0
1680594080461,3441,Get Home page currency,200,,Knock_out_Thread Group 1-1326,text,true,,9160,321,332,332,https://pabsa.impressicocrm.com/api/currency,3441,0,0
1680594079727,4194,Get tournamnent list ,200,,Knock_out_Thread Group 1-1374,text,true,,58880,389,332,332,https://pabsa.impressicocrm.com/api/tournament?limit=12&pageNumber=1&sportType=&tournamentName=&tournamentStyle=,3548,0,0
1680594080469,3483,Get Players list ,200,,Knock_out_Thread Group 1-1265,text,true,,3218,338,333,333,https://pabsa.impressicocrm.com/api/tournament/119922/players,3483,0,0
1680594083653,307,Home page ,200,OK,Knock_out_Thread Group 1-1447,text,true,,3033,309,333,333,https://pabsa.impressicocrm.com/,307,0,230
1680594080663,3339,Get knockout players list ,200,,Knock_out_Thread Group 1-1221,text,true,,4598,340,333,333,https://pabsa.impressicocrm.com/api/tournament/118871/knockouts,3339,0,0
1680594080632,3382,Get playerA_Vs_playerB,200,,Knock_out_Thread Group 1-1031,text,true,,1239,341,333,333,https://pabsa.impressicocrm.com/api/tournament/matchScore/147598,3382,0,0
1680594080418,3596,Get tournament result,200,,Knock_out_Thread Group 1-1175,text,true,,5441,338,333,333,https://pabsa.impressicocrm.com/api/tournament/119922/matches,3596,0,0
1680594080544,3476,Get knockout players list ,200,,Knock_out_Thread Group 1-1193,text,true,,4598,340,332,332,https://pabsa.impressicocrm.com/api/tournament/118871/knockouts,3476,0,0
1680594080712,3346,Get single knockout Player details,200,,Knock_out_Thread Group 1-1171,text,true,,1210,326,333,333,https://pabsa.impressicocrm.com/api/player/110368,3346,0,0
1680594080724,3340,Get single knockout Player details,200,,Knock_out_Thread Group 1-1191,text,true,,1210,326,333,333,https://pabsa.impressicocrm.com/api/player/110368,3340,0,0
1680594080718,3351,Get Home page currency,200,,Knock_out_Thread Group 1-1336,text,true,,9160,321,333,333,https://pabsa.impressicocrm.com/api/currency,3351,0,0
1680594080666,3403,Get Home page currency,200,,Knock_out_Thread Group 1-1333,text,true,,9153,321,333,333,https://pabsa.impressicocrm.com/api/currency,3403,0,0
1680594080752,3317,Get single knockout Player details,200,,Knock_out_Thread Group 1-1187,text,true,,1210,326,333,333,https://pabsa.impressicocrm.com/api/player/110368,3317,0,0
1680594080527,3546,Get Home page country ,200,,Knock_out_Thread Group 1-1411,text,true,,17270,320,333,333,https://pabsa.impressicocrm.com/api/country,3545,0,0
1680594080634,3443,Get playerA_Vs_playerB,200,,Knock_out_Thread Group 1-1117,text,true,,1239,341,333,333,https://pabsa.impressicocrm.com/api/tournament/matchScore/147598,3443,0,0
1680594080752,3325,Get single knockout Player details,200,,Knock_out_Thread Group 1-1159,text,true,,1210,326,333,333,https://pabsa.impressicocrm.com/api/player/110368,3325,0,0
1680594080447,3635,Get Players schedule,200,,Knock_out_Thread Group 1-1281,text,true,,5441,338,332,332,https://pabsa.impressicocrm.com/api/tournament/119922/matches,3635,0,0
1680594080683,3408,Get Break list ,200,,Knock_out_Thread Group 1-1275,text,true,,3218,338,332,332,https://pabsa.impressicocrm.com/api/tournament/119922/players,3408,0,0
1680594080683,3417,Get Home page country ,200,,Knock_out_Thread Group 1-1414,text,true,,17255,320,332,332,https://pabsa.impressicocrm.com/api/country,3417,0,0
1680594080718,3406,Get Break list ,200,,Knock_out_Thread Group 1-1267,text,true,,3218,338,332,332,https://pabsa.impressicocrm.com/api/tournament/119922/players,3406,0,0
1680594080675,3471,Get Home page country ,200,,Knock_out_Thread Group 1-1413,text,true,,17270,320,332,332,https://pabsa.impressicocrm.com/api/country,3471,0,0
1680594080718,3437,Get Home page country ,200,,Knock_out_Thread Group 1-1404,text,true,,17255,320,333,333,https://pabsa.impressicocrm.com/api/country,3437,0,0
1680594080447,3715,Get tournament result,200,,Knock_out_Thread Group 1-1163,text,true,,5441,338,333,333,https://pabsa.impressicocrm.com/api/tournament/119922/matches,3714,0,0
1680594080186,3975,Get tournamnent list ,200,,Knock_out_Thread Group 1-1369,text,true,,58888,389,333,333,https://pabsa.impressicocrm.com/api/tournament?limit=12&pageNumber=1&sportType=&tournamentName=&tournamentStyle=,3646,0,0
1680594080776,3390,Get playerA_Vs_playerB,200,,Knock_out_Thread Group 1-1131,text,true,,1239,341,333,333,https://pabsa.impressicocrm.com/api/tournament/matchScore/147598,3390,0,0
1680594080900,3286,Get knockout players list ,200,,Knock_out_Thread Group 1-1210,text,true,,4598,340,332,332,https://pabsa.impressicocrm.com/api/tournament/118871/knockouts,3286,0,0
1680594080748,3452,Get Break list ,200,,Knock_out_Thread Group 1-1250,text,true,,3218,338,332,332,https://pabsa.impressicocrm.com/api/tournament/119922/players,3452,0,0
1680594080511,3695,Get tournament result,200,,Knock_out_Thread Group 1-1143,text,true,,5441,338,332,332,https://pabsa.impressicocrm.com/api/tournament/119922/matches,3695,0,0
1680594080900,3337,Get playerA_Vs_playerB,200,,Knock_out_Thread Group 1-1135,text,true,,1239,341,332,332,https://pabsa.impressicocrm.com/api/tournament/matchScore/147598,3337,0,0
1680594080861,3383,Get Home page country ,200,,Knock_out_Thread Group 1-1416,text,true,,17255,320,331,331,https://pabsa.impressicocrm.com/api/country,3383,0,0
1680594078943,5301,Get Home page currency,200,,Knock_out_Thread Group 1-1318,text,true,,9160,321,331,331,https://pabsa.impressicocrm.com/api/currency,5301,0,0
1680594080685,3559,Get Home page currency,200,,Knock_out_Thread Group 1-1329,text,true,,9153,321,331,331,https://pabsa.impressicocrm.com/api/currency,3559,0,0
1680594080650,3601,Get knockout players list ,200,,Knock_out_Thread Group 1-1207,text,true,,4591,340,331,331,https://pabsa.impressicocrm.com/api/tournament/118871/knockouts,3601,0,0
1680594080592,3664,Get Players schedule,200,,Knock_out_Thread Group 1-1237,text,true,,5441,338,332,332,https://pabsa.impressicocrm.com/api/tournament/119922/matches,3664,0,0
1680594080551,3707,Get playerA_Vs_playerB,200,,Knock_out_Thread Group 1-1091,text,true,,1239,341,332,332,https://pabsa.impressicocrm.com/api/tournament/matchScore/147598,3707,0,0
1680594083854,418,Home page ,200,OK,Knock_out_Thread Group 1-1449,text,true,,3033,309,331,331,https://pabsa.impressicocrm.com/,418,0,241
1680594083953,331,Home page ,200,OK,Knock_out_Thread Group 1-1450,text,true,,3033,309,331,331,https://pabsa.impressicocrm.com/,331,0,253
1680594080562,3739,Get knockout players list ,200,,Knock_out_Thread Group 1-1184,text,true,,4598,340,331,331,https://pabsa.impressicocrm.com/api/tournament/118871/knockouts,3739,0,0
1680594080957,3347,Get Break list ,200,,Knock_out_Thread Group 1-1239,text,true,,3218,338,331,331,https://pabsa.impressicocrm.com/api/tournament/119922/players,3347,0,0
1680594080773,3537,Get Home page country ,200,,Knock_out_Thread Group 1-1415,text,true,,17270,320,331,331,https://pabsa.impressicocrm.com/api/country,3537,0,0
1680594080663,3655,Get Home page currency,200,,Knock_out_Thread Group 1-1338,text,true,,9153,321,331,331,https://pabsa.impressicocrm.com/api/currency,3655,0,0
1680594079735,4583,Get tournamnent list ,200,,Knock_out_Thread Group 1-1357,text,true,,58880,389,331,331,https://pabsa.impressicocrm.com/api/tournament?limit=12&pageNumber=1&sportType=&tournamentName=&tournamentStyle=,3766,0,0
1680594080967,3362,Get playerA_Vs_playerB,200,,Knock_out_Thread Group 1-1115,text,true,,1239,341,331,331,https://pabsa.impressicocrm.com/api/tournament/matchScore/147598,3362,0,0
1680594080958,3389,Get Home page country ,200,,Knock_out_Thread Group 1-1417,text,true,,17270,320,330,330,https://pabsa.impressicocrm.com/api/country,3389,0,0
1680594083753,639,Home page ,200,OK,Knock_out_Thread Group 1-1448,text,true,,3033,309,331,331,https://pabsa.impressicocrm.com/,639,0,546
1680594084052,343,Home page ,200,OK,Knock_out_Thread Group 1-1451,text,true,,3033,309,331,331,https://pabsa.impressicocrm.com/,343,0,258
1680594080979,3425,Get Home page country ,200,,Knock_out_Thread Group 1-1401,text,true,,17270,320,331,331,https://pabsa.impressicocrm.com/api/country,3425,0,0
1680594080740,3670,Get Players schedule,200,,Knock_out_Thread Group 1-1236,text,true,,5441,338,331,331,https://pabsa.impressicocrm.com/api/tournament/119922/matches,3670,0,0
1680594082852,1558,Home page ,200,OK,Knock_out_Thread Group 1-1439,text,true,,3033,309,331,331,https://pabsa.impressicocrm.com/,1558,0,1389
1680594081087,3327,Get Home page currency,200,,Knock_out_Thread Group 1-1337,text,true,,9160,321,331,331,https://pabsa.impressicocrm.com/api/currency,3327,0,0
1680594081172,3249,Get knockout players list ,200,,Knock_out_Thread Group 1-1217,text,true,,4591,340,331,331,https://pabsa.impressicocrm.com/api/tournament/118871/knockouts,3249,0,0
1680594081007,3418,Get Break list ,200,,Knock_out_Thread Group 1-1260,text,true,,3218,338,331,331,https://pabsa.impressicocrm.com/api/tournament/119922/players,3418,0,0
1680594079984,4441,Get tournamnent list ,200,,Knock_out_Thread Group 1-1367,text,true,,58880,389,331,331,https://pabsa.impressicocrm.com/api/tournament?limit=12&pageNumber=1&sportType=&tournamentName=&tournamentStyle=,3781,0,0
1680594076997,7437,Get Players list ,200,,Knock_out_Thread Group 1-1252,text,true,,3218,338,331,331,https://pabsa.impressicocrm.com/api/tournament/119922/players,7437,0,0
1680594080065,4379,Get tournamnent list ,200,,Knock_out_Thread Group 1-1375,text,true,,58865,389,331,331,https://pabsa.impressicocrm.com/api/tournament?limit=12&pageNumber=1&sportType=&tournamentName=&tournamentStyle=,3599,0,0
1680594080904,3548,Get Players schedule,200,,Knock_out_Thread Group 1-1225,text,true,,5441,338,332,332,https://pabsa.impressicocrm.com/api/tournament/119922/matches,3548,0,0
1680594081138,3320,Get playerA_Vs_playerB,200,,Knock_out_Thread Group 1-1106,text,true,,1239,341,332,332,https://pabsa.impressicocrm.com/api/tournament/matchScore/147598,3320,0,0
1680594081040,3419,Get Home page currency,200,,Knock_out_Thread Group 1-1334,text,true,,9160,321,332,332,https://pabsa.impressicocrm.com/api/currency,3419,0,0
1680594081119,3351,Get knockout players list ,200,,Knock_out_Thread Group 1-1181,text,true,,4598,340,331,331,https://pabsa.impressicocrm.com/api/tournament/118871/knockouts,3351,0,0
1680594080287,4190,Get Players schedule,200,,Knock_out_Thread Group 1-1254,text,true,,5441,338,331,331,https://pabsa.impressicocrm.com/api/tournament/119922/matches,4190,0,0
1680594081274,3203,Get knockout players list ,200,,Knock_out_Thread Group 1-1208,text,true,,4598,340,331,331,https://pabsa.impressicocrm.com/api/tournament/118871/knockouts,3203,0,0
1680594080521,3960,Get tournament result,200,,Knock_out_Thread Group 1-1136,text,true,,5435,338,331,331,https://pabsa.impressicocrm.com/api/tournament/119922/matches,3960,0,0
1680594084153,329,Home page ,200,OK,Knock_out_Thread Group 1-1452,text,true,,3033,309,331,331,https://pabsa.impressicocrm.com/,329,0,258
1680594081274,3213,Get playerA_Vs_playerB,200,,Knock_out_Thread Group 1-1137,text,true,,1239,341,331,331,https://pabsa.impressicocrm.com/api/tournament/matchScore/147598,3213,0,0
1680594078657,5830,Get tournamnent list ,200,,Knock_out_Thread Group 1-1354,text,true,,58880,389,331,331,https://pabsa.impressicocrm.com/api/tournament?limit=12&pageNumber=1&sportType=&tournamentName=&tournamentStyle=,4217,0,0
1680594079189,5300,Get Break list ,200,,Knock_out_Thread Group 1-1229,text,true,,3218,338,330,330,https://pabsa.impressicocrm.com/api/tournament/119922/players,5300,0,0
1680594081205,3295,Get Break list ,200,,Knock_out_Thread Group 1-1279,text,true,,3218,338,330,330,https://pabsa.impressicocrm.com/api/tournament/119922/players,3295,0,0
1680594081088,3412,Get Players list ,200,,Knock_out_Thread Group 1-1297,text,true,,3218,338,330,330,https://pabsa.impressicocrm.com/api/tournament/119922/players,3412,0,0
1680594080752,3755,Get Home page currency,200,,Knock_out_Thread Group 1-1327,text,true,,9160,321,330,330,https://pabsa.impressicocrm.com/api/currency,3755,0,0
1680594080758,3759,Get tournament result,200,,Knock_out_Thread Group 1-1166,text,true,,5441,338,330,330,https://pabsa.impressicocrm.com/api/tournament/119922/matches,3759,0,0
1680594080721,3803,Get Home page country ,200,,Knock_out_Thread Group 1-1402,text,true,,17270,320,330,330,https://pabsa.impressicocrm.com/api/country,3796,0,0
1680594080152,4390,Get tournamnent list ,200,,Knock_out_Thread Group 1-1377,text,true,,58888,389,330,330,https://pabsa.impressicocrm.com/api/tournament?limit=12&pageNumber=1&sportType=&tournamentName=&tournamentStyle=,3724,0,0
1680594081295,3259,Get playerA_Vs_playerB,200,,Knock_out_Thread Group 1-1145,text,true,,1239,341,331,331,https://pabsa.impressicocrm.com/api/tournament/matchScore/147598,3259,0,0
1680594081164,3390,Get Home page country ,200,,Knock_out_Thread Group 1-1418,text,true,,17270,320,331,331,https://pabsa.impressicocrm.com/api/country,3390,0,0
1680594081201,3353,Get Players list ,200,,Knock_out_Thread Group 1-1316,text,true,,3218,338,331,331,https://pabsa.impressicocrm.com/api/tournament/119922/players,3353,0,0
1680594079281,5281,Get knockout players list ,200,,Knock_out_Thread Group 1-1199,text,true,,4598,340,330,330,https://pabsa.impressicocrm.com/api/tournament/118871/knockouts,5281,0,0
1680594084253,313,Home page ,200,OK,Knock_out_Thread Group 1-1453,text,true,,3033,309,330,330,https://pabsa.impressicocrm.com/,313,0,240
1680594081358,3231,Get knockout players list ,200,,Knock_out_Thread Group 1-1249,text,true,,4591,340,330,330,https://pabsa.impressicocrm.com/api/tournament/118871/knockouts,3231,0,0
1680594080562,4034,Get Players list ,200,,Knock_out_Thread Group 1-1301,text,true,,3218,338,330,330,https://pabsa.impressicocrm.com/api/tournament/119922/players,4034,0,0
1680594081282,3318,Get Players list ,200,,Knock_out_Thread Group 1-1308,text,true,,3218,338,330,330,https://pabsa.impressicocrm.com/api/tournament/119922/players,3318,0,0
1680594080247,4354,Get tournamnent list ,200,,Knock_out_Thread Group 1-1378,text,true,,58888,389,330,330,https://pabsa.impressicocrm.com/api/tournament?limit=12&pageNumber=1&sportType=&tournamentName=&tournamentStyle=,3877,0,0
1680594081382,3224,Get knockout players list ,200,,Knock_out_Thread Group 1-1192,text,true,,4598,340,330,330,https://pabsa.impressicocrm.com/api/tournament/118871/knockouts,3224,0,0
1680594081341,3273,Get Home page country ,200,,Knock_out_Thread Group 1-1421,text,true,,17270,320,330,330,https://pabsa.impressicocrm.com/api/country,3273,0,0
1680594084353,270,Home page ,200,OK,Knock_out_Thread Group 1-1454,text,true,,3033,309,330,330,https://pabsa.impressicocrm.com/,270,0,202
1680594080905,3718,Get Home page country ,200,,Knock_out_Thread Group 1-1408,text,true,,17255,320,330,330,https://pabsa.impressicocrm.com/api/country,3652,0,0
1680594081088,3544,Get knockout players list ,200,,Knock_out_Thread Group 1-1174,text,true,,4591,340,330,330,https://pabsa.impressicocrm.com/api/tournament/118871/knockouts,3544,0,0
1680594081349,3305,Get Home page country ,200,,Knock_out_Thread Group 1-1420,text,true,,17270,320,331,331,https://pabsa.impressicocrm.com/api/country,3298,0,0
1680594081381,3273,Get Home page currency,200,,Knock_out_Thread Group 1-1339,text,true,,9160,321,331,331,https://pabsa.impressicocrm.com/api/currency,3273,0,0
1680594079240,5431,Get Players schedule,200,,Knock_out_Thread Group 1-1234,text,true,,5441,338,331,331,https://pabsa.impressicocrm.com/api/tournament/119922/matches,5431,0,0
1680594081353,3379,Get Players list ,200,,Knock_out_Thread Group 1-1298,text,true,,3218,338,331,331,https://pabsa.impressicocrm.com/api/tournament/119922/players,3379,0,0
1680594080808,3929,Get tournamnent list ,200,,Knock_out_Thread Group 1-1364,text,true,,58888,389,331,331,https://pabsa.impressicocrm.com/api/tournament?limit=12&pageNumber=1&sportType=&tournamentName=&tournamentStyle=,3651,0,0
1680594080786,3959,Get Home page currency,200,,Knock_out_Thread Group 1-1330,text,true,,9160,321,331,331,https://pabsa.impressicocrm.com/api/currency,3958,0,0
1680594081523,3230,Get single knockout Player details,200,,Knock_out_Thread Group 1-1162,text,true,,1210,326,332,332,https://pabsa.impressicocrm.com/api/player/110368,3230,0,0
1680594080383,4379,Get Home page currency,200,,Knock_out_Thread Group 1-1331,text,true,,9160,321,332,332,https://pabsa.impressicocrm.com/api/currency,4379,0,0
1680594081566,3207,Get knockout players list ,200,,Knock_out_Thread Group 1-1214,text,true,,4598,340,332,332,https://pabsa.impressicocrm.com/api/tournament/118871/knockouts,3207,0,0
1680594081013,3771,Get tournamnent list ,200,,Knock_out_Thread Group 1-1385,text,true,,58880,389,332,332,https://pabsa.impressicocrm.com/api/tournament?limit=12&pageNumber=1&sportType=&tournamentName=&tournamentStyle=,3595,0,0
1680594081477,3318,Get Home page country ,200,,Knock_out_Thread Group 1-1422,text,true,,17270,320,332,332,https://pabsa.impressicocrm.com/api/country,3318,0,0
1680594081536,3263,Get Home page country ,200,,Knock_out_Thread Group 1-1423,text,true,,17270,320,332,332,https://pabsa.impressicocrm.com/api/country,3263,0,0
1680594084453,350,Home page ,200,OK,Knock_out_Thread Group 1-1455,text,true,,3033,309,332,332,https://pabsa.impressicocrm.com/,350,0,280
1680594081315,3503,Get tournament result,200,,Knock_out_Thread Group 1-1150,text,true,,5441,338,332,332,https://pabsa.impressicocrm.com/api/tournament/119922/matches,3503,0,0
1680594079852,4969,Get tournamnent list ,200,,Knock_out_Thread Group 1-1332,text,true,,58880,389,332,332,https://pabsa.impressicocrm.com/api/tournament?limit=12&pageNumber=1&sportType=&tournamentName=&tournamentStyle=,3613,0,0
1680594081373,3460,Get Players schedule,200,,Knock_out_Thread Group 1-1219,text,true,,5435,338,332,332,https://pabsa.impressicocrm.com/api/tournament/119922/matches,3460,0,0
1680594078931,5926,Get Home page currency,200,,Knock_out_Thread Group 1-1310,text,true,,9160,321,333,333,https://pabsa.impressicocrm.com/api/currency,5926,0,0
1680594081399,3473,Get tournament result,200,,Knock_out_Thread Group 1-1123,text,true,,5441,338,333,333,https://pabsa.impressicocrm.com/api/tournament/119922/matches,3473,0,0
1680594081597,3318,Get playerA_Vs_playerB,200,,Knock_out_Thread Group 1-1155,text,true,,1239,341,333,333,https://pabsa.impressicocrm.com/api/tournament/matchScore/147598,3318,0,0
1680594081415,3510,Get Players schedule,200,,Knock_out_Thread Group 1-1246,text,true,,5441,338,332,332,https://pabsa.impressicocrm.com/api/tournament/119922/matches,3510,0,0
1680594079548,5382,Get Players schedule,200,,Knock_out_Thread Group 1-1227,text,true,,5441,338,332,332,https://pabsa.impressicocrm.com/api/tournament/119922/matches,5382,0,0
1680594081627,3305,Get single knockout Player details,200,,Knock_out_Thread Group 1-1132,text,true,,1210,326,332,332,https://pabsa.impressicocrm.com/api/player/110368,3305,0,0
1680594081723,3236,Get knockout players list ,200,,Knock_out_Thread Group 1-1200,text,true,,4598,340,333,333,https://pabsa.impressicocrm.com/api/tournament/118871/knockouts,3236,0,0
1680594081747,3222,Get knockout players list ,200,,Knock_out_Thread Group 1-1201,text,true,,4598,340,333,333,https://pabsa.impressicocrm.com/api/tournament/118871/knockouts,3222,0,0
1680594081595,3378,Get Players list ,200,,Knock_out_Thread Group 1-1276,text,true,,3218,338,333,333,https://pabsa.impressicocrm.com/api/tournament/119922/players,3378,0,0
1680594080447,4528,Get tournamnent list ,200,,Knock_out_Thread Group 1-1373,text,true,,58888,389,333,333,https://pabsa.impressicocrm.com/api/tournament?limit=12&pageNumber=1&sportType=&tournamentName=&tournamentStyle=,3842,0,0
1680594081422,3560,Get Home page currency,200,,Knock_out_Thread Group 1-1350,text,true,,9160,321,333,333,https://pabsa.impressicocrm.com/api/currency,3560,0,0
1680594084654,330,Home page ,200,OK,Knock_out_Thread Group 1-1457,text,true,,3033,309,333,333,https://pabsa.impressicocrm.com/,330,0,253
1680594081752,3236,Get playerA_Vs_playerB,200,,Knock_out_Thread Group 1-1146,text,true,,1239,341,333,333,https://pabsa.impressicocrm.com/api/tournament/matchScore/147598,3236,0,0
1680594082953,2044,Home page ,200,OK,Knock_out_Thread Group 1-1440,text,true,,3033,309,332,332,https://pabsa.impressicocrm.com/,2043,0,1399
1680594081666,3334,Get Home page currency,200,,Knock_out_Thread Group 1-1335,text,true,,9153,321,332,332,https://pabsa.impressicocrm.com/api/currency,3334,0,0
1680594081822,3182,Get single knockout Player details,200,,Knock_out_Thread Group 1-1195,text,true,,1210,326,332,332,https://pabsa.impressicocrm.com/api/player/110368,3182,0,0
1680594081628,3381,Get Home page currency,200,,Knock_out_Thread Group 1-1348,text,true,,9160,321,332,332,https://pabsa.impressicocrm.com/api/currency,3381,0,0
1680594084554,458,Home page ,200,OK,Knock_out_Thread Group 1-1456,text,true,,3033,309,332,332,https://pabsa.impressicocrm.com/,458,0,260
1680594081355,3656,Get tournamnent list ,200,,Knock_out_Thread Group 1-1387,text,true,,58880,389,332,332,https://pabsa.impressicocrm.com/api/tournament?limit=12&pageNumber=1&sportType=&tournamentName=&tournamentStyle=,3438,0,0
1680594081728,3288,Get Break list ,200,,Knock_out_Thread Group 1-1282,text,true,,3218,338,332,332,https://pabsa.impressicocrm.com/api/tournament/119922/players,3288,0,0
1680594081695,3330,Get Home page country ,200,,Knock_out_Thread Group 1-1424,text,true,,17270,320,332,332,https://pabsa.impressicocrm.com/api/country,3327,0,0
1680594080257,4775,Get tournamnent list ,200,,Knock_out_Thread Group 1-1362,text,true,,58880,389,332,332,https://pabsa.impressicocrm.com/api/tournament?limit=12&pageNumber=1&sportType=&tournamentName=&tournamentStyle=,4243,0,0
1680594081822,3251,Get playerA_Vs_playerB,200,,Knock_out_Thread Group 1-1111,text,true,,1239,341,333,333,https://pabsa.impressicocrm.com/api/tournament/matchScore/147598,3251,0,0
1680594081919,3226,Get single knockout Player details,200,,Knock_out_Thread Group 1-1198,text,true,,1210,326,332,332,https://pabsa.impressicocrm.com/api/player/110368,3226,0,0
1680594081526,3621,Get Players schedule,200,,Knock_out_Thread Group 1-1240,text,true,,5441,338,332,332,https://pabsa.impressicocrm.com/api/tournament/119922/matches,3621,0,0
1680594081836,3311,Get Break list ,200,,Knock_out_Thread Group 1-1299,text,true,,3218,338,332,332,https://pabsa.impressicocrm.com/api/tournament/119922/players,3311,0,0
1680594081805,3342,Get Players list ,200,,Knock_out_Thread Group 1-1349,text,true,,3218,338,332,332,https://pabsa.impressicocrm.com/api/tournament/119922/players,3342,0,0
1680594081920,3284,Get knockout players list ,200,,Knock_out_Thread Group 1-1215,text,true,,4598,340,333,333,https://pabsa.impressicocrm.com/api/tournament/118871/knockouts,3284,0,0
1680594081886,3320,Get playerA_Vs_playerB,200,,Knock_out_Thread Group 1-1138,text,true,,1239,341,333,333,https://pabsa.impressicocrm.com/api/tournament/matchScore/147598,3320,0,0
1680594081981,3225,Get playerA_Vs_playerB,200,,Knock_out_Thread Group 1-1134,text,true,,1239,341,333,333,https://pabsa.impressicocrm.com/api/tournament/matchScore/147598,3225,0,0
1680594081597,3609,Get Players schedule,200,,Knock_out_Thread Group 1-1232,text,true,,5441,338,333,333,https://pabsa.impressicocrm.com/api/tournament/119922/matches,3609,0,0
1680594082041,3165,Get single knockout Player details,200,,Knock_out_Thread Group 1-1189,text,true,,1210,326,333,333,https://pabsa.impressicocrm.com/api/player/110368,3165,0,0
1680594082034,3172,Get knockout players list ,200,,Knock_out_Thread Group 1-1233,text,true,,4598,340,333,333,https://pabsa.impressicocrm.com/api/tournament/118871/knockouts,3172,0,0
1680594081853,3353,Get Break list ,200,,Knock_out_Thread Group 1-1247,text,true,,3218,338,333,333,https://pabsa.impressicocrm.com/api/tournament/119922/players,3353,0,0
1680594081528,3689,Get tournamnent list ,200,,Knock_out_Thread Group 1-1380,text,true,,58880,389,331,331,https://pabsa.impressicocrm.com/api/tournament?limit=12&pageNumber=1&sportType=&tournamentName=&tournamentStyle=,3422,0,0
1680594081958,3263,Get Home page country ,200,,Knock_out_Thread Group 1-1427,text,true,,17270,320,331,331,https://pabsa.impressicocrm.com/api/country,3259,0,0
1680594081263,3958,Get Players schedule,200,,Knock_out_Thread Group 1-1228,text,true,,5441,338,331,331,https://pabsa.impressicocrm.com/api/tournament/119922/matches,3958,0,0
1680594081810,3423,Get Home page country ,200,,Knock_out_Thread Group 1-1425,text,true,,17270,320,331,331,https://pabsa.impressicocrm.com/api/country,3423,0,0
1680594082051,3187,Get Players list ,200,,Knock_out_Thread Group 1-1306,text,true,,3218,338,331,331,https://pabsa.impressicocrm.com/api/tournament/119922/players,3187,0,0
1680594082117,3128,Get knockout players list ,200,,Knock_out_Thread Group 1-1206,text,true,,4598,340,331,331,https://pabsa.impressicocrm.com/api/tournament/118871/knockouts,3128,0,0
1680594080713,4532,Get tournamnent list ,200,,Knock_out_Thread Group 1-1383,text,true,,58880,389,331,331,https://pabsa.impressicocrm.com/api/tournament?limit=12&pageNumber=1&sportType=&tournamentName=&tournamentStyle=,3708,0,0
1680594084188,1077,Get single knockout Player details,200,,Knock_out_Thread Group 1-1210,text,true,,1210,326,332,332,https://pabsa.impressicocrm.com/api/player/110368,1077,0,0
1680594081825,3439,Get Players schedule,200,,Knock_out_Thread Group 1-1291,text,true,,5441,338,332,332,https://pabsa.impressicocrm.com/api/tournament/119922/matches,3439,0,0
1680594080773,4492,Get tournamnent list ,200,,Knock_out_Thread Group 1-1370,text,true,,58880,389,332,332,https://pabsa.impressicocrm.com/api/tournament?limit=12&pageNumber=1&sportType=&tournamentName=&tournamentStyle=,3838,0,0
1680594082041,3234,Get Players list ,200,,Knock_out_Thread Group 1-1284,text,true,,3218,338,332,332,https://pabsa.impressicocrm.com/api/tournament/119922/players,3234,0,0
1680594083961,1315,Get Home page country ,200,,Knock_out_Thread Group 1-1447,text,true,,17270,320,332,332,https://pabsa.impressicocrm.com/api/country,1314,0,0
1680594080354,4932,Get tournamnent list ,200,,Knock_out_Thread Group 1-1351,text,true,,58880,389,332,332,https://pabsa.impressicocrm.com/api/tournament?limit=12&pageNumber=1&sportType=&tournamentName=&tournamentStyle=,3796,0,0
1680594081474,3835,Get Players schedule,200,,Knock_out_Thread Group 1-1226,text,true,,5441,338,332,332,https://pabsa.impressicocrm.com/api/tournament/119922/matches,3835,0,0
1680594084207,1108,Get playerA_Vs_playerB,200,,Knock_out_Thread Group 1-1143,text,true,,1239,341,332,332,https://pabsa.impressicocrm.com/api/tournament/matchScore/147598,1108,0,0
1680594079923,5395,Get Players list ,200,,Knock_out_Thread Group 1-1286,text,true,,3218,338,331,331,https://pabsa.impressicocrm.com/api/tournament/119922/players,5394,0,0
1680594081668,3651,Get playerA_Vs_playerB,200,,Knock_out_Thread Group 1-1119,text,true,,1239,341,331,331,https://pabsa.impressicocrm.com/api/tournament/matchScore/147598,3651,0,0
1680594082098,3228,Get Home page currency,200,,Knock_out_Thread Group 1-1344,text,true,,9160,321,330,330,https://pabsa.impressicocrm.com/api/currency,3228,0,0
1680594082101,3240,Get Home page currency,200,,Knock_out_Thread Group 1-1345,text,true,,9160,321,330,330,https://pabsa.impressicocrm.com/api/currency,3240,0,0
1680594082083,3260,Get knockout players list ,200,,Knock_out_Thread Group 1-1223,text,true,,4598,340,330,330,https://pabsa.impressicocrm.com/api/tournament/118871/knockouts,3260,0,0
1680594080023,5325,Get Break list ,200,,Knock_out_Thread Group 1-1270,text,true,,3218,338,330,330,https://pabsa.impressicocrm.com/api/tournament/119922/players,5325,0,0
1680594084163,1208,Get Home page currency,200,,Knock_out_Thread Group 1-1369,text,true,,9160,321,331,331,https://pabsa.impressicocrm.com/api/currency,1208,0,0
1680594081798,3585,Get Players schedule,200,,Knock_out_Thread Group 1-1129,text,true,,5441,338,331,331,https://pabsa.impressicocrm.com/api/tournament/119922/matches,3585,0,0
1680594082232,3157,Get single knockout Player details,200,,Knock_out_Thread Group 1-1178,text,true,,1210,326,331,331,https://pabsa.impressicocrm.com/api/player/110368,3157,0,0
1680594079144,6245,Get tournamnent list ,200,,Knock_out_Thread Group 1-1365,text,true,,58880,389,331,331,https://pabsa.impressicocrm.com/api/tournament?limit=12&pageNumber=1&sportType=&tournamentName=&tournamentStyle=,5806,0,0
1680594082089,3316,Get Break list ,200,,Knock_out_Thread Group 1-1272,text,true,,3218,338,331,331,https://pabsa.impressicocrm.com/api/tournament/119922/players,3316,0,0
1680594082114,3299,Get Players schedule,200,,Knock_out_Thread Group 1-1241,text,true,,5441,338,331,331,https://pabsa.impressicocrm.com/api/tournament/119922/matches,3299,0,0
1680594081201,4215,Get tournamnent list ,200,,Knock_out_Thread Group 1-1384,text,true,,58880,389,331,331,https://pabsa.impressicocrm.com/api/tournament?limit=12&pageNumber=1&sportType=&tournamentName=&tournamentStyle=,3676,0,0
1680594085153,272,Home page ,200,OK,Knock_out_Thread Group 1-1462,text,true,,3033,309,331,331,https://pabsa.impressicocrm.com/,272,0,206
1680594084853,607,Home page ,200,OK,Knock_out_Thread Group 1-1459,text,true,,3033,309,332,332,https://pabsa.impressicocrm.com/,607,0,527
1680594084953,508,Home page ,200,OK,Knock_out_Thread Group 1-1460,text,true,,3033,309,332,332,https://pabsa.impressicocrm.com/,508,0,427
1680594082261,3201,Get Home page country ,200,,Knock_out_Thread Group 1-1428,text,true,,17270,320,332,332,https://pabsa.impressicocrm.com/api/country,3199,0,0
1680594082238,3231,Get Home page country ,200,,Knock_out_Thread Group 1-1429,text,true,,17270,320,332,332,https://pabsa.impressicocrm.com/api/country,3229,0,0
1680594082289,3180,Get knockout players list ,200,,Knock_out_Thread Group 1-1216,text,true,,4598,340,332,332,https://pabsa.impressicocrm.com/api/tournament/118871/knockouts,3180,0,0
1680594084319,1168,Get Home page currency,200,,Knock_out_Thread Group 1-1357,text,true,,9160,321,332,332,https://pabsa.impressicocrm.com/api/currency,1167,0,0
1680594081605,3884,Get tournament result,200,,Knock_out_Thread Group 1-1168,text,true,,5441,338,332,332,https://pabsa.impressicocrm.com/api/tournament/119922/matches,3884,0,0
1680594082343,3153,Get playerA_Vs_playerB,200,,Knock_out_Thread Group 1-1112,text,true,,1239,341,332,332,https://pabsa.impressicocrm.com/api/tournament/matchScore/147598,3153,0,0
1680594082317,3196,Get Break list ,200,,Knock_out_Thread Group 1-1285,text,true,,3218,338,331,331,https://pabsa.impressicocrm.com/api/tournament/119922/players,3195,0,0
1680594085053,471,Home page ,200,OK,Knock_out_Thread Group 1-1461,text,true,,3033,309,331,331,https://pabsa.impressicocrm.com/,471,0,372
1680594082237,3288,Get Players list ,200,,Knock_out_Thread Group 1-1317,text,true,,3218,338,331,331,https://pabsa.impressicocrm.com/api/tournament/119922/players,3288,0,0
1680594081575,3957,Get tournamnent list ,200,,Knock_out_Thread Group 1-1386,text,true,,58865,389,331,331,https://pabsa.impressicocrm.com/api/tournament?limit=12&pageNumber=1&sportType=&tournamentName=&tournamentStyle=,3629,0,0
1680594082428,3119,Get Home page country ,200,,Knock_out_Thread Group 1-1426,text,true,,17270,320,331,331,https://pabsa.impressicocrm.com/api/country,3112,0,0
1680594081916,3679,Get Home page currency,200,,Knock_out_Thread Group 1-1352,text,true,,9160,321,332,332,https://pabsa.impressicocrm.com/api/currency,3679,0,0
1680594082465,3138,Get knockout players list ,200,,Knock_out_Thread Group 1-1212,text,true,,4598,340,332,332,https://pabsa.impressicocrm.com/api/tournament/118871/knockouts,3138,0,0
1680594082000,3610,Get Break list ,200,,Knock_out_Thread Group 1-1296,text,true,,3218,338,332,332,https://pabsa.impressicocrm.com/api/tournament/119922/players,3610,0,0
1680594082466,3152,Get Home page country ,200,,Knock_out_Thread Group 1-1432,text,true,,17270,320,332,332,https://pabsa.impressicocrm.com/api/country,3152,0,0
1680594079674,5961,Get tournamnent list ,200,,Knock_out_Thread Group 1-1363,text,true,,58880,389,332,332,https://pabsa.impressicocrm.com/api/tournament?limit=12&pageNumber=1&sportType=&tournamentName=&tournamentStyle=,5709,0,0
1680594085353,292,Home page ,200,OK,Knock_out_Thread Group 1-1464,text,true,,3033,309,332,332,https://pabsa.impressicocrm.com/,291,0,220
1680594082244,3404,Get Players schedule,200,,Knock_out_Thread Group 1-1205,text,true,,5441,338,332,332,https://pabsa.impressicocrm.com/api/tournament/119922/matches,3404,0,0
1680594082221,3432,Get tournament result,200,,Knock_out_Thread Group 1-1183,text,true,,5435,338,333,333,https://pabsa.impressicocrm.com/api/tournament/119922/matches,3432,0,0
1680594082217,3442,Get tournament result,200,,Knock_out_Thread Group 1-1128,text,true,,5441,338,333,333,https://pabsa.impressicocrm.com/api/tournament/119922/matches,3442,0,0
1680594082480,3214,Get Players list ,200,,Knock_out_Thread Group 1-1307,text,true,,3218,338,333,333,https://pabsa.impressicocrm.com/api/tournament/119922/players,3214,0,0
1680594084446,1263,Get Home page currency,200,,Knock_out_Thread Group 1-1375,text,true,,9160,321,333,333,https://pabsa.impressicocrm.com/api/currency,1263,0,0
1680594082195,3571,Get Players schedule,200,,Knock_out_Thread Group 1-1258,text,true,,5441,338,334,334,https://pabsa.impressicocrm.com/api/tournament/119922/matches,3571,0,0
1680594082504,3262,Get playerA_Vs_playerB,200,,Knock_out_Thread Group 1-1109,text,true,,1239,341,334,334,https://pabsa.impressicocrm.com/api/tournament/matchScore/147598,3262,0,0
1680594082525,3243,Get single knockout Player details,200,,Knock_out_Thread Group 1-1186,text,true,,1210,326,333,333,https://pabsa.impressicocrm.com/api/player/110368,3243,0,0
1680594084305,1464,Get Players schedule,200,,Knock_out_Thread Group 1-1239,text,true,,5441,338,333,333,https://pabsa.impressicocrm.com/api/tournament/119922/matches,1464,0,0
1680594080831,4944,Get tournamnent list ,200,,Knock_out_Thread Group 1-1341,text,true,,58880,389,333,333,https://pabsa.impressicocrm.com/api/tournament?limit=12&pageNumber=1&sportType=&tournamentName=&tournamentStyle=,4204,0,0
1680594082028,3746,Get tournamnent list ,200,,Knock_out_Thread Group 1-1394,text,true,,58880,389,333,333,https://pabsa.impressicocrm.com/api/tournament?limit=12&pageNumber=1&sportType=&tournamentName=&tournamentStyle=,3434,0,0
1680594085254,522,Home page ,200,OK,Knock_out_Thread Group 1-1463,text,true,,3033,309,333,333,https://pabsa.impressicocrm.com/,522,0,206
1680594082576,3233,Get single knockout Player details,200,,Knock_out_Thread Group 1-1188,text,true,,1210,326,333,333,https://pabsa.impressicocrm.com/api/player/110368,3233,0,0
1680594081544,4274,Get tournamnent list ,200,,Knock_out_Thread Group 1-1382,text,true,,58880,389,333,333,https://pabsa.impressicocrm.com/api/tournament?limit=12&pageNumber=1&sportType=&tournamentName=&tournamentStyle=,3713,0,0
1680594082488,3333,Get Players schedule,200,,Knock_out_Thread Group 1-1277,text,true,,5441,338,333,333,https://pabsa.impressicocrm.com/api/tournament/119922/matches,3333,0,0
1680594081454,4378,Get tournamnent list ,200,,Knock_out_Thread Group 1-1372,text,true,,58880,389,333,333,https://pabsa.impressicocrm.com/api/tournament?limit=12&pageNumber=1&sportType=&tournamentName=&tournamentStyle=,3905,0,0
1680594082451,3391,Get tournament result,200,,Knock_out_Thread Group 1-1139,text,true,,5441,338,333,333,https://pabsa.impressicocrm.com/api/tournament/119922/matches,3391,0,0
1680594082507,3346,Get Players list ,200,,Knock_out_Thread Group 1-1321,text,true,,3218,338,334,334,https://pabsa.impressicocrm.com/api/tournament/119922/players,3346,0,0
1680594082460,3405,Get Players schedule,200,,Knock_out_Thread Group 1-1211,text,true,,5441,338,334,334,https://pabsa.impressicocrm.com/api/tournament/119922/matches,3405,0,0
1680594082472,3396,Get Players schedule,200,,Knock_out_Thread Group 1-1294,text,true,,5441,338,334,334,https://pabsa.impressicocrm.com/api/tournament/119922/matches,3396,0,0
1680594082605,3280,Get knockout players list ,200,,Knock_out_Thread Group 1-1218,text,true,,4598,340,334,334,https://pabsa.impressicocrm.com/api/tournament/118871/knockouts,3280,0,0
1680594082565,3328,Get Break list ,200,,Knock_out_Thread Group 1-1304,text,true,,3218,338,334,334,https://pabsa.impressicocrm.com/api/tournament/119922/players,3328,0,0
1680594085653,251,Home page ,200,OK,Knock_out_Thread Group 1-1467,text,true,,3033,309,334,334,https://pabsa.impressicocrm.com/,251,0,191
1680594082662,3257,Get knockout players list ,200,,Knock_out_Thread Group 1-1203,text,true,,4598,340,334,334,https://pabsa.impressicocrm.com/api/tournament/118871/knockouts,3257,0,0
1680594082658,3286,Get Players list ,200,,Knock_out_Thread Group 1-1300,text,true,,3218,338,334,334,https://pabsa.impressicocrm.com/api/tournament/119922/players,3286,0,0
1680594082617,3354,Get knockout players list ,200,,Knock_out_Thread Group 1-1209,text,true,,4598,340,335,335,https://pabsa.impressicocrm.com/api/tournament/118871/knockouts,3354,0,0
1680594082659,3327,Get Home page country ,200,,Knock_out_Thread Group 1-1434,text,true,,17255,320,335,335,https://pabsa.impressicocrm.com/api/country,3327,0,0
1680594082480,3506,Get tournament result,200,,Knock_out_Thread Group 1-1140,text,true,,5441,338,335,335,https://pabsa.impressicocrm.com/api/tournament/119922/matches,3506,0,0
1680594082237,3772,Get Home page currency,200,,Knock_out_Thread Group 1-1355,text,true,,9160,321,335,335,https://pabsa.impressicocrm.com/api/currency,3772,0,0
1680594082668,3341,Get Home page currency,200,,Knock_out_Thread Group 1-1361,text,true,,9160,321,335,335,https://pabsa.impressicocrm.com/api/currency,3341,0,0
1680594082731,3289,Get knockout players list ,200,,Knock_out_Thread Group 1-1230,text,true,,4598,340,335,335,https://pabsa.impressicocrm.com/api/tournament/118871/knockouts,3289,0,0
1680594082041,3996,Get tournamnent list ,200,,Knock_out_Thread Group 1-1392,text,true,,58880,389,335,335,https://pabsa.impressicocrm.com/api/tournament?limit=12&pageNumber=1&sportType=&tournamentName=&tournamentStyle=,3593,0,0
1680594082455,3585,Get tournamnent list ,200,,Knock_out_Thread Group 1-1391,text,true,,58880,389,335,335,https://pabsa.impressicocrm.com/api/tournament?limit=12&pageNumber=1&sportType=&tournamentName=&tournamentStyle=,3223,0,0
1680594082706,3338,Get playerA_Vs_playerB,200,,Knock_out_Thread Group 1-1124,text,true,,1239,341,335,335,https://pabsa.impressicocrm.com/api/tournament/matchScore/147598,3338,0,0
1680594082599,3449,Get tournament result,200,,Knock_out_Thread Group 1-1167,text,true,,5441,338,334,334,https://pabsa.impressicocrm.com/api/tournament/119922/matches,3449,0,0
1680594082576,3485,Get Players schedule,200,,Knock_out_Thread Group 1-1245,text,true,,5441,338,335,335,https://pabsa.impressicocrm.com/api/tournament/119922/matches,3485,0,0
1680594082725,3345,Get Home page country ,200,,Knock_out_Thread Group 1-1435,text,true,,17255,320,335,335,https://pabsa.impressicocrm.com/api/country,3342,0,0
1680594082507,3577,Get Players schedule,200,,Knock_out_Thread Group 1-1289,text,true,,5441,338,335,335,https://pabsa.impressicocrm.com/api/tournament/119922/matches,3577,0,0
1680594085553,559,Home page ,200,OK,Knock_out_Thread Group 1-1466,text,true,,3033,309,335,335,https://pabsa.impressicocrm.com/,559,0,493
1680594085753,360,Home page ,200,OK,Knock_out_Thread Group 1-1468,text,true,,3033,309,335,335,https://pabsa.impressicocrm.com/,360,0,275
1680594082805,3309,Get knockout players list ,200,,Knock_out_Thread Group 1-1222,text,true,,4598,340,335,335,https://pabsa.impressicocrm.com/api/tournament/118871/knockouts,3309,0,0
1680594082726,3407,Get Home page country ,200,,Knock_out_Thread Group 1-1430,text,true,,17270,320,335,335,https://pabsa.impressicocrm.com/api/country,3407,0,0
1680594082576,3566,Get Players schedule,200,,Knock_out_Thread Group 1-1273,text,true,,5441,338,335,335,https://pabsa.impressicocrm.com/api/tournament/119922/matches,3566,0,0
1680594082758,3401,Get Break list ,200,,Knock_out_Thread Group 1-1305,text,true,,3218,338,336,336,https://pabsa.impressicocrm.com/api/tournament/119922/players,3401,0,0
1680594085853,308,Home page ,200,OK,Knock_out_Thread Group 1-1469,text,true,,3033,309,336,336,https://pabsa.impressicocrm.com/,308,0,235
1680594082852,3312,Get single knockout Player details,200,,Knock_out_Thread Group 1-1185,text,true,,1210,326,336,336,https://pabsa.impressicocrm.com/api/player/110368,3312,0,0
1680594082604,3560,Get Players schedule,200,,Knock_out_Thread Group 1-1251,text,true,,5441,338,336,336,https://pabsa.impressicocrm.com/api/tournament/119922/matches,3560,0,0
1680594082679,3506,Get tournament result,200,,Knock_out_Thread Group 1-1158,text,true,,5441,338,336,336,https://pabsa.impressicocrm.com/api/tournament/119922/matches,3506,0,0
1680594082442,3757,Get tournamnent list ,200,,Knock_out_Thread Group 1-1398,text,true,,58880,389,336,336,https://pabsa.impressicocrm.com/api/tournament?limit=12&pageNumber=1&sportType=&tournamentName=&tournamentStyle=,3401,0,0
1680594082622,3620,Get Players schedule,200,,Knock_out_Thread Group 1-1255,text,true,,5441,338,336,336,https://pabsa.impressicocrm.com/api/tournament/119922/matches,3620,0,0
1680594082903,3350,Get single knockout Player details,200,,Knock_out_Thread Group 1-1190,text,true,,1210,326,337,337,https://pabsa.impressicocrm.com/api/player/110368,3350,0,0
1680594082514,3742,Get tournamnent list ,200,,Knock_out_Thread Group 1-1389,text,true,,58880,389,337,337,https://pabsa.impressicocrm.com/api/tournament?limit=12&pageNumber=1&sportType=&tournamentName=&tournamentStyle=,3519,0,0
1680594082874,3382,Get Break list ,200,,Knock_out_Thread Group 1-1287,text,true,,3218,338,337,337,https://pabsa.impressicocrm.com/api/tournament/119922/players,3382,0,0
1680594084754,1508,Home page ,200,OK,Knock_out_Thread Group 1-1458,text,true,,3033,309,337,337,https://pabsa.impressicocrm.com/,1507,0,1304
1680594082874,3390,Get Break list ,200,,Knock_out_Thread Group 1-1283,text,true,,3218,338,337,337,https://pabsa.impressicocrm.com/api/tournament/119922/players,3390,0,0
1680594082884,3409,Get Break list ,200,,Knock_out_Thread Group 1-1274,text,true,,3218,338,337,337,https://pabsa.impressicocrm.com/api/tournament/119922/players,3409,0,0
1680594082038,4264,Get tournamnent list ,200,,Knock_out_Thread Group 1-1379,text,true,,58888,389,337,337,https://pabsa.impressicocrm.com/api/tournament?limit=12&pageNumber=1&sportType=&tournamentName=&tournamentStyle=,3426,0,0
1680594082926,3379,Get playerA_Vs_playerB,200,,Knock_out_Thread Group 1-1173,text,true,,1239,341,337,337,https://pabsa.impressicocrm.com/api/tournament/matchScore/147598,3379,0,0
1680594086054,259,Home page ,200,OK,Knock_out_Thread Group 1-1471,text,true,,3033,309,336,336,https://pabsa.impressicocrm.com/,259,0,194
1680594082662,3652,Get Players schedule,200,,Knock_out_Thread Group 1-1248,text,true,,5441,338,336,336,https://pabsa.impressicocrm.com/api/tournament/119922/matches,3652,0,0
1680594082738,3584,Get tournament result,200,,Knock_out_Thread Group 1-1147,text,true,,5441,338,336,336,https://pabsa.impressicocrm.com/api/tournament/119922/matches,3584,0,0
1680594082502,3841,Get tournamnent list ,200,,Knock_out_Thread Group 1-1396,text,true,,58888,389,336,336,https://pabsa.impressicocrm.com/api/tournament?limit=12&pageNumber=1&sportType=&tournamentName=&tournamentStyle=,3480,0,0
1680594082919,3429,Get Players list ,200,,Knock_out_Thread Group 1-1319,text,true,,3218,338,336,336,https://pabsa.impressicocrm.com/api/tournament/119922/players,3429,0,0
1680594082879,3472,Get Players list ,200,,Knock_out_Thread Group 1-1312,text,true,,3218,338,336,336,https://pabsa.impressicocrm.com/api/tournament/119922/players,3472,0,0
1680594082793,3597,Get Players schedule,200,,Knock_out_Thread Group 1-1262,text,true,,5435,338,337,337,https://pabsa.impressicocrm.com/api/tournament/119922/matches,3597,0,0
1680594082783,3615,Get tournament result,200,,Knock_out_Thread Group 1-1172,text,true,,5441,338,337,337,https://pabsa.impressicocrm.com/api/tournament/119922/matches,3615,0,0
1680594082948,3457,Get Break list ,200,,Knock_out_Thread Group 1-1293,text,true,,3218,338,337,337,https://pabsa.impressicocrm.com/api/tournament/119922/players,3457,0,0
1680594082801,3604,Get tournament result,200,,Knock_out_Thread Group 1-1144,text,true,,5441,338,337,337,https://pabsa.impressicocrm.com/api/tournament/119922/matches,3604,0,0
1680594082786,3626,Get tournament result,200,,Knock_out_Thread Group 1-1154,text,true,,5441,338,337,337,https://pabsa.impressicocrm.com/api/tournament/119922/matches,3626,0,0
1680594082480,3953,Get tournamnent list ,200,,Knock_out_Thread Group 1-1419,text,true,,58880,389,337,337,https://pabsa.impressicocrm.com/api/tournament?limit=12&pageNumber=1&sportType=&tournamentName=&tournamentStyle=,3361,0,0
1680594086154,313,Home page ,200,OK,Knock_out_Thread Group 1-1472,text,true,,3033,309,338,338,https://pabsa.impressicocrm.com/,313,0,233
1680594082824,3646,Get Players schedule,200,,Knock_out_Thread Group 1-1261,text,true,,5435,338,338,338,https://pabsa.impressicocrm.com/api/tournament/119922/matches,3646,0,0
1680594083020,3454,Get Break list ,200,,Knock_out_Thread Group 1-1271,text,true,,3218,338,338,338,https://pabsa.impressicocrm.com/api/tournament/119922/players,3454,0,0
1680594083026,3461,Get Players list ,200,,Knock_out_Thread Group 1-1360,text,true,,3218,338,338,338,https://pabsa.impressicocrm.com/api/tournament/119922/players,3461,0,0
1680594082477,4013,Get tournamnent list ,200,,Knock_out_Thread Group 1-1395,text,true,,58888,389,338,338,https://pabsa.impressicocrm.com/api/tournament?limit=12&pageNumber=1&sportType=&tournamentName=&tournamentStyle=,3522,0,0
1680594083116,3382,Get knockout players list ,200,,Knock_out_Thread Group 1-1235,text,true,,4591,340,338,338,https://pabsa.impressicocrm.com/api/tournament/118871/knockouts,3382,0,0
1680594082935,3588,Get tournament result,200,,Knock_out_Thread Group 1-1170,text,true,,5441,338,338,338,https://pabsa.impressicocrm.com/api/tournament/119922/matches,3588,0,0
1680594083057,3483,Get Break list ,200,,Knock_out_Thread Group 1-1290,text,true,,3218,338,338,338,https://pabsa.impressicocrm.com/api/tournament/119922/players,3483,0,0
1680594086253,289,Home page ,200,OK,Knock_out_Thread Group 1-1473,text,true,,3033,309,338,338,https://pabsa.impressicocrm.com/,288,0,219
1680594082966,3611,Get Players schedule,200,,Knock_out_Thread Group 1-1264,text,true,,5441,338,339,339,https://pabsa.impressicocrm.com/api/tournament/119922/matches,3611,0,0
1680594083148,3429,Get Players list ,200,,Knock_out_Thread Group 1-1309,text,true,,3218,338,339,339,https://pabsa.impressicocrm.com/api/tournament/119922/players,3429,0,0
1680594083201,3376,Get knockout players list ,200,,Knock_out_Thread Group 1-1164,text,true,,4598,340,339,339,https://pabsa.impressicocrm.com/api/tournament/118871/knockouts,3376,0,0
1680594083012,3590,Get tournament result,200,,Knock_out_Thread Group 1-1182,text,true,,5441,338,339,339,https://pabsa.impressicocrm.com/api/tournament/119922/matches,3590,0,0
1680594086353,250,Home page ,200,OK,Knock_out_Thread Group 1-1474,text,true,,3033,309,339,339,https://pabsa.impressicocrm.com/,250,0,188
1680594085953,662,Home page ,200,OK,Knock_out_Thread Group 1-1470,text,true,,3033,309,339,339,https://pabsa.impressicocrm.com/,662,0,573
1680594083166,3487,Get Home page country ,200,,Knock_out_Thread Group 1-1436,text,true,,17270,320,340,340,https://pabsa.impressicocrm.com/api/country,3481,0,0
1680594083124,3537,Get Break list ,200,,Knock_out_Thread Group 1-1259,text,true,,3218,338,340,340,https://pabsa.impressicocrm.com/api/tournament/119922/players,3537,0,0
1680594083130,3531,Get tournament result,200,,Knock_out_Thread Group 1-1156,text,true,,5435,338,340,340,https://pabsa.impressicocrm.com/api/tournament/119922/matches,3531,0,0
1680594083017,3665,Get Players schedule,200,,Knock_out_Thread Group 1-1263,text,true,,5435,338,340,340,https://pabsa.impressicocrm.com/api/tournament/119922/matches,3665,0,0
1680594083260,3425,Get single knockout Player details,200,,Knock_out_Thread Group 1-1176,text,true,,1210,326,340,340,https://pabsa.impressicocrm.com/api/player/110368,3425,0,0
1680594083205,3480,Get single knockout Player details,200,,Knock_out_Thread Group 1-1194,text,true,,1210,326,340,340,https://pabsa.impressicocrm.com/api/player/110368,3480,0,0
1680594083164,3529,Get Break list ,200,,Knock_out_Thread Group 1-1288,text,true,,3218,338,340,340,https://pabsa.impressicocrm.com/api/tournament/119922/players,3528,0,0
1680594083107,3586,Get Players schedule,200,,Knock_out_Thread Group 1-1257,text,true,,5441,338,340,340,https://pabsa.impressicocrm.com/api/tournament/119922/matches,3586,0,0
1680594082699,3997,Get tournamnent list ,200,,Knock_out_Thread Group 1-1381,text,true,,58880,389,340,340,https://pabsa.impressicocrm.com/api/tournament?limit=12&pageNumber=1&sportType=&tournamentName=&tournamentStyle=,3618,0,0
1680594083194,3503,Get playerA_Vs_playerB,200,,Knock_out_Thread Group 1-1121,text,true,,1239,341,340,340,https://pabsa.impressicocrm.com/api/tournament/matchScore/147598,3503,0,0
1680594083222,3481,Get single knockout Player details,200,,Knock_out_Thread Group 1-1196,text,true,,1210,326,339,339,https://pabsa.impressicocrm.com/api/player/110368,3481,0,0
1680594086454,301,Home page ,200,OK,Knock_out_Thread Group 1-1475,text,true,,3033,309,340,340,https://pabsa.impressicocrm.com/,301,0,226
1680594083237,3530,Get Break list ,200,,Knock_out_Thread Group 1-1292,text,true,,3218,338,340,340,https://pabsa.impressicocrm.com/api/tournament/119922/players,3530,0,0
1680594083237,3558,Get Break list ,200,,Knock_out_Thread Group 1-1295,text,true,,3218,338,340,340,https://pabsa.impressicocrm.com/api/tournament/119922/players,3558,0,0
1680594083304,3530,Get Players list ,200,,Knock_out_Thread Group 1-1343,text,true,,3218,338,340,340,https://pabsa.impressicocrm.com/api/tournament/119922/players,3530,0,0
1680594083323,3547,Get playerA_Vs_playerB,200,,Knock_out_Thread Group 1-1116,text,true,,1239,341,341,341,https://pabsa.impressicocrm.com/api/tournament/matchScore/147598,3547,0,0
1680594083311,3568,Get Players list ,200,,Knock_out_Thread Group 1-1346,text,true,,3218,338,340,340,https://pabsa.impressicocrm.com/api/tournament/119922/players,3568,0,0
1680594083399,3489,Get single knockout Player details,200,,Knock_out_Thread Group 1-1177,text,true,,1210,326,340,340,https://pabsa.impressicocrm.com/api/player/110368,3489,0,0
1680594083395,3499,Get single knockout Player details,200,,Knock_out_Thread Group 1-1180,text,true,,1210,326,340,340,https://pabsa.impressicocrm.com/api/player/110368,3499,0,0
1680594086553,342,Home page ,200,OK,Knock_out_Thread Group 1-1476,text,true,,3033,309,340,340,https://pabsa.impressicocrm.com/,342,0,258
1680594083465,3453,Get knockout players list ,200,,Knock_out_Thread Group 1-1231,text,true,,4598,340,340,340,https://pabsa.impressicocrm.com/api/tournament/118871/knockouts,3453,0,0
1680594083380,3546,Get Players list ,200,,Knock_out_Thread Group 1-1315,text,true,,3218,338,340,340,https://pabsa.impressicocrm.com/api/tournament/119922/players,3546,0,0
1680594083414,3521,Get playerA_Vs_playerB,200,,Knock_out_Thread Group 1-1153,text,true,,1239,341,340,340,https://pabsa.impressicocrm.com/api/tournament/matchScore/147598,3521,0,0
1680594083203,3742,Get Players schedule,200,,Knock_out_Thread Group 1-1213,text,true,,5441,338,339,339,https://pabsa.impressicocrm.com/api/tournament/119922/matches,3742,0,0
1680594083334,3622,Get Home page currency,200,,Knock_out_Thread Group 1-1340,text,true,,9160,321,340,340,https://pabsa.impressicocrm.com/api/currency,3622,0,0
1680594085453,1520,Home page ,200,OK,Knock_out_Thread Group 1-1465,text,true,,3033,309,340,340,https://pabsa.impressicocrm.com/,1520,0,1298
1680594083306,3667,Get tournament result,200,,Knock_out_Thread Group 1-1165,text,true,,5441,338,340,340,https://pabsa.impressicocrm.com/api/tournament/119922/matches,3667,0,0
1680594083523,3460,Get playerA_Vs_playerB,200,,Knock_out_Thread Group 1-1130,text,true,,1239,341,340,340,https://pabsa.impressicocrm.com/api/tournament/matchScore/147598,3460,0,0
1680594083458,3553,Get Break list ,200,,Knock_out_Thread Group 1-1280,text,true,,3218,338,339,339,https://pabsa.impressicocrm.com/api/tournament/119922/players,3553,0,0
1680594083510,3514,Get Home page country ,200,,Knock_out_Thread Group 1-1442,text,true,,17270,320,339,339,https://pabsa.impressicocrm.com/api/country,3514,0,0
1680594083586,3457,Get playerA_Vs_playerB,200,,Knock_out_Thread Group 1-1127,text,true,,1239,341,339,339,https://pabsa.impressicocrm.com/api/tournament/matchScore/147598,3457,0,0
1680594083573,3500,Get Home page country ,200,,Knock_out_Thread Group 1-1443,text,true,,17270,320,339,339,https://pabsa.impressicocrm.com/api/country,3500,0,0
1680594083237,3850,Get Players schedule,200,,Knock_out_Thread Group 1-1244,text,true,,5441,338,339,339,https://pabsa.impressicocrm.com/api/tournament/119922/matches,3850,0,0
1680594083641,3446,Get knockout players list ,200,,Knock_out_Thread Group 1-1220,text,true,,4598,340,339,339,https://pabsa.impressicocrm.com/api/tournament/118871/knockouts,3446,0,0
1680594083315,3785,Get Home page currency,200,,Knock_out_Thread Group 1-1353,text,true,,9160,321,339,339,https://pabsa.impressicocrm.com/api/currency,3785,0,0
1680594083653,3458,Get Home page currency,200,,Knock_out_Thread Group 1-1366,text,true,,9160,321,339,339,https://pabsa.impressicocrm.com/api/currency,3458,0,0
1680594083659,3452,Get knockout players list ,200,,Knock_out_Thread Group 1-1238,text,true,,4598,340,339,339,https://pabsa.impressicocrm.com/api/tournament/118871/knockouts,3452,0,0
1680594083718,3409,Get single knockout Player details,200,,Knock_out_Thread Group 1-1179,text,true,,1210,326,339,339,https://pabsa.impressicocrm.com/api/player/110368,3409,0,0
1680594083718,3412,Get single knockout Player details,200,,Knock_out_Thread Group 1-1204,text,true,,1210,326,339,339,https://pabsa.impressicocrm.com/api/player/110368,3412,0,0
1680594083465,3671,Get Home page currency,200,,Knock_out_Thread Group 1-1342,text,true,,9160,321,339,339,https://pabsa.impressicocrm.com/api/currency,3670,0,0
1680594083722,3445,Get playerA_Vs_playerB,200,,Knock_out_Thread Group 1-1151,text,true,,1239,341,340,340,https://pabsa.impressicocrm.com/api/tournament/matchScore/147598,3445,0,0
1680594083466,3725,Get Home page country ,200,,Knock_out_Thread Group 1-1438,text,true,,17270,320,339,339,https://pabsa.impressicocrm.com/api/country,3725,0,0
1680594083726,3474,Get Home page currency,200,,Knock_out_Thread Group 1-1368,text,true,,9160,321,339,339,https://pabsa.impressicocrm.com/api/currency,3474,0,0
1680594083730,3472,Get playerA_Vs_playerB,200,,Knock_out_Thread Group 1-1157,text,true,,1239,341,339,339,https://pabsa.impressicocrm.com/api/tournament/matchScore/147598,3472,0,0
1680594083718,3508,Get Players list ,200,,Knock_out_Thread Group 1-1322,text,true,,3218,338,338,338,https://pabsa.impressicocrm.com/api/tournament/119922/players,3508,0,0
1680594083786,3442,Get knockout players list ,200,,Knock_out_Thread Group 1-1256,text,true,,4598,340,338,338,https://pabsa.impressicocrm.com/api/tournament/118871/knockouts,3442,0,0
1680594081786,5448,Get playerA_Vs_playerB,200,,Knock_out_Thread Group 1-1120,text,true,,1239,341,338,338,https://pabsa.impressicocrm.com/api/tournament/matchScore/147598,5448,0,0
1680594083873,3403,Get single knockout Player details,200,,Knock_out_Thread Group 1-1202,text,true,,1210,326,338,338,https://pabsa.impressicocrm.com/api/player/110368,3403,0,0
1680594083000,4281,Get tournament result,200,,Knock_out_Thread Group 1-1149,text,true,,5435,338,338,338,https://pabsa.impressicocrm.com/api/tournament/119922/matches,4281,0,0
1680594083877,3412,Get playerA_Vs_playerB,200,,Knock_out_Thread Group 1-1161,text,true,,1239,341,338,338,https://pabsa.impressicocrm.com/api/tournament/matchScore/147598,3412,0,0
1680594083209,4103,Get Break list ,200,,Knock_out_Thread Group 1-1268,text,true,,3218,338,337,337,https://pabsa.impressicocrm.com/api/tournament/119922/players,4103,0,0
1680594083840,3472,Get Players list ,200,,Knock_out_Thread Group 1-1303,text,true,,3218,338,337,337,https://pabsa.impressicocrm.com/api/tournament/119922/players,3472,0,0
1680594083569,3748,Get Home page currency,200,,Knock_out_Thread Group 1-1358,text,true,,9160,321,337,337,https://pabsa.impressicocrm.com/api/currency,3748,0,0
1680594084020,3304,Get single knockout Player details,200,,Knock_out_Thread Group 1-1193,text,true,,1210,326,337,337,https://pabsa.impressicocrm.com/api/player/110368,3304,0,0
1680594085525,1807,Get Home page country ,200,,Knock_out_Thread Group 1-1461,text,true,,17270,320,337,337,https://pabsa.impressicocrm.com/api/country,1807,0,0
1680594083868,3463,Get Players list ,200,,Knock_out_Thread Group 1-1313,text,true,,3218,338,337,337,https://pabsa.impressicocrm.com/api/tournament/119922/players,3463,0,0
1680594083868,3477,Get Home page country ,200,,Knock_out_Thread Group 1-1446,text,true,,17270,320,337,337,https://pabsa.impressicocrm.com/api/country,3474,0,0
1680594083902,3450,Get Players list ,200,,Knock_out_Thread Group 1-1326,text,true,,3218,338,338,338,https://pabsa.impressicocrm.com/api/tournament/119922/players,3450,0,0
1680594086954,413,Home page ,200,OK,Knock_out_Thread Group 1-1480,text,true,,3033,309,338,338,https://pabsa.impressicocrm.com/,413,0,336
1680594085987,1386,Get playerA_Vs_playerB,200,,Knock_out_Thread Group 1-1140,text,true,,1239,341,338,338,https://pabsa.impressicocrm.com/api/tournament/matchScore/147598,1386,0,0
1680594083730,3642,Get Home page country ,200,,Knock_out_Thread Group 1-1444,text,true,,17270,320,338,338,https://pabsa.impressicocrm.com/api/country,3642,0,0
1680594084082,3290,Get knockout players list ,200,,Knock_out_Thread Group 1-1281,text,true,,4598,340,338,338,https://pabsa.impressicocrm.com/api/tournament/118871/knockouts,3289,0,0
1680594083778,3598,Get Home page country ,200,,Knock_out_Thread Group 1-1445,text,true,,17270,320,337,337,https://pabsa.impressicocrm.com/api/country,3598,0,0
1680594083653,3742,Get playerA_Vs_playerB,200,,Knock_out_Thread Group 1-1152,text,true,,1239,341,337,337,https://pabsa.impressicocrm.com/api/tournament/matchScore/147598,3742,0,0
1680594083770,3635,Get Players list ,200,,Knock_out_Thread Group 1-1325,text,true,,3218,338,336,336,https://pabsa.impressicocrm.com/api/tournament/119922/players,3635,0,0
1680594083795,3620,Get Home page country ,200,,Knock_out_Thread Group 1-1441,text,true,,17270,320,336,336,https://pabsa.impressicocrm.com/api/country,3610,0,0
1680594086049,1370,Get playerA_Vs_playerB,200,,Knock_out_Thread Group 1-1167,text,true,,1239,341,336,336,https://pabsa.impressicocrm.com/api/tournament/matchScore/147598,1370,0,0
1680594083888,3535,Get Players list ,200,,Knock_out_Thread Group 1-1323,text,true,,3218,338,335,335,https://pabsa.impressicocrm.com/api/tournament/119922/players,3535,0,0
1680594083312,4115,Get Players schedule,200,,Knock_out_Thread Group 1-1269,text,true,,5441,338,335,335,https://pabsa.impressicocrm.com/api/tournament/119922/matches,4115,0,0
1680594083922,3515,Get Home page currency,200,,Knock_out_Thread Group 1-1374,text,true,,9153,321,335,335,https://pabsa.impressicocrm.com/api/currency,3515,0,0
1680594084069,3376,Get Players list ,200,,Knock_out_Thread Group 1-1333,text,true,,3218,338,335,335,https://pabsa.impressicocrm.com/api/tournament/119922/players,3376,0,0
1680594083535,3918,Get Home page currency,200,,Knock_out_Thread Group 1-1356,text,true,,9160,321,336,336,https://pabsa.impressicocrm.com/api/currency,3918,0,0
1680594086062,1401,Get knockout players list ,200,,Knock_out_Thread Group 1-1245,text,true,,4598,340,336,336,https://pabsa.impressicocrm.com/api/tournament/118871/knockouts,1401,0,0
1680594083709,3782,Get Players list ,200,,Knock_out_Thread Group 1-1324,text,true,,3218,338,336,336,https://pabsa.impressicocrm.com/api/tournament/119922/players,3782,0,0
1680594086854,655,Home page ,200,OK,Knock_out_Thread Group 1-1479,text,true,,3033,309,336,336,https://pabsa.impressicocrm.com/,655,0,584
1680594083825,3697,Get Home page currency,200,,Knock_out_Thread Group 1-1376,text,true,,9160,321,336,336,https://pabsa.impressicocrm.com/api/currency,3697,0,0
1680594087154,369,Home page ,200,OK,Knock_out_Thread Group 1-1482,text,true,,3033,309,336,336,https://pabsa.impressicocrm.com/,369,0,295
1680594083376,4155,Get Players schedule,200,,Knock_out_Thread Group 1-1243,text,true,,5441,338,336,336,https://pabsa.impressicocrm.com/api/tournament/119922/matches,4155,0,0
1680594083733,3803,Get Players list ,200,,Knock_out_Thread Group 1-1311,text,true,,3218,338,336,336,https://pabsa.impressicocrm.com/api/tournament/119922/players,3803,0,0
1680594087254,283,Home page ,200,OK,Knock_out_Thread Group 1-1483,text,true,,3033,309,336,336,https://pabsa.impressicocrm.com/,283,0,214
1680594083586,3960,Get Break list ,200,,Knock_out_Thread Group 1-1314,text,true,,3218,338,336,336,https://pabsa.impressicocrm.com/api/tournament/119922/players,3960,0,0
1680594083653,3904,Get Players list ,200,,Knock_out_Thread Group 1-1328,text,true,,3218,338,337,337,https://pabsa.impressicocrm.com/api/tournament/119922/players,3904,0,0
1680594083311,4268,Get Players schedule,200,,Knock_out_Thread Group 1-1253,text,true,,5441,338,337,337,https://pabsa.impressicocrm.com/api/tournament/119922/matches,4268,0,0
1680594084002,3586,Get single knockout Player details,200,,Knock_out_Thread Group 1-1221,text,true,,1210,326,337,337,https://pabsa.impressicocrm.com/api/player/110368,3586,0,0
1680594082181,5415,Get single knockout Player details,200,,Knock_out_Thread Group 1-1169,text,true,,1210,326,337,337,https://pabsa.impressicocrm.com/api/player/110368,5415,0,0
1680594083075,4521,Get tournamnent list ,200,,Knock_out_Thread Group 1-1397,text,true,,58888,389,337,337,https://pabsa.impressicocrm.com/api/tournament?limit=12&pageNumber=1&sportType=&tournamentName=&tournamentStyle=,3795,0,0
1680594083453,4151,Get Home page country ,200,,Knock_out_Thread Group 1-1437,text,true,,17270,320,337,337,https://pabsa.impressicocrm.com/api/country,4060,0,0
1680594082152,5452,Get knockout players list ,200,,Knock_out_Thread Group 1-1224,text,true,,4591,340,337,337,https://pabsa.impressicocrm.com/api/tournament/118871/knockouts,5452,0,0
1680594082154,5457,Get Players list ,200,,Knock_out_Thread Group 1-1302,text,true,,3218,338,337,337,https://pabsa.impressicocrm.com/api/tournament/119922/players,5457,0,0
1680594084064,3551,Get tournament result,200,,Knock_out_Thread Group 1-1191,text,true,,5435,338,337,337,https://pabsa.impressicocrm.com/api/tournament/119922/matches,3551,0,0
1680594084257,3370,Get knockout players list ,200,,Knock_out_Thread Group 1-1237,text,true,,4598,340,337,337,https://pabsa.impressicocrm.com/api/tournament/118871/knockouts,3370,0,0
1680594084014,3627,Get playerA_Vs_playerB,200,,Knock_out_Thread Group 1-1175,text,true,,1239,341,337,337,https://pabsa.impressicocrm.com/api/tournament/matchScore/147598,3627,0,0
1680594083595,4053,Get Home page country ,200,,Knock_out_Thread Group 1-1431,text,true,,17255,320,336,336,https://pabsa.impressicocrm.com/api/country,4053,0,0
1680594084252,3400,Get single knockout Player details,200,,Knock_out_Thread Group 1-1207,text,true,,1210,326,336,336,https://pabsa.impressicocrm.com/api/player/110368,3400,0,0
1680594084058,3593,Get tournament result,200,,Knock_out_Thread Group 1-1171,text,true,,5435,338,336,336,https://pabsa.impressicocrm.com/api/tournament/119922/matches,3593,0,0
1680594084302,3356,Get single knockout Player details,200,,Knock_out_Thread Group 1-1184,text,true,,1210,326,337,337,https://pabsa.impressicocrm.com/api/player/110368,3356,0,0
1680594083576,4083,Get tournamnent list ,200,,Knock_out_Thread Group 1-1409,text,true,,58880,389,337,337,https://pabsa.impressicocrm.com/api/tournament?limit=12&pageNumber=1&sportType=&tournamentName=&tournamentStyle=,3772,0,0
1680594086654,1011,Home page ,200,OK,Knock_out_Thread Group 1-1477,text,true,,3033,309,337,337,https://pabsa.impressicocrm.com/,1011,0,869
1680594084245,3422,Get Players list ,200,,Knock_out_Thread Group 1-1318,text,true,,3218,338,337,337,https://pabsa.impressicocrm.com/api/tournament/119922/players,3422,0,0
1680594083458,4238,Get tournamnent list ,200,,Knock_out_Thread Group 1-1388,text,true,,58865,389,337,337,https://pabsa.impressicocrm.com/api/tournament?limit=12&pageNumber=1&sportType=&tournamentName=&tournamentStyle=,3965,0,0
1680594084091,3610,Get Players schedule,200,,Knock_out_Thread Group 1-1275,text,true,,5435,338,337,337,https://pabsa.impressicocrm.com/api/tournament/119922/matches,3610,0,0
1680594083785,3921,Get Home page currency,200,,Knock_out_Thread Group 1-1371,text,true,,9160,321,337,337,https://pabsa.impressicocrm.com/api/currency,3921,0,0
1680594084319,3399,Get Players list ,200,,Knock_out_Thread Group 1-1338,text,true,,3218,338,337,337,https://pabsa.impressicocrm.com/api/tournament/119922/players,3399,0,0
1680594083280,4439,Get Players schedule,200,,Knock_out_Thread Group 1-1266,text,true,,5441,338,337,337,https://pabsa.impressicocrm.com/api/tournament/119922/matches,4439,0,0
1680594084285,3443,Get Home page country ,200,,Knock_out_Thread Group 1-1450,text,true,,17270,320,337,337,https://pabsa.impressicocrm.com/api/country,3443,0,0
1680594084412,3350,Get knockout players list ,200,,Knock_out_Thread Group 1-1236,text,true,,4598,340,338,338,https://pabsa.impressicocrm.com/api/tournament/118871/knockouts,3350,0,0
1680594084069,3706,Get tournament result,200,,Knock_out_Thread Group 1-1187,text,true,,5435,338,338,338,https://pabsa.impressicocrm.com/api/tournament/119922/matches,3706,0,0
1680594084397,3389,Get Home page country ,200,,Knock_out_Thread Group 1-1451,text,true,,17270,320,338,338,https://pabsa.impressicocrm.com/api/country,3383,0,0
1680594087454,346,Home page ,200,OK,Knock_out_Thread Group 1-1485,text,true,,3033,309,338,338,https://pabsa.impressicocrm.com/,346,0,259
1680594084163,3640,Get playerA_Vs_playerB,200,,Knock_out_Thread Group 1-1163,text,true,,1239,341,338,338,https://pabsa.impressicocrm.com/api/tournament/matchScore/147598,3640,0,0
1680594084077,3732,Get tournament result,200,,Knock_out_Thread Group 1-1159,text,true,,5441,338,337,337,https://pabsa.impressicocrm.com/api/tournament/119922/matches,3732,0,0
1680594084461,3432,Get Players list ,200,,Knock_out_Thread Group 1-1334,text,true,,3218,338,338,338,https://pabsa.impressicocrm.com/api/tournament/119922/players,3432,0,0
1680594081966,5935,Get Players schedule,200,,Knock_out_Thread Group 1-1242,text,true,,5435,338,338,338,https://pabsa.impressicocrm.com/api/tournament/119922/matches,5935,0,0
1680594084435,3467,Get Break list ,200,,Knock_out_Thread Group 1-1252,text,true,,3218,338,338,338,https://pabsa.impressicocrm.com/api/tournament/119922/players,3467,0,0
1680594084415,3489,Get Players list ,200,,Knock_out_Thread Group 1-1337,text,true,,3218,338,338,338,https://pabsa.impressicocrm.com/api/tournament/119922/players,3489,0,0
1680594084478,3428,Get single knockout Player details,200,,Knock_out_Thread Group 1-1208,text,true,,1210,326,338,338,https://pabsa.impressicocrm.com/api/player/110368,3428,0,0
1680594084245,3676,Get Players list ,200,,Knock_out_Thread Group 1-1329,text,true,,3218,338,338,338,https://pabsa.impressicocrm.com/api/tournament/119922/players,3676,0,0
1680594084472,3452,Get single knockout Player details,200,,Knock_out_Thread Group 1-1181,text,true,,1210,326,338,338,https://pabsa.impressicocrm.com/api/player/110368,3452,0,0
1680594083579,4393,Get Home page currency,200,,Knock_out_Thread Group 1-1347,text,true,,9160,321,339,339,https://pabsa.impressicocrm.com/api/currency,4393,0,0
1680594087653,325,Home page ,200,OK,Knock_out_Thread Group 1-1487,text,true,,3033,309,339,339,https://pabsa.impressicocrm.com/,325,0,250
1680594083509,4477,Get tournamnent list ,200,,Knock_out_Thread Group 1-1407,text,true,,58880,389,339,339,https://pabsa.impressicocrm.com/api/tournament?limit=12&pageNumber=1&sportType=&tournamentName=&tournamentStyle=,3791,0,0
1680594084564,3427,Get single knockout Player details,200,,Knock_out_Thread Group 1-1199,text,true,,1210,326,339,339,https://pabsa.impressicocrm.com/api/player/110368,3427,0,0
1680594083807,4201,Get Break list ,200,,Knock_out_Thread Group 1-1278,text,true,,3218,338,339,339,https://pabsa.impressicocrm.com/api/tournament/119922/players,4201,0,0
1680594084426,3599,Get Home page currency,200,,Knock_out_Thread Group 1-1367,text,true,,9160,321,339,339,https://pabsa.impressicocrm.com/api/currency,3599,0,0
1680594084422,3618,Get single knockout Player details,200,,Knock_out_Thread Group 1-1217,text,true,,1210,326,339,339,https://pabsa.impressicocrm.com/api/player/110368,3618,0,0
1680594084125,3934,Get Players schedule,200,,Knock_out_Thread Group 1-1267,text,true,,5435,338,340,340,https://pabsa.impressicocrm.com/api/tournament/119922/matches,3934,0,0
1680594084502,3560,Get Break list ,200,,Knock_out_Thread Group 1-1297,text,true,,3218,338,340,340,https://pabsa.impressicocrm.com/api/tournament/119922/players,3560,0,0
1680594084202,3875,Get Players schedule,200,,Knock_out_Thread Group 1-1250,text,true,,5441,338,340,340,https://pabsa.impressicocrm.com/api/tournament/119922/matches,3875,0,0
1680594083736,4344,Get tournamnent list ,200,,Knock_out_Thread Group 1-1410,text,true,,58880,389,340,340,https://pabsa.impressicocrm.com/api/tournament?limit=12&pageNumber=1&sportType=&tournamentName=&tournamentStyle=,3845,0,0
1680594084607,3480,Get single knockout Player details,200,,Knock_out_Thread Group 1-1192,text,true,,1210,326,340,340,https://pabsa.impressicocrm.com/api/player/110368,3480,0,0
1680594082393,5711,Get knockout players list ,200,,Knock_out_Thread Group 1-1197,text,true,,4598,340,340,340,https://pabsa.impressicocrm.com/api/tournament/118871/knockouts,5711,0,0
1680594084478,3628,Get knockout players list ,200,,Knock_out_Thread Group 1-1254,text,true,,4598,340,340,340,https://pabsa.impressicocrm.com/api/tournament/118871/knockouts,3628,0,0
1680594085776,2351,Get Home page country ,200,,Knock_out_Thread Group 1-1463,text,true,,17270,320,340,340,https://pabsa.impressicocrm.com/api/country,1957,0,0
1680594087753,374,Home page ,200,OK,Knock_out_Thread Group 1-1488,text,true,,3033,309,340,340,https://pabsa.impressicocrm.com/,374,0,276
1680594084566,3566,Get Home page country ,200,,Knock_out_Thread Group 1-1453,text,true,,17255,320,340,340,https://pabsa.impressicocrm.com/api/country,3566,0,0
1680594083055,5081,Get tournamnent list ,200,,Knock_out_Thread Group 1-1390,text,true,,58880,389,340,340,https://pabsa.impressicocrm.com/api/tournament?limit=12&pageNumber=1&sportType=&tournamentName=&tournamentStyle=,3777,0,0
1680594084598,3547,Get Break list ,200,,Knock_out_Thread Group 1-1301,text,true,,3218,338,340,340,https://pabsa.impressicocrm.com/api/tournament/119922/players,3547,0,0
1680594086756,1394,Get Home page country ,200,,Knock_out_Thread Group 1-1475,text,true,,17270,320,340,340,https://pabsa.impressicocrm.com/api/country,1392,0,0
1680594084634,3516,Get single knockout Player details,200,,Knock_out_Thread Group 1-1174,text,true,,1210,326,340,340,https://pabsa.impressicocrm.com/api/player/110368,3516,0,0
1680594084412,3738,Get Home page country ,200,,Knock_out_Thread Group 1-1439,text,true,,17270,320,340,340,https://pabsa.impressicocrm.com/api/country,3738,0,0
1680594082488,5699,Get Players list ,200,,Knock_out_Thread Group 1-1320,text,true,,3218,338,341,341,https://pabsa.impressicocrm.com/api/tournament/119922/players,5699,0,0
1680594084673,3522,Get knockout players list ,200,,Knock_out_Thread Group 1-1234,text,true,,4591,340,341,341,https://pabsa.impressicocrm.com/api/tournament/118871/knockouts,3522,0,0
1680594084739,3472,Get Home page currency,200,,Knock_out_Thread Group 1-1364,text,true,,9160,321,341,341,https://pabsa.impressicocrm.com/api/currency,3472,0,0
1680594084508,3708,Get Players list ,200,,Knock_out_Thread Group 1-1327,text,true,,3218,338,341,341,https://pabsa.impressicocrm.com/api/tournament/119922/players,3708,0,0
1680594084426,3795,Get Players schedule,200,,Knock_out_Thread Group 1-1260,text,true,,5441,338,341,341,https://pabsa.impressicocrm.com/api/tournament/119922/matches,3795,0,0
1680594084624,3599,Get Home page country ,200,,Knock_out_Thread Group 1-1454,text,true,,17270,320,341,341,https://pabsa.impressicocrm.com/api/country,3599,0,0
1680594084655,3611,Get Players list ,200,,Knock_out_Thread Group 1-1339,text,true,,3218,338,342,342,https://pabsa.impressicocrm.com/api/tournament/119922/players,3611,0,0
1680594084501,3768,Get Players schedule,200,,Knock_out_Thread Group 1-1279,text,true,,5441,338,342,342,https://pabsa.impressicocrm.com/api/tournament/119922/matches,3768,0,0
1680594087088,1185,Get single knockout Player details,200,,Knock_out_Thread Group 1-1220,text,true,,1210,326,342,342,https://pabsa.impressicocrm.com/api/player/110368,1185,0,0
1680594084733,3540,Get Break list ,200,,Knock_out_Thread Group 1-1298,text,true,,3218,338,342,342,https://pabsa.impressicocrm.com/api/tournament/119922/players,3540,0,0
1680594084774,3499,Get single knockout Player details,200,,Knock_out_Thread Group 1-1214,text,true,,1210,326,342,342,https://pabsa.impressicocrm.com/api/player/110368,3499,0,0
1680594083187,5085,Get tournamnent list ,200,,Knock_out_Thread Group 1-1406,text,true,,58880,389,342,342,https://pabsa.impressicocrm.com/api/tournament?limit=12&pageNumber=1&sportType=&tournamentName=&tournamentStyle=,3940,0,0
1680594082890,5388,Get tournamnent list ,200,,Knock_out_Thread Group 1-1400,text,true,,58880,389,342,342,https://pabsa.impressicocrm.com/api/tournament?limit=12&pageNumber=1&sportType=&tournamentName=&tournamentStyle=,3687,0,0
1680594084245,4034,Get tournamnent list ,200,,Knock_out_Thread Group 1-1416,text,true,,58888,389,342,342,https://pabsa.impressicocrm.com/api/tournament?limit=12&pageNumber=1&sportType=&tournamentName=&tournamentStyle=,3800,0,0
1680594084482,3820,Get playerA_Vs_playerB,200,,Knock_out_Thread Group 1-1136,text,true,,1239,341,342,342,https://pabsa.impressicocrm.com/api/tournament/matchScore/147598,3819,0,0
1680594086662,1640,Get Players schedule,200,,Knock_out_Thread Group 1-1259,text,true,,5435,338,342,342,https://pabsa.impressicocrm.com/api/tournament/119922/matches,1639,0,0
1680594084274,4028,Get Home page country ,200,,Knock_out_Thread Group 1-1449,text,true,,17270,320,342,342,https://pabsa.impressicocrm.com/api/country,4028,0,0
1680594084393,3938,Get Home page country ,200,,Knock_out_Thread Group 1-1448,text,true,,17270,320,341,341,https://pabsa.impressicocrm.com/api/country,3938,0,0
1680594084746,3593,Get Players list ,200,,Knock_out_Thread Group 1-1330,text,true,,3218,338,341,341,https://pabsa.impressicocrm.com/api/tournament/119922/players,3593,0,0
1680594084147,4228,Get tournamnent list ,200,,Knock_out_Thread Group 1-1413,text,true,,58880,389,342,342,https://pabsa.impressicocrm.com/api/tournament?limit=12&pageNumber=1&sportType=&tournamentName=&tournamentStyle=,3678,0,0
1680594084764,3611,Get Players list ,200,,Knock_out_Thread Group 1-1331,text,true,,3218,338,342,342,https://pabsa.impressicocrm.com/api/tournament/119922/players,3611,0,0
1680594087953,422,Home page ,200,OK,Knock_out_Thread Group 1-1490,text,true,,3033,309,342,342,https://pabsa.impressicocrm.com/,422,0,321
1680594086796,1586,Get Players schedule,200,,Knock_out_Thread Group 1-1295,text,true,,5441,338,342,342,https://pabsa.impressicocrm.com/api/tournament/119922/matches,1586,0,0
1680594084804,3581,Get Home page country ,200,,Knock_out_Thread Group 1-1455,text,true,,17270,320,342,342,https://pabsa.impressicocrm.com/api/country,3580,0,0
1680594084926,3470,Get knockout players list ,200,,Knock_out_Thread Group 1-1246,text,true,,4598,340,342,342,https://pabsa.impressicocrm.com/api/tournament/118871/knockouts,3469,0,0
1680594085548,2853,Get tournamnent list ,200,,Knock_out_Thread Group 1-1426,text,true,,58880,389,342,342,https://pabsa.impressicocrm.com/api/tournament?limit=12&pageNumber=1&sportType=&tournamentName=&tournamentStyle=,1832,0,0
1680594084874,3530,Get playerA_Vs_playerB,200,,Knock_out_Thread Group 1-1123,text,true,,1239,341,342,342,https://pabsa.impressicocrm.com/api/tournament/matchScore/147598,3530,0,0
1680594084932,3472,Get knockout players list ,200,,Knock_out_Thread Group 1-1227,text,true,,4598,340,342,342,https://pabsa.impressicocrm.com/api/tournament/118871/knockouts,3472,0,0
1680594084482,3935,Get Home page country ,200,,Knock_out_Thread Group 1-1452,text,true,,17255,320,341,341,https://pabsa.impressicocrm.com/api/country,3935,0,0
1680594087853,573,Home page ,200,OK,Knock_out_Thread Group 1-1489,text,true,,3033,309,341,341,https://pabsa.impressicocrm.com/,573,0,501
1680594085013,3427,Get Home page currency,200,,Knock_out_Thread Group 1-1387,text,true,,9160,321,341,341,https://pabsa.impressicocrm.com/api/currency,3427,0,0
1680594086406,2041,Get Players schedule,200,,Knock_out_Thread Group 1-1293,text,true,,5441,338,341,341,https://pabsa.impressicocrm.com/api/tournament/119922/matches,2041,0,0
1680594084556,3905,Get Break list ,200,,Knock_out_Thread Group 1-1316,text,true,,3218,338,342,342,https://pabsa.impressicocrm.com/api/tournament/119922/players,3905,0,0
1680594088154,322,Home page ,200,OK,Knock_out_Thread Group 1-1492,text,true,,3033,309,342,342,https://pabsa.impressicocrm.com/,321,0,239
1680594084491,3992,Get Players schedule,200,,Knock_out_Thread Group 1-1229,text,true,,5441,338,342,342,https://pabsa.impressicocrm.com/api/tournament/119922/matches,3991,0,0
1680594086754,1729,Home page ,200,OK,Knock_out_Thread Group 1-1478,text,true,,3033,309,342,342,https://pabsa.impressicocrm.com/,1729,0,536
1680594084975,3532,Get Break list ,200,,Knock_out_Thread Group 1-1276,text,true,,3218,338,342,342,https://pabsa.impressicocrm.com/api/tournament/119922/players,3532,0,0
1680594083709,4801,Get Home page country ,200,,Knock_out_Thread Group 1-1433,text,true,,17270,320,342,342,https://pabsa.impressicocrm.com/api/country,4444,0,0
1680594084858,3665,Get Players list ,200,,Knock_out_Thread Group 1-1310,text,true,,3218,338,342,342,https://pabsa.impressicocrm.com/api/tournament/119922/players,3665,0,0
1680594086889,1645,Get tournament result,200,,Knock_out_Thread Group 1-1177,text,true,,5435,338,342,342,https://pabsa.impressicocrm.com/api/tournament/119922/matches,1645,0,0
1680594087053,1492,Home page ,200,OK,Knock_out_Thread Group 1-1481,text,true,,3033,309,342,342,https://pabsa.impressicocrm.com/,1492,0,1343
1680594084755,3795,Get tournament result,200,,Knock_out_Thread Group 1-1162,text,true,,5441,338,342,342,https://pabsa.impressicocrm.com/api/tournament/119922/matches,3795,0,0
1680594085012,3555,Get Home page country ,200,,Knock_out_Thread Group 1-1456,text,true,,17255,320,343,343,https://pabsa.impressicocrm.com/api/country,3555,0,0
1680594085205,3377,Get single knockout Player details,200,,Knock_out_Thread Group 1-1215,text,true,,1210,326,343,343,https://pabsa.impressicocrm.com/api/player/110368,3377,0,0
1680594084156,4430,Get tournamnent list ,200,,Knock_out_Thread Group 1-1404,text,true,,58865,389,343,343,https://pabsa.impressicocrm.com/api/tournament?limit=12&pageNumber=1&sportType=&tournamentName=&tournamentStyle=,3617,0,0
1680594084822,3777,Get Home page currency,200,,Knock_out_Thread Group 1-1332,text,true,,9160,321,343,343,https://pabsa.impressicocrm.com/api/currency,3777,0,0
1680594084985,3625,Get Home page country ,200,,Knock_out_Thread Group 1-1457,text,true,,17270,320,343,343,https://pabsa.impressicocrm.com/api/country,3625,0,0
1680594084453,4158,Get knockout players list ,200,,Knock_out_Thread Group 1-1225,text,true,,4598,340,343,343,https://pabsa.impressicocrm.com/api/tournament/118871/knockouts,4158,0,0
1680594083205,5411,Get tournamnent list ,200,,Knock_out_Thread Group 1-1399,text,true,,58880,389,343,343,https://pabsa.impressicocrm.com/api/tournament?limit=12&pageNumber=1&sportType=&tournamentName=&tournamentStyle=,4317,0,0
1680594085148,3487,Get Break list ,200,,Knock_out_Thread Group 1-1349,text,true,,3218,338,343,343,https://pabsa.impressicocrm.com/api/tournament/119922/players,3487,0,0
1680594084488,4146,Get Home page currency,200,,Knock_out_Thread Group 1-1354,text,true,,9153,321,343,343,https://pabsa.impressicocrm.com/api/currency,4146,0,0
1680594085148,3486,Get knockout players list ,200,,Knock_out_Thread Group 1-1240,text,true,,4591,340,343,343,https://pabsa.impressicocrm.com/api/tournament/118871/knockouts,3486,0,0
1680594085247,3408,Get single knockout Player details,200,,Knock_out_Thread Group 1-1206,text,true,,1210,326,344,344,https://pabsa.impressicocrm.com/api/player/110368,3408,0,0
1680594084976,3692,Get Home page currency,200,,Knock_out_Thread Group 1-1373,text,true,,9160,321,344,344,https://pabsa.impressicocrm.com/api/currency,3692,0,0
1680594085001,3670,Get Players list ,200,,Knock_out_Thread Group 1-1335,text,true,,3218,338,344,344,https://pabsa.impressicocrm.com/api/tournament/119922/players,3670,0,0
1680594084819,3857,Get playerA_Vs_playerB,200,,Knock_out_Thread Group 1-1150,text,true,,1239,341,344,344,https://pabsa.impressicocrm.com/api/tournament/matchScore/147598,3857,0,0
1680594084405,4280,Get tournamnent list ,200,,Knock_out_Thread Group 1-1401,text,true,,58888,389,343,343,https://pabsa.impressicocrm.com/api/tournament?limit=12&pageNumber=1&sportType=&tournamentName=&tournamentStyle=,3722,0,0
1680594084834,3874,Get knockout players list ,200,,Knock_out_Thread Group 1-1219,text,true,,4598,340,343,343,https://pabsa.impressicocrm.com/api/tournament/118871/knockouts,3874,0,0
1680594085218,3495,Get Home page currency,200,,Knock_out_Thread Group 1-1380,text,true,,9153,321,343,343,https://pabsa.impressicocrm.com/api/currency,3495,0,0
1680594085207,3525,Get knockout players list ,200,,Knock_out_Thread Group 1-1232,text,true,,4598,340,343,343,https://pabsa.impressicocrm.com/api/tournament/118871/knockouts,3525,0,0
1680594085223,3514,Get knockout players list ,200,,Knock_out_Thread Group 1-1228,text,true,,4598,340,343,343,https://pabsa.impressicocrm.com/api/tournament/118871/knockouts,3514,0,0
1680594088353,384,Home page ,200,OK,Knock_out_Thread Group 1-1494,text,true,,3033,309,343,343,https://pabsa.impressicocrm.com/,384,0,310
1680594084970,3772,Get single knockout Player details,200,,Knock_out_Thread Group 1-1201,text,true,,1210,326,343,343,https://pabsa.impressicocrm.com/api/player/110368,3772,0,0
1680594085005,3737,Get tournament result,200,,Knock_out_Thread Group 1-1195,text,true,,5441,338,343,343,https://pabsa.impressicocrm.com/api/tournament/119922/matches,3737,0,0
1680594085265,3484,Get knockout players list ,200,,Knock_out_Thread Group 1-1291,text,true,,4598,340,343,343,https://pabsa.impressicocrm.com/api/tournament/118871/knockouts,3484,0,0
1680594085247,3503,Get Home page currency,200,,Knock_out_Thread Group 1-1383,text,true,,9160,321,343,343,https://pabsa.impressicocrm.com/api/currency,3503,0,0
1680594085240,3547,Get Break list ,200,,Knock_out_Thread Group 1-1306,text,true,,3218,338,344,344,https://pabsa.impressicocrm.com/api/tournament/119922/players,3547,0,0
1680594084998,3816,Get Home page country ,200,,Knock_out_Thread Group 1-1440,text,true,,17255,320,344,344,https://pabsa.impressicocrm.com/api/country,3815,0,0
1680594085018,3810,Get Players schedule,200,,Knock_out_Thread Group 1-1282,text,true,,5441,338,344,344,https://pabsa.impressicocrm.com/api/tournament/119922/matches,3810,0,0
1680594085276,3556,Get Break list ,200,,Knock_out_Thread Group 1-1284,text,true,,3218,338,344,344,https://pabsa.impressicocrm.com/api/tournament/119922/players,3556,0,0
1680594085344,3501,Get single knockout Player details,200,,Knock_out_Thread Group 1-1223,text,true,,1210,326,344,344,https://pabsa.impressicocrm.com/api/player/110368,3501,0,0
1680594085033,3834,Get Home page currency,200,,Knock_out_Thread Group 1-1362,text,true,,9153,321,345,345,https://pabsa.impressicocrm.com/api/currency,3834,0,0
1680594088553,323,Home page ,200,OK,Knock_out_Thread Group 1-1496,text,true,,3033,309,345,345,https://pabsa.impressicocrm.com/,322,0,250
1680594085010,3871,Get Players list ,200,,Knock_out_Thread Group 1-1348,text,true,,3218,338,345,345,https://pabsa.impressicocrm.com/api/tournament/119922/players,3871,0,0
1680594085148,3741,Get Players schedule,200,,Knock_out_Thread Group 1-1299,text,true,,5441,338,345,345,https://pabsa.impressicocrm.com/api/tournament/119922/matches,3741,0,0
1680594085207,3684,Get single knockout Player details,200,,Knock_out_Thread Group 1-1233,text,true,,1210,326,345,345,https://pabsa.impressicocrm.com/api/player/110368,3684,0,0
1680594085265,3637,Get tournament result,200,,Knock_out_Thread Group 1-1210,text,true,,5441,338,345,345,https://pabsa.impressicocrm.com/api/tournament/119922/matches,3637,0,0
1680594085146,3769,Get tournament result,200,,Knock_out_Thread Group 1-1198,text,true,,5441,338,345,345,https://pabsa.impressicocrm.com/api/tournament/119922/matches,3769,0,0
1680594085384,3531,Get knockout players list ,200,,Knock_out_Thread Group 1-1129,text,true,,4598,340,345,345,https://pabsa.impressicocrm.com/api/tournament/118871/knockouts,3531,0,0
1680594085471,3462,Get single knockout Player details,200,,Knock_out_Thread Group 1-1216,text,true,,1210,326,345,345,https://pabsa.impressicocrm.com/api/player/110368,3462,0,0
1680594087228,1705,Get Break list ,200,,Knock_out_Thread Group 1-1322,text,true,,3218,338,345,345,https://pabsa.impressicocrm.com/api/tournament/119922/players,1705,0,0
1680594084796,4137,Get tournamnent list ,200,,Knock_out_Thread Group 1-1422,text,true,,58865,389,345,345,https://pabsa.impressicocrm.com/api/tournament?limit=12&pageNumber=1&sportType=&tournamentName=&tournamentStyle=,3777,0,0
1680594085414,3524,Get knockout players list ,200,,Knock_out_Thread Group 1-1241,text,true,,4598,340,345,345,https://pabsa.impressicocrm.com/api/tournament/118871/knockouts,3524,0,0
1680594085311,3634,Get knockout players list ,200,,Knock_out_Thread Group 1-1226,text,true,,4598,340,345,345,https://pabsa.impressicocrm.com/api/tournament/118871/knockouts,3634,0,0
1680594084311,4644,Get tournamnent list ,200,,Knock_out_Thread Group 1-1415,text,true,,58888,389,346,346,https://pabsa.impressicocrm.com/api/tournament?limit=12&pageNumber=1&sportType=&tournamentName=&tournamentStyle=,4034,0,0
1680594085287,3671,Get Home page currency,200,,Knock_out_Thread Group 1-1351,text,true,,9160,321,346,346,https://pabsa.impressicocrm.com/api/currency,3671,0,0
1680594084933,4025,Get tournament result,200,,Knock_out_Thread Group 1-1132,text,true,,5441,338,346,346,https://pabsa.impressicocrm.com/api/tournament/119922/matches,4025,0,0
1680594084801,4163,Get tournamnent list ,200,,Knock_out_Thread Group 1-1423,text,true,,58888,389,346,346,https://pabsa.impressicocrm.com/api/tournament?limit=12&pageNumber=1&sportType=&tournamentName=&tournamentStyle=,3919,0,0
1680594088653,311,Home page ,200,OK,Knock_out_Thread Group 1-1497,text,true,,3033,309,346,346,https://pabsa.impressicocrm.com/,311,0,238
1680594085207,3785,Get Players schedule,200,,Knock_out_Thread Group 1-1247,text,true,,5441,338,346,346,https://pabsa.impressicocrm.com/api/tournament/119922/matches,3785,0,0
1680594085319,3679,Get Break list ,200,,Knock_out_Thread Group 1-1286,text,true,,3218,338,346,346,https://pabsa.impressicocrm.com/api/tournament/119922/players,3679,0,0
1680594085491,3531,Get playerA_Vs_playerB,200,,Knock_out_Thread Group 1-1168,text,true,,1239,341,346,346,https://pabsa.impressicocrm.com/api/tournament/matchScore/147598,3531,0,0
1680594085526,3521,Get Break list ,200,,Knock_out_Thread Group 1-1317,text,true,,3218,338,345,345,https://pabsa.impressicocrm.com/api/tournament/119922/players,3521,0,0
1680594085605,3442,Get single knockout Player details,200,,Knock_out_Thread Group 1-1212,text,true,,1210,326,345,345,https://pabsa.impressicocrm.com/api/player/110368,3442,0,0
1680594085026,4066,Get tournamnent list ,200,,Knock_out_Thread Group 1-1424,text,true,,58888,389,346,346,https://pabsa.impressicocrm.com/api/tournament?limit=12&pageNumber=1&sportType=&tournamentName=&tournamentStyle=,3788,0,0
1680594085349,3778,Get Players schedule,200,,Knock_out_Thread Group 1-1270,text,true,,5435,338,346,346,https://pabsa.impressicocrm.com/api/tournament/119922/matches,3778,0,0
1680594085417,3712,Get Home page currency,200,,Knock_out_Thread Group 1-1384,text,true,,9153,321,346,346,https://pabsa.impressicocrm.com/api/currency,3712,0,0
1680594083659,5479,Get Home page currency,200,,Knock_out_Thread Group 1-1359,text,true,,9153,321,346,346,https://pabsa.impressicocrm.com/api/currency,5479,0,0
1680594085342,3797,Get Players list ,200,,Knock_out_Thread Group 1-1345,text,true,,3218,338,346,346,https://pabsa.impressicocrm.com/api/tournament/119922/players,3797,0,0
1680594084555,4585,Get tournamnent list ,200,,Knock_out_Thread Group 1-1418,text,true,,58888,389,346,346,https://pabsa.impressicocrm.com/api/tournament?limit=12&pageNumber=1&sportType=&tournamentName=&tournamentStyle=,3801,0,0
1680594085661,3486,Get playerA_Vs_playerB,200,,Knock_out_Thread Group 1-1128,text,true,,1239,341,346,346,https://pabsa.impressicocrm.com/api/tournament/matchScore/147598,3486,0,0
1680594088252,895,Home page ,200,OK,Knock_out_Thread Group 1-1493,text,true,,3033,309,346,346,https://pabsa.impressicocrm.com/,895,0,269
1680594084543,4607,Get Home page currency,200,,Knock_out_Thread Group 1-1377,text,true,,9160,321,345,345,https://pabsa.impressicocrm.com/api/currency,4607,0,0
1680594088054,1097,Home page ,200,OK,Knock_out_Thread Group 1-1491,text,true,,3033,309,345,345,https://pabsa.impressicocrm.com/,1097,0,220
1680594085207,3951,Get tournament result,200,,Knock_out_Thread Group 1-1189,text,true,,5441,338,346,346,https://pabsa.impressicocrm.com/api/tournament/119922/matches,3951,0,0
1680594085768,3405,Get knockout players list ,200,,Knock_out_Thread Group 1-1258,text,true,,4598,340,346,346,https://pabsa.impressicocrm.com/api/tournament/118871/knockouts,3405,0,0
1680594085407,3767,Get Players schedule,200,,Knock_out_Thread Group 1-1272,text,true,,5441,338,346,346,https://pabsa.impressicocrm.com/api/tournament/119922/matches,3767,0,0
1680594087801,1373,Get Home page country ,200,,Knock_out_Thread Group 1-1485,text,true,,17270,320,346,346,https://pabsa.impressicocrm.com/api/country,1373,0,0
1680594085654,3529,Get playerA_Vs_playerB,200,,Knock_out_Thread Group 1-1183,text,true,,1239,341,346,346,https://pabsa.impressicocrm.com/api/tournament/matchScore/147598,3529,0,0
1680594085391,3817,Get Home page currency,200,,Knock_out_Thread Group 1-1365,text,true,,9160,321,345,345,https://pabsa.impressicocrm.com/api/currency,3817,0,0
1680594085266,3948,Get Home page currency,200,,Knock_out_Thread Group 1-1370,text,true,,9153,321,345,345,https://pabsa.impressicocrm.com/api/currency,3948,0,0
1680594085776,3438,Get Home page currency,200,,Knock_out_Thread Group 1-1394,text,true,,9160,321,345,345,https://pabsa.impressicocrm.com/api/currency,3438,0,0
1680594085596,3621,Get Players list ,200,,Knock_out_Thread Group 1-1352,text,true,,3218,338,345,345,https://pabsa.impressicocrm.com/api/tournament/119922/players,3621,0,0
1680594088453,775,Home page ,200,OK,Knock_out_Thread Group 1-1495,text,true,,3033,309,345,345,https://pabsa.impressicocrm.com/,775,0,284
1680594088853,381,Home page ,200,OK,Knock_out_Thread Group 1-1499,text,true,,3033,309,345,345,https://pabsa.impressicocrm.com/,381,0,286
1680594085710,3527,Get Players list ,200,,Knock_out_Thread Group 1-1375,text,true,,3218,338,345,345,https://pabsa.impressicocrm.com/api/tournament/119922/players,3527,0,0
1680594085649,3598,Get knockout players list ,200,,Knock_out_Thread Group 1-1205,text,true,,4598,340,345,345,https://pabsa.impressicocrm.com/api/tournament/118871/knockouts,3598,0,0
1680594084655,4596,Get tournamnent list ,200,,Knock_out_Thread Group 1-1420,text,true,,58865,389,345,345,https://pabsa.impressicocrm.com/api/tournament?limit=12&pageNumber=1&sportType=&tournamentName=&tournamentStyle=,3904,0,0
1680594085514,3738,Get Players schedule,200,,Knock_out_Thread Group 1-1285,text,true,,5441,338,345,345,https://pabsa.impressicocrm.com/api/tournament/119922/matches,3738,0,0
1680594085887,3384,Get single knockout Player details,200,,Knock_out_Thread Group 1-1218,text,true,,1210,326,346,346,https://pabsa.impressicocrm.com/api/player/110368,3384,0,0
1680594085920,3351,Get single knockout Player details,200,,Knock_out_Thread Group 1-1203,text,true,,1210,326,346,346,https://pabsa.impressicocrm.com/api/player/110368,3351,0,0
1680594085972,3304,Get single knockout Player details,200,,Knock_out_Thread Group 1-1209,text,true,,1210,326,346,346,https://pabsa.impressicocrm.com/api/player/110368,3304,0,0
1680594085533,3743,Get Home page currency,200,,Knock_out_Thread Group 1-1386,text,true,,9160,321,346,346,https://pabsa.impressicocrm.com/api/currency,3743,0,0
1680594083749,5529,Get tournamnent list ,200,,Knock_out_Thread Group 1-1405,text,true,,58888,389,346,346,https://pabsa.impressicocrm.com/api/tournament?limit=12&pageNumber=1&sportType=&tournamentName=&tournamentStyle=,3861,0,0
1680594085327,3952,Get Players list ,200,,Knock_out_Thread Group 1-1344,text,true,,3218,338,346,346,https://pabsa.impressicocrm.com/api/tournament/119922/players,3952,0,0
1680594085645,3644,Get Home page country ,200,,Knock_out_Thread Group 1-1464,text,true,,17270,320,346,346,https://pabsa.impressicocrm.com/api/country,3643,0,0
1680594085461,3831,Get Home page country ,200,,Knock_out_Thread Group 1-1459,text,true,,17270,320,346,346,https://pabsa.impressicocrm.com/api/country,3831,0,0
1680594085776,3523,Get Home page currency,200,,Knock_out_Thread Group 1-1341,text,true,,9160,321,346,346,https://pabsa.impressicocrm.com/api/currency,3523,0,0
1680594085843,3462,Get playerA_Vs_playerB,200,,Knock_out_Thread Group 1-1139,text,true,,1239,341,346,346,https://pabsa.impressicocrm.com/api/tournament/matchScore/147598,3461,0,0
1680594085371,3937,Get Players list ,200,,Knock_out_Thread Group 1-1369,text,true,,3218,338,345,345,https://pabsa.impressicocrm.com/api/tournament/119922/players,3937,0,0
1680594085946,3397,Get Break list ,200,,Knock_out_Thread Group 1-1300,text,true,,3218,338,345,345,https://pabsa.impressicocrm.com/api/tournament/119922/players,3397,0,0
1680594085870,3478,Get knockout players list ,200,,Knock_out_Thread Group 1-1294,text,true,,4598,340,345,345,https://pabsa.impressicocrm.com/api/tournament/118871/knockouts,3478,0,0
1680594085905,3455,Get Home page country ,200,,Knock_out_Thread Group 1-1467,text,true,,17270,320,346,346,https://pabsa.impressicocrm.com/api/country,3455,0,0
1680594088754,606,Home page ,200,OK,Knock_out_Thread Group 1-1498,text,true,,3033,309,346,346,https://pabsa.impressicocrm.com/,606,0,232
1680594085866,3506,Get knockout players list ,200,,Knock_out_Thread Group 1-1211,text,true,,4598,340,346,346,https://pabsa.impressicocrm.com/api/tournament/118871/knockouts,3506,0,0
1680594089053,329,Home page ,200,OK,Knock_out_Thread Group 1-1501,text,true,,3033,309,346,346,https://pabsa.impressicocrm.com/,329,0,252
1680594085854,3531,Get Break list ,200,,Knock_out_Thread Group 1-1321,text,true,,3218,338,346,346,https://pabsa.impressicocrm.com/api/tournament/119922/players,3531,0,0
1680594086021,3380,Get single knockout Player details,200,,Knock_out_Thread Group 1-1230,text,true,,1210,326,346,346,https://pabsa.impressicocrm.com/api/player/110368,3380,0,0
1680594084615,4792,Get tournamnent list ,200,,Knock_out_Thread Group 1-1421,text,true,,58888,389,346,346,https://pabsa.impressicocrm.com/api/tournament?limit=12&pageNumber=1&sportType=&tournamentName=&tournamentStyle=,4028,0,0
1680594085833,3587,Get Home page currency,200,,Knock_out_Thread Group 1-1372,text,true,,9160,321,346,346,https://pabsa.impressicocrm.com/api/currency,3586,0,0
1680594085636,3789,Get Home page currency,200,,Knock_out_Thread Group 1-1363,text,true,,9153,321,346,346,https://pabsa.impressicocrm.com/api/currency,3789,0,0
1680594083952,5472,Get Break list ,200,,Knock_out_Thread Group 1-1265,text,true,,3218,338,346,346,https://pabsa.impressicocrm.com/api/tournament/119922/players,5472,0,0
1680594085223,4205,Get tournamnent list ,200,,Knock_out_Thread Group 1-1427,text,true,,58888,389,346,346,https://pabsa.impressicocrm.com/api/tournament?limit=12&pageNumber=1&sportType=&tournamentName=&tournamentStyle=,3710,0,0
1680594086165,3264,Get knockout players list ,200,,Knock_out_Thread Group 1-1251,text,true,,4598,340,346,346,https://pabsa.impressicocrm.com/api/tournament/118871/knockouts,3264,0,0
1680594086144,3287,Get knockout players list ,200,,Knock_out_Thread Group 1-1273,text,true,,4598,340,346,346,https://pabsa.impressicocrm.com/api/tournament/118871/knockouts,3287,0,0
1680594086011,3420,Get Players list ,200,,Knock_out_Thread Group 1-1361,text,true,,3218,338,346,346,https://pabsa.impressicocrm.com/api/tournament/119922/players,3420,0,0
1680594086085,3358,Get knockout players list ,200,,Knock_out_Thread Group 1-1289,text,true,,4598,340,346,346,https://pabsa.impressicocrm.com/api/tournament/118871/knockouts,3358,0,0
1680594088188,1329,Get Break list ,200,,Knock_out_Thread Group 1-1320,text,true,,3218,338,347,347,https://pabsa.impressicocrm.com/api/tournament/119922/players,1329,0,0
1680594087554,1975,Home page ,200,OK,Knock_out_Thread Group 1-1486,text,true,,3033,309,347,347,https://pabsa.impressicocrm.com/,1975,0,1596
1680594085425,4127,Get Home page country ,200,,Knock_out_Thread Group 1-1462,text,true,,17270,320,347,347,https://pabsa.impressicocrm.com/api/country,3982,0,0
1680594086011,3541,Get Players list ,200,,Knock_out_Thread Group 1-1355,text,true,,3218,338,347,347,https://pabsa.impressicocrm.com/api/tournament/119922/players,3541,0,0
1680594084069,5483,Get Players list ,200,,Knock_out_Thread Group 1-1336,text,true,,3218,338,347,347,https://pabsa.impressicocrm.com/api/tournament/119922/players,5483,0,0
1680594084349,5207,Get tournamnent list ,200,,Knock_out_Thread Group 1-1417,text,true,,58880,389,348,348,https://pabsa.impressicocrm.com/api/tournament?limit=12&pageNumber=1&sportType=&tournamentName=&tournamentStyle=,3920,0,0
1680594086186,3379,Get playerA_Vs_playerB,200,,Knock_out_Thread Group 1-1158,text,true,,1239,341,348,348,https://pabsa.impressicocrm.com/api/tournament/matchScore/147598,3379,0,0
1680594086244,3325,Get knockout players list ,200,,Knock_out_Thread Group 1-1255,text,true,,4598,340,347,347,https://pabsa.impressicocrm.com/api/tournament/118871/knockouts,3325,0,0
1680594085769,3805,Get tournament result,200,,Knock_out_Thread Group 1-1186,text,true,,5441,338,347,347,https://pabsa.impressicocrm.com/api/tournament/119922/matches,3805,0,0
1680594086039,3544,Get Home page currency,200,,Knock_out_Thread Group 1-1392,text,true,,9160,321,347,347,https://pabsa.impressicocrm.com/api/currency,3544,0,0
1680594085695,3900,Get Break list ,200,,Knock_out_Thread Group 1-1307,text,true,,3218,338,347,347,https://pabsa.impressicocrm.com/api/tournament/119922/players,3900,0,0
1680594086345,3257,Get Home page currency,200,,Knock_out_Thread Group 1-1396,text,true,,9160,321,347,347,https://pabsa.impressicocrm.com/api/currency,3257,0,0
1680594085822,3785,Get knockout players list ,200,,Knock_out_Thread Group 1-1277,text,true,,4598,340,347,347,https://pabsa.impressicocrm.com/api/tournament/118871/knockouts,3785,0,0
1680594087333,2275,Get tournamnent list ,200,,Knock_out_Thread Group 1-1461,text,true,,58880,389,347,347,https://pabsa.impressicocrm.com/api/tournament?limit=12&pageNumber=1&sportType=&tournamentName=&tournamentStyle=,1495,0,0
1680594085769,3841,Get knockout players list ,200,,Knock_out_Thread Group 1-1239,text,true,,4598,340,347,347,https://pabsa.impressicocrm.com/api/tournament/118871/knockouts,3841,0,0
1680594086313,3310,Get Home page country ,200,,Knock_out_Thread Group 1-1471,text,true,,17270,320,347,347,https://pabsa.impressicocrm.com/api/country,3310,0,0
1680594086392,3231,Get knockout players list ,200,,Knock_out_Thread Group 1-1262,text,true,,4598,340,347,347,https://pabsa.impressicocrm.com/api/tournament/118871/knockouts,3231,0,0
1680594086303,3322,Get Home page currency,200,,Knock_out_Thread Group 1-1379,text,true,,9160,321,347,347,https://pabsa.impressicocrm.com/api/currency,3322,0,0
1680594089252,373,Home page ,200,OK,Knock_out_Thread Group 1-1503,text,true,,3033,309,347,347,https://pabsa.impressicocrm.com/,372,0,303
1680594085277,4352,Get tournamnent list ,200,,Knock_out_Thread Group 1-1447,text,true,,58880,389,347,347,https://pabsa.impressicocrm.com/api/tournament?limit=12&pageNumber=1&sportType=&tournamentName=&tournamentStyle=,3863,0,0
1680594086262,3389,Get Home page country ,200,,Knock_out_Thread Group 1-1458,text,true,,17270,320,347,347,https://pabsa.impressicocrm.com/api/country,3389,0,0
1680594086112,3539,Get Home page country ,200,,Knock_out_Thread Group 1-1466,text,true,,17270,320,347,347,https://pabsa.impressicocrm.com/api/country,3539,0,0
1680594089152,502,Home page ,200,OK,Knock_out_Thread Group 1-1502,text,true,,3033,309,348,348,https://pabsa.impressicocrm.com/,502,0,412
1680594086115,3544,Get single knockout Player details,200,,Knock_out_Thread Group 1-1222,text,true,,1210,326,348,348,https://pabsa.impressicocrm.com/api/player/110368,3544,0,0
1680594086353,3313,Get Break list ,200,,Knock_out_Thread Group 1-1312,text,true,,3218,338,348,348,https://pabsa.impressicocrm.com/api/tournament/119922/players,3313,0,0
1680594086254,3417,Get tournament result,200,,Knock_out_Thread Group 1-1190,text,true,,5435,338,348,348,https://pabsa.impressicocrm.com/api/tournament/119922/matches,3417,0,0
1680594088274,1406,Get Home page currency,200,,Knock_out_Thread Group 1-1406,text,true,,9160,321,348,348,https://pabsa.impressicocrm.com/api/currency,1406,0,0
1680594086472,3208,Get knockout players list ,200,,Knock_out_Thread Group 1-1261,text,true,,4598,340,348,348,https://pabsa.impressicocrm.com/api/tournament/118871/knockouts,3208,0,0
1680594088953,728,Home page ,200,OK,Knock_out_Thread Group 1-1500,text,true,,3033,309,348,348,https://pabsa.impressicocrm.com/,727,0,649
1680594083765,5933,Get tournamnent list ,200,,Knock_out_Thread Group 1-1412,text,true,,58880,389,348,348,https://pabsa.impressicocrm.com/api/tournament?limit=12&pageNumber=1&sportType=&tournamentName=&tournamentStyle=,5677,0,0
1680594086500,3201,Get single knockout Player details,200,,Knock_out_Thread Group 1-1235,text,true,,1210,326,348,348,https://pabsa.impressicocrm.com/api/player/110368,3201,0,0
1680594086349,3361,Get Break list ,200,,Knock_out_Thread Group 1-1319,text,true,,3218,338,348,348,https://pabsa.impressicocrm.com/api/tournament/119922/players,3361,0,0
1680594085487,4229,Get Players list ,200,,Knock_out_Thread Group 1-1357,text,true,,3218,338,348,348,https://pabsa.impressicocrm.com/api/tournament/119922/players,4229,0,0
1680594086399,3321,Get playerA_Vs_playerB,200,,Knock_out_Thread Group 1-1172,text,true,,1239,341,348,348,https://pabsa.impressicocrm.com/api/tournament/matchScore/147598,3321,0,0
1680594086165,3572,Get tournament result,200,,Knock_out_Thread Group 1-1185,text,true,,5435,338,347,347,https://pabsa.impressicocrm.com/api/tournament/119922/matches,3572,0,0
1680594086257,3491,Get Home page currency,200,,Knock_out_Thread Group 1-1389,text,true,,9160,321,347,347,https://pabsa.impressicocrm.com/api/currency,3491,0,0
1680594086578,3175,Get single knockout Player details,200,,Knock_out_Thread Group 1-1164,text,true,,1210,326,348,348,https://pabsa.impressicocrm.com/api/player/110368,3175,0,0
1680594086578,3175,Get knockout players list ,200,,Knock_out_Thread Group 1-1264,text,true,,4598,340,348,348,https://pabsa.impressicocrm.com/api/tournament/118871/knockouts,3175,0,0
1680594086413,3340,Get playerA_Vs_playerB,200,,Knock_out_Thread Group 1-1154,text,true,,1239,341,348,348,https://pabsa.impressicocrm.com/api/tournament/matchScore/147598,3340,0,0
1680594086524,3234,Get playerA_Vs_playerB,200,,Knock_out_Thread Group 1-1170,text,true,,1239,341,347,347,https://pabsa.impressicocrm.com/api/tournament/matchScore/147598,3234,0,0
1680594085810,3948,Get tournament result,200,,Knock_out_Thread Group 1-1188,text,true,,5441,338,347,347,https://pabsa.impressicocrm.com/api/tournament/119922/matches,3948,0,0
1680594086266,3495,Get Players schedule,200,,Knock_out_Thread Group 1-1283,text,true,,5441,338,346,346,https://pabsa.impressicocrm.com/api/tournament/119922/matches,3495,0,0
1680594086491,3274,Get Home page currency,200,,Knock_out_Thread Group 1-1395,text,true,,9160,321,346,346,https://pabsa.impressicocrm.com/api/currency,3274,0,0
1680594086315,3456,Get knockout players list ,200,,Knock_out_Thread Group 1-1248,text,true,,4598,340,346,346,https://pabsa.impressicocrm.com/api/tournament/118871/knockouts,3456,0,0
1680594087354,2417,Home page ,200,OK,Knock_out_Thread Group 1-1484,text,true,,3033,309,346,346,https://pabsa.impressicocrm.com/,2417,0,1935
1680594082244,7560,Get tournamnent list ,200,,Knock_out_Thread Group 1-1393,text,true,,58880,389,346,346,https://pabsa.impressicocrm.com/api/tournament?limit=12&pageNumber=1&sportType=&tournamentName=&tournamentStyle=,5939,0,0
1680594086434,3376,Get Home page currency,200,,Knock_out_Thread Group 1-1419,text,true,,9160,321,346,346,https://pabsa.impressicocrm.com/api/currency,3375,0,0
1680594085390,4458,Get tournament result,200,,Knock_out_Thread Group 1-1178,text,true,,5435,338,346,346,https://pabsa.impressicocrm.com/api/tournament/119922/matches,4458,0,0
1680594086578,3273,Get Break list ,200,,Knock_out_Thread Group 1-1309,text,true,,3218,338,346,346,https://pabsa.impressicocrm.com/api/tournament/119922/players,3273,0,0
1680594084591,5260,Get single knockout Player details,200,,Knock_out_Thread Group 1-1249,text,true,,1210,326,346,346,https://pabsa.impressicocrm.com/api/player/110368,5260,0,0
1680594086467,3387,Get Home page country ,200,,Knock_out_Thread Group 1-1472,text,true,,17270,320,347,347,https://pabsa.impressicocrm.com/api/country,3302,0,0
1680594085471,4397,Get tournamnent list ,200,,Knock_out_Thread Group 1-1429,text,true,,58865,389,347,347,https://pabsa.impressicocrm.com/api/tournament?limit=12&pageNumber=1&sportType=&tournamentName=&tournamentStyle=,4300,0,0
1680594086542,3326,Get Home page country ,200,,Knock_out_Thread Group 1-1473,text,true,,17255,320,347,347,https://pabsa.impressicocrm.com/api/country,3326,0,0
1680594086603,3267,Get Home page country ,200,,Knock_out_Thread Group 1-1474,text,true,,17270,320,347,347,https://pabsa.impressicocrm.com/api/country,3267,0,0
1680594086201,3684,Get Home page currency,200,,Knock_out_Thread Group 1-1398,text,true,,9160,321,347,347,https://pabsa.impressicocrm.com/api/currency,3683,0,0
1680594086663,3226,Get playerA_Vs_playerB,200,,Knock_out_Thread Group 1-1156,text,true,,1239,341,347,347,https://pabsa.impressicocrm.com/api/tournament/matchScore/147598,3226,0,0
1680594086258,3646,Get Players schedule,200,,Knock_out_Thread Group 1-1287,text,true,,5441,338,346,346,https://pabsa.impressicocrm.com/api/tournament/119922/matches,3646,0,0
1680594086919,3012,Get single knockout Player details,200,,Knock_out_Thread Group 1-1231,text,true,,1210,326,346,346,https://pabsa.impressicocrm.com/api/player/110368,3012,0,0
1680594089553,377,Home page ,200,OK,Knock_out_Thread Group 1-1506,text,true,,3033,309,346,346,https://pabsa.impressicocrm.com/,377,0,221
1680594086161,3775,Get Players schedule,200,,Knock_out_Thread Group 1-1305,text,true,,5441,338,346,346,https://pabsa.impressicocrm.com/api/tournament/119922/matches,3775,0,0
1680594086295,3644,Get Players schedule,200,,Knock_out_Thread Group 1-1274,text,true,,5435,338,346,346,https://pabsa.impressicocrm.com/api/tournament/119922/matches,3644,0,0
1680594086694,3259,Get knockout players list ,200,,Knock_out_Thread Group 1-1257,text,true,,4598,340,347,347,https://pabsa.impressicocrm.com/api/tournament/118871/knockouts,3259,0,0
1680594086162,3794,Get Home page country ,200,,Knock_out_Thread Group 1-1469,text,true,,17270,320,347,347,https://pabsa.impressicocrm.com/api/country,3794,0,0
1680594085463,4514,Get tournamnent list ,200,,Knock_out_Thread Group 1-1428,text,true,,58880,389,347,347,https://pabsa.impressicocrm.com/api/tournament?limit=12&pageNumber=1&sportType=&tournamentName=&tournamentStyle=,3938,0,0
1680594086041,3939,Get Home page currency,200,,Knock_out_Thread Group 1-1391,text,true,,9160,321,347,347,https://pabsa.impressicocrm.com/api/currency,3939,0,0
1680594086698,3299,Get Home page currency,200,,Knock_out_Thread Group 1-1381,text,true,,9160,321,347,347,https://pabsa.impressicocrm.com/api/currency,3299,0,0
1680594086836,3161,Get Break list ,200,,Knock_out_Thread Group 1-1343,text,true,,3218,338,347,347,https://pabsa.impressicocrm.com/api/tournament/119922/players,3161,0,0
1680594084602,5395,Get Break list ,200,,Knock_out_Thread Group 1-1308,text,true,,3218,338,347,347,https://pabsa.impressicocrm.com/api/tournament/119922/players,5395,0,0
1680594085820,4192,Get Home page currency,200,,Knock_out_Thread Group 1-1382,text,true,,9153,321,347,347,https://pabsa.impressicocrm.com/api/currency,4191,0,0
1680594086895,3117,Get Home page country ,200,,Knock_out_Thread Group 1-1476,text,true,,17270,320,347,347,https://pabsa.impressicocrm.com/api/country,3117,0,0
1680594086880,3138,Get Break list ,200,,Knock_out_Thread Group 1-1346,text,true,,3218,338,347,347,https://pabsa.impressicocrm.com/api/tournament/119922/players,3138,0,0
1680594086974,3068,Get playerA_Vs_playerB,200,,Knock_out_Thread Group 1-1165,text,true,,1239,341,347,347,https://pabsa.impressicocrm.com/api/tournament/matchScore/147598,3068,0,0
1680594086113,3941,Get Home page country ,200,,Knock_out_Thread Group 1-1468,text,true,,17255,320,347,347,https://pabsa.impressicocrm.com/api/country,3937,0,0
1680594085611,4443,Get Players schedule,200,,Knock_out_Thread Group 1-1296,text,true,,5441,338,347,347,https://pabsa.impressicocrm.com/api/tournament/119922/matches,4443,0,0
1680594087113,2956,Get single knockout Player details,200,,Knock_out_Thread Group 1-1238,text,true,,1210,326,347,347,https://pabsa.impressicocrm.com/api/player/110368,2956,0,0
1680594086957,3115,Get Players list ,200,,Knock_out_Thread Group 1-1340,text,true,,3218,338,347,347,https://pabsa.impressicocrm.com/api/tournament/119922/players,3115,0,0
1680594089452,625,Home page ,200,OK,Knock_out_Thread Group 1-1505,text,true,,3033,309,347,347,https://pabsa.impressicocrm.com/,625,0,559
1680594086603,3510,Get playerA_Vs_playerB,200,,Knock_out_Thread Group 1-1182,text,true,,1239,341,347,347,https://pabsa.impressicocrm.com/api/tournament/matchScore/147598,3510,0,0
1680594089752,381,Home page ,200,OK,Knock_out_Thread Group 1-1508,text,true,,3033,309,346,346,https://pabsa.impressicocrm.com/,381,0,313
1680594089852,291,Home page ,200,OK,Knock_out_Thread Group 1-1509,text,true,,3033,309,346,346,https://pabsa.impressicocrm.com/,291,0,223
1680594086704,3467,Get tournament result,200,,Knock_out_Thread Group 1-1196,text,true,,5435,338,347,347,https://pabsa.impressicocrm.com/api/tournament/119922/matches,3466,0,0
1680594087101,3069,Get Players list ,200,,Knock_out_Thread Group 1-1353,text,true,,3218,338,347,347,https://pabsa.impressicocrm.com/api/tournament/119922/players,3069,0,0
1680594084518,5662,Get playerA_Vs_playerB,200,,Knock_out_Thread Group 1-1166,text,true,,1239,341,347,347,https://pabsa.impressicocrm.com/api/tournament/matchScore/147598,5662,0,0
1680594086323,3857,Get playerA_Vs_playerB,200,,Knock_out_Thread Group 1-1147,text,true,,1239,341,347,347,https://pabsa.impressicocrm.com/api/tournament/matchScore/147598,3857,0,0
1680594086071,4119,Get tournamnent list ,200,,Knock_out_Thread Group 1-1435,text,true,,58880,389,345,345,https://pabsa.impressicocrm.com/api/tournament?limit=12&pageNumber=1&sportType=&tournamentName=&tournamentStyle=,3649,0,0
1680594086489,3707,Get Break list ,200,,Knock_out_Thread Group 1-1360,text,true,,3218,338,345,345,https://pabsa.impressicocrm.com/api/tournament/119922/players,3707,0,0
1680594086406,3832,Get playerA_Vs_playerB,200,,Knock_out_Thread Group 1-1144,text,true,,1239,341,345,345,https://pabsa.impressicocrm.com/api/tournament/matchScore/147598,3832,0,0
1680594087201,3037,Get Players list ,200,,Knock_out_Thread Group 1-1368,text,true,,3218,338,345,345,https://pabsa.impressicocrm.com/api/tournament/119922/players,3037,0,0
1680594086687,3564,Get tournament result,200,,Knock_out_Thread Group 1-1176,text,true,,5435,338,344,344,https://pabsa.impressicocrm.com/api/tournament/119922/matches,3564,0,0
1680594087088,3163,Get knockout players list ,200,,Knock_out_Thread Group 1-1244,text,true,,4598,340,344,344,https://pabsa.impressicocrm.com/api/tournament/118871/knockouts,3163,0,0
1680594087012,3251,Get Players schedule,200,,Knock_out_Thread Group 1-1280,text,true,,5441,338,345,345,https://pabsa.impressicocrm.com/api/tournament/119922/matches,3251,0,0
1680594087283,2997,Get playerA_Vs_playerB,200,,Knock_out_Thread Group 1-1149,text,true,,1239,341,345,345,https://pabsa.impressicocrm.com/api/tournament/matchScore/147598,2997,0,0
1680594087137,3147,Get Players list ,200,,Knock_out_Thread Group 1-1342,text,true,,3218,338,344,344,https://pabsa.impressicocrm.com/api/tournament/119922/players,3147,0,0
1680594084100,6217,Get tournamnent list ,200,,Knock_out_Thread Group 1-1414,text,true,,58880,389,344,344,https://pabsa.impressicocrm.com/api/tournament?limit=12&pageNumber=1&sportType=&tournamentName=&tournamentStyle=,3665,0,0
1680594086683,3648,Get knockout players list ,200,,Knock_out_Thread Group 1-1263,text,true,,4598,340,344,344,https://pabsa.impressicocrm.com/api/tournament/118871/knockouts,3648,0,0
1680594087333,3041,Get Break list ,200,,Knock_out_Thread Group 1-1313,text,true,,3218,338,345,345,https://pabsa.impressicocrm.com/api/tournament/119922/players,3041,0,0
1680594089653,724,Home page ,200,OK,Knock_out_Thread Group 1-1507,text,true,,3033,309,345,345,https://pabsa.impressicocrm.com/,724,0,642
1680594087131,3250,Get tournament result,200,,Knock_out_Thread Group 1-1204,text,true,,5441,338,345,345,https://pabsa.impressicocrm.com/api/tournament/119922/matches,3250,0,0
1680594086687,3720,Get tournament result,200,,Knock_out_Thread Group 1-1194,text,true,,5441,338,345,345,https://pabsa.impressicocrm.com/api/tournament/119922/matches,3720,0,0
1680594084983,5448,Get Players list ,200,,Knock_out_Thread Group 1-1350,text,true,,3218,338,345,345,https://pabsa.impressicocrm.com/api/tournament/119922/players,5448,0,0
1680594085234,5204,Get tournamnent list ,200,,Knock_out_Thread Group 1-1425,text,true,,58888,389,345,345,https://pabsa.impressicocrm.com/api/tournament?limit=12&pageNumber=1&sportType=&tournamentName=&tournamentStyle=,3929,0,0
1680594086927,3514,Get Break list ,200,,Knock_out_Thread Group 1-1315,text,true,,3218,338,345,345,https://pabsa.impressicocrm.com/api/tournament/119922/players,3514,0,0
1680594087230,3235,Get single knockout Player details,200,,Knock_out_Thread Group 1-1256,text,true,,1210,326,346,346,https://pabsa.impressicocrm.com/api/player/110368,3235,0,0
1680594084961,5507,Get single knockout Player details,200,,Knock_out_Thread Group 1-1200,text,true,,1210,326,346,346,https://pabsa.impressicocrm.com/api/player/110368,5507,0,0
1680594085619,4849,Get tournamnent list ,200,,Knock_out_Thread Group 1-1432,text,true,,58880,389,346,346,https://pabsa.impressicocrm.com/api/tournament?limit=12&pageNumber=1&sportType=&tournamentName=&tournamentStyle=,3741,0,0
1680594086475,3999,Get Players schedule,200,,Knock_out_Thread Group 1-1271,text,true,,5441,338,346,346,https://pabsa.impressicocrm.com/api/tournament/119922/matches,3999,0,0
1680594087353,3128,Get Break list ,200,,Knock_out_Thread Group 1-1326,text,true,,3218,338,346,346,https://pabsa.impressicocrm.com/api/tournament/119922/players,3128,0,0
1680594087428,3053,Get knockout players list ,200,,Knock_out_Thread Group 1-1269,text,true,,4598,340,346,346,https://pabsa.impressicocrm.com/api/tournament/118871/knockouts,3053,0,0
1680594087113,3368,Get Players list ,200,,Knock_out_Thread Group 1-1366,text,true,,3218,338,346,346,https://pabsa.impressicocrm.com/api/tournament/119922/players,3368,0,0
1680594086616,3875,Get Home page country ,200,,Knock_out_Thread Group 1-1470,text,true,,17270,320,346,346,https://pabsa.impressicocrm.com/api/country,3875,0,0
1680594087407,3092,Get Break list ,200,,Knock_out_Thread Group 1-1325,text,true,,3218,338,346,346,https://pabsa.impressicocrm.com/api/tournament/119922/players,3092,0,0
1680594084525,5974,Get tournamnent list ,200,,Knock_out_Thread Group 1-1402,text,true,,58888,389,346,346,https://pabsa.impressicocrm.com/api/tournament?limit=12&pageNumber=1&sportType=&tournamentName=&tournamentStyle=,4003,0,0
1680594084603,5914,Get Home page currency,200,,Knock_out_Thread Group 1-1378,text,true,,9153,321,346,346,https://pabsa.impressicocrm.com/api/currency,5914,0,0
1680594087464,3058,Get single knockout Player details,200,,Knock_out_Thread Group 1-1245,text,true,,1210,326,346,346,https://pabsa.impressicocrm.com/api/player/110368,3058,0,0
1680594087424,3112,Get Break list ,200,,Knock_out_Thread Group 1-1323,text,true,,3218,338,346,346,https://pabsa.impressicocrm.com/api/tournament/119922/players,3112,0,0
1680594087439,3109,Get Players list ,200,,Knock_out_Thread Group 1-1374,text,true,,3218,338,346,346,https://pabsa.impressicocrm.com/api/tournament/119922/players,3109,0,0
1680594087129,3420,Get tournament result,200,,Knock_out_Thread Group 1-1179,text,true,,5441,338,346,346,https://pabsa.impressicocrm.com/api/tournament/119922/matches,3420,0,0
1680594087326,3223,Get tournament result,200,,Knock_out_Thread Group 1-1193,text,true,,5435,338,346,346,https://pabsa.impressicocrm.com/api/tournament/119922/matches,3223,0,0
1680594084786,5768,Get Home page currency,200,,Knock_out_Thread Group 1-1385,text,true,,9160,321,347,347,https://pabsa.impressicocrm.com/api/currency,5768,0,0
1680594086694,3870,Get Players schedule,200,,Knock_out_Thread Group 1-1288,text,true,,5441,338,347,347,https://pabsa.impressicocrm.com/api/tournament/119922/matches,3870,0,0
1680594086895,3738,Get tournament result,200,,Knock_out_Thread Group 1-1180,text,true,,5441,338,347,347,https://pabsa.impressicocrm.com/api/tournament/119922/matches,3738,0,0
1680594085987,4647,Get tournamnent list ,200,,Knock_out_Thread Group 1-1434,text,true,,58880,389,347,347,https://pabsa.impressicocrm.com/api/tournament?limit=12&pageNumber=1&sportType=&tournamentName=&tournamentStyle=,3725,0,0
1680594087446,3194,Get Break list ,200,,Knock_out_Thread Group 1-1333,text,true,,3218,338,347,347,https://pabsa.impressicocrm.com/api/tournament/119922/players,3194,0,0
1680594087313,3344,Get Break list ,200,,Knock_out_Thread Group 1-1303,text,true,,3218,338,348,348,https://pabsa.impressicocrm.com/api/tournament/119922/players,3344,0,0
1680594087277,3380,Get tournament result,200,,Knock_out_Thread Group 1-1202,text,true,,5435,338,348,348,https://pabsa.impressicocrm.com/api/tournament/119922/matches,3380,0,0
1680594087628,3037,Get single knockout Player details,200,,Knock_out_Thread Group 1-1237,text,true,,1210,326,348,348,https://pabsa.impressicocrm.com/api/player/110368,3037,0,0
1680594089952,712,Home page ,200,OK,Knock_out_Thread Group 1-1510,text,true,,3033,309,348,348,https://pabsa.impressicocrm.com/,712,0,627
1680594087532,3153,Get knockout players list ,200,,Knock_out_Thread Group 1-1243,text,true,,4598,340,348,348,https://pabsa.impressicocrm.com/api/tournament/118871/knockouts,3153,0,0
1680594087454,3247,Get Players list ,200,,Knock_out_Thread Group 1-1356,text,true,,3218,338,348,348,https://pabsa.impressicocrm.com/api/tournament/119922/players,3247,0,0
1680594087313,3409,Get Players schedule,200,,Knock_out_Thread Group 1-1268,text,true,,5441,338,348,348,https://pabsa.impressicocrm.com/api/tournament/119922/matches,3409,0,0
1680594087524,3198,Get Players list ,200,,Knock_out_Thread Group 1-1376,text,true,,3218,338,348,348,https://pabsa.impressicocrm.com/api/tournament/119922/players,3197,0,0
1680594087616,3133,Get playerA_Vs_playerB,200,,Knock_out_Thread Group 1-1191,text,true,,1239,341,348,348,https://pabsa.impressicocrm.com/api/tournament/matchScore/147598,3133,0,0
1680594087538,3230,Get Home page country ,200,,Knock_out_Thread Group 1-1483,text,true,,17255,320,348,348,https://pabsa.impressicocrm.com/api/country,3230,0,0
1680594087367,3422,Get Home page country ,200,,Knock_out_Thread Group 1-1480,text,true,,17270,320,348,348,https://pabsa.impressicocrm.com/api/country,3422,0,0
1680594087597,3193,Get Home page currency,200,,Knock_out_Thread Group 1-1397,text,true,,9160,321,348,348,https://pabsa.impressicocrm.com/api/currency,3193,0,0
1680594087652,3138,Get playerA_Vs_playerB,200,,Knock_out_Thread Group 1-1171,text,true,,1239,341,348,348,https://pabsa.impressicocrm.com/api/tournament/matchScore/147598,3138,0,0
1680594087661,3134,Get Home page currency,200,,Knock_out_Thread Group 1-1409,text,true,,9160,321,347,347,https://pabsa.impressicocrm.com/api/currency,3134,0,0
1680594083647,7164,Get tournamnent list ,200,,Knock_out_Thread Group 1-1403,text,true,,58880,389,347,347,https://pabsa.impressicocrm.com/api/tournament?limit=12&pageNumber=1&sportType=&tournamentName=&tournamentStyle=,5753,0,0
1680594087668,3157,Get Break list ,200,,Knock_out_Thread Group 1-1318,text,true,,3218,338,347,347,https://pabsa.impressicocrm.com/api/tournament/119922/players,3157,0,0
1680594090452,395,Home page ,200,OK,Knock_out_Thread Group 1-1515,text,true,,3033,309,347,347,https://pabsa.impressicocrm.com/,395,0,328
1680594087762,3129,Get single knockout Player details,200,,Knock_out_Thread Group 1-1236,text,true,,1210,326,348,348,https://pabsa.impressicocrm.com/api/player/110368,3129,0,0
1680594089407,1484,Get Home page currency,200,,Knock_out_Thread Group 1-1421,text,true,,9160,321,348,348,https://pabsa.impressicocrm.com/api/currency,1484,0,0
1680594087547,3352,Get Players schedule,200,,Knock_out_Thread Group 1-1314,text,true,,5441,338,348,348,https://pabsa.impressicocrm.com/api/tournament/119922/matches,3352,0,0
1680594087605,3335,Get single knockout Player details,200,,Knock_out_Thread Group 1-1224,text,true,,1210,326,348,348,https://pabsa.impressicocrm.com/api/player/110368,3335,0,0
1680594087721,3223,Get knockout players list ,200,,Knock_out_Thread Group 1-1266,text,true,,4598,340,348,348,https://pabsa.impressicocrm.com/api/tournament/118871/knockouts,3223,0,0
1680594087718,3232,Get Break list ,200,,Knock_out_Thread Group 1-1338,text,true,,3218,338,348,348,https://pabsa.impressicocrm.com/api/tournament/119922/players,3232,0,0
1680594087589,3361,Get tournament result,200,,Knock_out_Thread Group 1-1221,text,true,,5441,338,348,348,https://pabsa.impressicocrm.com/api/tournament/119922/matches,3361,0,0
1680594087597,3356,Get tournament result,200,,Knock_out_Thread Group 1-1169,text,true,,5441,338,348,348,https://pabsa.impressicocrm.com/api/tournament/119922/matches,3356,0,0
1680594087666,3287,Get Home page country ,200,,Knock_out_Thread Group 1-1477,text,true,,17270,320,348,348,https://pabsa.impressicocrm.com/api/country,3287,0,0
1680594087893,3061,Get Break list ,200,,Knock_out_Thread Group 1-1334,text,true,,3218,338,349,349,https://pabsa.impressicocrm.com/api/tournament/119922/players,3061,0,0
1680594089583,1370,Get Players list ,200,,Knock_out_Thread Group 1-1392,text,true,,3218,338,349,349,https://pabsa.impressicocrm.com/api/tournament/119922/players,1370,0,0
1680594087810,3146,Get playerA_Vs_playerB,200,,Knock_out_Thread Group 1-1159,text,true,,1239,341,349,349,https://pabsa.impressicocrm.com/api/tournament/matchScore/147598,3146,0,0
1680594087707,3255,Get Players list ,200,,Knock_out_Thread Group 1-1371,text,true,,3218,338,348,348,https://pabsa.impressicocrm.com/api/tournament/119922/players,3255,0,0
1680594090352,615,Home page ,200,OK,Knock_out_Thread Group 1-1514,text,true,,3033,309,348,348,https://pabsa.impressicocrm.com/,615,0,556
1680594087776,3197,Get playerA_Vs_playerB,200,,Knock_out_Thread Group 1-1187,text,true,,1239,341,348,348,https://pabsa.impressicocrm.com/api/tournament/matchScore/147598,3197,0,0
1680594085462,5516,Get Home page country ,200,,Knock_out_Thread Group 1-1460,text,true,,17270,320,347,347,https://pabsa.impressicocrm.com/api/country,5516,0,0
1680594087025,3986,Get tournamnent list ,200,,Knock_out_Thread Group 1-1442,text,true,,58880,389,347,347,https://pabsa.impressicocrm.com/api/tournament?limit=12&pageNumber=1&sportType=&tournamentName=&tournamentStyle=,3408,0,0
1680594087658,3364,Get tournament result,200,,Knock_out_Thread Group 1-1184,text,true,,5441,338,347,347,https://pabsa.impressicocrm.com/api/tournament/119922/matches,3364,0,0
1680594087903,3123,Get knockout players list ,200,,Knock_out_Thread Group 1-1242,text,true,,4598,340,347,347,https://pabsa.impressicocrm.com/api/tournament/118871/knockouts,3123,0,0
1680594090052,978,Home page ,200,OK,Knock_out_Thread Group 1-1511,text,true,,3033,309,347,347,https://pabsa.impressicocrm.com/,978,0,831
1680594087904,3142,Get Break list ,200,,Knock_out_Thread Group 1-1337,text,true,,3218,338,347,347,https://pabsa.impressicocrm.com/api/tournament/119922/players,3142,0,0
1680594090253,814,Home page ,200,OK,Knock_out_Thread Group 1-1513,text,true,,3033,309,348,348,https://pabsa.impressicocrm.com/,814,0,233
1680594084624,6452,Get tournamnent list ,200,,Knock_out_Thread Group 1-1408,text,true,,58888,389,348,348,https://pabsa.impressicocrm.com/api/tournament?limit=12&pageNumber=1&sportType=&tournamentName=&tournamentStyle=,4208,0,0
1680594087652,3429,Get tournament result,200,,Knock_out_Thread Group 1-1207,text,true,,5441,338,348,348,https://pabsa.impressicocrm.com/api/tournament/119922/matches,3429,0,0
1680594086542,4556,Get Players schedule,200,,Knock_out_Thread Group 1-1290,text,true,,5435,338,348,348,https://pabsa.impressicocrm.com/api/tournament/119922/matches,4556,0,0
1680594087580,3518,Get knockout players list ,200,,Knock_out_Thread Group 1-1253,text,true,,4598,340,348,348,https://pabsa.impressicocrm.com/api/tournament/118871/knockouts,3518,0,0
1680594087698,3412,Get Home page currency,200,,Knock_out_Thread Group 1-1388,text,true,,9160,321,348,348,https://pabsa.impressicocrm.com/api/currency,3412,0,0
1680594089271,1841,Get tournament result,200,,Knock_out_Thread Group 1-1218,text,true,,5441,338,348,348,https://pabsa.impressicocrm.com/api/tournament/119922/matches,1840,0,0
1680594088059,3063,Get knockout players list ,200,,Knock_out_Thread Group 1-1267,text,true,,4598,340,348,348,https://pabsa.impressicocrm.com/api/tournament/118871/knockouts,3063,0,0
1680594086947,4175,Get knockout players list ,200,,Knock_out_Thread Group 1-1213,text,true,,4598,340,348,348,https://pabsa.impressicocrm.com/api/tournament/118871/knockouts,4175,0,0
1680594088025,3100,Get Players list ,200,,Knock_out_Thread Group 1-1367,text,true,,3218,338,348,348,https://pabsa.impressicocrm.com/api/tournament/119922/players,3100,0,0
1680594087987,3139,Get Home page currency,200,,Knock_out_Thread Group 1-1407,text,true,,9160,321,348,348,https://pabsa.impressicocrm.com/api/currency,3139,0,0
1680594088105,3030,Get single knockout Player details,200,,Knock_out_Thread Group 1-1197,text,true,,1210,326,348,348,https://pabsa.impressicocrm.com/api/player/110368,3030,0,0
1680594087922,3235,Get Break list ,200,,Knock_out_Thread Group 1-1329,text,true,,3218,338,349,349,https://pabsa.impressicocrm.com/api/tournament/119922/players,3235,0,0
1680594089352,1815,Home page ,200,OK,Knock_out_Thread Group 1-1504,text,true,,3033,309,349,349,https://pabsa.impressicocrm.com/,1815,0,1673
1680594088081,3109,Get Home page currency,200,,Knock_out_Thread Group 1-1410,text,true,,9160,321,349,349,https://pabsa.impressicocrm.com/api/currency,3109,0,0
1680594087907,3287,Get tournament result,200,,Knock_out_Thread Group 1-1208,text,true,,5441,338,349,349,https://pabsa.impressicocrm.com/api/tournament/119922/matches,3287,0,0
1680594087492,3704,Get Break list ,200,,Knock_out_Thread Group 1-1324,text,true,,3218,338,349,349,https://pabsa.impressicocrm.com/api/tournament/119922/players,3704,0,0
1680594086654,4553,Get tournamnent list ,200,,Knock_out_Thread Group 1-1436,text,true,,58880,389,349,349,https://pabsa.impressicocrm.com/api/tournament?limit=12&pageNumber=1&sportType=&tournamentName=&tournamentStyle=,3569,0,0
1680594086135,5077,Get tournamnent list ,200,,Knock_out_Thread Group 1-1430,text,true,,58888,389,349,349,https://pabsa.impressicocrm.com/api/tournament?limit=12&pageNumber=1&sportType=&tournamentName=&tournamentStyle=,3664,0,0
1680594087979,3236,Get Home page country ,200,,Knock_out_Thread Group 1-1487,text,true,,17270,320,349,349,https://pabsa.impressicocrm.com/api/country,3236,0,0
1680594087318,3910,Get Players list ,200,,Knock_out_Thread Group 1-1358,text,true,,3218,338,349,349,https://pabsa.impressicocrm.com/api/tournament/119922/players,3910,0,0
1680594087903,3348,Get Players schedule,200,,Knock_out_Thread Group 1-1252,text,true,,5441,338,349,349,https://pabsa.impressicocrm.com/api/tournament/119922/matches,3348,0,0
1680594087537,3728,Get Break list ,200,,Knock_out_Thread Group 1-1311,text,true,,3218,338,350,350,https://pabsa.impressicocrm.com/api/tournament/119922/players,3728,0,0
1680594088128,3161,Get Home page country ,200,,Knock_out_Thread Group 1-1488,text,true,,17270,320,350,350,https://pabsa.impressicocrm.com/api/country,3159,0,0
1680594090153,1172,Home page ,200,OK,Knock_out_Thread Group 1-1512,text,true,,3033,309,350,350,https://pabsa.impressicocrm.com/,1172,0,1042
1680594088077,3269,Get knockout players list ,200,,Knock_out_Thread Group 1-1250,text,true,,4598,340,350,350,https://pabsa.impressicocrm.com/api/tournament/118871/knockouts,3269,0,0
1680594088195,3162,Get single knockout Player details,200,,Knock_out_Thread Group 1-1234,text,true,,1210,326,351,351,https://pabsa.impressicocrm.com/api/player/110368,3162,0,0
1680594088040,3319,Get tournament result,200,,Knock_out_Thread Group 1-1217,text,true,,5441,338,351,351,https://pabsa.impressicocrm.com/api/tournament/119922/matches,3319,0,0
1680594087973,3411,Get Players list ,200,,Knock_out_Thread Group 1-1347,text,true,,3218,338,351,351,https://pabsa.impressicocrm.com/api/tournament/119922/players,3411,0,0
1680594088211,3173,Get Players list ,200,,Knock_out_Thread Group 1-1364,text,true,,3218,338,351,351,https://pabsa.impressicocrm.com/api/tournament/119922/players,3173,0,0
1680594086974,4416,Get Home page country ,200,,Knock_out_Thread Group 1-1465,text,true,,17270,320,351,351,https://pabsa.impressicocrm.com/api/country,4416,0,0
1680594088269,3141,Get knockout players list ,200,,Knock_out_Thread Group 1-1279,text,true,,4591,340,351,351,https://pabsa.impressicocrm.com/api/tournament/118871/knockouts,3140,0,0
1680594088009,3438,Get Players schedule,200,,Knock_out_Thread Group 1-1278,text,true,,5441,338,351,351,https://pabsa.impressicocrm.com/api/tournament/119922/matches,3438,0,0
1680594091152,294,Home page ,200,OK,Knock_out_Thread Group 1-1522,text,true,,3033,309,351,351,https://pabsa.impressicocrm.com/,294,0,215
1680594088062,3393,Get Players schedule,200,,Knock_out_Thread Group 1-1297,text,true,,5441,338,352,352,https://pabsa.impressicocrm.com/api/tournament/119922/matches,3393,0,0
1680594088216,3239,Get Break list ,200,,Knock_out_Thread Group 1-1327,text,true,,3218,338,352,352,https://pabsa.impressicocrm.com/api/tournament/119922/players,3239,0,0
1680594087373,4082,Get tournamnent list ,200,,Knock_out_Thread Group 1-1444,text,true,,58888,389,352,352,https://pabsa.impressicocrm.com/api/tournament?limit=12&pageNumber=1&sportType=&tournamentName=&tournamentStyle=,3509,0,0
1680594087925,3530,Get tournament result,200,,Knock_out_Thread Group 1-1181,text,true,,5435,338,352,352,https://pabsa.impressicocrm.com/api/tournament/119922/matches,3530,0,0
1680594087074,4392,Get tournamnent list ,200,,Knock_out_Thread Group 1-1443,text,true,,58865,389,352,352,https://pabsa.impressicocrm.com/api/tournament?limit=12&pageNumber=1&sportType=&tournamentName=&tournamentStyle=,3272,0,0
1680594088221,3249,Get knockout players list ,200,,Knock_out_Thread Group 1-1260,text,true,,4598,340,352,352,https://pabsa.impressicocrm.com/api/tournament/118871/knockouts,3249,0,0
1680594088106,3380,Get single knockout Player details,200,,Knock_out_Thread Group 1-1254,text,true,,1210,326,352,352,https://pabsa.impressicocrm.com/api/player/110368,3380,0,0
1680594088266,3229,Get Break list ,200,,Knock_out_Thread Group 1-1339,text,true,,3218,338,352,352,https://pabsa.impressicocrm.com/api/tournament/119922/players,3229,0,0
1680594088087,3424,Get tournament result,200,,Knock_out_Thread Group 1-1192,text,true,,5441,338,352,352,https://pabsa.impressicocrm.com/api/tournament/119922/matches,3424,0,0
1680594087728,3797,Get tournamnent list ,200,,Knock_out_Thread Group 1-1450,text,true,,58880,389,352,352,https://pabsa.impressicocrm.com/api/tournament?limit=12&pageNumber=1&sportType=&tournamentName=&tournamentStyle=,3404,0,0
1680594088146,3398,Get Players schedule,200,,Knock_out_Thread Group 1-1301,text,true,,5441,338,352,352,https://pabsa.impressicocrm.com/api/tournament/119922/matches,3398,0,0
1680594090652,896,Home page ,200,OK,Knock_out_Thread Group 1-1517,text,true,,3033,309,352,352,https://pabsa.impressicocrm.com/,896,0,802
1680594088274,3278,Get tournament result,200,,Knock_out_Thread Group 1-1214,text,true,,5441,338,352,352,https://pabsa.impressicocrm.com/api/tournament/119922/matches,3278,0,0
1680594088151,3407,Get tournament result,200,,Knock_out_Thread Group 1-1174,text,true,,5441,338,353,353,https://pabsa.impressicocrm.com/api/tournament/119922/matches,3407,0,0
1680594088137,3421,Get Home page currency,200,,Knock_out_Thread Group 1-1390,text,true,,9160,321,353,353,https://pabsa.impressicocrm.com/api/currency,3421,0,0
1680594091252,305,Home page ,200,OK,Knock_out_Thread Group 1-1523,text,true,,3033,309,353,353,https://pabsa.impressicocrm.com/,305,0,233
1680594087786,3779,Get tournamnent list ,200,,Knock_out_Thread Group 1-1451,text,true,,58880,389,353,353,https://pabsa.impressicocrm.com/api/tournament?limit=12&pageNumber=1&sportType=&tournamentName=&tournamentStyle=,3436,0,0
1680594090954,624,Home page ,200,OK,Knock_out_Thread Group 1-1520,text,true,,3033,309,353,353,https://pabsa.impressicocrm.com/,624,0,549
1680594088280,3321,Get Home page currency,200,,Knock_out_Thread Group 1-1400,text,true,,9160,321,353,353,https://pabsa.impressicocrm.com/api/currency,3321,0,0
1680594088302,3299,Get knockout players list ,200,,Knock_out_Thread Group 1-1259,text,true,,4598,340,353,353,https://pabsa.impressicocrm.com/api/tournament/118871/knockouts,3299,0,0
1680594090752,853,Home page ,200,OK,Knock_out_Thread Group 1-1518,text,true,,3033,309,353,353,https://pabsa.impressicocrm.com/,852,0,541
1680594087524,4092,Get Home page country ,200,,Knock_out_Thread Group 1-1482,text,true,,17270,320,353,353,https://pabsa.impressicocrm.com/api/country,4092,0,0
1680594088375,3246,Get Home page currency,200,,Knock_out_Thread Group 1-1413,text,true,,9160,321,353,353,https://pabsa.impressicocrm.com/api/currency,3246,0,0
1680594088382,3242,Get knockout players list ,200,,Knock_out_Thread Group 1-1295,text,true,,4598,340,353,353,https://pabsa.impressicocrm.com/api/tournament/118871/knockouts,3242,0,0
1680594088339,3295,Get Break list ,200,,Knock_out_Thread Group 1-1330,text,true,,3218,338,353,353,https://pabsa.impressicocrm.com/api/tournament/119922/players,3295,0,0
1680594088396,3242,Get single knockout Player details,200,,Knock_out_Thread Group 1-1246,text,true,,1210,326,353,353,https://pabsa.impressicocrm.com/api/player/110368,3242,0,0
1680594087991,3651,Get tournament result,200,,Knock_out_Thread Group 1-1199,text,true,,5441,338,353,353,https://pabsa.impressicocrm.com/api/tournament/119922/matches,3651,0,0
1680594087510,4149,Get Home page country ,200,,Knock_out_Thread Group 1-1479,text,true,,17270,320,354,354,https://pabsa.impressicocrm.com/api/country,4080,0,0
1680594087346,4313,Get tournamnent list ,200,,Knock_out_Thread Group 1-1446,text,true,,58888,389,354,354,https://pabsa.impressicocrm.com/api/tournament?limit=12&pageNumber=1&sportType=&tournamentName=&tournamentStyle=,3504,0,0
1680594088375,3306,Get Home page country ,200,,Knock_out_Thread Group 1-1490,text,true,,17270,320,354,354,https://pabsa.impressicocrm.com/api/country,3306,0,0
1680594088133,3548,Get tournamnent list ,200,,Knock_out_Thread Group 1-1453,text,true,,58880,389,354,354,https://pabsa.impressicocrm.com/api/tournament?limit=12&pageNumber=1&sportType=&tournamentName=&tournamentStyle=,3357,0,0
1680594088402,3305,Get Home page currency,200,,Knock_out_Thread Group 1-1426,text,true,,9160,321,354,354,https://pabsa.impressicocrm.com/api/currency,3305,0,0
1680594088280,3427,Get Home page currency,200,,Knock_out_Thread Group 1-1416,text,true,,9153,321,354,354,https://pabsa.impressicocrm.com/api/currency,3427,0,0
1680594088375,3353,Get Break list ,200,,Knock_out_Thread Group 1-1331,text,true,,3218,338,354,354,https://pabsa.impressicocrm.com/api/tournament/119922/players,3353,0,0
1680594091352,375,Home page ,200,OK,Knock_out_Thread Group 1-1524,text,true,,3033,309,354,354,https://pabsa.impressicocrm.com/,375,0,285
1680594085894,5857,Get Players schedule,200,,Knock_out_Thread Group 1-1304,text,true,,5441,338,354,354,https://pabsa.impressicocrm.com/api/tournament/119922/matches,5857,0,0
1680594088534,3225,Get playerA_Vs_playerB,200,,Knock_out_Thread Group 1-1177,text,true,,1239,341,355,355,https://pabsa.impressicocrm.com/api/tournament/matchScore/147598,3225,0,0
1680594088274,3488,Get tournament result,200,,Knock_out_Thread Group 1-1220,text,true,,5441,338,354,354,https://pabsa.impressicocrm.com/api/tournament/119922/matches,3488,0,0
1680594087192,4594,Get tournamnent list ,200,,Knock_out_Thread Group 1-1438,text,true,,58865,389,354,354,https://pabsa.impressicocrm.com/api/tournament?limit=12&pageNumber=1&sportType=&tournamentName=&tournamentStyle=,3668,0,0
1680594088483,3336,Get knockout players list ,200,,Knock_out_Thread Group 1-1229,text,true,,4598,340,354,354,https://pabsa.impressicocrm.com/api/tournament/118871/knockouts,3336,0,0
1680594088476,3350,Get Home page country ,200,,Knock_out_Thread Group 1-1492,text,true,,17270,320,354,354,https://pabsa.impressicocrm.com/api/country,3350,0,0
1680594088611,3217,Get single knockout Player details,200,,Knock_out_Thread Group 1-1225,text,true,,1210,326,354,354,https://pabsa.impressicocrm.com/api/player/110368,3217,0,0
1680594088551,3285,Get playerA_Vs_playerB,200,,Knock_out_Thread Group 1-1162,text,true,,1239,341,354,354,https://pabsa.impressicocrm.com/api/tournament/matchScore/147598,3285,0,0
1680594087612,4230,Get Break list ,200,,Knock_out_Thread Group 1-1302,text,true,,3218,338,353,353,https://pabsa.impressicocrm.com/api/tournament/119922/players,4230,0,0
1680594090480,1361,Get single knockout Player details,200,,Knock_out_Thread Group 1-1269,text,true,,1210,326,353,353,https://pabsa.impressicocrm.com/api/player/110368,1361,0,0
1680594088523,3328,Get Break list ,200,,Knock_out_Thread Group 1-1310,text,true,,3218,338,353,353,https://pabsa.impressicocrm.com/api/tournament/119922/players,3328,0,0
1680594088441,3410,Get Players list ,200,,Knock_out_Thread Group 1-1387,text,true,,3218,338,353,353,https://pabsa.impressicocrm.com/api/tournament/119922/players,3410,0,0
1680594088448,3440,Get knockout players list ,200,,Knock_out_Thread Group 1-1293,text,true,,4598,340,354,354,https://pabsa.impressicocrm.com/api/tournament/118871/knockouts,3440,0,0
1680594088635,3275,Get single knockout Player details,200,,Knock_out_Thread Group 1-1240,text,true,,1210,326,354,354,https://pabsa.impressicocrm.com/api/player/110368,3275,0,0
1680594090374,1542,Get Players schedule,200,,Knock_out_Thread Group 1-1313,text,true,,5441,338,354,354,https://pabsa.impressicocrm.com/api/tournament/119922/matches,1542,0,0
1680594088600,3332,Get Players list ,200,,Knock_out_Thread Group 1-1332,text,true,,3218,338,354,354,https://pabsa.impressicocrm.com/api/tournament/119922/players,3332,0,0
1680594088405,3535,Get single knockout Player details,200,,Knock_out_Thread Group 1-1227,text,true,,1210,326,354,354,https://pabsa.impressicocrm.com/api/player/110368,3535,0,0
1680594088732,3238,Get single knockout Player details,200,,Knock_out_Thread Group 1-1232,text,true,,1210,326,355,355,https://pabsa.impressicocrm.com/api/player/110368,3238,0,0
1680594088708,3275,Get single knockout Player details,200,,Knock_out_Thread Group 1-1219,text,true,,1210,326,355,355,https://pabsa.impressicocrm.com/api/player/110368,3275,0,0
1680594091552,430,Home page ,200,OK,Knock_out_Thread Group 1-1526,text,true,,3033,309,355,355,https://pabsa.impressicocrm.com/,430,0,347
1680594088483,3515,Get Home page country ,200,,Knock_out_Thread Group 1-1478,text,true,,17270,320,355,355,https://pabsa.impressicocrm.com/api/country,3515,0,0
1680594088223,3782,Get tournamnent list ,200,,Knock_out_Thread Group 1-1454,text,true,,58888,389,355,355,https://pabsa.impressicocrm.com/api/tournament?limit=12&pageNumber=1&sportType=&tournamentName=&tournamentStyle=,3472,0,0
1680594088742,3269,Get playerA_Vs_playerB,200,,Knock_out_Thread Group 1-1195,text,true,,1239,341,355,355,https://pabsa.impressicocrm.com/api/tournament/matchScore/147598,3269,0,0
1680594088672,3350,Get Break list ,200,,Knock_out_Thread Group 1-1335,text,true,,3218,338,354,354,https://pabsa.impressicocrm.com/api/tournament/119922/players,3350,0,0
1680594087377,4663,Get tournamnent list ,200,,Knock_out_Thread Group 1-1445,text,true,,58888,389,354,354,https://pabsa.impressicocrm.com/api/tournament?limit=12&pageNumber=1&sportType=&tournamentName=&tournamentStyle=,3423,0,0
1680594088737,3317,Get Home page country ,200,,Knock_out_Thread Group 1-1494,text,true,,17270,320,355,355,https://pabsa.impressicocrm.com/api/country,3311,0,0
1680594088635,3423,Get Players list ,200,,Knock_out_Thread Group 1-1354,text,true,,3218,338,355,355,https://pabsa.impressicocrm.com/api/tournament/119922/players,3423,0,0
1680594088546,3552,Get Home page country ,200,,Knock_out_Thread Group 1-1481,text,true,,17270,320,355,355,https://pabsa.impressicocrm.com/api/country,3484,0,0
1680594088618,3492,Get Home page currency,200,,Knock_out_Thread Group 1-1399,text,true,,9160,321,355,355,https://pabsa.impressicocrm.com/api/currency,3492,0,0
1680594088750,3373,Get single knockout Player details,200,,Knock_out_Thread Group 1-1291,text,true,,1210,326,355,355,https://pabsa.impressicocrm.com/api/player/110368,3373,0,0
1680594088427,3705,Get Home page country ,200,,Knock_out_Thread Group 1-1489,text,true,,17270,320,355,355,https://pabsa.impressicocrm.com/api/country,3301,0,0
1680594088713,3435,Get Players list ,200,,Knock_out_Thread Group 1-1380,text,true,,3218,338,355,355,https://pabsa.impressicocrm.com/api/tournament/119922/players,3434,0,0
1680594091654,497,Home page ,200,OK,Knock_out_Thread Group 1-1527,text,true,,3033,309,355,355,https://pabsa.impressicocrm.com/,497,0,405
1680594088274,3883,Get Players schedule,200,,Knock_out_Thread Group 1-1298,text,true,,5441,338,356,356,https://pabsa.impressicocrm.com/api/tournament/119922/matches,3883,0,0
1680594088737,3428,Get single knockout Player details,200,,Knock_out_Thread Group 1-1228,text,true,,1210,326,356,356,https://pabsa.impressicocrm.com/api/player/110368,3428,0,0
1680594091852,340,Home page ,200,OK,Knock_out_Thread Group 1-1529,text,true,,3033,309,356,356,https://pabsa.impressicocrm.com/,339,0,257
1680594088750,3445,Get Players list ,200,,Knock_out_Thread Group 1-1383,text,true,,3218,338,356,356,https://pabsa.impressicocrm.com/api/tournament/119922/players,3445,0,0
1680594088461,3754,Get Players schedule,200,,Knock_out_Thread Group 1-1316,text,true,,5441,338,356,356,https://pabsa.impressicocrm.com/api/tournament/119922/matches,3754,0,0
1680594090465,1755,Get tournament result,200,,Knock_out_Thread Group 1-1256,text,true,,5441,338,356,356,https://pabsa.impressicocrm.com/api/tournament/119922/matches,1755,0,0
1680594088668,3557,Get Players list ,200,,Knock_out_Thread Group 1-1373,text,true,,3218,338,356,356,https://pabsa.impressicocrm.com/api/tournament/119922/players,3557,0,0
1680594091452,778,Home page ,200,OK,Knock_out_Thread Group 1-1525,text,true,,3033,309,356,356,https://pabsa.impressicocrm.com/,778,0,670
1680594088582,3650,Get tournament result,200,,Knock_out_Thread Group 1-1215,text,true,,5441,338,356,356,https://pabsa.impressicocrm.com/api/tournament/119922/matches,3650,0,0
1680594090552,1683,Home page ,200,OK,Knock_out_Thread Group 1-1516,text,true,,3033,309,356,356,https://pabsa.impressicocrm.com/,1683,0,1273
1680594088635,3613,Get Players schedule,200,,Knock_out_Thread Group 1-1349,text,true,,5441,338,356,356,https://pabsa.impressicocrm.com/api/tournament/119922/matches,3613,0,0
1680594088902,3367,Get playerA_Vs_playerB,200,,Knock_out_Thread Group 1-1210,text,true,,1239,341,357,357,https://pabsa.impressicocrm.com/api/tournament/matchScore/147598,3367,0,0
1680594088127,4149,Get tournamnent list ,200,,Knock_out_Thread Group 1-1463,text,true,,58880,389,356,356,https://pabsa.impressicocrm.com/api/tournament?limit=12&pageNumber=1&sportType=&tournamentName=&tournamentStyle=,3515,0,0
1680594086768,5510,Get Players schedule,200,,Knock_out_Thread Group 1-1292,text,true,,5435,338,356,356,https://pabsa.impressicocrm.com/api/tournament/119922/matches,5510,0,0
1680594088656,3630,Get tournament result,200,,Knock_out_Thread Group 1-1206,text,true,,5441,338,356,356,https://pabsa.impressicocrm.com/api/tournament/119922/matches,3630,0,0
1680594088876,3416,Get Home page country ,200,,Knock_out_Thread Group 1-1496,text,true,,17255,320,356,356,https://pabsa.impressicocrm.com/api/country,3413,0,0
1680594084073,8235,Get tournamnent list ,200,,Knock_out_Thread Group 1-1411,text,true,,58888,389,356,356,https://pabsa.impressicocrm.com/api/tournament?limit=12&pageNumber=1&sportType=&tournamentName=&tournamentStyle=,7822,0,0
1680594088938,3376,Get single knockout Player details,200,,Knock_out_Thread Group 1-1241,text,true,,1210,326,356,356,https://pabsa.impressicocrm.com/api/player/110368,3376,0,0
1680594088685,3630,Get Home page currency,200,,Knock_out_Thread Group 1-1401,text,true,,9160,321,356,356,https://pabsa.impressicocrm.com/api/currency,3630,0,0
1680594088882,3442,Get Break list ,200,,Knock_out_Thread Group 1-1348,text,true,,3218,338,356,356,https://pabsa.impressicocrm.com/api/tournament/119922/players,3442,0,0
1680594090853,1471,Home page ,200,OK,Knock_out_Thread Group 1-1519,text,true,,3033,309,356,356,https://pabsa.impressicocrm.com/,1470,0,1325
1680594088946,3401,Get single knockout Player details,200,,Knock_out_Thread Group 1-1226,text,true,,1210,326,356,356,https://pabsa.impressicocrm.com/api/player/110368,3401,0,0
1680594088828,3522,Get knockout players list ,200,,Knock_out_Thread Group 1-1282,text,true,,4598,340,356,356,https://pabsa.impressicocrm.com/api/tournament/118871/knockouts,3522,0,0
1680594088915,3459,Get playerA_Vs_playerB,200,,Knock_out_Thread Group 1-1198,text,true,,1239,341,357,357,https://pabsa.impressicocrm.com/api/tournament/matchScore/147598,3459,0,0
1680594088933,3448,Get Home page currency,200,,Knock_out_Thread Group 1-1422,text,true,,9160,321,356,356,https://pabsa.impressicocrm.com/api/currency,3448,0,0
1680594088742,3647,Get tournament result,200,,Knock_out_Thread Group 1-1201,text,true,,5435,338,356,356,https://pabsa.impressicocrm.com/api/tournament/119922/matches,3647,0,0
1680594092052,338,Home page ,200,OK,Knock_out_Thread Group 1-1531,text,true,,3033,309,356,356,https://pabsa.impressicocrm.com/,338,0,258
1680594087417,4980,Get tournamnent list ,200,,Knock_out_Thread Group 1-1441,text,true,,58880,389,356,356,https://pabsa.impressicocrm.com/api/tournament?limit=12&pageNumber=1&sportType=&tournamentName=&tournamentStyle=,4053,0,0
1680594088959,3452,Get Players list ,200,,Knock_out_Thread Group 1-1351,text,true,,3218,338,356,356,https://pabsa.impressicocrm.com/api/tournament/119922/players,3452,0,0
1680594088959,3464,Get playerA_Vs_playerB,200,,Knock_out_Thread Group 1-1132,text,true,,1239,341,356,356,https://pabsa.impressicocrm.com/api/tournament/matchScore/147598,3464,0,0
1680594088955,3493,Get Home page currency,200,,Knock_out_Thread Group 1-1415,text,true,,9160,321,355,355,https://pabsa.impressicocrm.com/api/currency,3493,0,0
1680594088302,4150,Get tournamnent list ,200,,Knock_out_Thread Group 1-1449,text,true,,58880,389,355,355,https://pabsa.impressicocrm.com/api/tournament?limit=12&pageNumber=1&sportType=&tournamentName=&tournamentStyle=,3621,0,0
1680594088964,3492,Get Home page currency,200,,Knock_out_Thread Group 1-1423,text,true,,9160,321,356,356,https://pabsa.impressicocrm.com/api/currency,3492,0,0
1680594088151,4309,Get tournamnent list ,200,,Knock_out_Thread Group 1-1475,text,true,,58888,389,356,356,https://pabsa.impressicocrm.com/api/tournament?limit=12&pageNumber=1&sportType=&tournamentName=&tournamentStyle=,3508,0,0
1680594088832,3682,Get Players schedule,200,,Knock_out_Thread Group 1-1284,text,true,,5441,338,356,356,https://pabsa.impressicocrm.com/api/tournament/119922/matches,3682,0,0
1680594091052,1461,Home page ,200,OK,Knock_out_Thread Group 1-1521,text,true,,3033,309,356,356,https://pabsa.impressicocrm.com/,1461,0,1313
1680594088891,3631,Get tournament result,200,,Knock_out_Thread Group 1-1233,text,true,,5441,338,356,356,https://pabsa.impressicocrm.com/api/tournament/119922/matches,3631,0,0
1680594092152,369,Home page ,200,OK,Knock_out_Thread Group 1-1532,text,true,,3033,309,356,356,https://pabsa.impressicocrm.com/,369,0,278
1680594089092,3436,Get Home page currency,200,,Knock_out_Thread Group 1-1424,text,true,,9160,321,356,356,https://pabsa.impressicocrm.com/api/currency,3436,0,0
1680594089173,3399,Get single knockout Player details,200,,Knock_out_Thread Group 1-1258,text,true,,1210,326,357,357,https://pabsa.impressicocrm.com/api/player/110368,3399,0,0
1680594090656,1916,Get Players schedule,200,,Knock_out_Thread Group 1-1303,text,true,,5435,338,357,357,https://pabsa.impressicocrm.com/api/tournament/119922/matches,1916,0,0
1680594089173,3399,Get knockout players list ,200,,Knock_out_Thread Group 1-1272,text,true,,4598,340,357,357,https://pabsa.impressicocrm.com/api/tournament/118871/knockouts,3399,0,0
1680594089138,3434,Get Players list ,200,,Knock_out_Thread Group 1-1359,text,true,,3218,338,357,357,https://pabsa.impressicocrm.com/api/tournament/119922/players,3434,0,0
1680594089128,3444,Get Players list ,200,,Knock_out_Thread Group 1-1384,text,true,,3218,338,357,357,https://pabsa.impressicocrm.com/api/tournament/119922/players,3444,0,0
1680594089139,3439,Get Home page currency,200,,Knock_out_Thread Group 1-1418,text,true,,9160,321,357,357,https://pabsa.impressicocrm.com/api/currency,3439,0,0
1680594088964,3615,Get Home page country ,200,,Knock_out_Thread Group 1-1497,text,true,,17270,320,357,357,https://pabsa.impressicocrm.com/api/country,3615,0,0
1680594088567,4012,Get tournamnent list ,200,,Knock_out_Thread Group 1-1456,text,true,,58880,389,357,357,https://pabsa.impressicocrm.com/api/tournament?limit=12&pageNumber=1&sportType=&tournamentName=&tournamentStyle=,3648,0,0
1680594089139,3447,Get Break list ,200,,Knock_out_Thread Group 1-1345,text,true,,3218,338,357,357,https://pabsa.impressicocrm.com/api/tournament/119922/players,3447,0,0
1680594088933,3662,Get tournament result,200,,Knock_out_Thread Group 1-1216,text,true,,5441,338,357,357,https://pabsa.impressicocrm.com/api/tournament/119922/matches,3662,0,0
1680594089246,3359,Get single knockout Player details,200,,Knock_out_Thread Group 1-1205,text,true,,1210,326,357,357,https://pabsa.impressicocrm.com/api/player/110368,3359,0,0
1680594089208,3404,Get Players list ,200,,Knock_out_Thread Group 1-1365,text,true,,3218,338,357,357,https://pabsa.impressicocrm.com/api/tournament/119922/players,3404,0,0
1680594089251,3365,Get knockout players list ,200,,Knock_out_Thread Group 1-1285,text,true,,4598,340,357,357,https://pabsa.impressicocrm.com/api/tournament/118871/knockouts,3365,0,0
1680594087373,5254,Get single knockout Player details,200,,Knock_out_Thread Group 1-1281,text,true,,1210,326,357,357,https://pabsa.impressicocrm.com/api/player/110368,5254,0,0
1680594089216,3420,Get Break list ,200,,Knock_out_Thread Group 1-1352,text,true,,3218,338,357,357,https://pabsa.impressicocrm.com/api/tournament/119922/players,3420,0,0
1680594089213,3432,Get Players list ,200,,Knock_out_Thread Group 1-1394,text,true,,3218,338,357,357,https://pabsa.impressicocrm.com/api/tournament/119922/players,3432,0,0
1680594088933,3718,Get Players schedule,200,,Knock_out_Thread Group 1-1322,text,true,,5441,338,357,357,https://pabsa.impressicocrm.com/api/tournament/119922/matches,3718,0,0
1680594088385,4266,Get tournamnent list ,200,,Knock_out_Thread Group 1-1455,text,true,,58880,389,357,357,https://pabsa.impressicocrm.com/api/tournament?limit=12&pageNumber=1&sportType=&tournamentName=&tournamentStyle=,3742,0,0
1680594089150,3503,Get Players list ,200,,Knock_out_Thread Group 1-1377,text,true,,3218,338,358,358,https://pabsa.impressicocrm.com/api/tournament/119922/players,3503,0,0
1680594088845,3813,Get tournament result,200,,Knock_out_Thread Group 1-1223,text,true,,5441,338,358,358,https://pabsa.impressicocrm.com/api/tournament/119922/matches,3813,0,0
1680594088915,3758,Get single knockout Player details,200,,Knock_out_Thread Group 1-1129,text,true,,1210,326,358,358,https://pabsa.impressicocrm.com/api/player/110368,3758,0,0
1680594088868,3816,Get Players list ,200,,Knock_out_Thread Group 1-1362,text,true,,3218,338,358,358,https://pabsa.impressicocrm.com/api/tournament/119922/players,3816,0,0
1680594089227,3465,Get Home page country ,200,,Knock_out_Thread Group 1-1495,text,true,,17270,320,358,358,https://pabsa.impressicocrm.com/api/country,3462,0,0
1680594087649,5046,Get tournamnent list ,200,,Knock_out_Thread Group 1-1431,text,true,,58888,389,358,358,https://pabsa.impressicocrm.com/api/tournament?limit=12&pageNumber=1&sportType=&tournamentName=&tournamentStyle=,4223,0,0
1680594089236,3462,Get Break list ,200,,Knock_out_Thread Group 1-1375,text,true,,3218,338,358,358,https://pabsa.impressicocrm.com/api/tournament/119922/players,3462,0,0
1680594091067,1665,Get Home page country ,200,,Knock_out_Thread Group 1-1513,text,true,,17270,320,358,358,https://pabsa.impressicocrm.com/api/country,1599,0,0
1680594089279,3457,Get Break list ,200,,Knock_out_Thread Group 1-1344,text,true,,3218,338,358,358,https://pabsa.impressicocrm.com/api/tournament/119922/players,3457,0,0
1680594089348,3388,Get single knockout Player details,200,,Knock_out_Thread Group 1-1294,text,true,,1210,326,358,358,https://pabsa.impressicocrm.com/api/player/110368,3388,0,0
1680594089213,3523,Get Players list ,200,,Knock_out_Thread Group 1-1370,text,true,,3218,338,358,358,https://pabsa.impressicocrm.com/api/tournament/119922/players,3523,0,0
1680594088998,3753,Get Players schedule,200,,Knock_out_Thread Group 1-1286,text,true,,5441,338,358,358,https://pabsa.impressicocrm.com/api/tournament/119922/matches,3753,0,0
1680594087605,5155,Get tournamnent list ,200,,Knock_out_Thread Group 1-1437,text,true,,58888,389,359,359,https://pabsa.impressicocrm.com/api/tournament?limit=12&pageNumber=1&sportType=&tournamentName=&tournamentStyle=,3931,0,0
1680594089371,3420,Get single knockout Player details,200,,Knock_out_Thread Group 1-1211,text,true,,1210,326,359,359,https://pabsa.impressicocrm.com/api/player/110368,3419,0,0
1680594089275,3525,Get Players list ,200,,Knock_out_Thread Group 1-1386,text,true,,3218,338,359,359,https://pabsa.impressicocrm.com/api/tournament/119922/players,3525,0,0
1680594089299,3505,Get Players list ,200,,Knock_out_Thread Group 1-1341,text,true,,3218,338,359,359,https://pabsa.impressicocrm.com/api/tournament/119922/players,3504,0,0
1680594089279,3539,Get Home page currency,200,,Knock_out_Thread Group 1-1405,text,true,,9160,321,359,359,https://pabsa.impressicocrm.com/api/currency,3539,0,0
1680594089048,3779,Get tournament result,200,,Knock_out_Thread Group 1-1212,text,true,,5441,338,359,359,https://pabsa.impressicocrm.com/api/tournament/119922/matches,3779,0,0
1680594088993,3834,Get knockout players list ,200,,Knock_out_Thread Group 1-1247,text,true,,4598,340,359,359,https://pabsa.impressicocrm.com/api/tournament/118871/knockouts,3834,0,0
1680594089150,3676,Get Home page country ,200,,Knock_out_Thread Group 1-1491,text,true,,17270,320,359,359,https://pabsa.impressicocrm.com/api/country,3676,0,0
1680594091752,1090,Home page ,200,OK,Knock_out_Thread Group 1-1528,text,true,,3033,309,359,359,https://pabsa.impressicocrm.com/,1089,0,921
1680594089430,3415,Get single knockout Player details,200,,Knock_out_Thread Group 1-1273,text,true,,1210,326,359,359,https://pabsa.impressicocrm.com/api/player/110368,3415,0,0
1680594089307,3539,Get Break list ,200,,Knock_out_Thread Group 1-1369,text,true,,3218,338,359,359,https://pabsa.impressicocrm.com/api/tournament/119922/players,3539,0,0
1680594089419,3440,Get Players list ,200,,Knock_out_Thread Group 1-1372,text,true,,3218,338,360,360,https://pabsa.impressicocrm.com/api/tournament/119922/players,3440,0,0
1680594089126,3738,Get knockout players list ,200,,Knock_out_Thread Group 1-1270,text,true,,4591,340,360,360,https://pabsa.impressicocrm.com/api/tournament/118871/knockouts,3738,0,0
1680594089271,3596,Get tournament result,200,,Knock_out_Thread Group 1-1203,text,true,,5441,338,360,360,https://pabsa.impressicocrm.com/api/tournament/119922/matches,3596,0,0
1680594089428,3442,Get single knockout Player details,200,,Knock_out_Thread Group 1-1251,text,true,,1210,326,360,360,https://pabsa.impressicocrm.com/api/player/110368,3442,0,0
1680594089424,3461,Get Players list ,200,,Knock_out_Thread Group 1-1363,text,true,,3218,338,360,360,https://pabsa.impressicocrm.com/api/tournament/119922/players,3461,0,0
1680594092452,433,Home page ,200,OK,Knock_out_Thread Group 1-1535,text,true,,3033,309,360,360,https://pabsa.impressicocrm.com/,433,0,242
1680594089443,3447,Get single knockout Player details,200,,Knock_out_Thread Group 1-1289,text,true,,1210,326,360,360,https://pabsa.impressicocrm.com/api/player/110368,3447,0,0
1680594092552,373,Home page ,200,OK,Knock_out_Thread Group 1-1536,text,true,,3033,309,360,360,https://pabsa.impressicocrm.com/,373,0,278
1680594089427,3513,Get Home page currency,200,,Knock_out_Thread Group 1-1427,text,true,,9160,321,360,360,https://pabsa.impressicocrm.com/api/currency,3513,0,0
1680594089360,3580,Get Home page country ,200,,Knock_out_Thread Group 1-1498,text,true,,17270,320,360,360,https://pabsa.impressicocrm.com/api/country,3580,0,0
1680594089381,3573,Get Home page country ,200,,Knock_out_Thread Group 1-1501,text,true,,17270,320,361,361,https://pabsa.impressicocrm.com/api/country,3573,0,0
1680594092253,711,Home page ,200,OK,Knock_out_Thread Group 1-1533,text,true,,3033,309,361,361,https://pabsa.impressicocrm.com/,711,0,638
1680594089430,3567,Get Break list ,200,,Knock_out_Thread Group 1-1361,text,true,,3218,338,361,361,https://pabsa.impressicocrm.com/api/tournament/119922/players,3567,0,0
1680594088512,4486,Get tournamnent list ,200,,Knock_out_Thread Group 1-1433,text,true,,58880,389,361,361,https://pabsa.impressicocrm.com/api/tournament?limit=12&pageNumber=1&sportType=&tournamentName=&tournamentStyle=,3766,0,0
1680594092653,355,Home page ,200,OK,Knock_out_Thread Group 1-1537,text,true,,3033,309,361,361,https://pabsa.impressicocrm.com/,354,0,258
1680594087558,5459,Get Break list ,200,,Knock_out_Thread Group 1-1328,text,true,,3218,338,361,361,https://pabsa.impressicocrm.com/api/tournament/119922/players,5459,0,0
1680594089606,3416,Get single knockout Player details,200,,Knock_out_Thread Group 1-1277,text,true,,1210,326,361,361,https://pabsa.impressicocrm.com/api/player/110368,3416,0,0
1680594091624,1405,Get single knockout Player details,200,,Knock_out_Thread Group 1-1295,text,true,,1210,326,361,361,https://pabsa.impressicocrm.com/api/player/110368,1405,0,0
1680594089552,3481,Get Break list ,200,,Knock_out_Thread Group 1-1355,text,true,,3218,338,361,361,https://pabsa.impressicocrm.com/api/tournament/119922/players,3481,0,0
1680594089251,3794,Get Home page currency,200,,Knock_out_Thread Group 1-1420,text,true,,9153,321,361,361,https://pabsa.impressicocrm.com/api/currency,3794,0,0
1680594089573,3475,Get playerA_Vs_playerB,200,,Knock_out_Thread Group 1-1186,text,true,,1239,341,361,361,https://pabsa.impressicocrm.com/api/tournament/matchScore/147598,3475,0,0
1680594089048,4013,Get Players schedule,200,,Knock_out_Thread Group 1-1317,text,true,,5441,338,361,361,https://pabsa.impressicocrm.com/api/tournament/119922/matches,4013,0,0
1680594089233,3831,Get Home page country ,200,,Knock_out_Thread Group 1-1499,text,true,,17270,320,361,361,https://pabsa.impressicocrm.com/api/country,3831,0,0
1680594089609,3468,Get single knockout Player details,200,,Knock_out_Thread Group 1-1239,text,true,,1210,326,361,361,https://pabsa.impressicocrm.com/api/player/110368,3468,0,0
1680594089275,3802,Get tournament result,200,,Knock_out_Thread Group 1-1209,text,true,,5441,338,361,361,https://pabsa.impressicocrm.com/api/tournament/119922/matches,3802,0,0
1680594089625,3491,Get Home page country ,200,,Knock_out_Thread Group 1-1503,text,true,,17270,320,361,361,https://pabsa.impressicocrm.com/api/country,3491,0,0
1680594089424,3708,Get Players schedule,200,,Knock_out_Thread Group 1-1265,text,true,,5435,338,361,361,https://pabsa.impressicocrm.com/api/tournament/119922/matches,3708,0,0
1680594089670,3474,Get playerA_Vs_playerB,200,,Knock_out_Thread Group 1-1190,text,true,,1239,341,361,361,https://pabsa.impressicocrm.com/api/tournament/matchScore/147598,3474,0,0
1680594092353,794,Home page ,200,OK,Knock_out_Thread Group 1-1534,text,true,,3033,309,360,360,https://pabsa.impressicocrm.com/,794,0,225
1680594088331,4819,Get tournamnent list ,200,,Knock_out_Thread Group 1-1448,text,true,,58880,389,360,360,https://pabsa.impressicocrm.com/api/tournament?limit=12&pageNumber=1&sportType=&tournamentName=&tournamentStyle=,3878,0,0
1680594088151,5014,Get tournamnent list ,200,,Knock_out_Thread Group 1-1439,text,true,,58880,389,361,361,https://pabsa.impressicocrm.com/api/tournament?limit=12&pageNumber=1&sportType=&tournamentName=&tournamentStyle=,4101,0,0
1680594089552,3661,Get Break list ,200,,Knock_out_Thread Group 1-1336,text,true,,3218,338,361,361,https://pabsa.impressicocrm.com/api/tournament/119922/players,3661,0,0
1680594089146,4073,Get Home page country ,200,,Knock_out_Thread Group 1-1493,text,true,,17270,320,361,361,https://pabsa.impressicocrm.com/api/country,4072,0,0
1680594089529,3722,Get Home page country ,200,,Knock_out_Thread Group 1-1486,text,true,,17270,320,361,361,https://pabsa.impressicocrm.com/api/country,3674,0,0
1680594089602,3649,Get Players list ,200,,Knock_out_Thread Group 1-1396,text,true,,3218,338,361,361,https://pabsa.impressicocrm.com/api/tournament/119922/players,3649,0,0
1680594090788,2470,Get tournamnent list ,200,,Knock_out_Thread Group 1-1480,text,true,,58888,389,362,362,https://pabsa.impressicocrm.com/api/tournament?limit=12&pageNumber=1&sportType=&tournamentName=&tournamentStyle=,1948,0,0
1680594087703,5569,Get knockout players list ,200,,Knock_out_Thread Group 1-1275,text,true,,4598,340,362,362,https://pabsa.impressicocrm.com/api/tournament/118871/knockouts,5569,0,0
1680594089384,3889,Get Players schedule,200,,Knock_out_Thread Group 1-1321,text,true,,5435,338,362,362,https://pabsa.impressicocrm.com/api/tournament/119922/matches,3889,0,0
1680594089342,3941,Get Players schedule,200,,Knock_out_Thread Group 1-1300,text,true,,5441,338,362,362,https://pabsa.impressicocrm.com/api/tournament/119922/matches,3941,0,0
1680594089556,3734,Get Home page currency,200,,Knock_out_Thread Group 1-1417,text,true,,9160,321,362,362,https://pabsa.impressicocrm.com/api/currency,3734,0,0
1680594089753,3537,Get single knockout Player details,200,,Knock_out_Thread Group 1-1264,text,true,,1210,326,362,362,https://pabsa.impressicocrm.com/api/player/110368,3537,0,0
1680594089569,3721,Get single knockout Player details,200,,Knock_out_Thread Group 1-1255,text,true,,1210,326,362,362,https://pabsa.impressicocrm.com/api/player/110368,3721,0,0
1680594091888,1409,Get single knockout Player details,200,,Knock_out_Thread Group 1-1293,text,true,,1210,326,362,362,https://pabsa.impressicocrm.com/api/player/110368,1409,0,0
1680594092852,448,Home page ,200,OK,Knock_out_Thread Group 1-1539,text,true,,3033,309,362,362,https://pabsa.impressicocrm.com/,448,0,263
1680594092752,555,Home page ,200,OK,Knock_out_Thread Group 1-1538,text,true,,3033,309,362,362,https://pabsa.impressicocrm.com/,555,0,212
1680594089628,3696,Get Home page currency,200,,Knock_out_Thread Group 1-1447,text,true,,9160,321,362,362,https://pabsa.impressicocrm.com/api/currency,3696,0,0
1680594089771,3558,Get single knockout Player details,200,,Knock_out_Thread Group 1-1248,text,true,,1210,326,362,362,https://pabsa.impressicocrm.com/api/player/110368,3558,0,0
1680594089698,3640,Get Home page currency,200,,Knock_out_Thread Group 1-1412,text,true,,9160,321,362,362,https://pabsa.impressicocrm.com/api/currency,3639,0,0
1680594089680,3660,Get Players list ,200,,Knock_out_Thread Group 1-1406,text,true,,3218,338,362,362,https://pabsa.impressicocrm.com/api/tournament/119922/players,3660,0,0
1680594089757,3593,Get playerA_Vs_playerB,200,,Knock_out_Thread Group 1-1188,text,true,,1239,341,362,362,https://pabsa.impressicocrm.com/api/tournament/matchScore/147598,3593,0,0
1680594088418,4933,Get tournamnent list ,200,,Knock_out_Thread Group 1-1452,text,true,,58888,389,362,362,https://pabsa.impressicocrm.com/api/tournament?limit=12&pageNumber=1&sportType=&tournamentName=&tournamentStyle=,3888,0,0
1680594089516,3846,Get Players schedule,200,,Knock_out_Thread Group 1-1320,text,true,,5441,338,362,362,https://pabsa.impressicocrm.com/api/tournament/119922/matches,3846,0,0
1680594089659,3704,Get tournament result,200,,Knock_out_Thread Group 1-1222,text,true,,5441,338,362,362,https://pabsa.impressicocrm.com/api/tournament/119922/matches,3704,0,0
1680594089655,3716,Get Home page country ,200,,Knock_out_Thread Group 1-1502,text,true,,17270,320,362,362,https://pabsa.impressicocrm.com/api/country,3715,0,0
1680594091641,1736,Get playerA_Vs_playerB,200,,Knock_out_Thread Group 1-1199,text,true,,1239,341,362,362,https://pabsa.impressicocrm.com/api/tournament/matchScore/147598,1736,0,0
1680594089401,3976,Get tournament result,200,,Knock_out_Thread Group 1-1230,text,true,,5441,338,362,362,https://pabsa.impressicocrm.com/api/tournament/119922/matches,3976,0,0
1680594089622,3765,Get single knockout Player details,200,,Knock_out_Thread Group 1-1262,text,true,,1210,326,361,361,https://pabsa.impressicocrm.com/api/player/110368,3765,0,0
1680594089748,3639,Get Players list ,200,,Knock_out_Thread Group 1-1389,text,true,,3218,338,361,361,https://pabsa.impressicocrm.com/api/tournament/119922/players,3639,0,0
1680594089715,3679,Get Break list ,200,,Knock_out_Thread Group 1-1357,text,true,,3218,338,361,361,https://pabsa.impressicocrm.com/api/tournament/119922/players,3679,0,0
1680594089848,3576,Get playerA_Vs_playerB,200,,Knock_out_Thread Group 1-1178,text,true,,1239,341,361,361,https://pabsa.impressicocrm.com/api/tournament/matchScore/147598,3576,0,0
1680594089288,4141,Get tournamnent list ,200,,Knock_out_Thread Group 1-1464,text,true,,58880,389,360,360,https://pabsa.impressicocrm.com/api/tournament?limit=12&pageNumber=1&sportType=&tournamentName=&tournamentStyle=,3767,0,0
1680594089764,3670,Get Players list ,200,,Knock_out_Thread Group 1-1395,text,true,,3218,338,360,360,https://pabsa.impressicocrm.com/api/tournament/119922/players,3670,0,0
1680594089809,3625,Get Players list ,200,,Knock_out_Thread Group 1-1419,text,true,,3218,338,360,360,https://pabsa.impressicocrm.com/api/tournament/119922/players,3625,0,0
1680594089680,3763,Get single knockout Player details,200,,Knock_out_Thread Group 1-1261,text,true,,1210,326,360,360,https://pabsa.impressicocrm.com/api/player/110368,3763,0,0
1680594089666,3777,Get Players schedule,200,,Knock_out_Thread Group 1-1312,text,true,,5441,338,360,360,https://pabsa.impressicocrm.com/api/tournament/119922/matches,3777,0,0
1680594089595,3848,Get Players schedule,200,,Knock_out_Thread Group 1-1307,text,true,,5441,338,360,360,https://pabsa.impressicocrm.com/api/tournament/119922/matches,3848,0,0
1680594093152,291,Home page ,200,OK,Knock_out_Thread Group 1-1542,text,true,,3033,309,360,360,https://pabsa.impressicocrm.com/,291,0,211
1680594089709,3768,Get Players schedule,200,,Knock_out_Thread Group 1-1319,text,true,,5441,338,361,361,https://pabsa.impressicocrm.com/api/tournament/119922/matches,3768,0,0
1680594092157,1320,Get knockout players list ,200,,Knock_out_Thread Group 1-1298,text,true,,4591,340,361,361,https://pabsa.impressicocrm.com/api/tournament/118871/knockouts,1320,0,0
1680594091953,1524,Home page ,200,OK,Knock_out_Thread Group 1-1530,text,true,,3033,309,361,361,https://pabsa.impressicocrm.com/,1524,0,1298
1680594089952,3534,Get single knockout Player details,200,,Knock_out_Thread Group 1-1257,text,true,,1210,326,361,361,https://pabsa.impressicocrm.com/api/player/110368,3534,0,0
1680594089930,3569,Get Home page country ,200,,Knock_out_Thread Group 1-1506,text,true,,17270,320,361,361,https://pabsa.impressicocrm.com/api/country,3569,0,0
1680594089760,3739,Get knockout players list ,200,,Knock_out_Thread Group 1-1283,text,true,,4598,340,361,361,https://pabsa.impressicocrm.com/api/tournament/118871/knockouts,3739,0,0
1680594092147,1390,Get Break list ,200,,Knock_out_Thread Group 1-1380,text,true,,3218,338,361,361,https://pabsa.impressicocrm.com/api/tournament/119922/players,1390,0,0
1680594093054,493,Home page ,200,OK,Knock_out_Thread Group 1-1541,text,true,,3033,309,361,361,https://pabsa.impressicocrm.com/,493,0,380
1680594089976,3592,Get Home page currency,200,,Knock_out_Thread Group 1-1428,text,true,,9160,321,362,362,https://pabsa.impressicocrm.com/api/currency,3592,0,0
1680594089680,3893,Get Home page country ,200,,Knock_out_Thread Group 1-1500,text,true,,17255,320,362,362,https://pabsa.impressicocrm.com/api/country,3893,0,0
1680594089904,3669,Get knockout players list ,200,,Knock_out_Thread Group 1-1287,text,true,,4591,340,362,362,https://pabsa.impressicocrm.com/api/tournament/118871/knockouts,3669,0,0
1680594089884,3690,Get Players list ,200,,Knock_out_Thread Group 1-1398,text,true,,3218,338,362,362,https://pabsa.impressicocrm.com/api/tournament/119922/players,3690,0,0
1680594089771,3824,Get Home page country ,200,,Knock_out_Thread Group 1-1484,text,true,,17270,320,362,362,https://pabsa.impressicocrm.com/api/country,3743,0,0
1680594092151,1448,Get Home page country ,200,,Knock_out_Thread Group 1-1527,text,true,,17255,320,362,362,https://pabsa.impressicocrm.com/api/country,1448,0,0
1680594089737,3864,Get playerA_Vs_playerB,200,,Knock_out_Thread Group 1-1185,text,true,,1239,341,362,362,https://pabsa.impressicocrm.com/api/tournament/matchScore/147598,3864,0,0
1680594092058,1545,Get Break list ,200,,Knock_out_Thread Group 1-1354,text,true,,3218,338,361,361,https://pabsa.impressicocrm.com/api/tournament/119922/players,1545,0,0
1680594089701,3947,Get tournament result,200,,Knock_out_Thread Group 1-1235,text,true,,5441,338,361,361,https://pabsa.impressicocrm.com/api/tournament/119922/matches,3947,0,0
1680594089996,3666,Get Players list ,200,,Knock_out_Thread Group 1-1381,text,true,,3218,338,362,362,https://pabsa.impressicocrm.com/api/tournament/119922/players,3666,0,0
1680594089979,3690,Get Players list ,200,,Knock_out_Thread Group 1-1391,text,true,,3218,338,362,362,https://pabsa.impressicocrm.com/api/tournament/119922/players,3690,0,0
1680594089850,3845,Get Players schedule,200,,Knock_out_Thread Group 1-1309,text,true,,5441,338,362,362,https://pabsa.impressicocrm.com/api/tournament/119922/matches,3845,0,0
1680594090054,3661,Get knockout players list ,200,,Knock_out_Thread Group 1-1296,text,true,,4598,340,362,362,https://pabsa.impressicocrm.com/api/tournament/118871/knockouts,3661,0,0
1680594090250,3509,Get single knockout Player details,200,,Knock_out_Thread Group 1-1244,text,true,,1210,326,363,363,https://pabsa.impressicocrm.com/api/player/110368,3509,0,0
1680594090170,3593,Get Break list ,200,,Knock_out_Thread Group 1-1353,text,true,,3218,338,363,363,https://pabsa.impressicocrm.com/api/tournament/119922/players,3593,0,0
1680594090170,3597,Get playerA_Vs_playerB,200,,Knock_out_Thread Group 1-1196,text,true,,1239,341,363,363,https://pabsa.impressicocrm.com/api/tournament/matchScore/147598,3597,0,0
1680594089850,3917,Get tournament result,200,,Knock_out_Thread Group 1-1249,text,true,,5441,338,363,363,https://pabsa.impressicocrm.com/api/tournament/119922/matches,3917,0,0
1680594090262,3517,Get knockout players list ,200,,Knock_out_Thread Group 1-1280,text,true,,4598,340,362,362,https://pabsa.impressicocrm.com/api/tournament/118871/knockouts,3517,0,0
1680594090072,3732,Get Break list ,200,,Knock_out_Thread Group 1-1340,text,true,,3218,338,362,362,https://pabsa.impressicocrm.com/api/tournament/119922/players,3732,0,0
1680594090013,3791,Get Players list ,200,,Knock_out_Thread Group 1-1382,text,true,,3218,338,362,362,https://pabsa.impressicocrm.com/api/tournament/119922/players,3791,0,0
1680594090250,3561,Get playerA_Vs_playerB,200,,Knock_out_Thread Group 1-1176,text,true,,1239,341,362,362,https://pabsa.impressicocrm.com/api/tournament/matchScore/147598,3561,0,0
1680594090237,3584,Get Break list ,200,,Knock_out_Thread Group 1-1368,text,true,,3218,338,361,361,https://pabsa.impressicocrm.com/api/tournament/119922/players,3584,0,0
1680594089804,4017,Get Home page currency,200,,Knock_out_Thread Group 1-1393,text,true,,9160,321,361,361,https://pabsa.impressicocrm.com/api/currency,4017,0,0
1680594089997,3829,Get Players schedule,200,,Knock_out_Thread Group 1-1308,text,true,,5435,338,361,361,https://pabsa.impressicocrm.com/api/tournament/119922/matches,3828,0,0
1680594090017,3823,Get Players schedule,200,,Knock_out_Thread Group 1-1346,text,true,,5435,338,361,361,https://pabsa.impressicocrm.com/api/tournament/119922/matches,3823,0,0
1680594090077,3763,Get Home page country ,200,,Knock_out_Thread Group 1-1505,text,true,,17270,320,361,361,https://pabsa.impressicocrm.com/api/country,3763,0,0
1680594090380,3498,Get playerA_Vs_playerB,200,,Knock_out_Thread Group 1-1204,text,true,,1239,341,362,362,https://pabsa.impressicocrm.com/api/tournament/matchScore/147598,3498,0,0
1680594089867,4011,Get Home page currency,200,,Knock_out_Thread Group 1-1429,text,true,,9160,321,362,362,https://pabsa.impressicocrm.com/api/currency,4011,0,0
1680594090134,3753,Get Home page country ,200,,Knock_out_Thread Group 1-1508,text,true,,17270,320,361,361,https://pabsa.impressicocrm.com/api/country,3753,0,0
1680594090143,3748,Get Home page country ,200,,Knock_out_Thread Group 1-1509,text,true,,17270,320,361,361,https://pabsa.impressicocrm.com/api/country,3748,0,0
1680594089997,3897,Get Players schedule,200,,Knock_out_Thread Group 1-1343,text,true,,5441,338,361,361,https://pabsa.impressicocrm.com/api/tournament/119922/matches,3897,0,0
1680594092513,1384,Get knockout players list ,200,,Knock_out_Thread Group 1-1284,text,true,,4591,340,361,361,https://pabsa.impressicocrm.com/api/tournament/118871/knockouts,1384,0,0
1680594090431,3472,Get Break list ,200,,Knock_out_Thread Group 1-1350,text,true,,3218,338,361,361,https://pabsa.impressicocrm.com/api/tournament/119922/players,3472,0,0
1680594090068,3839,Get tournament result,200,,Knock_out_Thread Group 1-1238,text,true,,5441,338,361,361,https://pabsa.impressicocrm.com/api/tournament/119922/matches,3839,0,0
1680594090190,3722,Get Home page currency,200,,Knock_out_Thread Group 1-1435,text,true,,9153,321,361,361,https://pabsa.impressicocrm.com/api/currency,3722,0,0
1680594090284,3628,Get Break list ,200,,Knock_out_Thread Group 1-1342,text,true,,3218,338,361,361,https://pabsa.impressicocrm.com/api/tournament/119922/players,3628,0,0
1680594092572,1343,Get Break list ,200,,Knock_out_Thread Group 1-1384,text,true,,3218,338,361,361,https://pabsa.impressicocrm.com/api/tournament/119922/players,1343,0,0
1680594090377,3538,Get Home page country ,200,,Knock_out_Thread Group 1-1507,text,true,,17270,320,361,361,https://pabsa.impressicocrm.com/api/country,3538,0,0
1680594089173,4754,Get tournamnent list ,200,,Knock_out_Thread Group 1-1485,text,true,,58880,389,361,361,https://pabsa.impressicocrm.com/api/tournament?limit=12&pageNumber=1&sportType=&tournamentName=&tournamentStyle=,3694,0,0
1680594090317,3632,Get Home page currency,200,,Knock_out_Thread Group 1-1414,text,true,,9160,321,361,361,https://pabsa.impressicocrm.com/api/currency,3632,0,0
1680594093653,301,Home page ,200,OK,Knock_out_Thread Group 1-1547,text,true,,3033,309,362,362,https://pabsa.impressicocrm.com/,301,0,228
1680594089622,4345,Get tournamnent list ,200,,Knock_out_Thread Group 1-1471,text,true,,58880,389,362,362,https://pabsa.impressicocrm.com/api/tournament?limit=12&pageNumber=1&sportType=&tournamentName=&tournamentStyle=,3927,0,0
1680594090195,3824,Get Players schedule,200,,Knock_out_Thread Group 1-1360,text,true,,5435,338,362,362,https://pabsa.impressicocrm.com/api/tournament/119922/matches,3824,0,0
1680594090480,3539,Get Break list ,200,,Knock_out_Thread Group 1-1366,text,true,,3218,338,362,362,https://pabsa.impressicocrm.com/api/tournament/119922/players,3539,0,0
1680594093352,668,Home page ,200,OK,Knock_out_Thread Group 1-1544,text,true,,3033,309,362,362,https://pabsa.impressicocrm.com/,667,0,598
1680594093754,291,Home page ,200,OK,Knock_out_Thread Group 1-1548,text,true,,3033,309,362,362,https://pabsa.impressicocrm.com/,291,0,223
1680594089291,4761,Get tournamnent list ,200,,Knock_out_Thread Group 1-1459,text,true,,58880,389,363,363,https://pabsa.impressicocrm.com/api/tournament?limit=12&pageNumber=1&sportType=&tournamentName=&tournamentStyle=,3833,0,0
1680594092616,1444,Get single knockout Player details,200,,Knock_out_Thread Group 1-1285,text,true,,1210,326,363,363,https://pabsa.impressicocrm.com/api/player/110368,1444,0,0
1680594090331,3741,Get single knockout Player details,200,,Knock_out_Thread Group 1-1263,text,true,,1210,326,363,363,https://pabsa.impressicocrm.com/api/player/110368,3741,0,0
1680594089650,4422,Get tournamnent list ,200,,Knock_out_Thread Group 1-1466,text,true,,58888,389,363,363,https://pabsa.impressicocrm.com/api/tournament?limit=12&pageNumber=1&sportType=&tournamentName=&tournamentStyle=,3779,0,0
1680594088507,5576,Get Players schedule,200,,Knock_out_Thread Group 1-1276,text,true,,5441,338,363,363,https://pabsa.impressicocrm.com/api/tournament/119922/matches,5576,0,0
1680594090548,3582,Get playerA_Vs_playerB,200,,Knock_out_Thread Group 1-1193,text,true,,1239,341,363,363,https://pabsa.impressicocrm.com/api/tournament/matchScore/147598,3582,0,0
1680594090516,3618,Get Players list ,200,,Knock_out_Thread Group 1-1378,text,true,,3218,338,362,362,https://pabsa.impressicocrm.com/api/tournament/119922/players,3618,0,0
1680594090440,3707,Get Players schedule,200,,Knock_out_Thread Group 1-1315,text,true,,5441,338,362,362,https://pabsa.impressicocrm.com/api/tournament/119922/matches,3707,0,0
1680594090553,3594,Get Players list ,200,,Knock_out_Thread Group 1-1385,text,true,,3218,338,362,362,https://pabsa.impressicocrm.com/api/tournament/119922/players,3594,0,0
1680594090498,3652,Get Players schedule,200,,Knock_out_Thread Group 1-1325,text,true,,5435,338,362,362,https://pabsa.impressicocrm.com/api/tournament/119922/matches,3652,0,0
1680594090656,3512,Get playerA_Vs_playerB,200,,Knock_out_Thread Group 1-1202,text,true,,1239,341,363,363,https://pabsa.impressicocrm.com/api/tournament/matchScore/147598,3512,0,0
1680594090564,3607,Get knockout players list ,200,,Knock_out_Thread Group 1-1288,text,true,,4598,340,362,362,https://pabsa.impressicocrm.com/api/tournament/118871/knockouts,3607,0,0
1680594090685,3486,Get single knockout Player details,200,,Knock_out_Thread Group 1-1243,text,true,,1210,326,362,362,https://pabsa.impressicocrm.com/api/player/110368,3486,0,0
1680594089869,4302,Get tournamnent list ,200,,Knock_out_Thread Group 1-1474,text,true,,58880,389,362,362,https://pabsa.impressicocrm.com/api/tournament?limit=12&pageNumber=1&sportType=&tournamentName=&tournamentStyle=,3984,0,0
1680594090632,3541,Get playerA_Vs_playerB,200,,Knock_out_Thread Group 1-1180,text,true,,1239,341,362,362,https://pabsa.impressicocrm.com/api/tournament/matchScore/147598,3541,0,0
1680594090480,3694,Get Players schedule,200,,Knock_out_Thread Group 1-1326,text,true,,5441,338,362,362,https://pabsa.impressicocrm.com/api/tournament/119922/matches,3694,0,0
1680594093252,933,Home page ,200,OK,Knock_out_Thread Group 1-1543,text,true,,3033,309,361,361,https://pabsa.impressicocrm.com/,933,0,272
1680594090498,3696,Get Home page currency,200,,Knock_out_Thread Group 1-1402,text,true,,9160,321,361,361,https://pabsa.impressicocrm.com/api/currency,3696,0,0
1680594090547,3656,Get Break list ,200,,Knock_out_Thread Group 1-1374,text,true,,3218,338,361,361,https://pabsa.impressicocrm.com/api/tournament/119922/players,3656,0,0
1680594090467,3751,Get tournament result,200,,Knock_out_Thread Group 1-1200,text,true,,5441,338,361,361,https://pabsa.impressicocrm.com/api/tournament/119922/matches,3751,0,0
1680594090633,3591,Get Home page currency,200,,Knock_out_Thread Group 1-1434,text,true,,9160,321,361,361,https://pabsa.impressicocrm.com/api/currency,3591,0,0
1680594090721,3503,Get knockout players list ,200,,Knock_out_Thread Group 1-1268,text,true,,4598,340,361,361,https://pabsa.impressicocrm.com/api/tournament/118871/knockouts,3503,0,0
1680594090664,3580,Get Home page country ,200,,Knock_out_Thread Group 1-1510,text,true,,17270,320,361,361,https://pabsa.impressicocrm.com/api/country,3580,0,0
1680594089552,4692,Get tournamnent list ,200,,Knock_out_Thread Group 1-1462,text,true,,58880,389,361,361,https://pabsa.impressicocrm.com/api/tournament?limit=12&pageNumber=1&sportType=&tournamentName=&tournamentStyle=,3837,0,0
1680594092953,1302,Home page ,200,OK,Knock_out_Thread Group 1-1540,text,true,,3033,309,362,362,https://pabsa.impressicocrm.com/,1302,0,1232
1680594090794,3494,Get Players list ,200,,Knock_out_Thread Group 1-1409,text,true,,3218,338,362,362,https://pabsa.impressicocrm.com/api/tournament/119922/players,3494,0,0
1680594090721,3569,Get Break list ,200,,Knock_out_Thread Group 1-1376,text,true,,3218,338,362,362,https://pabsa.impressicocrm.com/api/tournament/119922/players,3569,0,0
1680594090700,3591,Get Break list ,200,,Knock_out_Thread Group 1-1356,text,true,,3218,338,362,362,https://pabsa.impressicocrm.com/api/tournament/119922/players,3591,0,0
1680594089854,4436,Get tournamnent list ,200,,Knock_out_Thread Group 1-1472,text,true,,58880,389,362,362,https://pabsa.impressicocrm.com/api/tournament?limit=12&pageNumber=1&sportType=&tournamentName=&tournamentStyle=,3944,0,0
1680594088889,5407,Get knockout players list ,200,,Knock_out_Thread Group 1-1299,text,true,,4598,340,362,362,https://pabsa.impressicocrm.com/api/tournament/118871/knockouts,5407,0,0
1680594090899,3396,Get knockout players list ,200,,Knock_out_Thread Group 1-1314,text,true,,4598,340,362,362,https://pabsa.impressicocrm.com/api/tournament/118871/knockouts,3396,0,0
1680594090437,3874,Get Home page currency,200,,Knock_out_Thread Group 1-1425,text,true,,9160,321,362,362,https://pabsa.impressicocrm.com/api/currency,3874,0,0
1680594090790,3523,Get Players list ,200,,Knock_out_Thread Group 1-1397,text,true,,3218,338,362,362,https://pabsa.impressicocrm.com/api/tournament/119922/players,3523,0,0
1680594094053,266,Home page ,200,OK,Knock_out_Thread Group 1-1551,text,true,,3033,309,362,362,https://pabsa.impressicocrm.com/,266,0,202
1680594092572,1761,Get Break list ,200,,Knock_out_Thread Group 1-1359,text,true,,3218,338,362,362,https://pabsa.impressicocrm.com/api/tournament/119922/players,1761,0,0
1680594088586,5750,Get Home page currency,200,,Knock_out_Thread Group 1-1404,text,true,,9160,321,362,362,https://pabsa.impressicocrm.com/api/currency,5750,0,0
1680594090521,3814,Get tournament result,200,,Knock_out_Thread Group 1-1245,text,true,,5435,338,362,362,https://pabsa.impressicocrm.com/api/tournament/119922/matches,3814,0,0
1680594090848,3493,Get Home page country ,200,,Knock_out_Thread Group 1-1515,text,true,,17270,320,362,362,https://pabsa.impressicocrm.com/api/country,3490,0,0
1680594089360,4990,Get tournamnent list ,200,,Knock_out_Thread Group 1-1467,text,true,,58880,389,362,362,https://pabsa.impressicocrm.com/api/tournament?limit=12&pageNumber=1&sportType=&tournamentName=&tournamentStyle=,3825,0,0
1680594093953,405,Home page ,200,OK,Knock_out_Thread Group 1-1550,text,true,,3033,309,363,363,https://pabsa.impressicocrm.com/,404,0,311
1680594090949,3412,Get playerA_Vs_playerB,200,,Knock_out_Thread Group 1-1221,text,true,,1239,341,363,363,https://pabsa.impressicocrm.com/api/tournament/matchScore/147598,3412,0,0
1680594090943,3466,Get single knockout Player details,200,,Knock_out_Thread Group 1-1266,text,true,,1210,326,362,362,https://pabsa.impressicocrm.com/api/player/110368,3466,0,0
1680594088787,5623,Get Players schedule,200,,Knock_out_Thread Group 1-1306,text,true,,5441,338,362,362,https://pabsa.impressicocrm.com/api/tournament/119922/matches,5623,0,0
1680594090640,3769,Get Players schedule,200,,Knock_out_Thread Group 1-1333,text,true,,5441,338,362,362,https://pabsa.impressicocrm.com/api/tournament/119922/matches,3769,0,0
1680594088814,5616,Get tournamnent list ,200,,Knock_out_Thread Group 1-1440,text,true,,58880,389,362,362,https://pabsa.impressicocrm.com/api/tournament?limit=12&pageNumber=1&sportType=&tournamentName=&tournamentStyle=,3781,0,0
1680594090664,3765,Get tournament result,200,,Knock_out_Thread Group 1-1237,text,true,,5435,338,362,362,https://pabsa.impressicocrm.com/api/tournament/119922/matches,3765,0,0
1680594090891,3538,Get Players list ,200,,Knock_out_Thread Group 1-1421,text,true,,3218,338,362,362,https://pabsa.impressicocrm.com/api/tournament/119922/players,3538,0,0
1680594088610,5833,Get tournamnent list ,200,,Knock_out_Thread Group 1-1457,text,true,,58880,389,362,362,https://pabsa.impressicocrm.com/api/tournament?limit=12&pageNumber=1&sportType=&tournamentName=&tournamentStyle=,5528,0,0
1680594089650,4795,Get tournamnent list ,200,,Knock_out_Thread Group 1-1458,text,true,,58880,389,362,362,https://pabsa.impressicocrm.com/api/tournament?limit=12&pageNumber=1&sportType=&tournamentName=&tournamentStyle=,3975,0,0
1680594090952,3506,Get playerA_Vs_playerB,200,,Knock_out_Thread Group 1-1169,text,true,,1239,341,363,363,https://pabsa.impressicocrm.com/api/tournament/matchScore/147598,3506,0,0
1680594090535,3927,Get Players schedule,200,,Knock_out_Thread Group 1-1323,text,true,,5435,338,362,362,https://pabsa.impressicocrm.com/api/tournament/119922/matches,3927,0,0
1680594091025,3444,Get single knockout Player details,200,,Knock_out_Thread Group 1-1242,text,true,,1210,326,362,362,https://pabsa.impressicocrm.com/api/player/110368,3443,0,0
1680594090961,3533,Get Break list ,200,,Knock_out_Thread Group 1-1371,text,true,,3218,338,362,362,https://pabsa.impressicocrm.com/api/tournament/119922/players,3533,0,0
1680594090824,3704,Get Players schedule,200,,Knock_out_Thread Group 1-1318,text,true,,5441,338,362,362,https://pabsa.impressicocrm.com/api/tournament/119922/matches,3704,0,0
1680594091022,3515,Get playerA_Vs_playerB,200,,Knock_out_Thread Group 1-1184,text,true,,1239,341,362,362,https://pabsa.impressicocrm.com/api/tournament/matchScore/147598,3515,0,0
1680594090953,3584,Get Break list ,200,,Knock_out_Thread Group 1-1392,text,true,,3218,338,362,362,https://pabsa.impressicocrm.com/api/tournament/119922/players,3584,0,0
1680594089955,4587,Get tournamnent list ,200,,Knock_out_Thread Group 1-1469,text,true,,58888,389,361,361,https://pabsa.impressicocrm.com/api/tournament?limit=12&pageNumber=1&sportType=&tournamentName=&tournamentStyle=,3963,0,0
1680594094153,402,Home page ,200,OK,Knock_out_Thread Group 1-1552,text,true,,3033,309,362,362,https://pabsa.impressicocrm.com/,402,0,282
1680594090968,3589,Get Home page country ,200,,Knock_out_Thread Group 1-1514,text,true,,17270,320,362,362,https://pabsa.impressicocrm.com/api/country,3589,0,0
1680594090949,3612,Get Players schedule,200,,Knock_out_Thread Group 1-1338,text,true,,5435,338,362,362,https://pabsa.impressicocrm.com/api/tournament/119922/matches,3612,0,0
1680594091122,3442,Get single knockout Player details,200,,Knock_out_Thread Group 1-1267,text,true,,1210,326,362,362,https://pabsa.impressicocrm.com/api/player/110368,3442,0,0
1680594091010,3554,Get Home page currency,200,,Knock_out_Thread Group 1-1442,text,true,,9160,321,362,362,https://pabsa.impressicocrm.com/api/currency,3554,0,0
1680594090054,4515,Get tournamnent list ,200,,Knock_out_Thread Group 1-1468,text,true,,58888,389,362,362,https://pabsa.impressicocrm.com/api/tournament?limit=12&pageNumber=1&sportType=&tournamentName=&tournamentStyle=,4016,0,0
1680594091081,3500,Get playerA_Vs_playerB,200,,Knock_out_Thread Group 1-1207,text,true,,1239,341,362,362,https://pabsa.impressicocrm.com/api/tournament/matchScore/147598,3500,0,0
1680594091122,3459,Get single knockout Player details,200,,Knock_out_Thread Group 1-1213,text,true,,1210,326,362,362,https://pabsa.impressicocrm.com/api/player/110368,3459,0,0
1680594089158,5427,Get playerA_Vs_playerB,200,,Knock_out_Thread Group 1-1189,text,true,,1239,341,361,361,https://pabsa.impressicocrm.com/api/tournament/matchScore/147598,5427,0,0
1680594090891,3694,Get tournament result,200,,Knock_out_Thread Group 1-1236,text,true,,5435,338,361,361,https://pabsa.impressicocrm.com/api/tournament/119922/matches,3694,0,0
1680594093854,737,Home page ,200,OK,Knock_out_Thread Group 1-1549,text,true,,3033,309,360,360,https://pabsa.impressicocrm.com/,736,0,555
1680594093452,1154,Home page ,200,OK,Knock_out_Thread Group 1-1545,text,true,,3033,309,360,360,https://pabsa.impressicocrm.com/,1154,0,803
1680594091112,3526,Get playerA_Vs_playerB,200,,Knock_out_Thread Group 1-1218,text,true,,1239,341,360,360,https://pabsa.impressicocrm.com/api/tournament/matchScore/147598,3526,0,0
1680594094253,411,Home page ,200,OK,Knock_out_Thread Group 1-1553,text,true,,3033,309,360,360,https://pabsa.impressicocrm.com/,411,0,304
1680594090953,3719,Get Players schedule,200,,Knock_out_Thread Group 1-1334,text,true,,5441,338,360,360,https://pabsa.impressicocrm.com/api/tournament/119922/matches,3719,0,0
1680594091109,3563,Get Players list ,200,,Knock_out_Thread Group 1-1388,text,true,,3218,338,360,360,https://pabsa.impressicocrm.com/api/tournament/119922/players,3563,0,0
1680594090812,3864,Get Home page currency,200,,Knock_out_Thread Group 1-1403,text,true,,9160,321,360,360,https://pabsa.impressicocrm.com/api/currency,3864,0,0
1680594091126,3550,Get Players list ,200,,Knock_out_Thread Group 1-1407,text,true,,3218,338,360,360,https://pabsa.impressicocrm.com/api/tournament/119922/players,3550,0,0
1680594090939,3737,Get tournament result,200,,Knock_out_Thread Group 1-1224,text,true,,5435,338,360,360,https://pabsa.impressicocrm.com/api/tournament/119922/matches,3737,0,0
1680594091098,3586,Get knockout players list ,200,,Knock_out_Thread Group 1-1290,text,true,,4591,340,360,360,https://pabsa.impressicocrm.com/api/tournament/118871/knockouts,3586,0,0
1680594091250,3448,Get knockout players list ,200,,Knock_out_Thread Group 1-1252,text,true,,4598,340,360,360,https://pabsa.impressicocrm.com/api/tournament/118871/knockouts,3448,0,0
1680594091193,3512,Get playerA_Vs_playerB,200,,Knock_out_Thread Group 1-1208,text,true,,1239,341,360,360,https://pabsa.impressicocrm.com/api/tournament/matchScore/147598,3512,0,0
1680594091125,3580,Get Break list ,200,,Knock_out_Thread Group 1-1367,text,true,,3218,338,360,360,https://pabsa.impressicocrm.com/api/tournament/119922/players,3580,0,0
1680594091189,3527,Get Players list ,200,,Knock_out_Thread Group 1-1410,text,true,,3218,338,359,359,https://pabsa.impressicocrm.com/api/tournament/119922/players,3527,0,0
1680594091207,3541,Get Home page currency,200,,Knock_out_Thread Group 1-1436,text,true,,9153,321,359,359,https://pabsa.impressicocrm.com/api/currency,3541,0,0
1680594091045,3706,Get Players schedule,200,,Knock_out_Thread Group 1-1337,text,true,,5435,338,359,359,https://pabsa.impressicocrm.com/api/tournament/119922/matches,3706,0,0
1680594094353,402,Home page ,200,OK,Knock_out_Thread Group 1-1554,text,true,,3033,309,360,360,https://pabsa.impressicocrm.com/,402,0,319
1680594091345,3439,Get single knockout Player details,200,,Knock_out_Thread Group 1-1250,text,true,,1210,326,360,360,https://pabsa.impressicocrm.com/api/player/110368,3439,0,0
1680594090011,4838,Get tournamnent list ,200,,Knock_out_Thread Group 1-1476,text,true,,58880,389,360,360,https://pabsa.impressicocrm.com/api/tournament?limit=12&pageNumber=1&sportType=&tournamentName=&tournamentStyle=,3958,0,0
1680594091384,3471,Get Break list ,200,,Knock_out_Thread Group 1-1364,text,true,,3218,338,361,361,https://pabsa.impressicocrm.com/api/tournament/119922/players,3471,0,0
1680594093029,1855,Get tournament result,200,,Knock_out_Thread Group 1-1295,text,true,,5441,338,361,361,https://pabsa.impressicocrm.com/api/tournament/119922/matches,1855,0,0
1680594091469,3418,Get single knockout Player details,200,,Knock_out_Thread Group 1-1260,text,true,,1210,326,361,361,https://pabsa.impressicocrm.com/api/player/110368,3418,0,0
1680594094453,453,Home page ,200,OK,Knock_out_Thread Group 1-1555,text,true,,3033,309,361,361,https://pabsa.impressicocrm.com/,453,0,345
1680594091134,3790,Get tournament result,200,,Knock_out_Thread Group 1-1197,text,true,,5441,338,361,361,https://pabsa.impressicocrm.com/api/tournament/119922/matches,3790,0,0
1680594090767,4162,Get tournamnent list ,200,,Knock_out_Thread Group 1-1483,text,true,,58888,389,361,361,https://pabsa.impressicocrm.com/api/tournament?limit=12&pageNumber=1&sportType=&tournamentName=&tournamentStyle=,3841,0,0
1680594091447,3486,Get knockout players list ,200,,Knock_out_Thread Group 1-1278,text,true,,4598,340,361,361,https://pabsa.impressicocrm.com/api/tournament/118871/knockouts,3486,0,0
1680594091455,3493,Get knockout players list ,200,,Knock_out_Thread Group 1-1297,text,true,,4598,340,361,361,https://pabsa.impressicocrm.com/api/tournament/118871/knockouts,3493,0,0
1680594091356,3620,Get tournament result,200,,Knock_out_Thread Group 1-1234,text,true,,5441,338,362,362,https://pabsa.impressicocrm.com/api/tournament/119922/matches,3620,0,0
1680594091455,3526,Get playerA_Vs_playerB,200,,Knock_out_Thread Group 1-1181,text,true,,1239,341,362,362,https://pabsa.impressicocrm.com/api/tournament/matchScore/147598,3526,0,0
1680594091167,3814,Get Home page country ,200,,Knock_out_Thread Group 1-1504,text,true,,17270,320,362,362,https://pabsa.impressicocrm.com/api/country,3766,0,0
1680594091543,3439,Get knockout players list ,200,,Knock_out_Thread Group 1-1301,text,true,,4598,340,362,362,https://pabsa.impressicocrm.com/api/tournament/118871/knockouts,3439,0,0
1680594091031,3963,Get Home page country ,200,,Knock_out_Thread Group 1-1511,text,true,,17270,320,361,361,https://pabsa.impressicocrm.com/api/country,3962,0,0
1680594094552,442,Home page ,200,OK,Knock_out_Thread Group 1-1556,text,true,,3033,309,361,361,https://pabsa.impressicocrm.com/,442,0,329
1680594091075,3926,Get Home page currency,200,,Knock_out_Thread Group 1-1408,text,true,,9160,321,361,361,https://pabsa.impressicocrm.com/api/currency,3926,0,0
1680594091264,3739,Get Players schedule,200,,Knock_out_Thread Group 1-1311,text,true,,5441,338,361,361,https://pabsa.impressicocrm.com/api/tournament/119922/matches,3739,0,0
1680594091384,3631,Get Break list ,200,,Knock_out_Thread Group 1-1347,text,true,,3218,338,361,361,https://pabsa.impressicocrm.com/api/tournament/119922/players,3631,0,0
1680594091325,3701,Get Home page country ,200,,Knock_out_Thread Group 1-1512,text,true,,17270,320,361,361,https://pabsa.impressicocrm.com/api/country,3701,0,0
1680594091557,3482,Get playerA_Vs_playerB,200,,Knock_out_Thread Group 1-1174,text,true,,1239,341,361,361,https://pabsa.impressicocrm.com/api/tournament/matchScore/147598,3482,0,0
1680594091466,3579,Get Home page currency,200,,Knock_out_Thread Group 1-1443,text,true,,9160,321,360,360,https://pabsa.impressicocrm.com/api/currency,3579,0,0
1680594091524,3524,Get Home page currency,200,,Knock_out_Thread Group 1-1450,text,true,,9160,321,360,360,https://pabsa.impressicocrm.com/api/currency,3524,0,0
1680594091558,3496,Get Home page country ,200,,Knock_out_Thread Group 1-1523,text,true,,17270,320,361,361,https://pabsa.impressicocrm.com/api/country,3496,0,0
1680594091552,3509,Get playerA_Vs_playerB,200,,Knock_out_Thread Group 1-1214,text,true,,1239,341,361,361,https://pabsa.impressicocrm.com/api/tournament/matchScore/147598,3509,0,0
1680594091564,3497,Get Home page currency,200,,Knock_out_Thread Group 1-1451,text,true,,9160,321,361,361,https://pabsa.impressicocrm.com/api/currency,3497,0,0
1680594091157,3907,Get Players schedule,200,,Knock_out_Thread Group 1-1329,text,true,,5441,338,360,360,https://pabsa.impressicocrm.com/api/tournament/119922/matches,3907,0,0
1680594094653,425,Home page ,200,OK,Knock_out_Thread Group 1-1557,text,true,,3033,309,360,360,https://pabsa.impressicocrm.com/,424,0,329
1680594091510,3571,Get playerA_Vs_playerB,200,,Knock_out_Thread Group 1-1192,text,true,,1239,341,360,360,https://pabsa.impressicocrm.com/api/tournament/matchScore/147598,3571,0,0
1680594091579,3505,Get Home page country ,200,,Knock_out_Thread Group 1-1520,text,true,,17270,320,359,359,https://pabsa.impressicocrm.com/api/country,3505,0,0
1680594090491,4596,Get tournamnent list ,200,,Knock_out_Thread Group 1-1470,text,true,,58880,389,359,359,https://pabsa.impressicocrm.com/api/tournament?limit=12&pageNumber=1&sportType=&tournamentName=&tournamentStyle=,3954,0,0
1680594091196,3894,Get Players schedule,200,,Knock_out_Thread Group 1-1324,text,true,,5441,338,359,359,https://pabsa.impressicocrm.com/api/tournament/119922/matches,3894,0,0
1680594091358,3753,Get playerA_Vs_playerB,200,,Knock_out_Thread Group 1-1217,text,true,,1239,341,359,359,https://pabsa.impressicocrm.com/api/tournament/matchScore/147598,3753,0,0
1680594091600,3518,Get Players list ,200,,Knock_out_Thread Group 1-1400,text,true,,3218,338,358,358,https://pabsa.impressicocrm.com/api/tournament/119922/players,3518,0,0
1680594091557,3561,Get Players list ,200,,Knock_out_Thread Group 1-1390,text,true,,3218,338,358,358,https://pabsa.impressicocrm.com/api/tournament/119922/players,3561,0,0
1680594091600,3524,Get single knockout Player details,200,,Knock_out_Thread Group 1-1259,text,true,,1210,326,358,358,https://pabsa.impressicocrm.com/api/player/110368,3524,0,0
1680594091409,3724,Get single knockout Player details,200,,Knock_out_Thread Group 1-1279,text,true,,1210,326,358,358,https://pabsa.impressicocrm.com/api/player/110368,3724,0,0
1680594093552,1583,Home page ,200,OK,Knock_out_Thread Group 1-1546,text,true,,3033,309,358,358,https://pabsa.impressicocrm.com/,1583,0,1308
1680594091681,3460,Get Home page currency,200,,Knock_out_Thread Group 1-1453,text,true,,9160,321,358,358,https://pabsa.impressicocrm.com/api/currency,3459,0,0
1680594091455,3696,Get Players schedule,200,,Knock_out_Thread Group 1-1327,text,true,,5441,338,358,358,https://pabsa.impressicocrm.com/api/tournament/119922/matches,3696,0,0
1680594091485,3666,Get tournament result,200,,Knock_out_Thread Group 1-1254,text,true,,5441,338,358,358,https://pabsa.impressicocrm.com/api/tournament/119922/matches,3666,0,0
1680594094853,313,Home page ,200,OK,Knock_out_Thread Group 1-1559,text,true,,3033,309,359,359,https://pabsa.impressicocrm.com/,312,0,229
1680594091212,3961,Get Home page currency,200,,Knock_out_Thread Group 1-1430,text,true,,9153,321,359,359,https://pabsa.impressicocrm.com/api/currency,3961,0,0
1680594089625,5551,Get Players list ,200,,Knock_out_Thread Group 1-1379,text,true,,3218,338,359,359,https://pabsa.impressicocrm.com/api/tournament/119922/players,5551,0,0
1680594091549,3634,Get Home page country ,200,,Knock_out_Thread Group 1-1517,text,true,,17270,320,359,359,https://pabsa.impressicocrm.com/api/country,3634,0,0
1680594091495,3688,Get Players schedule,200,,Knock_out_Thread Group 1-1339,text,true,,5441,338,359,359,https://pabsa.impressicocrm.com/api/tournament/119922/matches,3688,0,0
1680594090952,4275,Get tournamnent list ,200,,Knock_out_Thread Group 1-1477,text,true,,58880,389,359,359,https://pabsa.impressicocrm.com/api/tournament?limit=12&pageNumber=1&sportType=&tournamentName=&tournamentStyle=,3803,0,0
1680594091818,3412,Get single knockout Player details,200,,Knock_out_Thread Group 1-1229,text,true,,1210,326,359,359,https://pabsa.impressicocrm.com/api/player/110368,3412,0,0
1680594091706,3524,Get Players list ,200,,Knock_out_Thread Group 1-1416,text,true,,3218,338,359,359,https://pabsa.impressicocrm.com/api/tournament/119922/players,3524,0,0
1680594091228,4008,Get Break list ,200,,Knock_out_Thread Group 1-1358,text,true,,3218,338,359,359,https://pabsa.impressicocrm.com/api/tournament/119922/players,4008,0,0
1680594091621,3615,Get Players list ,200,,Knock_out_Thread Group 1-1413,text,true,,3218,338,359,359,https://pabsa.impressicocrm.com/api/tournament/119922/players,3615,0,0
1680594093826,1418,Get knockout players list ,200,,Knock_out_Thread Group 1-1308,text,true,,4591,340,359,359,https://pabsa.impressicocrm.com/api/tournament/118871/knockouts,1418,0,0
1680594091605,3674,Get Home page country ,200,,Knock_out_Thread Group 1-1518,text,true,,17270,320,360,360,https://pabsa.impressicocrm.com/api/country,3674,0,0
1680594091447,3843,Get Home page country ,200,,Knock_out_Thread Group 1-1522,text,true,,17270,320,360,360,https://pabsa.impressicocrm.com/api/country,3843,0,0
1680594091750,3548,Get knockout players list ,200,,Knock_out_Thread Group 1-1304,text,true,,4598,340,360,360,https://pabsa.impressicocrm.com/api/tournament/118871/knockouts,3548,0,0
1680594091762,3540,Get playerA_Vs_playerB,200,,Knock_out_Thread Group 1-1220,text,true,,1239,341,360,360,https://pabsa.impressicocrm.com/api/tournament/matchScore/147598,3540,0,0
1680594091706,3614,Get Players list ,200,,Knock_out_Thread Group 1-1426,text,true,,3218,338,359,359,https://pabsa.impressicocrm.com/api/tournament/119922/players,3614,0,0
1680594091851,3502,Get Break list ,200,,Knock_out_Thread Group 1-1387,text,true,,3218,338,360,360,https://pabsa.impressicocrm.com/api/tournament/119922/players,3502,0,0
1680594091916,3474,Get knockout players list ,200,,Knock_out_Thread Group 1-1313,text,true,,4598,340,360,360,https://pabsa.impressicocrm.com/api/tournament/118871/knockouts,3474,0,0
1680594094752,639,Home page ,200,OK,Knock_out_Thread Group 1-1558,text,true,,3033,309,360,360,https://pabsa.impressicocrm.com/,639,0,555
1680594091728,3673,Get Home page country ,200,,Knock_out_Thread Group 1-1524,text,true,,17270,320,360,360,https://pabsa.impressicocrm.com/api/country,3672,0,0
1680594091637,3783,Get tournament result,200,,Knock_out_Thread Group 1-1246,text,true,,5441,338,360,360,https://pabsa.impressicocrm.com/api/tournament/119922/matches,3783,0,0
1680594091932,3513,Get Break list ,200,,Knock_out_Thread Group 1-1332,text,true,,3218,338,360,360,https://pabsa.impressicocrm.com/api/tournament/119922/players,3513,0,0
1680594091633,3852,Get Players schedule,200,,Knock_out_Thread Group 1-1330,text,true,,5441,338,361,361,https://pabsa.impressicocrm.com/api/tournament/119922/matches,3852,0,0
1680594091288,4198,Get tournamnent list ,200,,Knock_out_Thread Group 1-1488,text,true,,58880,389,361,361,https://pabsa.impressicocrm.com/api/tournament?limit=12&pageNumber=1&sportType=&tournamentName=&tournamentStyle=,3796,0,0
1680594095152,377,Home page ,200,OK,Knock_out_Thread Group 1-1562,text,true,,3033,309,361,361,https://pabsa.impressicocrm.com/,377,0,286
1680594091841,3710,Get tournament result,200,,Knock_out_Thread Group 1-1269,text,true,,5441,338,362,362,https://pabsa.impressicocrm.com/api/tournament/119922/matches,3710,0,0
1680594091728,3835,Get Players schedule,200,,Knock_out_Thread Group 1-1331,text,true,,5441,338,362,362,https://pabsa.impressicocrm.com/api/tournament/119922/matches,3835,0,0
1680594095253,310,Home page ,200,OK,Knock_out_Thread Group 1-1563,text,true,,3033,309,362,362,https://pabsa.impressicocrm.com/,310,0,214
1680594090977,4618,Get tournamnent list ,200,,Knock_out_Thread Group 1-1460,text,true,,58880,389,362,362,https://pabsa.impressicocrm.com/api/tournament?limit=12&pageNumber=1&sportType=&tournamentName=&tournamentStyle=,3971,0,0
1680594091841,3759,Get Players schedule,200,,Knock_out_Thread Group 1-1302,text,true,,5441,338,362,362,https://pabsa.impressicocrm.com/api/tournament/119922/matches,3759,0,0
1680594091939,3661,Get tournament result,200,,Knock_out_Thread Group 1-1227,text,true,,5441,338,362,362,https://pabsa.impressicocrm.com/api/tournament/119922/matches,3661,0,0
1680594094952,648,Home page ,200,OK,Knock_out_Thread Group 1-1560,text,true,,3033,309,362,362,https://pabsa.impressicocrm.com/,648,0,231
1680594091455,4154,Get Home page currency,200,,Knock_out_Thread Group 1-1444,text,true,,9160,321,362,362,https://pabsa.impressicocrm.com/api/currency,4154,0,0
1680594089752,5863,Get tournament result,200,,Knock_out_Thread Group 1-1164,text,true,,5441,338,362,362,https://pabsa.impressicocrm.com/api/tournament/119922/matches,5863,0,0
1680594091659,3971,Get Home page currency,200,,Knock_out_Thread Group 1-1446,text,true,,9160,321,362,362,https://pabsa.impressicocrm.com/api/currency,3971,0,0
1680594091969,3661,Get tournament result,200,,Knock_out_Thread Group 1-1232,text,true,,5441,338,362,362,https://pabsa.impressicocrm.com/api/tournament/119922/matches,3661,0,0
1680594091785,3862,Get Home page currency,200,,Knock_out_Thread Group 1-1438,text,true,,9160,321,362,362,https://pabsa.impressicocrm.com/api/currency,3862,0,0
1680594092004,3658,Get Home page currency,200,,Knock_out_Thread Group 1-1454,text,true,,9160,321,363,363,https://pabsa.impressicocrm.com/api/currency,3658,0,0
1680594091909,3773,Get tournament result,200,,Knock_out_Thread Group 1-1240,text,true,,5441,338,363,363,https://pabsa.impressicocrm.com/api/tournament/119922/matches,3773,0,0
1680594091982,3704,Get Home page country ,200,,Knock_out_Thread Group 1-1526,text,true,,17270,320,363,363,https://pabsa.impressicocrm.com/api/country,3693,0,0
1680594095053,658,Home page ,200,OK,Knock_out_Thread Group 1-1561,text,true,,3033,309,363,363,https://pabsa.impressicocrm.com/,657,0,580
1680594089938,5799,Get knockout players list ,200,,Knock_out_Thread Group 1-1274,text,true,,4598,340,363,363,https://pabsa.impressicocrm.com/api/tournament/118871/knockouts,5799,0,0
1680594095452,290,Home page ,200,OK,Knock_out_Thread Group 1-1565,text,true,,3033,309,363,363,https://pabsa.impressicocrm.com/,290,0,224
1680594089935,5818,Get knockout players list ,200,,Knock_out_Thread Group 1-1305,text,true,,4598,340,364,364,https://pabsa.impressicocrm.com/api/tournament/118871/knockouts,5818,0,0
1680594092220,3595,Get playerA_Vs_playerB,200,,Knock_out_Thread Group 1-1256,text,true,,1239,341,364,364,https://pabsa.impressicocrm.com/api/tournament/matchScore/147598,3595,0,0
1680594092247,3568,Get knockout players list ,200,,Knock_out_Thread Group 1-1349,text,true,,4598,340,364,364,https://pabsa.impressicocrm.com/api/tournament/118871/knockouts,3568,0,0
1680594092214,3601,Get knockout players list ,200,,Knock_out_Thread Group 1-1316,text,true,,4598,340,364,364,https://pabsa.impressicocrm.com/api/tournament/118871/knockouts,3601,0,0
1680594092021,3806,Get Players schedule,200,,Knock_out_Thread Group 1-1335,text,true,,5441,338,363,363,https://pabsa.impressicocrm.com/api/tournament/119922/matches,3806,0,0
1680594092286,3541,Get playerA_Vs_playerB,200,,Knock_out_Thread Group 1-1206,text,true,,1239,341,363,363,https://pabsa.impressicocrm.com/api/tournament/matchScore/147598,3541,0,0
1680594092109,3718,Get Players list ,200,,Knock_out_Thread Group 1-1399,text,true,,3218,338,363,363,https://pabsa.impressicocrm.com/api/tournament/119922/players,3718,0,0
1680594092039,3796,Get Home page currency,200,,Knock_out_Thread Group 1-1445,text,true,,9160,321,362,362,https://pabsa.impressicocrm.com/api/currency,3796,0,0
1680594092231,3607,Get playerA_Vs_playerB,200,,Knock_out_Thread Group 1-1215,text,true,,1239,341,362,362,https://pabsa.impressicocrm.com/api/tournament/matchScore/147598,3607,0,0
1680594092192,3650,Get Home page country ,200,,Knock_out_Thread Group 1-1529,text,true,,17270,320,361,361,https://pabsa.impressicocrm.com/api/country,3650,0,0
1680594092350,3502,Get single knockout Player details,200,,Knock_out_Thread Group 1-1282,text,true,,1210,326,362,362,https://pabsa.impressicocrm.com/api/player/110368,3502,0,0
1680594094172,1688,Get Home page currency,200,,Knock_out_Thread Group 1-1474,text,true,,9160,321,362,362,https://pabsa.impressicocrm.com/api/currency,1688,0,0
1680594092277,3605,Get knockout players list ,200,,Knock_out_Thread Group 1-1292,text,true,,4598,340,362,362,https://pabsa.impressicocrm.com/api/tournament/118871/knockouts,3605,0,0
1680594092308,3593,Get Home page currency,200,,Knock_out_Thread Group 1-1411,text,true,,9160,321,362,362,https://pabsa.impressicocrm.com/api/currency,3593,0,0
1680594092122,3779,Get tournament result,200,,Knock_out_Thread Group 1-1291,text,true,,5441,338,362,362,https://pabsa.impressicocrm.com/api/tournament/119922/matches,3779,0,0
1680594094224,1703,Get Players list ,200,,Knock_out_Thread Group 1-1434,text,true,,3218,338,362,362,https://pabsa.impressicocrm.com/api/tournament/119922/players,1703,0,0
1680594091680,4250,Get tournamnent list ,200,,Knock_out_Thread Group 1-1490,text,true,,58865,389,362,362,https://pabsa.impressicocrm.com/api/tournament?limit=12&pageNumber=1&sportType=&tournamentName=&tournamentStyle=,3821,0,0
1680594091825,4112,Get tournamnent list ,200,,Knock_out_Thread Group 1-1492,text,true,,58880,389,362,362,https://pabsa.impressicocrm.com/api/tournament?limit=12&pageNumber=1&sportType=&tournamentName=&tournamentStyle=,3624,0,0
1680594092410,3546,Get Break list ,200,,Knock_out_Thread Group 1-1351,text,true,,3218,338,363,363,https://pabsa.impressicocrm.com/api/tournament/119922/players,3546,0,0
1680594091982,3980,Get tournament result,200,,Knock_out_Thread Group 1-1219,text,true,,5441,338,363,363,https://pabsa.impressicocrm.com/api/tournament/119922/matches,3980,0,0
1680594092315,3647,Get Players list ,200,,Knock_out_Thread Group 1-1401,text,true,,3218,338,363,363,https://pabsa.impressicocrm.com/api/tournament/119922/players,3647,0,0
1680594091851,4115,Get Players schedule,200,,Knock_out_Thread Group 1-1310,text,true,,5435,338,363,363,https://pabsa.impressicocrm.com/api/tournament/119922/matches,4115,0,0
1680594092390,3581,Get Home page country ,200,,Knock_out_Thread Group 1-1531,text,true,,17270,320,363,363,https://pabsa.impressicocrm.com/api/country,3580,0,0
1680594092388,3593,Get playerA_Vs_playerB,200,,Knock_out_Thread Group 1-1201,text,true,,1239,341,363,363,https://pabsa.impressicocrm.com/api/tournament/matchScore/147598,3593,0,0
1680594092572,3421,Get single knockout Player details,200,,Knock_out_Thread Group 1-1272,text,true,,1210,326,362,362,https://pabsa.impressicocrm.com/api/player/110368,3421,0,0
1680594091659,4334,Get tournamnent list ,200,,Knock_out_Thread Group 1-1479,text,true,,58880,389,362,362,https://pabsa.impressicocrm.com/api/tournament?limit=12&pageNumber=1&sportType=&tournamentName=&tournamentStyle=,3848,0,0
1680594090407,5610,Get playerA_Vs_playerB,200,,Knock_out_Thread Group 1-1194,text,true,,1239,341,362,362,https://pabsa.impressicocrm.com/api/tournament/matchScore/147598,5610,0,0
1680594092521,3502,Get playerA_Vs_playerB,200,,Knock_out_Thread Group 1-1233,text,true,,1239,341,361,361,https://pabsa.impressicocrm.com/api/tournament/matchScore/147598,3502,0,0
1680594091615,4417,Get tournamnent list ,200,,Knock_out_Thread Group 1-1482,text,true,,58888,389,360,360,https://pabsa.impressicocrm.com/api/tournament?limit=12&pageNumber=1&sportType=&tournamentName=&tournamentStyle=,3813,0,0
1680594092448,3619,Get Players list ,200,,Knock_out_Thread Group 1-1415,text,true,,3218,338,361,361,https://pabsa.impressicocrm.com/api/tournament/119922/players,3619,0,0
1680594095652,421,Home page ,200,OK,Knock_out_Thread Group 1-1567,text,true,,3033,309,361,361,https://pabsa.impressicocrm.com/,420,0,304
1680594092521,3557,Get Home page country ,200,,Knock_out_Thread Group 1-1532,text,true,,17270,320,361,361,https://pabsa.impressicocrm.com/api/country,3557,0,0
1680594089930,6148,Get tournament result,200,,Knock_out_Thread Group 1-1231,text,true,,5441,338,361,361,https://pabsa.impressicocrm.com/api/tournament/119922/matches,6148,0,0
1680594090473,5605,Get knockout players list ,200,,Knock_out_Thread Group 1-1271,text,true,,4598,340,361,361,https://pabsa.impressicocrm.com/api/tournament/118871/knockouts,5605,0,0
1680594095353,740,Home page ,200,OK,Knock_out_Thread Group 1-1564,text,true,,3033,309,361,361,https://pabsa.impressicocrm.com/,740,0,650
1680594092164,3935,Get tournament result,200,,Knock_out_Thread Group 1-1228,text,true,,5441,338,361,361,https://pabsa.impressicocrm.com/api/tournament/119922/matches,3935,0,0
1680594092459,3640,Get Home page currency,200,,Knock_out_Thread Group 1-1475,text,true,,9160,321,361,361,https://pabsa.impressicocrm.com/api/currency,3640,0,0
1680594092456,3644,Get Players list ,200,,Knock_out_Thread Group 1-1423,text,true,,3218,338,361,361,https://pabsa.impressicocrm.com/api/tournament/119922/players,3644,0,0
1680594095552,548,Home page ,200,OK,Knock_out_Thread Group 1-1566,text,true,,3033,309,361,361,https://pabsa.impressicocrm.com/,547,0,263
1680594092595,3509,Get playerA_Vs_playerB,200,,Knock_out_Thread Group 1-1216,text,true,,1239,341,361,361,https://pabsa.impressicocrm.com/api/tournament/matchScore/147598,3509,0,0
1680594092324,3780,Get Players schedule,200,,Knock_out_Thread Group 1-1348,text,true,,5441,338,361,361,https://pabsa.impressicocrm.com/api/tournament/119922/matches,3780,0,0
1680594092527,3582,Get Players list ,200,,Knock_out_Thread Group 1-1424,text,true,,3218,338,360,360,https://pabsa.impressicocrm.com/api/tournament/119922/players,3582,0,0
1680594092579,3544,Get Players list ,200,,Knock_out_Thread Group 1-1418,text,true,,3218,338,360,360,https://pabsa.impressicocrm.com/api/tournament/119922/players,3544,0,0
1680594092194,3933,Get Break list ,200,,Knock_out_Thread Group 1-1383,text,true,,3218,338,360,360,https://pabsa.impressicocrm.com/api/tournament/119922/players,3933,0,0
1680594091215,4962,Get tournamnent list ,200,,Knock_out_Thread Group 1-1487,text,true,,58880,389,361,361,https://pabsa.impressicocrm.com/api/tournament?limit=12&pageNumber=1&sportType=&tournamentName=&tournamentStyle=,3806,0,0
1680594090548,5634,Get playerA_Vs_playerB,200,,Knock_out_Thread Group 1-1179,text,true,,1239,341,361,361,https://pabsa.impressicocrm.com/api/tournament/matchScore/147598,5633,0,0
1680594092514,3679,Get Home page country ,200,,Knock_out_Thread Group 1-1521,text,true,,17270,320,360,360,https://pabsa.impressicocrm.com/api/country,3672,0,0
1680594092275,3918,Get Home page currency,200,,Knock_out_Thread Group 1-1463,text,true,,9160,321,360,360,https://pabsa.impressicocrm.com/api/currency,3918,0,0
1680594092324,3869,Get Home page country ,200,,Knock_out_Thread Group 1-1519,text,true,,17270,320,360,360,https://pabsa.impressicocrm.com/api/country,3869,0,0
1680594095752,442,Home page ,200,OK,Knock_out_Thread Group 1-1568,text,true,,3033,309,360,360,https://pabsa.impressicocrm.com/,441,0,326
1680594092646,3554,Get Break list ,200,,Knock_out_Thread Group 1-1394,text,true,,3218,338,360,360,https://pabsa.impressicocrm.com/api/tournament/119922/players,3554,0,0
1680594092451,3749,Get Home page currency,200,,Knock_out_Thread Group 1-1449,text,true,,9153,321,360,360,https://pabsa.impressicocrm.com/api/currency,3749,0,0
1680594092396,3804,Get Home page currency,200,,Knock_out_Thread Group 1-1441,text,true,,9160,321,360,360,https://pabsa.impressicocrm.com/api/currency,3804,0,0
1680594092650,3557,Get knockout players list ,200,,Knock_out_Thread Group 1-1322,text,true,,4598,340,360,360,https://pabsa.impressicocrm.com/api/tournament/118871/knockouts,3557,0,0
1680594092657,3572,Get playerA_Vs_playerB,200,,Knock_out_Thread Group 1-1223,text,true,,1239,341,360,360,https://pabsa.impressicocrm.com/api/tournament/matchScore/147598,3572,0,0
1680594092572,3679,Get tournament result,200,,Knock_out_Thread Group 1-1258,text,true,,5441,338,359,359,https://pabsa.impressicocrm.com/api/tournament/119922/matches,3679,0,0
1680594092650,3604,Get Home page currency,200,,Knock_out_Thread Group 1-1455,text,true,,9160,321,360,360,https://pabsa.impressicocrm.com/api/currency,3604,0,0
1680594092225,4033,Get Break list ,200,,Knock_out_Thread Group 1-1373,text,true,,3218,338,360,360,https://pabsa.impressicocrm.com/api/tournament/119922/players,4033,0,0
1680594092053,4205,Get tournamnent list ,200,,Knock_out_Thread Group 1-1494,text,true,,58880,389,360,360,https://pabsa.impressicocrm.com/api/tournament?limit=12&pageNumber=1&sportType=&tournamentName=&tournamentStyle=,3839,0,0
1680594092586,3716,Get Players schedule,200,,Knock_out_Thread Group 1-1345,text,true,,5441,338,360,360,https://pabsa.impressicocrm.com/api/tournament/119922/matches,3716,0,0
1680594092683,3619,Get Break list ,200,,Knock_out_Thread Group 1-1362,text,true,,3218,338,360,360,https://pabsa.impressicocrm.com/api/tournament/119922/players,3619,0,0
1680594092347,3962,Get tournament result,200,,Knock_out_Thread Group 1-1226,text,true,,5441,338,360,360,https://pabsa.impressicocrm.com/api/tournament/119922/matches,3962,0,0
1680594089607,6742,Get Home page currency,200,,Knock_out_Thread Group 1-1461,text,true,,9160,321,360,360,https://pabsa.impressicocrm.com/api/currency,6742,0,0
1680594094495,1864,Get Players schedule,200,,Knock_out_Thread Group 1-1371,text,true,,5435,338,361,361,https://pabsa.impressicocrm.com/api/tournament/119922/matches,1864,0,0
1680594092654,3705,Get Break list ,200,,Knock_out_Thread Group 1-1377,text,true,,3218,338,361,361,https://pabsa.impressicocrm.com/api/tournament/119922/players,3705,0,0
1680594092572,3795,Get knockout players list ,200,,Knock_out_Thread Group 1-1303,text,true,,4598,340,361,361,https://pabsa.impressicocrm.com/api/tournament/118871/knockouts,3795,0,0
1680594092380,3987,Get Players list ,200,,Knock_out_Thread Group 1-1422,text,true,,3218,338,361,361,https://pabsa.impressicocrm.com/api/tournament/119922/players,3987,0,0
1680594092750,3621,Get knockout players list ,200,,Knock_out_Thread Group 1-1286,text,true,,4591,340,361,361,https://pabsa.impressicocrm.com/api/tournament/118871/knockouts,3620,0,0
1680594095952,429,Home page ,200,OK,Knock_out_Thread Group 1-1570,text,true,,3033,309,361,361,https://pabsa.impressicocrm.com/,429,0,248
1680594092230,4192,Get Home page country ,200,,Knock_out_Thread Group 1-1525,text,true,,17270,320,361,361,https://pabsa.impressicocrm.com/api/country,4191,0,0
1680594092636,3790,Get Players schedule,200,,Knock_out_Thread Group 1-1352,text,true,,5441,338,361,361,https://pabsa.impressicocrm.com/api/tournament/119922/matches,3790,0,0
1680594092801,3636,Get Break list ,200,,Knock_out_Thread Group 1-1386,text,true,,3218,338,361,361,https://pabsa.impressicocrm.com/api/tournament/119922/players,3636,0,0
1680594091389,5048,Get tournamnent list ,200,,Knock_out_Thread Group 1-1465,text,true,,58888,389,361,361,https://pabsa.impressicocrm.com/api/tournament?limit=12&pageNumber=1&sportType=&tournamentName=&tournamentStyle=,4211,0,0
1680594096053,389,Home page ,200,OK,Knock_out_Thread Group 1-1571,text,true,,3033,309,361,361,https://pabsa.impressicocrm.com/,389,0,318
1680594092737,3708,Get Break list ,200,,Knock_out_Thread Group 1-1370,text,true,,3218,338,361,361,https://pabsa.impressicocrm.com/api/tournament/119922/players,3708,0,0
1680594092606,3839,Get tournament result,200,,Knock_out_Thread Group 1-1205,text,true,,5435,338,361,361,https://pabsa.impressicocrm.com/api/tournament/119922/matches,3839,0,0
1680594092672,3802,Get tournament result,200,,Knock_out_Thread Group 1-1129,text,true,,5441,338,362,362,https://pabsa.impressicocrm.com/api/tournament/119922/matches,3802,0,0
1680594092698,3788,Get Players schedule,200,,Knock_out_Thread Group 1-1375,text,true,,5441,338,362,362,https://pabsa.impressicocrm.com/api/tournament/119922/matches,3788,0,0
1680594092827,3659,Get playerA_Vs_playerB,200,,Knock_out_Thread Group 1-1212,text,true,,1239,341,362,362,https://pabsa.impressicocrm.com/api/tournament/matchScore/147598,3659,0,0
1680594092827,3668,Get single knockout Player details,200,,Knock_out_Thread Group 1-1247,text,true,,1210,326,361,361,https://pabsa.impressicocrm.com/api/player/110368,3668,0,0
1680594092864,3640,Get single knockout Player details,200,,Knock_out_Thread Group 1-1270,text,true,,1210,326,361,361,https://pabsa.impressicocrm.com/api/player/110368,3640,0,0
1680594092804,3709,Get Break list ,200,,Knock_out_Thread Group 1-1341,text,true,,3218,338,361,361,https://pabsa.impressicocrm.com/api/tournament/119922/players,3709,0,0
1680594092131,4386,Get tournamnent list ,200,,Knock_out_Thread Group 1-1489,text,true,,58880,389,361,361,https://pabsa.impressicocrm.com/api/tournament?limit=12&pageNumber=1&sportType=&tournamentName=&tournamentStyle=,3825,0,0
1680594092868,3727,Get playerA_Vs_playerB,200,,Knock_out_Thread Group 1-1203,text,true,,1239,341,362,362,https://pabsa.impressicocrm.com/api/tournament/matchScore/147598,3727,0,0
1680594092759,3836,Get Home page currency,200,,Knock_out_Thread Group 1-1437,text,true,,9153,321,362,362,https://pabsa.impressicocrm.com/api/currency,3836,0,0
1680594092941,3728,Get Players list ,200,,Knock_out_Thread Group 1-1427,text,true,,3218,338,362,362,https://pabsa.impressicocrm.com/api/tournament/119922/players,3728,0,0
1680594092860,3857,Get Break list ,200,,Knock_out_Thread Group 1-1372,text,true,,3218,338,362,362,https://pabsa.impressicocrm.com/api/tournament/119922/players,3857,0,0
1680594092926,3795,Get Home page country ,200,,Knock_out_Thread Group 1-1536,text,true,,17270,320,362,362,https://pabsa.impressicocrm.com/api/country,3795,0,0
1680594092737,3984,Get Players schedule,200,,Knock_out_Thread Group 1-1344,text,true,,5441,338,362,362,https://pabsa.impressicocrm.com/api/tournament/119922/matches,3984,0,0
1680594092627,4094,Get tournament result,200,,Knock_out_Thread Group 1-1281,text,true,,5441,338,362,362,https://pabsa.impressicocrm.com/api/tournament/119922/matches,4094,0,0
1680594092579,4149,Get tournamnent list ,200,,Knock_out_Thread Group 1-1497,text,true,,58865,389,362,362,https://pabsa.impressicocrm.com/api/tournament?limit=12&pageNumber=1&sportType=&tournamentName=&tournamentStyle=,3796,0,0
1680594092737,3991,Get tournament result,200,,Knock_out_Thread Group 1-1294,text,true,,5441,338,362,362,https://pabsa.impressicocrm.com/api/tournament/119922/matches,3991,0,0
1680594093008,3725,Get Home page country ,200,,Knock_out_Thread Group 1-1537,text,true,,17270,320,362,362,https://pabsa.impressicocrm.com/api/country,3725,0,0
1680594095852,881,Home page ,200,OK,Knock_out_Thread Group 1-1569,text,true,,3033,309,362,362,https://pabsa.impressicocrm.com/,881,0,407
1680594092579,4157,Get Home page currency,200,,Knock_out_Thread Group 1-1456,text,true,,9160,321,362,362,https://pabsa.impressicocrm.com/api/currency,4157,0,0
1680594096154,583,Home page ,200,OK,Knock_out_Thread Group 1-1572,text,true,,3033,309,362,362,https://pabsa.impressicocrm.com/,582,0,402
1680594092098,4647,Get tournamnent list ,200,,Knock_out_Thread Group 1-1481,text,true,,58888,389,362,362,https://pabsa.impressicocrm.com/api/tournament?limit=12&pageNumber=1&sportType=&tournamentName=&tournamentStyle=,3969,0,0
1680594090467,6303,Get Home page currency,200,,Knock_out_Thread Group 1-1432,text,true,,9160,321,363,363,https://pabsa.impressicocrm.com/api/currency,6303,0,0
1680594092694,4081,Get Home page currency,200,,Knock_out_Thread Group 1-1431,text,true,,9160,321,363,363,https://pabsa.impressicocrm.com/api/currency,4081,0,0
1680594092997,3878,Get Home page currency,200,,Knock_out_Thread Group 1-1433,text,true,,9160,321,364,364,https://pabsa.impressicocrm.com/api/currency,3878,0,0
1680594092845,4034,Get tournament result,200,,Knock_out_Thread Group 1-1273,text,true,,5441,338,364,364,https://pabsa.impressicocrm.com/api/tournament/119922/matches,4034,0,0
1680594092291,4666,Get tournamnent list ,200,,Knock_out_Thread Group 1-1496,text,true,,58880,389,365,365,https://pabsa.impressicocrm.com/api/tournament?limit=12&pageNumber=1&sportType=&tournamentName=&tournamentStyle=,3856,0,0
1680594093046,3928,Get Players list ,200,,Knock_out_Thread Group 1-1420,text,true,,3218,338,365,365,https://pabsa.impressicocrm.com/api/tournament/119922/players,3928,0,0
1680594091098,5920,Get single knockout Player details,200,,Knock_out_Thread Group 1-1253,text,true,,1210,326,365,365,https://pabsa.impressicocrm.com/api/player/110368,5920,0,0
1680594092885,4150,Get Home page country ,200,,Knock_out_Thread Group 1-1535,text,true,,17270,320,365,365,https://pabsa.impressicocrm.com/api/country,4150,0,0
1680594093251,3788,Get Break list ,200,,Knock_out_Thread Group 1-1396,text,true,,3218,338,365,365,https://pabsa.impressicocrm.com/api/tournament/119922/players,3788,0,0
1680594092842,4219,Get Home page country ,200,,Knock_out_Thread Group 1-1528,text,true,,17270,320,366,366,https://pabsa.impressicocrm.com/api/country,4219,0,0
1680594093283,3778,Get knockout players list ,200,,Knock_out_Thread Group 1-1300,text,true,,4598,340,366,366,https://pabsa.impressicocrm.com/api/tournament/118871/knockouts,3778,0,0
1680594092870,4219,Get tournament result,200,,Knock_out_Thread Group 1-1251,text,true,,5441,338,366,366,https://pabsa.impressicocrm.com/api/tournament/119922/matches,4219,0,0
1680594096752,338,Home page ,200,OK,Knock_out_Thread Group 1-1578,text,true,,3033,309,366,366,https://pabsa.impressicocrm.com/,338,0,245
1680594092818,4300,Get Players list ,200,,Knock_out_Thread Group 1-1405,text,true,,3218,338,366,366,https://pabsa.impressicocrm.com/api/tournament/119922/players,4300,0,0
1680594093290,3873,Get Players list ,200,,Knock_out_Thread Group 1-1417,text,true,,3218,338,367,367,https://pabsa.impressicocrm.com/api/tournament/119922/players,3873,0,0
1680594093016,4149,Get Players schedule,200,,Knock_out_Thread Group 1-1328,text,true,,5441,338,367,367,https://pabsa.impressicocrm.com/api/tournament/119922/matches,4149,0,0
1680594093301,3864,Get Home page country ,200,,Knock_out_Thread Group 1-1539,text,true,,17270,320,367,367,https://pabsa.impressicocrm.com/api/country,3864,0,0
1680594093324,3853,Get Players list ,200,,Knock_out_Thread Group 1-1447,text,true,,3218,338,367,367,https://pabsa.impressicocrm.com/api/tournament/119922/players,3853,0,0
1680594093362,3842,Get knockout players list ,200,,Knock_out_Thread Group 1-1320,text,true,,4598,340,367,367,https://pabsa.impressicocrm.com/api/tournament/118871/knockouts,3842,0,0
1680594092997,4210,Get Players schedule,200,,Knock_out_Thread Group 1-1361,text,true,,5441,338,367,367,https://pabsa.impressicocrm.com/api/tournament/119922/matches,4210,0,0
1680594092885,4353,Get Break list ,200,,Knock_out_Thread Group 1-1363,text,true,,3218,338,367,367,https://pabsa.impressicocrm.com/api/tournament/119922/players,4353,0,0
1680594093060,4178,Get knockout players list ,200,,Knock_out_Thread Group 1-1317,text,true,,4598,340,367,367,https://pabsa.impressicocrm.com/api/tournament/118871/knockouts,4178,0,0
1680594096253,986,Home page ,200,OK,Knock_out_Thread Group 1-1573,text,true,,3033,309,367,367,https://pabsa.impressicocrm.com/,986,0,576
1680594093341,3903,Get Break list ,200,,Knock_out_Thread Group 1-1406,text,true,,3218,338,367,367,https://pabsa.impressicocrm.com/api/tournament/119922/players,3903,0,0
1680594095124,2143,Get tournament result,200,,Knock_out_Thread Group 1-1259,text,true,,5441,338,368,368,https://pabsa.impressicocrm.com/api/tournament/119922/matches,2143,0,0
1680594093290,4021,Get tournament result,200,,Knock_out_Thread Group 1-1264,text,true,,5435,338,368,368,https://pabsa.impressicocrm.com/api/tournament/119922/matches,4021,0,0
1680594093477,3834,Get knockout players list ,200,,Knock_out_Thread Group 1-1319,text,true,,4598,340,368,368,https://pabsa.impressicocrm.com/api/tournament/118871/knockouts,3834,0,0
1680594096352,959,Home page ,200,OK,Knock_out_Thread Group 1-1574,text,true,,3033,309,368,368,https://pabsa.impressicocrm.com/,959,0,828
1680594093297,4075,Get tournament result,200,,Knock_out_Thread Group 1-1293,text,true,,5441,338,369,369,https://pabsa.impressicocrm.com/api/tournament/119922/matches,4075,0,0
1680594093435,3937,Get Break list ,200,,Knock_out_Thread Group 1-1419,text,true,,3218,338,369,369,https://pabsa.impressicocrm.com/api/tournament/119922/players,3937,0,0
1680594093444,3928,Get Home page country ,200,,Knock_out_Thread Group 1-1542,text,true,,17270,320,369,369,https://pabsa.impressicocrm.com/api/country,3928,0,0
1680594092732,4640,Get tournamnent list ,200,,Knock_out_Thread Group 1-1513,text,true,,58880,389,369,369,https://pabsa.impressicocrm.com/api/tournament?limit=12&pageNumber=1&sportType=&tournamentName=&tournamentStyle=,3889,0,0
1680594097052,320,Home page ,200,OK,Knock_out_Thread Group 1-1581,text,true,,3033,309,369,369,https://pabsa.impressicocrm.com/,320,0,241
1680594093443,3937,Get knockout players list ,200,,Knock_out_Thread Group 1-1312,text,true,,4591,340,369,369,https://pabsa.impressicocrm.com/api/tournament/118871/knockouts,3937,0,0
1680594093150,4267,Get Home page currency,200,,Knock_out_Thread Group 1-1448,text,true,,9160,321,369,369,https://pabsa.impressicocrm.com/api/currency,4267,0,0
1680594093435,3989,Get Break list ,200,,Knock_out_Thread Group 1-1395,text,true,,3218,338,369,369,https://pabsa.impressicocrm.com/api/tournament/119922/players,3989,0,0
1680594093273,4160,Get knockout players list ,200,,Knock_out_Thread Group 1-1321,text,true,,4598,340,369,369,https://pabsa.impressicocrm.com/api/tournament/118871/knockouts,4160,0,0
1680594093290,4159,Get tournament result,200,,Knock_out_Thread Group 1-1255,text,true,,5441,338,369,369,https://pabsa.impressicocrm.com/api/tournament/119922/matches,4159,0,0
1680594092692,4765,Get tournamnent list ,200,,Knock_out_Thread Group 1-1495,text,true,,58880,389,370,370,https://pabsa.impressicocrm.com/api/tournament?limit=12&pageNumber=1&sportType=&tournamentName=&tournamentStyle=,3812,0,0
1680594097152,305,Home page ,200,OK,Knock_out_Thread Group 1-1582,text,true,,3033,309,370,370,https://pabsa.impressicocrm.com/,305,0,235
1680594096452,1007,Home page ,200,OK,Knock_out_Thread Group 1-1575,text,true,,3033,309,370,370,https://pabsa.impressicocrm.com/,1007,0,752
1680594093329,4132,Get tournament result,200,,Knock_out_Thread Group 1-1248,text,true,,5441,338,370,370,https://pabsa.impressicocrm.com/api/tournament/119922/matches,4132,0,0
1680594093078,4395,Get playerA_Vs_playerB,200,,Knock_out_Thread Group 1-1209,text,true,,1239,341,370,370,https://pabsa.impressicocrm.com/api/tournament/matchScore/147598,4395,0,0
1680594093377,4106,Get playerA_Vs_playerB,200,,Knock_out_Thread Group 1-1230,text,true,,1239,341,369,369,https://pabsa.impressicocrm.com/api/tournament/matchScore/147598,4106,0,0
1680594093394,4103,Get Players schedule,200,,Knock_out_Thread Group 1-1357,text,true,,5441,338,368,368,https://pabsa.impressicocrm.com/api/tournament/119922/matches,4103,0,0
1680594093363,4134,Get playerA_Vs_playerB,200,,Knock_out_Thread Group 1-1222,text,true,,1239,341,368,368,https://pabsa.impressicocrm.com/api/tournament/matchScore/147598,4134,0,0
1680594093350,4155,Get Home page currency,200,,Knock_out_Thread Group 1-1452,text,true,,9153,321,367,367,https://pabsa.impressicocrm.com/api/currency,4155,0,0
1680594093574,3941,Get Break list ,200,,Knock_out_Thread Group 1-1398,text,true,,3218,338,367,367,https://pabsa.impressicocrm.com/api/tournament/119922/players,3941,0,0
1680594093271,4256,Get single knockout Player details,200,,Knock_out_Thread Group 1-1275,text,true,,1210,326,367,367,https://pabsa.impressicocrm.com/api/player/110368,4256,0,0
1680594093077,4450,Get tournament result,200,,Knock_out_Thread Group 1-1239,text,true,,5441,338,367,367,https://pabsa.impressicocrm.com/api/tournament/119922/matches,4450,0,0
1680594093569,3963,Get Players list ,200,,Knock_out_Thread Group 1-1428,text,true,,3218,338,367,367,https://pabsa.impressicocrm.com/api/tournament/119922/players,3963,0,0
1680594093387,4161,Get tournament result,200,,Knock_out_Thread Group 1-1262,text,true,,5441,338,367,367,https://pabsa.impressicocrm.com/api/tournament/119922/matches,4161,0,0
1680594093213,4343,Get Players schedule,200,,Knock_out_Thread Group 1-1336,text,true,,5441,338,368,368,https://pabsa.impressicocrm.com/api/tournament/119922/matches,4343,0,0
1680594093147,4424,Get Home page country ,200,,Knock_out_Thread Group 1-1534,text,true,,17270,320,368,368,https://pabsa.impressicocrm.com/api/country,4421,0,0
1680594093033,4562,Get Players schedule,200,,Knock_out_Thread Group 1-1355,text,true,,5441,338,368,368,https://pabsa.impressicocrm.com/api/tournament/119922/matches,4562,0,0
1680594093477,4119,Get single knockout Player details,200,,Knock_out_Thread Group 1-1298,text,true,,1210,326,368,368,https://pabsa.impressicocrm.com/api/player/110368,4119,0,0
1680594093443,4153,Get tournament result,200,,Knock_out_Thread Group 1-1261,text,true,,5441,338,368,368,https://pabsa.impressicocrm.com/api/tournament/119922/matches,4153,0,0
1680594093715,3886,Get single knockout Player details,200,,Knock_out_Thread Group 1-1296,text,true,,1210,326,368,368,https://pabsa.impressicocrm.com/api/player/110368,3886,0,0
1680594096552,1049,Home page ,200,OK,Knock_out_Thread Group 1-1576,text,true,,3033,309,368,368,https://pabsa.impressicocrm.com/,1049,0,912
1680594093768,3877,Get playerA_Vs_playerB,200,,Knock_out_Thread Group 1-1249,text,true,,1239,341,368,368,https://pabsa.impressicocrm.com/api/tournament/matchScore/147598,3877,0,0
1680594097252,393,Home page ,200,OK,Knock_out_Thread Group 1-1583,text,true,,3033,309,368,368,https://pabsa.impressicocrm.com/,393,0,293
1680594093779,3872,Get single knockout Player details,200,,Knock_out_Thread Group 1-1280,text,true,,1210,326,368,368,https://pabsa.impressicocrm.com/api/player/110368,3872,0,0
1680594093499,4152,Get single knockout Player details,200,,Knock_out_Thread Group 1-1283,text,true,,1210,326,368,368,https://pabsa.impressicocrm.com/api/player/110368,4152,0,0
1680594093486,4165,Get tournament result,200,,Knock_out_Thread Group 1-1257,text,true,,5441,338,368,368,https://pabsa.impressicocrm.com/api/tournament/119922/matches,4165,0,0
1680594093022,4629,Get tournament result,200,,Knock_out_Thread Group 1-1277,text,true,,5441,338,368,368,https://pabsa.impressicocrm.com/api/tournament/119922/matches,4629,0,0
1680594089867,7784,Get tournamnent list ,200,,Knock_out_Thread Group 1-1473,text,true,,58888,389,368,368,https://pabsa.impressicocrm.com/api/tournament?limit=12&pageNumber=1&sportType=&tournamentName=&tournamentStyle=,5982,0,0
1680594093537,4114,Get Players schedule,200,,Knock_out_Thread Group 1-1380,text,true,,5441,338,368,368,https://pabsa.impressicocrm.com/api/tournament/119922/matches,4114,0,0
1680594093663,3989,Get Break list ,200,,Knock_out_Thread Group 1-1381,text,true,,3218,338,368,368,https://pabsa.impressicocrm.com/api/tournament/119922/players,3989,0,0
1680594095236,2416,Get Players schedule,200,,Knock_out_Thread Group 1-1358,text,true,,5441,338,368,368,https://pabsa.impressicocrm.com/api/tournament/119922/matches,2416,0,0
1680594096953,706,Home page ,200,OK,Knock_out_Thread Group 1-1580,text,true,,3033,309,368,368,https://pabsa.impressicocrm.com/,706,0,234
1680594093573,4122,Get single knockout Player details,200,,Knock_out_Thread Group 1-1287,text,true,,1210,326,368,368,https://pabsa.impressicocrm.com/api/player/110368,4122,0,0
1680594091998,5752,Get tournamnent list ,200,,Knock_out_Thread Group 1-1478,text,true,,58880,389,368,368,https://pabsa.impressicocrm.com/api/tournament?limit=12&pageNumber=1&sportType=&tournamentName=&tournamentStyle=,4209,0,0
1680594093822,3928,Get Players list ,200,,Knock_out_Thread Group 1-1393,text,true,,3218,338,368,368,https://pabsa.impressicocrm.com/api/tournament/119922/players,3928,0,0
1680594097352,398,Home page ,200,OK,Knock_out_Thread Group 1-1584,text,true,,3033,309,368,368,https://pabsa.impressicocrm.com/,398,0,300
1680594093840,3913,Get knockout players list ,200,,Knock_out_Thread Group 1-1346,text,true,,4591,340,369,369,https://pabsa.impressicocrm.com/api/tournament/118871/knockouts,3913,0,0
1680594095835,1918,Get Players list ,200,,Knock_out_Thread Group 1-1445,text,true,,3218,338,369,369,https://pabsa.impressicocrm.com/api/tournament/119922/players,1918,0,0
1680594092965,4803,Get Home page country ,200,,Knock_out_Thread Group 1-1533,text,true,,17270,320,369,369,https://pabsa.impressicocrm.com/api/country,4803,0,0
1680594093804,3964,Get Break list ,200,,Knock_out_Thread Group 1-1382,text,true,,3218,338,369,369,https://pabsa.impressicocrm.com/api/tournament/119922/players,3964,0,0
1680594093670,4098,Get Break list ,200,,Knock_out_Thread Group 1-1391,text,true,,3218,338,369,369,https://pabsa.impressicocrm.com/api/tournament/119922/players,4098,0,0
1680594093897,3875,Get single knockout Player details,200,,Knock_out_Thread Group 1-1284,text,true,,1210,326,369,369,https://pabsa.impressicocrm.com/api/player/110368,3875,0,0
1680594093547,4251,Get Home page country ,200,,Knock_out_Thread Group 1-1541,text,true,,17270,320,369,369,https://pabsa.impressicocrm.com/api/country,4245,0,0
1680594097453,346,Home page ,200,OK,Knock_out_Thread Group 1-1585,text,true,,3033,309,369,369,https://pabsa.impressicocrm.com/,346,0,271
1680594093894,3913,Get knockout players list ,200,,Knock_out_Thread Group 1-1343,text,true,,4591,340,369,369,https://pabsa.impressicocrm.com/api/tournament/118871/knockouts,3913,0,0
1680594092791,5029,Get tournament result,200,,Knock_out_Thread Group 1-1211,text,true,,5441,338,369,369,https://pabsa.impressicocrm.com/api/tournament/119922/matches,5029,0,0
1680594093308,4525,Get Home page country ,200,,Knock_out_Thread Group 1-1538,text,true,,17270,320,369,369,https://pabsa.impressicocrm.com/api/country,4525,0,0
1680594093878,3955,Get Players list ,200,,Knock_out_Thread Group 1-1429,text,true,,3218,338,369,369,https://pabsa.impressicocrm.com/api/tournament/119922/players,3955,0,0
1680594093477,4362,Get Home page country ,200,,Knock_out_Thread Group 1-1530,text,true,,17255,320,369,369,https://pabsa.impressicocrm.com/api/country,4348,0,0
1680594093912,3930,Get Players list ,200,,Knock_out_Thread Group 1-1435,text,true,,3218,338,369,369,https://pabsa.impressicocrm.com/api/tournament/119922/players,3930,0,0
1680594093763,4091,Get Players schedule,200,,Knock_out_Thread Group 1-1353,text,true,,5441,338,370,370,https://pabsa.impressicocrm.com/api/tournament/119922/matches,4091,0,0
1680594093907,3960,Get playerA_Vs_playerB,200,,Knock_out_Thread Group 1-1238,text,true,,1239,341,370,370,https://pabsa.impressicocrm.com/api/tournament/matchScore/147598,3960,0,0
1680594092891,4984,Get tournament result,200,,Knock_out_Thread Group 1-1289,text,true,,5435,338,369,369,https://pabsa.impressicocrm.com/api/tournament/119922/matches,4984,0,0
1680594096853,1038,Home page ,200,OK,Knock_out_Thread Group 1-1579,text,true,,3033,309,369,369,https://pabsa.impressicocrm.com/,1038,0,897
1680594093648,4245,Get playerA_Vs_playerB,200,,Knock_out_Thread Group 1-1235,text,true,,1239,341,369,369,https://pabsa.impressicocrm.com/api/tournament/matchScore/147598,4245,0,0
1680594093117,4798,Get tournamnent list ,200,,Knock_out_Thread Group 1-1503,text,true,,58880,389,368,368,https://pabsa.impressicocrm.com/api/tournament?limit=12&pageNumber=1&sportType=&tournamentName=&tournamentStyle=,4060,0,0
1680594093822,4114,Get Players schedule,200,,Knock_out_Thread Group 1-1368,text,true,,5441,338,368,368,https://pabsa.impressicocrm.com/api/tournament/119922/matches,4114,0,0
1680594094020,3924,Get knockout players list ,200,,Knock_out_Thread Group 1-1360,text,true,,4598,340,368,368,https://pabsa.impressicocrm.com/api/tournament/118871/knockouts,3924,0,0
1680594093955,4020,Get Home page country ,200,,Knock_out_Thread Group 1-1547,text,true,,17270,320,369,369,https://pabsa.impressicocrm.com/api/country,4020,0,0
1680594093132,4868,Get knockout players list ,200,,Knock_out_Thread Group 1-1265,text,true,,4598,340,369,369,https://pabsa.impressicocrm.com/api/tournament/118871/knockouts,4868,0,0
1680594094020,4002,Get Home page country ,200,,Knock_out_Thread Group 1-1544,text,true,,17270,320,369,369,https://pabsa.impressicocrm.com/api/country,4000,0,0
1680594094083,3941,Get knockout players list ,200,,Knock_out_Thread Group 1-1276,text,true,,4591,340,369,369,https://pabsa.impressicocrm.com/api/tournament/118871/knockouts,3941,0,0
1680594096652,1388,Home page ,200,OK,Knock_out_Thread Group 1-1577,text,true,,3033,309,369,369,https://pabsa.impressicocrm.com/,1388,0,1223
1680594094150,3901,Get knockout players list ,200,,Knock_out_Thread Group 1-1325,text,true,,4598,340,369,369,https://pabsa.impressicocrm.com/api/tournament/118871/knockouts,3901,0,0
1680594093928,4137,Get Home page currency,200,,Knock_out_Thread Group 1-1485,text,true,,9160,321,370,370,https://pabsa.impressicocrm.com/api/currency,4137,0,0
1680594093949,4116,Get Players list ,200,,Knock_out_Thread Group 1-1414,text,true,,3218,338,370,370,https://pabsa.impressicocrm.com/api/tournament/119922/players,4116,0,0
1680594093759,4336,Get tournament result,200,,Knock_out_Thread Group 1-1244,text,true,,5441,338,370,370,https://pabsa.impressicocrm.com/api/tournament/119922/matches,4336,0,0
1680594093903,4197,Get Players schedule,200,,Knock_out_Thread Group 1-1350,text,true,,5441,338,370,370,https://pabsa.impressicocrm.com/api/tournament/119922/matches,4197,0,0
1680594093604,4498,Get Players schedule,200,,Knock_out_Thread Group 1-1354,text,true,,5441,338,370,370,https://pabsa.impressicocrm.com/api/tournament/119922/matches,4498,0,0
1680594094045,4065,Get Home page country ,200,,Knock_out_Thread Group 1-1548,text,true,,17270,320,370,370,https://pabsa.impressicocrm.com/api/country,4065,0,0
1680594094174,3966,Get knockout players list ,200,,Knock_out_Thread Group 1-1326,text,true,,4598,340,370,370,https://pabsa.impressicocrm.com/api/tournament/118871/knockouts,3966,0,0
1680594094148,3996,Get Break list ,200,,Knock_out_Thread Group 1-1385,text,true,,3218,338,370,370,https://pabsa.impressicocrm.com/api/tournament/119922/players,3996,0,0
1680594094073,4100,Get Home page currency,200,,Knock_out_Thread Group 1-1466,text,true,,9160,321,371,371,https://pabsa.impressicocrm.com/api/currency,4100,0,0
1680594093258,4921,Get Home page currency,200,,Knock_out_Thread Group 1-1480,text,true,,9160,321,371,371,https://pabsa.impressicocrm.com/api/currency,4921,0,0
1680594094052,4162,Get Home page currency,200,,Knock_out_Thread Group 1-1459,text,true,,9160,321,371,371,https://pabsa.impressicocrm.com/api/currency,4162,0,0
1680594092236,5986,Get Home page country ,200,,Knock_out_Thread Group 1-1516,text,true,,17255,320,371,371,https://pabsa.impressicocrm.com/api/country,5986,0,0
1680594094296,3926,Get single knockout Player details,200,,Knock_out_Thread Group 1-1314,text,true,,1210,326,371,371,https://pabsa.impressicocrm.com/api/player/110368,3926,0,0
1680594094147,4094,Get knockout players list ,200,,Knock_out_Thread Group 1-1315,text,true,,4598,340,371,371,https://pabsa.impressicocrm.com/api/tournament/118871/knockouts,4094,0,0
1680594094134,4117,Get Break list ,200,,Knock_out_Thread Group 1-1378,text,true,,3218,338,371,371,https://pabsa.impressicocrm.com/api/tournament/119922/players,4117,0,0
1680594094289,3970,Get Break list ,200,,Knock_out_Thread Group 1-1409,text,true,,3218,338,372,372,https://pabsa.impressicocrm.com/api/tournament/119922/players,3970,0,0
1680594094172,4087,Get tournament result,200,,Knock_out_Thread Group 1-1243,text,true,,5435,338,372,372,https://pabsa.impressicocrm.com/api/tournament/119922/matches,4087,0,0
1680594094296,3974,Get single knockout Player details,200,,Knock_out_Thread Group 1-1299,text,true,,1210,326,372,372,https://pabsa.impressicocrm.com/api/player/110368,3974,0,0
1680594094256,4016,Get Home page country ,200,,Knock_out_Thread Group 1-1540,text,true,,17270,320,372,372,https://pabsa.impressicocrm.com/api/country,4016,0,0
1680594094060,4247,Get tournament result,200,,Knock_out_Thread Group 1-1285,text,true,,5441,338,372,372,https://pabsa.impressicocrm.com/api/tournament/119922/matches,4247,0,0
1680594093499,4818,Get tournamnent list ,200,,Knock_out_Thread Group 1-1506,text,true,,58888,389,372,372,https://pabsa.impressicocrm.com/api/tournament?limit=12&pageNumber=1&sportType=&tournamentName=&tournamentStyle=,4210,0,0
1680594094409,3951,Get knockout players list ,200,,Knock_out_Thread Group 1-1333,text,true,,4598,340,373,373,https://pabsa.impressicocrm.com/api/tournament/118871/knockouts,3951,0,0
1680594094311,4057,Get Players list ,200,,Knock_out_Thread Group 1-1425,text,true,,3218,338,373,373,https://pabsa.impressicocrm.com/api/tournament/119922/players,4057,0,0
1680594094020,4363,Get Players schedule,200,,Knock_out_Thread Group 1-1366,text,true,,5441,338,373,373,https://pabsa.impressicocrm.com/api/tournament/119922/matches,4363,0,0
1680594094429,3954,Get playerA_Vs_playerB,200,,Knock_out_Thread Group 1-1237,text,true,,1239,341,373,373,https://pabsa.impressicocrm.com/api/tournament/matchScore/147598,3954,0,0
1680594094335,4089,Get playerA_Vs_playerB,200,,Knock_out_Thread Group 1-1245,text,true,,1239,341,372,372,https://pabsa.impressicocrm.com/api/tournament/matchScore/147598,4089,0,0
1680594095420,3013,Get playerA_Vs_playerB,200,,Knock_out_Thread Group 1-1246,text,true,,1239,341,371,371,https://pabsa.impressicocrm.com/api/tournament/matchScore/147598,3013,0,0
1680594093912,4541,Get Players schedule,200,,Knock_out_Thread Group 1-1342,text,true,,5441,338,371,371,https://pabsa.impressicocrm.com/api/tournament/119922/matches,4541,0,0
1680594094320,4138,Get Home page country ,200,,Knock_out_Thread Group 1-1551,text,true,,17255,320,371,371,https://pabsa.impressicocrm.com/api/country,4138,0,0
1680594094224,4266,Get single knockout Player details,200,,Knock_out_Thread Group 1-1268,text,true,,1210,326,371,371,https://pabsa.impressicocrm.com/api/player/110368,4266,0,0
1680594094350,4152,Get Home page currency,200,,Knock_out_Thread Group 1-1467,text,true,,9160,321,371,371,https://pabsa.impressicocrm.com/api/currency,4152,0,0
1680594092313,6194,Get tournament result,200,,Knock_out_Thread Group 1-1241,text,true,,5441,338,371,371,https://pabsa.impressicocrm.com/api/tournament/119922/matches,6194,0,0
1680594093915,4595,Get Players schedule,200,,Knock_out_Thread Group 1-1384,text,true,,5441,338,371,371,https://pabsa.impressicocrm.com/api/tournament/119922/matches,4595,0,0
1680594092613,5901,Get Break list ,200,,Knock_out_Thread Group 1-1365,text,true,,3218,338,371,371,https://pabsa.impressicocrm.com/api/tournament/119922/players,5901,0,0
1680594094073,4455,Get tournament result,200,,Knock_out_Thread Group 1-1263,text,true,,5441,338,371,371,https://pabsa.impressicocrm.com/api/tournament/119922/matches,4455,0,0
1680594094429,4105,Get Break list ,200,,Knock_out_Thread Group 1-1421,text,true,,3218,338,371,371,https://pabsa.impressicocrm.com/api/tournament/119922/players,4105,0,0
1680594094244,4295,Get Home page currency,200,,Knock_out_Thread Group 1-1462,text,true,,9160,321,371,371,https://pabsa.impressicocrm.com/api/currency,4295,0,0
1680594093429,5110,Get Home page currency,200,,Knock_out_Thread Group 1-1464,text,true,,9160,321,371,371,https://pabsa.impressicocrm.com/api/currency,5110,0,0
1680594098253,300,Home page ,200,OK,Knock_out_Thread Group 1-1593,text,true,,3033,309,372,372,https://pabsa.impressicocrm.com/,300,0,228
1680594094672,3901,Get knockout players list ,200,,Knock_out_Thread Group 1-1334,text,true,,4598,340,372,372,https://pabsa.impressicocrm.com/api/tournament/118871/knockouts,3901,0,0
1680594094585,4022,Get playerA_Vs_playerB,200,,Knock_out_Thread Group 1-1236,text,true,,1239,341,372,372,https://pabsa.impressicocrm.com/api/tournament/matchScore/147598,4022,0,0
1680594094203,4417,Get Players schedule,200,,Knock_out_Thread Group 1-1374,text,true,,5435,338,371,371,https://pabsa.impressicocrm.com/api/tournament/119922/matches,4417,0,0
1680594094685,3937,Get single knockout Player details,200,,Knock_out_Thread Group 1-1290,text,true,,1210,326,371,371,https://pabsa.impressicocrm.com/api/player/110368,3937,0,0
1680594091828,6809,Get tournament result,200,,Knock_out_Thread Group 1-1225,text,true,,5435,338,371,371,https://pabsa.impressicocrm.com/api/tournament/119922/matches,6809,0,0
1680594097090,1562,Get Home page country ,200,,Knock_out_Thread Group 1-1578,text,true,,17270,320,372,372,https://pabsa.impressicocrm.com/api/country,1562,0,0
1680594094752,3900,Get knockout players list ,200,,Knock_out_Thread Group 1-1337,text,true,,4598,340,372,372,https://pabsa.impressicocrm.com/api/tournament/118871/knockouts,3900,0,0
1680594094676,3981,Get playerA_Vs_playerB,200,,Knock_out_Thread Group 1-1224,text,true,,1239,341,372,372,https://pabsa.impressicocrm.com/api/tournament/matchScore/147598,3981,0,0
1680594094716,3977,Get Break list ,200,,Knock_out_Thread Group 1-1410,text,true,,3218,338,371,371,https://pabsa.impressicocrm.com/api/tournament/119922/players,3977,0,0
1680594094469,4239,Get tournament result,200,,Knock_out_Thread Group 1-1242,text,true,,5441,338,371,371,https://pabsa.impressicocrm.com/api/tournament/119922/matches,4239,0,0
1680594094676,4032,Get Players list ,200,,Knock_out_Thread Group 1-1403,text,true,,3218,338,371,371,https://pabsa.impressicocrm.com/api/tournament/119922/players,4032,0,0
1680594098052,656,Home page ,200,OK,Knock_out_Thread Group 1-1591,text,true,,3033,309,371,371,https://pabsa.impressicocrm.com/,656,0,254
1680594094333,4377,Get Players schedule,200,,Knock_out_Thread Group 1-1359,text,true,,5441,338,371,371,https://pabsa.impressicocrm.com/api/tournament/119922/matches,4377,0,0
1680594094291,4423,Get Players schedule,200,,Knock_out_Thread Group 1-1356,text,true,,5435,338,371,371,https://pabsa.impressicocrm.com/api/tournament/119922/matches,4423,0,0
1680594094291,4423,Get Home page currency,200,,Knock_out_Thread Group 1-1472,text,true,,9160,321,371,371,https://pabsa.impressicocrm.com/api/currency,4423,0,0
1680594097851,863,Home page ,200,OK,Knock_out_Thread Group 1-1589,text,true,,3033,309,371,371,https://pabsa.impressicocrm.com/,863,0,784
1680594094749,3974,Get Players list ,200,,Knock_out_Thread Group 1-1436,text,true,,3218,338,371,371,https://pabsa.impressicocrm.com/api/tournament/119922/players,3974,0,0
1680594097553,1175,Home page ,200,OK,Knock_out_Thread Group 1-1586,text,true,,3033,309,371,371,https://pabsa.impressicocrm.com/,1175,0,1020
1680594094933,3810,Get single knockout Player details,200,,Knock_out_Thread Group 1-1278,text,true,,1210,326,371,371,https://pabsa.impressicocrm.com/api/player/110368,3810,0,0
1680594094676,4067,Get Break list ,200,,Knock_out_Thread Group 1-1407,text,true,,3218,338,371,371,https://pabsa.impressicocrm.com/api/tournament/119922/players,4067,0,0
1680594094755,3992,Get Home page country ,200,,Knock_out_Thread Group 1-1554,text,true,,17270,320,371,371,https://pabsa.impressicocrm.com/api/country,3992,0,0
1680594094314,4451,Get Break list ,200,,Knock_out_Thread Group 1-1397,text,true,,3218,338,372,372,https://pabsa.impressicocrm.com/api/tournament/119922/players,4451,0,0
1680594094949,3822,Get single knockout Player details,200,,Knock_out_Thread Group 1-1297,text,true,,1210,326,372,372,https://pabsa.impressicocrm.com/api/player/110368,3822,0,0
1680594093804,4972,Get Players schedule,200,,Knock_out_Thread Group 1-1340,text,true,,5435,338,372,372,https://pabsa.impressicocrm.com/api/tournament/119922/matches,4972,0,0
1680594094924,3852,Get playerA_Vs_playerB,200,,Knock_out_Thread Group 1-1197,text,true,,1239,341,372,372,https://pabsa.impressicocrm.com/api/tournament/matchScore/147598,3852,0,0
1680594098452,324,Home page ,200,OK,Knock_out_Thread Group 1-1595,text,true,,3033,309,372,372,https://pabsa.impressicocrm.com/,324,0,256
1680594094335,4453,Get Players list ,200,,Knock_out_Thread Group 1-1404,text,true,,3218,338,371,371,https://pabsa.impressicocrm.com/api/tournament/119922/players,4453,0,0
1680594094977,3816,Get playerA_Vs_playerB,200,,Knock_out_Thread Group 1-1234,text,true,,1239,341,371,371,https://pabsa.impressicocrm.com/api/tournament/matchScore/147598,3816,0,0
1680594094538,4261,Get Players schedule,200,,Knock_out_Thread Group 1-1392,text,true,,5441,338,370,370,https://pabsa.impressicocrm.com/api/tournament/119922/matches,4261,0,0
1680594094564,4238,Get Players list ,200,,Knock_out_Thread Group 1-1442,text,true,,3218,338,370,370,https://pabsa.impressicocrm.com/api/tournament/119922/players,4238,0,0
1680594097652,1151,Home page ,200,OK,Knock_out_Thread Group 1-1587,text,true,,3033,309,370,370,https://pabsa.impressicocrm.com/,1150,0,898
1680594098353,454,Home page ,200,OK,Knock_out_Thread Group 1-1594,text,true,,3033,309,370,370,https://pabsa.impressicocrm.com/,453,0,223
1680594094561,4281,Get knockout players list ,200,,Knock_out_Thread Group 1-1338,text,true,,4598,340,370,370,https://pabsa.impressicocrm.com/api/tournament/118871/knockouts,4281,0,0
1680594093443,5399,Get knockout players list ,200,,Knock_out_Thread Group 1-1307,text,true,,4598,340,370,370,https://pabsa.impressicocrm.com/api/tournament/118871/knockouts,5399,0,0
1680594095004,3844,Get knockout players list ,200,,Knock_out_Thread Group 1-1311,text,true,,4598,340,370,370,https://pabsa.impressicocrm.com/api/tournament/118871/knockouts,3844,0,0
1680594094218,4634,Get playerA_Vs_playerB,200,,Knock_out_Thread Group 1-1200,text,true,,1239,341,371,371,https://pabsa.impressicocrm.com/api/tournament/matchScore/147598,4634,0,0
1680594094698,4178,Get single knockout Player details,200,,Knock_out_Thread Group 1-1252,text,true,,1210,326,370,370,https://pabsa.impressicocrm.com/api/player/110368,4178,0,0
1680594094409,4470,Get knockout players list ,200,,Knock_out_Thread Group 1-1306,text,true,,4598,340,370,370,https://pabsa.impressicocrm.com/api/tournament/118871/knockouts,4470,0,0
1680594094582,4316,Get tournament result,200,,Knock_out_Thread Group 1-1213,text,true,,5441,338,370,370,https://pabsa.impressicocrm.com/api/tournament/119922/matches,4316,0,0
1680594094542,4371,Get Home page currency,200,,Knock_out_Thread Group 1-1469,text,true,,9160,321,370,370,https://pabsa.impressicocrm.com/api/currency,4371,0,0
1680594094705,4211,Get Players schedule,200,,Knock_out_Thread Group 1-1367,text,true,,5435,338,370,370,https://pabsa.impressicocrm.com/api/tournament/119922/matches,4211,0,0
1680594093595,5321,Get tournamnent list ,200,,Knock_out_Thread Group 1-1484,text,true,,58888,389,370,370,https://pabsa.impressicocrm.com/api/tournament?limit=12&pageNumber=1&sportType=&tournamentName=&tournamentStyle=,4247,0,0
1680594094564,4360,Get tournament result,200,,Knock_out_Thread Group 1-1267,text,true,,5435,338,370,370,https://pabsa.impressicocrm.com/api/tournament/119922/matches,4360,0,0
1680594095048,3892,Get Players list ,200,,Knock_out_Thread Group 1-1450,text,true,,3218,338,370,370,https://pabsa.impressicocrm.com/api/tournament/119922/players,3892,0,0
1680594095001,3939,Get Players list ,200,,Knock_out_Thread Group 1-1408,text,true,,3218,338,370,370,https://pabsa.impressicocrm.com/api/tournament/119922/players,3939,0,0
1680594095064,3891,Get knockout players list ,200,,Knock_out_Thread Group 1-1329,text,true,,4591,340,371,371,https://pabsa.impressicocrm.com/api/tournament/118871/knockouts,3891,0,0
1680594094462,4506,Get knockout players list ,200,,Knock_out_Thread Group 1-1323,text,true,,4598,340,371,371,https://pabsa.impressicocrm.com/api/tournament/118871/knockouts,4506,0,0
1680594095045,3923,Get Players list ,200,,Knock_out_Thread Group 1-1443,text,true,,3218,338,371,371,https://pabsa.impressicocrm.com/api/tournament/119922/players,3923,0,0
1680594098152,816,Home page ,200,OK,Knock_out_Thread Group 1-1592,text,true,,3033,309,371,371,https://pabsa.impressicocrm.com/,816,0,209
1680594094855,4118,Get Players schedule,200,,Knock_out_Thread Group 1-1364,text,true,,5441,338,371,371,https://pabsa.impressicocrm.com/api/tournament/119922/matches,4117,0,0
1680594098652,321,Home page ,200,OK,Knock_out_Thread Group 1-1597,text,true,,3033,309,371,371,https://pabsa.impressicocrm.com/,321,0,244
1680594095090,3887,Get knockout players list ,200,,Knock_out_Thread Group 1-1324,text,true,,4598,340,371,371,https://pabsa.impressicocrm.com/api/tournament/118871/knockouts,3887,0,0
1680594094570,4414,Get Home page currency,200,,Knock_out_Thread Group 1-1468,text,true,,9160,321,371,371,https://pabsa.impressicocrm.com/api/currency,4414,0,0
1680594095062,3933,Get Players list ,200,,Knock_out_Thread Group 1-1451,text,true,,3218,338,371,371,https://pabsa.impressicocrm.com/api/tournament/119922/players,3933,0,0
1680594094907,4097,Get Home page country ,200,,Knock_out_Thread Group 1-1555,text,true,,17270,320,371,371,https://pabsa.impressicocrm.com/api/country,4097,0,0
1680594094556,4452,Get Home page country ,200,,Knock_out_Thread Group 1-1552,text,true,,17270,320,371,371,https://pabsa.impressicocrm.com/api/country,4373,0,0
1680594094982,4056,Get single knockout Player details,200,,Knock_out_Thread Group 1-1301,text,true,,1210,326,371,371,https://pabsa.impressicocrm.com/api/player/110368,4056,0,0
1680594094884,4161,Get playerA_Vs_playerB,200,,Knock_out_Thread Group 1-1295,text,true,,1239,341,371,371,https://pabsa.impressicocrm.com/api/tournament/matchScore/147598,4161,0,0
1680594094442,4609,Get Home page currency,200,,Knock_out_Thread Group 1-1457,text,true,,9160,321,370,370,https://pabsa.impressicocrm.com/api/currency,4609,0,0
1680594094358,4699,Get Home page country ,200,,Knock_out_Thread Group 1-1550,text,true,,17270,320,370,370,https://pabsa.impressicocrm.com/api/country,4699,0,0
1680594093164,5906,Get Home page currency,200,,Knock_out_Thread Group 1-1439,text,true,,9160,321,370,370,https://pabsa.impressicocrm.com/api/currency,5906,0,0
1680594095184,3917,Get knockout players list ,200,,Knock_out_Thread Group 1-1339,text,true,,4591,340,370,370,https://pabsa.impressicocrm.com/api/tournament/118871/knockouts,3917,0,0
1680594095151,3955,Get playerA_Vs_playerB,200,,Knock_out_Thread Group 1-1254,text,true,,1239,341,370,370,https://pabsa.impressicocrm.com/api/tournament/matchScore/147598,3955,0,0
1680594095177,3976,Get Break list ,200,,Knock_out_Thread Group 1-1379,text,true,,3218,338,369,369,https://pabsa.impressicocrm.com/api/tournament/119922/players,3976,0,0
1680594095227,3936,Get Home page currency,200,,Knock_out_Thread Group 1-1477,text,true,,9153,321,369,369,https://pabsa.impressicocrm.com/api/currency,3936,0,0
1680594098552,618,Home page ,200,OK,Knock_out_Thread Group 1-1596,text,true,,3033,309,369,369,https://pabsa.impressicocrm.com/,618,0,388
1680594095173,4012,Get Players list ,200,,Knock_out_Thread Group 1-1430,text,true,,3218,338,369,369,https://pabsa.impressicocrm.com/api/tournament/119922/players,4012,0,0
1680594094849,4344,Get Home page currency,200,,Knock_out_Thread Group 1-1476,text,true,,9160,321,369,369,https://pabsa.impressicocrm.com/api/currency,4344,0,0
1680594095231,3973,Get Break list ,200,,Knock_out_Thread Group 1-1416,text,true,,3218,338,369,369,https://pabsa.impressicocrm.com/api/tournament/119922/players,3973,0,0
1680594095119,4096,Get Break list ,200,,Knock_out_Thread Group 1-1390,text,true,,3218,338,369,369,https://pabsa.impressicocrm.com/api/tournament/119922/players,4096,0,0
1680594095078,4138,Get Home page country ,200,,Knock_out_Thread Group 1-1557,text,true,,17255,320,369,369,https://pabsa.impressicocrm.com/api/country,4137,0,0
1680594098952,264,Home page ,200,OK,Knock_out_Thread Group 1-1600,text,true,,3033,309,369,369,https://pabsa.impressicocrm.com/,264,0,201
1680594095391,3827,Get single knockout Player details,200,,Knock_out_Thread Group 1-1313,text,true,,1210,326,369,369,https://pabsa.impressicocrm.com/api/player/110368,3827,0,0
1680594094291,4935,Get Players schedule,200,,Knock_out_Thread Group 1-1376,text,true,,5441,338,369,369,https://pabsa.impressicocrm.com/api/tournament/119922/matches,4935,0,0
1680594097751,1492,Home page ,200,OK,Knock_out_Thread Group 1-1588,text,true,,3033,309,369,369,https://pabsa.impressicocrm.com/,1492,0,1419
1680594094445,4806,Get Home page currency,200,,Knock_out_Thread Group 1-1458,text,true,,9160,321,369,369,https://pabsa.impressicocrm.com/api/currency,4806,0,0
1680594095236,4026,Get Break list ,200,,Knock_out_Thread Group 1-1413,text,true,,3218,338,369,369,https://pabsa.impressicocrm.com/api/tournament/119922/players,4026,0,0
1680594094429,4844,Get Home page currency,200,,Knock_out_Thread Group 1-1440,text,true,,9160,321,369,369,https://pabsa.impressicocrm.com/api/currency,4844,0,0
1680594093387,5930,Get Break list ,200,,Knock_out_Thread Group 1-1389,text,true,,3218,338,369,369,https://pabsa.impressicocrm.com/api/tournament/119922/players,5930,0,0
1680594095134,4199,Get tournament result,200,,Knock_out_Thread Group 1-1279,text,true,,5441,338,369,369,https://pabsa.impressicocrm.com/api/tournament/119922/matches,4199,0,0
1680594095600,3757,Get knockout players list ,200,,Knock_out_Thread Group 1-1302,text,true,,4598,340,369,369,https://pabsa.impressicocrm.com/api/tournament/118871/knockouts,3757,0,0
1680594094607,4773,Get Home page country ,200,,Knock_out_Thread Group 1-1545,text,true,,17270,320,369,369,https://pabsa.impressicocrm.com/api/country,4692,0,0
1680594095615,3777,Get playerA_Vs_playerB,200,,Knock_out_Thread Group 1-1164,text,true,,1239,341,369,369,https://pabsa.impressicocrm.com/api/tournament/matchScore/147598,3777,0,0
1680594095563,3832,Get knockout players list ,200,,Knock_out_Thread Group 1-1331,text,true,,4598,340,368,368,https://pabsa.impressicocrm.com/api/tournament/118871/knockouts,3832,0,0
1680594095630,3776,Get playerA_Vs_playerB,200,,Knock_out_Thread Group 1-1232,text,true,,1239,341,368,368,https://pabsa.impressicocrm.com/api/tournament/matchScore/147598,3776,0,0
1680594095601,3810,Get playerA_Vs_playerB,200,,Knock_out_Thread Group 1-1227,text,true,,1239,341,367,367,https://pabsa.impressicocrm.com/api/tournament/matchScore/147598,3810,0,0
1680594095630,3796,Get Players list ,200,,Knock_out_Thread Group 1-1446,text,true,,3218,338,366,366,https://pabsa.impressicocrm.com/api/tournament/119922/players,3796,0,0
1680594095015,4417,Get Players schedule,200,,Knock_out_Thread Group 1-1347,text,true,,5435,338,366,366,https://pabsa.impressicocrm.com/api/tournament/119922/matches,4417,0,0
1680594092827,6614,Get tournamnent list ,200,,Knock_out_Thread Group 1-1491,text,true,,58880,389,366,366,https://pabsa.impressicocrm.com/api/tournament?limit=12&pageNumber=1&sportType=&tournamentName=&tournamentStyle=,5278,0,0
1680594095754,3695,Get single knockout Player details,200,,Knock_out_Thread Group 1-1305,text,true,,1210,326,366,366,https://pabsa.impressicocrm.com/api/player/110368,3695,0,0
1680594094930,4529,Get Home page currency,200,,Knock_out_Thread Group 1-1483,text,true,,9160,321,366,366,https://pabsa.impressicocrm.com/api/currency,4529,0,0
1680594095486,3973,Get knockout players list ,200,,Knock_out_Thread Group 1-1330,text,true,,4598,340,366,366,https://pabsa.impressicocrm.com/api/tournament/118871/knockouts,3973,0,0
1680594095815,3645,Get single knockout Player details,200,,Knock_out_Thread Group 1-1316,text,true,,1210,326,366,366,https://pabsa.impressicocrm.com/api/player/110368,3645,0,0
1680594095815,3656,Get single knockout Player details,200,,Knock_out_Thread Group 1-1349,text,true,,1210,326,366,366,https://pabsa.impressicocrm.com/api/player/110368,3656,0,0
1680594093338,6133,Get Players list ,200,,Knock_out_Thread Group 1-1412,text,true,,3218,338,366,366,https://pabsa.impressicocrm.com/api/tournament/119922/players,6133,0,0
1680594095883,3598,Get single knockout Player details,200,,Knock_out_Thread Group 1-1292,text,true,,1210,326,366,366,https://pabsa.impressicocrm.com/api/player/110368,3598,0,0
1680594095141,4340,Get Players list ,200,,Knock_out_Thread Group 1-1453,text,true,,3218,338,366,366,https://pabsa.impressicocrm.com/api/tournament/119922/players,4340,0,0
1680594095353,4131,Get Players schedule,200,,Knock_out_Thread Group 1-1387,text,true,,5441,338,366,366,https://pabsa.impressicocrm.com/api/tournament/119922/matches,4131,0,0
1680594095088,4399,Get Home page currency,200,,Knock_out_Thread Group 1-1470,text,true,,9160,321,366,366,https://pabsa.impressicocrm.com/api/currency,4399,0,0
1680594094591,4896,Get Home page country ,200,,Knock_out_Thread Group 1-1549,text,true,,17270,320,366,366,https://pabsa.impressicocrm.com/api/country,4896,0,0
1680594095682,3811,Get playerA_Vs_playerB,200,,Knock_out_Thread Group 1-1240,text,true,,1239,341,366,366,https://pabsa.impressicocrm.com/api/tournament/matchScore/147598,3811,0,0
1680594095151,4348,Get knockout players list ,200,,Knock_out_Thread Group 1-1327,text,true,,4598,340,365,365,https://pabsa.impressicocrm.com/api/tournament/118871/knockouts,4348,0,0
1680594095662,3848,Get Players list ,200,,Knock_out_Thread Group 1-1454,text,true,,3218,338,365,365,https://pabsa.impressicocrm.com/api/tournament/119922/players,3848,0,0
1680594093695,5839,Get knockout players list ,200,,Knock_out_Thread Group 1-1309,text,true,,4591,340,365,365,https://pabsa.impressicocrm.com/api/tournament/118871/knockouts,5839,0,0
1680594094528,5013,Get knockout players list ,200,,Knock_out_Thread Group 1-1318,text,true,,4598,340,365,365,https://pabsa.impressicocrm.com/api/tournament/118871/knockouts,5013,0,0
1680594095445,4112,Get Players schedule,200,,Knock_out_Thread Group 1-1332,text,true,,5435,338,365,365,https://pabsa.impressicocrm.com/api/tournament/119922/matches,4112,0,0
1680594095595,3974,Get Home page currency,200,,Knock_out_Thread Group 1-1460,text,true,,9160,321,365,365,https://pabsa.impressicocrm.com/api/currency,3974,0,0
1680594095901,3676,Get Players list ,200,,Knock_out_Thread Group 1-1411,text,true,,3218,338,365,365,https://pabsa.impressicocrm.com/api/tournament/119922/players,3676,0,0
1680594095231,4352,Get tournament result,200,,Knock_out_Thread Group 1-1229,text,true,,5441,338,365,365,https://pabsa.impressicocrm.com/api/tournament/119922/matches,4352,0,0
1680594095963,3627,Get playerA_Vs_playerB,200,,Knock_out_Thread Group 1-1219,text,true,,1239,341,365,365,https://pabsa.impressicocrm.com/api/tournament/matchScore/147598,3627,0,0
1680594095861,3729,Get Players list ,200,,Knock_out_Thread Group 1-1474,text,true,,3218,338,365,365,https://pabsa.impressicocrm.com/api/tournament/119922/players,3729,0,0
1680594096078,3524,Get single knockout Player details,200,,Knock_out_Thread Group 1-1271,text,true,,1210,326,364,364,https://pabsa.impressicocrm.com/api/player/110368,3524,0,0
1680594097952,1683,Home page ,200,OK,Knock_out_Thread Group 1-1590,text,true,,3033,309,364,364,https://pabsa.impressicocrm.com/,1683,0,1090
1680594098752,883,Home page ,200,OK,Knock_out_Thread Group 1-1598,text,true,,3033,309,364,364,https://pabsa.impressicocrm.com/,883,0,776
1680594095321,4325,Get Break list ,200,,Knock_out_Thread Group 1-1426,text,true,,3218,338,364,364,https://pabsa.impressicocrm.com/api/tournament/119922/players,4325,0,0
1680594098852,795,Home page ,200,OK,Knock_out_Thread Group 1-1599,text,true,,3033,309,364,364,https://pabsa.impressicocrm.com/,795,0,235
1680594095993,3656,Get Home page currency,200,,Knock_out_Thread Group 1-1479,text,true,,9160,321,364,364,https://pabsa.impressicocrm.com/api/currency,3656,0,0
1680594095551,4156,Get playerA_Vs_playerB,200,,Knock_out_Thread Group 1-1269,text,true,,1239,341,364,364,https://pabsa.impressicocrm.com/api/tournament/matchScore/147598,4156,0,0
1680594095648,4059,Get Players list ,200,,Knock_out_Thread Group 1-1438,text,true,,3218,338,364,364,https://pabsa.impressicocrm.com/api/tournament/119922/players,4059,0,0
1680594095742,3969,Get Home page country ,200,,Knock_out_Thread Group 1-1565,text,true,,17270,320,363,363,https://pabsa.impressicocrm.com/api/country,3969,0,0
1680594094994,4735,Get Home page country ,200,,Knock_out_Thread Group 1-1556,text,true,,17270,320,363,363,https://pabsa.impressicocrm.com/api/country,4735,0,0
1680594095738,4001,Get single knockout Player details,200,,Knock_out_Thread Group 1-1274,text,true,,1210,326,363,363,https://pabsa.impressicocrm.com/api/player/110368,4001,0,0
1680594095299,4440,Get single knockout Player details,200,,Knock_out_Thread Group 1-1304,text,true,,1210,326,363,363,https://pabsa.impressicocrm.com/api/player/110368,4440,0,0
1680594096068,3680,Get Break list ,200,,Knock_out_Thread Group 1-1415,text,true,,3218,338,363,363,https://pabsa.impressicocrm.com/api/tournament/119922/players,3680,0,0
1680594096100,3652,Get playerA_Vs_playerB,200,,Knock_out_Thread Group 1-1228,text,true,,1239,341,363,363,https://pabsa.impressicocrm.com/api/tournament/matchScore/147598,3652,0,0
1680594095852,3902,Get tournament result,200,,Knock_out_Thread Group 1-1282,text,true,,5441,338,362,362,https://pabsa.impressicocrm.com/api/tournament/119922/matches,3902,0,0
1680594095827,3956,Get knockout players list ,200,,Knock_out_Thread Group 1-1335,text,true,,4598,340,362,362,https://pabsa.impressicocrm.com/api/tournament/118871/knockouts,3956,0,0
1680594096100,3689,Get Players list ,200,,Knock_out_Thread Group 1-1475,text,true,,3218,338,362,362,https://pabsa.impressicocrm.com/api/tournament/119922/players,3689,0,0
1680594095901,3931,Get playerA_Vs_playerB,200,,Knock_out_Thread Group 1-1291,text,true,,1239,341,362,362,https://pabsa.impressicocrm.com/api/tournament/matchScore/147598,3931,0,0
1680594095487,4345,Get Home page currency,200,,Knock_out_Thread Group 1-1488,text,true,,9160,321,362,362,https://pabsa.impressicocrm.com/api/currency,4345,0,0
1680594096208,3635,Get single knockout Player details,200,,Knock_out_Thread Group 1-1322,text,true,,1210,326,361,361,https://pabsa.impressicocrm.com/api/player/110368,3634,0,0
1680594095956,3887,Get Players schedule,200,,Knock_out_Thread Group 1-1351,text,true,,5441,338,361,361,https://pabsa.impressicocrm.com/api/tournament/119922/matches,3887,0,0
1680594095136,4707,Get Home page country ,200,,Knock_out_Thread Group 1-1546,text,true,,17270,320,361,361,https://pabsa.impressicocrm.com/api/country,4707,0,0
1680594096124,3725,Get Break list ,200,,Knock_out_Thread Group 1-1418,text,true,,3218,338,361,361,https://pabsa.impressicocrm.com/api/tournament/119922/players,3725,0,0
1680594096109,3740,Get Break list ,200,,Knock_out_Thread Group 1-1424,text,true,,3218,338,361,361,https://pabsa.impressicocrm.com/api/tournament/119922/players,3740,0,0
1680594094172,5681,Get single knockout Player details,200,,Knock_out_Thread Group 1-1288,text,true,,1210,326,361,361,https://pabsa.impressicocrm.com/api/player/110368,5681,0,0
1680594096100,3753,Get Break list ,200,,Knock_out_Thread Group 1-1423,text,true,,3218,338,361,361,https://pabsa.impressicocrm.com/api/tournament/119922/players,3753,0,0
1680594096193,3660,Get Players list ,200,,Knock_out_Thread Group 1-1463,text,true,,3218,338,361,361,https://pabsa.impressicocrm.com/api/tournament/119922/players,3659,0,0
1680594093573,6283,Get tournamnent list ,200,,Knock_out_Thread Group 1-1500,text,true,,58888,389,361,361,https://pabsa.impressicocrm.com/api/tournament?limit=12&pageNumber=1&sportType=&tournamentName=&tournamentStyle=,5427,0,0
1680594096094,3775,Get Home page country ,200,,Knock_out_Thread Group 1-1564,text,true,,17255,320,361,361,https://pabsa.impressicocrm.com/api/country,3771,0,0
1680594096252,3622,Get playerA_Vs_playerB,200,,Knock_out_Thread Group 1-1258,text,true,,1239,341,361,361,https://pabsa.impressicocrm.com/api/tournament/matchScore/147598,3622,0,0
1680594092847,7051,Get Players schedule,200,,Knock_out_Thread Group 1-1369,text,true,,5441,338,360,360,https://pabsa.impressicocrm.com/api/tournament/119922/matches,7051,0,0
1680594098620,1305,Get knockout players list ,200,,Knock_out_Thread Group 1-1374,text,true,,4598,340,360,360,https://pabsa.impressicocrm.com/api/tournament/118871/knockouts,1305,0,0
1680594096302,3629,Get knockout players list ,200,,Knock_out_Thread Group 1-1345,text,true,,4591,340,360,360,https://pabsa.impressicocrm.com/api/tournament/118871/knockouts,3629,0,0
1680594096073,3859,Get Home page country ,200,,Knock_out_Thread Group 1-1567,text,true,,17270,320,360,360,https://pabsa.impressicocrm.com/api/country,3859,0,0
1680594095529,4407,Get Home page country ,200,,Knock_out_Thread Group 1-1562,text,true,,17270,320,360,360,https://pabsa.impressicocrm.com/api/country,4407,0,0
1680594096368,3620,Get single knockout Player details,200,,Knock_out_Thread Group 1-1303,text,true,,1210,326,360,360,https://pabsa.impressicocrm.com/api/player/110368,3620,0,0
1680594096078,3910,Get playerA_Vs_playerB,200,,Knock_out_Thread Group 1-1231,text,true,,1239,341,360,360,https://pabsa.impressicocrm.com/api/tournament/matchScore/147598,3910,0,0
1680594096360,3628,Get knockout players list ,200,,Knock_out_Thread Group 1-1371,text,true,,4598,340,360,360,https://pabsa.impressicocrm.com/api/tournament/118871/knockouts,3628,0,0
1680594098693,1299,Get Players schedule,200,,Knock_out_Thread Group 1-1410,text,true,,5441,338,359,359,https://pabsa.impressicocrm.com/api/tournament/119922/matches,1298,0,0
1680594095927,4065,Get Break list ,200,,Knock_out_Thread Group 1-1434,text,true,,3218,338,359,359,https://pabsa.impressicocrm.com/api/tournament/119922/players,4064,0,0
1680594096371,3621,Get single knockout Player details,200,,Knock_out_Thread Group 1-1286,text,true,,1210,326,359,359,https://pabsa.impressicocrm.com/api/player/110368,3620,0,0
1680594098879,1131,Get single knockout Player details,200,,Knock_out_Thread Group 1-1306,text,true,,1210,326,359,359,https://pabsa.impressicocrm.com/api/player/110368,1131,0,0
1680594096310,3703,Get playerA_Vs_playerB,200,,Knock_out_Thread Group 1-1226,text,true,,1239,341,359,359,https://pabsa.impressicocrm.com/api/tournament/matchScore/147598,3703,0,0
1680594096032,4000,Get Home page currency,200,,Knock_out_Thread Group 1-1482,text,true,,9160,321,358,358,https://pabsa.impressicocrm.com/api/currency,4000,0,0
1680594094664,5372,Get Home page country ,200,,Knock_out_Thread Group 1-1553,text,true,,17270,320,358,358,https://pabsa.impressicocrm.com/api/country,5372,0,0
1680594096200,3865,Get Players list ,200,,Knock_out_Thread Group 1-1441,text,true,,3218,338,358,358,https://pabsa.impressicocrm.com/api/tournament/119922/players,3865,0,0
1680594095166,4909,Get Home page country ,200,,Knock_out_Thread Group 1-1559,text,true,,17255,320,358,358,https://pabsa.impressicocrm.com/api/country,4909,0,0
1680594096382,3696,Get Home page country ,200,,Knock_out_Thread Group 1-1570,text,true,,17255,320,358,358,https://pabsa.impressicocrm.com/api/country,3696,0,0
1680594096486,3608,Get knockout players list ,200,,Knock_out_Thread Group 1-1375,text,true,,4598,340,358,358,https://pabsa.impressicocrm.com/api/tournament/118871/knockouts,3608,0,0
1680594095119,4979,Get Break list ,200,,Knock_out_Thread Group 1-1400,text,true,,3218,338,358,358,https://pabsa.impressicocrm.com/api/tournament/119922/players,4978,0,0
1680594096104,3994,Get knockout players list ,200,,Knock_out_Thread Group 1-1348,text,true,,4598,340,358,358,https://pabsa.impressicocrm.com/api/tournament/118871/knockouts,3993,0,0
1680594093251,6851,Get tournamnent list ,200,,Knock_out_Thread Group 1-1486,text,true,,58880,389,358,358,https://pabsa.impressicocrm.com/api/tournament?limit=12&pageNumber=1&sportType=&tournamentName=&tournamentStyle=,5171,0,0
1680594094185,5925,Get Home page country ,200,,Knock_out_Thread Group 1-1543,text,true,,17270,320,358,358,https://pabsa.impressicocrm.com/api/country,5924,0,0
1680594096368,3751,Get Break list ,200,,Knock_out_Thread Group 1-1422,text,true,,3218,338,358,358,https://pabsa.impressicocrm.com/api/tournament/119922/players,3751,0,0
1680594095563,4559,Get Home page country ,200,,Knock_out_Thread Group 1-1563,text,true,,17270,320,358,358,https://pabsa.impressicocrm.com/api/country,4176,0,0
1680594095930,4194,Get Home page currency,200,,Knock_out_Thread Group 1-1490,text,true,,9160,321,358,358,https://pabsa.impressicocrm.com/api/currency,4194,0,0
1680594096445,3688,Get playerA_Vs_playerB,200,,Knock_out_Thread Group 1-1205,text,true,,1239,341,358,358,https://pabsa.impressicocrm.com/api/tournament/matchScore/147598,3688,0,0
1680594096474,3660,Get playerA_Vs_playerB,200,,Knock_out_Thread Group 1-1129,text,true,,1239,341,357,357,https://pabsa.impressicocrm.com/api/tournament/matchScore/147598,3660,0,0
1680594096177,3973,Get Home page currency,200,,Knock_out_Thread Group 1-1487,text,true,,9160,321,356,356,https://pabsa.impressicocrm.com/api/currency,3972,0,0
1680594098766,1388,Get Players schedule,200,,Knock_out_Thread Group 1-1397,text,true,,5441,338,356,356,https://pabsa.impressicocrm.com/api/tournament/119922/matches,1388,0,0
1680594096302,3855,Get Players schedule,200,,Knock_out_Thread Group 1-1362,text,true,,5441,338,356,356,https://pabsa.impressicocrm.com/api/tournament/119922/matches,3855,0,0
1680594096349,3808,Get Players list ,200,,Knock_out_Thread Group 1-1461,text,true,,3218,338,356,356,https://pabsa.impressicocrm.com/api/tournament/119922/players,3808,0,0
1680594096259,3908,Get Players schedule,200,,Knock_out_Thread Group 1-1373,text,true,,5441,338,356,356,https://pabsa.impressicocrm.com/api/tournament/119922/matches,3908,0,0
1680594095963,4220,Get Break list ,200,,Knock_out_Thread Group 1-1401,text,true,,3218,338,356,356,https://pabsa.impressicocrm.com/api/tournament/119922/players,4220,0,0
1680594095993,4196,Get tournament result,200,,Knock_out_Thread Group 1-1272,text,true,,5441,338,356,356,https://pabsa.impressicocrm.com/api/tournament/119922/matches,4196,0,0
1680594095391,4798,Get Home page country ,200,,Knock_out_Thread Group 1-1558,text,true,,17270,320,356,356,https://pabsa.impressicocrm.com/api/country,4798,0,0
1680594096360,3833,Get Players schedule,200,,Knock_out_Thread Group 1-1377,text,true,,5441,338,356,356,https://pabsa.impressicocrm.com/api/tournament/119922/matches,3833,0,0
1680594096517,3680,Get Home page currency,200,,Knock_out_Thread Group 1-1489,text,true,,9160,321,356,356,https://pabsa.impressicocrm.com/api/currency,3680,0,0
1680594093599,6601,Get tournamnent list ,200,,Knock_out_Thread Group 1-1527,text,true,,58880,389,356,356,https://pabsa.impressicocrm.com/api/tournament?limit=12&pageNumber=1&sportType=&tournamentName=&tournamentStyle=,4425,0,0
1680594096670,3535,Get Break list ,200,,Knock_out_Thread Group 1-1427,text,true,,3218,338,356,356,https://pabsa.impressicocrm.com/api/tournament/119922/players,3535,0,0
1680594095601,4607,Get Home page country ,200,,Knock_out_Thread Group 1-1560,text,true,,17270,320,356,356,https://pabsa.impressicocrm.com/api/country,4604,0,0
1680594096427,3783,Get knockout players list ,200,,Knock_out_Thread Group 1-1352,text,true,,4598,340,356,356,https://pabsa.impressicocrm.com/api/tournament/118871/knockouts,3783,0,0
1680594094557,5664,Get tournamnent list ,200,,Knock_out_Thread Group 1-1514,text,true,,58865,389,356,356,https://pabsa.impressicocrm.com/api/tournament?limit=12&pageNumber=1&sportType=&tournamentName=&tournamentStyle=,4684,0,0
1680594096596,3650,Get Players list ,200,,Knock_out_Thread Group 1-1437,text,true,,3218,338,356,356,https://pabsa.impressicocrm.com/api/tournament/119922/players,3650,0,0
1680594096438,3818,Get Home page currency,200,,Knock_out_Thread Group 1-1465,text,true,,9153,321,356,356,https://pabsa.impressicocrm.com/api/currency,3818,0,0
1680594096729,3562,Get playerA_Vs_playerB,200,,Knock_out_Thread Group 1-1294,text,true,,1239,341,356,356,https://pabsa.impressicocrm.com/api/tournament/matchScore/147598,3562,0,0
1680594096200,4091,Get Players list ,200,,Knock_out_Thread Group 1-1449,text,true,,3218,338,356,356,https://pabsa.impressicocrm.com/api/tournament/119922/players,4091,0,0
1680594095937,4364,Get Home page currency,200,,Knock_out_Thread Group 1-1492,text,true,,9160,321,355,355,https://pabsa.impressicocrm.com/api/currency,4364,0,0
1680594096721,3592,Get knockout players list ,200,,Knock_out_Thread Group 1-1344,text,true,,4598,340,355,355,https://pabsa.impressicocrm.com/api/tournament/118871/knockouts,3592,0,0
1680594096721,3594,Get playerA_Vs_playerB,200,,Knock_out_Thread Group 1-1281,text,true,,1239,341,355,355,https://pabsa.impressicocrm.com/api/tournament/matchScore/147598,3594,0,0
1680594098515,1831,Get Players schedule,200,,Knock_out_Thread Group 1-1365,text,true,,5441,338,354,354,https://pabsa.impressicocrm.com/api/tournament/119922/matches,1831,0,0
1680594096259,4104,Get Home page currency,200,,Knock_out_Thread Group 1-1494,text,true,,9160,321,354,354,https://pabsa.impressicocrm.com/api/currency,4104,0,0
1680594096876,3487,Get Players list ,200,,Knock_out_Thread Group 1-1433,text,true,,3218,338,354,354,https://pabsa.impressicocrm.com/api/tournament/119922/players,3487,0,0
1680594095609,4770,Get Players list ,200,,Knock_out_Thread Group 1-1444,text,true,,3218,338,354,354,https://pabsa.impressicocrm.com/api/tournament/119922/players,4770,0,0
1680594096880,3536,Get playerA_Vs_playerB,200,,Knock_out_Thread Group 1-1273,text,true,,1239,341,354,354,https://pabsa.impressicocrm.com/api/tournament/matchScore/147598,3536,0,0
1680594096737,3679,Get Players list ,200,,Knock_out_Thread Group 1-1456,text,true,,3218,338,354,354,https://pabsa.impressicocrm.com/api/tournament/119922/players,3679,0,0
1680594094784,5636,Get tournament result,200,,Knock_out_Thread Group 1-1250,text,true,,5441,338,353,353,https://pabsa.impressicocrm.com/api/tournament/119922/matches,5636,0,0
1680594097061,3394,Get single knockout Player details,200,,Knock_out_Thread Group 1-1300,text,true,,1210,326,353,353,https://pabsa.impressicocrm.com/api/player/110368,3394,0,0
1680594096957,3508,Get Home page currency,200,,Knock_out_Thread Group 1-1496,text,true,,9153,321,353,353,https://pabsa.impressicocrm.com/api/currency,3508,0,0
1680594096504,3978,Get tournament result,200,,Knock_out_Thread Group 1-1270,text,true,,5441,338,353,353,https://pabsa.impressicocrm.com/api/tournament/119922/matches,3978,0,0
1680594096443,4065,Get Home page country ,200,,Knock_out_Thread Group 1-1571,text,true,,17255,320,353,353,https://pabsa.impressicocrm.com/api/country,4064,0,0
1680594096770,3737,Get Players list ,200,,Knock_out_Thread Group 1-1432,text,true,,3218,338,353,353,https://pabsa.impressicocrm.com/api/tournament/119922/players,3737,0,0
1680594096717,3793,Get Players schedule,200,,Knock_out_Thread Group 1-1372,text,true,,5441,338,353,353,https://pabsa.impressicocrm.com/api/tournament/119922/matches,3793,0,0
1680594096445,4068,Get Players schedule,200,,Knock_out_Thread Group 1-1370,text,true,,5435,338,353,353,https://pabsa.impressicocrm.com/api/tournament/119922/matches,4068,0,0
1680594097163,3355,Get Break list ,200,,Knock_out_Thread Group 1-1417,text,true,,3218,338,353,353,https://pabsa.impressicocrm.com/api/tournament/119922/players,3355,0,0
1680594097090,3428,Get playerA_Vs_playerB,200,,Knock_out_Thread Group 1-1251,text,true,,1239,341,353,353,https://pabsa.impressicocrm.com/api/tournament/matchScore/147598,3428,0,0
1680594097205,3320,Get single knockout Player details,200,,Knock_out_Thread Group 1-1320,text,true,,1210,326,352,352,https://pabsa.impressicocrm.com/api/player/110368,3320,0,0
1680594093967,6573,Get Home page currency,200,,Knock_out_Thread Group 1-1471,text,true,,9160,321,352,352,https://pabsa.impressicocrm.com/api/currency,6573,0,0
1680594097238,3302,Get single knockout Player details,200,,Knock_out_Thread Group 1-1317,text,true,,1210,326,352,352,https://pabsa.impressicocrm.com/api/player/110368,3302,0,0
1680594094672,5868,Get Break list ,200,,Knock_out_Thread Group 1-1388,text,true,,3218,338,352,352,https://pabsa.impressicocrm.com/api/tournament/119922/players,5868,0,0
1680594094994,5583,Get tournamnent list ,200,,Knock_out_Thread Group 1-1511,text,true,,58880,389,352,352,https://pabsa.impressicocrm.com/api/tournament?limit=12&pageNumber=1&sportType=&tournamentName=&tournamentStyle=,4153,0,0
1680594096100,4493,Get Home page country ,200,,Knock_out_Thread Group 1-1566,text,true,,17270,320,352,352,https://pabsa.impressicocrm.com/api/country,4493,0,0
1680594097165,3433,Get knockout players list ,200,,Knock_out_Thread Group 1-1328,text,true,,4598,340,352,352,https://pabsa.impressicocrm.com/api/tournament/118871/knockouts,3433,0,0
1680594097267,3379,Get playerA_Vs_playerB,200,,Knock_out_Thread Group 1-1259,text,true,,1239,341,352,352,https://pabsa.impressicocrm.com/api/tournament/matchScore/147598,3378,0,0
1680594097380,3268,Get single knockout Player details,200,,Knock_out_Thread Group 1-1312,text,true,,1210,326,351,351,https://pabsa.impressicocrm.com/api/player/110368,3268,0,0
1680594097433,3218,Get single knockout Player details,200,,Knock_out_Thread Group 1-1321,text,true,,1210,326,351,351,https://pabsa.impressicocrm.com/api/player/110368,3218,0,0
1680594097118,3536,Get Break list ,200,,Knock_out_Thread Group 1-1405,text,true,,3218,338,351,351,https://pabsa.impressicocrm.com/api/tournament/119922/players,3536,0,0
1680594097177,3481,Get Break list ,200,,Knock_out_Thread Group 1-1447,text,true,,3218,338,351,351,https://pabsa.impressicocrm.com/api/tournament/119922/players,3481,0,0
1680594096729,3935,Get Home page currency,200,,Knock_out_Thread Group 1-1497,text,true,,9160,321,351,351,https://pabsa.impressicocrm.com/api/currency,3935,0,0
1680594097372,3312,Get playerA_Vs_playerB,200,,Knock_out_Thread Group 1-1293,text,true,,1239,341,351,351,https://pabsa.impressicocrm.com/api/tournament/matchScore/147598,3312,0,0
1680594094409,6297,Get tournament result,200,,Knock_out_Thread Group 1-1266,text,true,,5441,338,350,350,https://pabsa.impressicocrm.com/api/tournament/119922/matches,6297,0,0
1680594097207,3505,Get knockout players list ,200,,Knock_out_Thread Group 1-1361,text,true,,4598,340,350,350,https://pabsa.impressicocrm.com/api/tournament/118871/knockouts,3505,0,0
1680594098711,2018,Get knockout players list ,200,,Knock_out_Thread Group 1-1359,text,true,,4598,340,350,350,https://pabsa.impressicocrm.com/api/tournament/118871/knockouts,2018,0,0
1680594095026,5715,Get tournamnent list ,200,,Knock_out_Thread Group 1-1512,text,true,,58880,389,350,350,https://pabsa.impressicocrm.com/api/tournament?limit=12&pageNumber=1&sportType=&tournamentName=&tournamentStyle=,4385,0,0
1680594097449,3298,Get playerA_Vs_playerB,200,,Knock_out_Thread Group 1-1255,text,true,,1239,341,350,350,https://pabsa.impressicocrm.com/api/tournament/matchScore/147598,3298,0,0
1680594097417,3330,Get Players list ,200,,Knock_out_Thread Group 1-1448,text,true,,3218,338,350,350,https://pabsa.impressicocrm.com/api/tournament/119922/players,3330,0,0
1680594093891,6879,Get tournamnent list ,200,,Knock_out_Thread Group 1-1509,text,true,,58880,389,349,349,https://pabsa.impressicocrm.com/api/tournament?limit=12&pageNumber=1&sportType=&tournamentName=&tournamentStyle=,5755,0,0
1680594099590,1220,Get Break list ,200,,Knock_out_Thread Group 1-1474,text,true,,3218,338,349,349,https://pabsa.impressicocrm.com/api/tournament/119922/players,1220,0,0
1680594097505,3342,Get Players list ,200,,Knock_out_Thread Group 1-1452,text,true,,3218,338,349,349,https://pabsa.impressicocrm.com/api/tournament/119922/players,3342,0,0
1680594097372,3482,Get Players schedule,200,,Knock_out_Thread Group 1-1419,text,true,,5441,338,349,349,https://pabsa.impressicocrm.com/api/tournament/119922/matches,3481,0,0
1680594097425,3431,Get Players schedule,200,,Knock_out_Thread Group 1-1395,text,true,,5441,338,349,349,https://pabsa.impressicocrm.com/api/tournament/119922/matches,3431,0,0
1680594096974,3893,Get Break list ,200,,Knock_out_Thread Group 1-1420,text,true,,3218,338,349,349,https://pabsa.impressicocrm.com/api/tournament/119922/players,3893,0,0
1680594097311,3582,Get single knockout Player details,200,,Knock_out_Thread Group 1-1319,text,true,,1210,326,349,349,https://pabsa.impressicocrm.com/api/player/110368,3582,0,0
1680594095827,5073,Get Break list ,200,,Knock_out_Thread Group 1-1399,text,true,,3218,338,349,349,https://pabsa.impressicocrm.com/api/tournament/119922/players,5073,0,0
1680594097549,3378,Get playerA_Vs_playerB,200,,Knock_out_Thread Group 1-1262,text,true,,1239,341,349,349,https://pabsa.impressicocrm.com/api/tournament/matchScore/147598,3378,0,0
1680594096775,4152,Get Players list ,200,,Knock_out_Thread Group 1-1431,text,true,,3218,338,349,349,https://pabsa.impressicocrm.com/api/tournament/119922/players,4152,0,0
1680594097597,3351,Get playerA_Vs_playerB,200,,Knock_out_Thread Group 1-1261,text,true,,1239,341,348,348,https://pabsa.impressicocrm.com/api/tournament/matchScore/147598,3351,0,0
1680594096495,4453,Get tournament result,200,,Knock_out_Thread Group 1-1247,text,true,,5435,338,348,348,https://pabsa.impressicocrm.com/api/tournament/119922/matches,4453,0,0
1680594095966,5003,Get knockout players list ,200,,Knock_out_Thread Group 1-1310,text,true,,4598,340,347,347,https://pabsa.impressicocrm.com/api/tournament/118871/knockouts,5003,0,0
1680594097652,3317,Get playerA_Vs_playerB,200,,Knock_out_Thread Group 1-1277,text,true,,1239,341,347,347,https://pabsa.impressicocrm.com/api/tournament/matchScore/147598,3317,0,0
1680594097596,3373,Get knockout players list ,200,,Knock_out_Thread Group 1-1355,text,true,,4598,340,347,347,https://pabsa.impressicocrm.com/api/tournament/118871/knockouts,3373,0,0
1680594097372,3617,Get Home page country ,200,,Knock_out_Thread Group 1-1581,text,true,,17270,320,346,346,https://pabsa.impressicocrm.com/api/country,3617,0,0
1680594095711,5288,Get Home page country ,200,,Knock_out_Thread Group 1-1561,text,true,,17270,320,346,346,https://pabsa.impressicocrm.com/api/country,5288,0,0
1680594097651,3356,Get playerA_Vs_playerB,200,,Knock_out_Thread Group 1-1257,text,true,,1239,341,346,346,https://pabsa.impressicocrm.com/api/tournament/matchScore/147598,3356,0,0
1680594097652,3355,Get knockout players list ,200,,Knock_out_Thread Group 1-1380,text,true,,4591,340,346,346,https://pabsa.impressicocrm.com/api/tournament/118871/knockouts,3355,0,0
1680594095244,5773,Get single knockout Player details,200,,Knock_out_Thread Group 1-1308,text,true,,1210,326,345,345,https://pabsa.impressicocrm.com/api/player/110368,5773,0,0
1680594097557,3461,Get knockout players list ,200,,Knock_out_Thread Group 1-1336,text,true,,4598,340,345,345,https://pabsa.impressicocrm.com/api/tournament/118871/knockouts,3461,0,0
1680594097753,3270,Get single knockout Player details,200,,Knock_out_Thread Group 1-1346,text,true,,1210,326,345,345,https://pabsa.impressicocrm.com/api/player/110368,3270,0,0
1680594096745,4278,Get Home page currency,200,,Knock_out_Thread Group 1-1481,text,true,,9153,321,345,345,https://pabsa.impressicocrm.com/api/currency,4278,0,0
1680594097458,3572,Get Home page currency,200,,Knock_out_Thread Group 1-1495,text,true,,9160,321,345,345,https://pabsa.impressicocrm.com/api/currency,3572,0,0
1680594097461,3596,Get playerA_Vs_playerB,200,,Knock_out_Thread Group 1-1248,text,true,,1239,341,345,345,https://pabsa.impressicocrm.com/api/tournament/matchScore/147598,3596,0,0
1680594097239,3818,Get Home page country ,200,,Knock_out_Thread Group 1-1573,text,true,,17270,320,345,345,https://pabsa.impressicocrm.com/api/country,3818,0,0
1680594097515,3568,Get Players schedule,200,,Knock_out_Thread Group 1-1398,text,true,,5435,338,344,344,https://pabsa.impressicocrm.com/api/tournament/119922/matches,3568,0,0
1680594097753,3338,Get Break list ,200,,Knock_out_Thread Group 1-1445,text,true,,3218,338,344,344,https://pabsa.impressicocrm.com/api/tournament/119922/players,3338,0,0
1680594097244,3850,Get Players schedule,200,,Knock_out_Thread Group 1-1406,text,true,,5441,338,344,344,https://pabsa.impressicocrm.com/api/tournament/119922/matches,3850,0,0
1680594095686,5408,Get tournamnent list ,200,,Knock_out_Thread Group 1-1526,text,true,,58888,389,344,344,https://pabsa.impressicocrm.com/api/tournament?limit=12&pageNumber=1&sportType=&tournamentName=&tournamentStyle=,4522,0,0
1680594097645,3453,Get Home page country ,200,,Knock_out_Thread Group 1-1583,text,true,,17255,320,344,344,https://pabsa.impressicocrm.com/api/country,3453,0,0
1680594097750,3360,Get Break list ,200,,Knock_out_Thread Group 1-1393,text,true,,3218,338,344,344,https://pabsa.impressicocrm.com/api/tournament/119922/players,3360,0,0
1680594097372,3738,Get Home page currency,200,,Knock_out_Thread Group 1-1513,text,true,,9160,321,344,344,https://pabsa.impressicocrm.com/api/currency,3738,0,0
1680594097652,3490,Get Home page currency,200,,Knock_out_Thread Group 1-1473,text,true,,9160,321,344,344,https://pabsa.impressicocrm.com/api/currency,3490,0,0
1680594097659,3487,Get Home page country ,200,,Knock_out_Thread Group 1-1580,text,true,,17270,320,344,344,https://pabsa.impressicocrm.com/api/country,3487,0,0
1680594097602,3544,Get Home page country ,200,,Knock_out_Thread Group 1-1576,text,true,,17270,320,344,344,https://pabsa.impressicocrm.com/api/country,3544,0,0
1680594097597,3555,Get tournament result,200,,Knock_out_Thread Group 1-1298,text,true,,5441,338,344,344,https://pabsa.impressicocrm.com/api/tournament/119922/matches,3555,0,0
1680594097808,3351,Get single knockout Player details,200,,Knock_out_Thread Group 1-1343,text,true,,1210,326,344,344,https://pabsa.impressicocrm.com/api/player/110368,3351,0,0
1680594095971,5220,Get tournamnent list ,200,,Knock_out_Thread Group 1-1531,text,true,,58888,389,344,344,https://pabsa.impressicocrm.com/api/tournament?limit=12&pageNumber=1&sportType=&tournamentName=&tournamentStyle=,4135,0,0
1680594097527,3665,Get playerA_Vs_playerB,200,,Knock_out_Thread Group 1-1239,text,true,,1239,341,344,344,https://pabsa.impressicocrm.com/api/tournament/matchScore/147598,3665,0,0
1680594097040,4157,Get Players schedule,200,,Knock_out_Thread Group 1-1396,text,true,,5441,338,343,343,https://pabsa.impressicocrm.com/api/tournament/119922/matches,4157,0,0
1680594097820,3383,Get playerA_Vs_playerB,200,,Knock_out_Thread Group 1-1211,text,true,,1239,341,343,343,https://pabsa.impressicocrm.com/api/tournament/matchScore/147598,3383,0,0
1680594092955,8253,Get tournamnent list ,200,,Knock_out_Thread Group 1-1501,text,true,,58880,389,342,342,https://pabsa.impressicocrm.com/api/tournament?limit=12&pageNumber=1&sportType=&tournamentName=&tournamentStyle=,6382,0,0
1680594097311,3909,Get playerA_Vs_playerB,200,,Knock_out_Thread Group 1-1264,text,true,,1239,341,342,342,https://pabsa.impressicocrm.com/api/tournament/matchScore/147598,3909,0,0
1680594097527,3696,Get tournament result,200,,Knock_out_Thread Group 1-1275,text,true,,5441,338,341,341,https://pabsa.impressicocrm.com/api/tournament/119922/matches,3696,0,0
1680594093915,7313,Get tournamnent list ,200,,Knock_out_Thread Group 1-1507,text,true,,58865,389,341,341,https://pabsa.impressicocrm.com/api/tournament?limit=12&pageNumber=1&sportType=&tournamentName=&tournamentStyle=,5446,0,0
1680594097855,3380,Get knockout players list ,200,,Knock_out_Thread Group 1-1353,text,true,,4598,340,341,341,https://pabsa.impressicocrm.com/api/tournament/118871/knockouts,3380,0,0
1680594097750,3488,Get Home page currency,200,,Knock_out_Thread Group 1-1478,text,true,,9160,321,341,341,https://pabsa.impressicocrm.com/api/currency,3488,0,0
1680594097750,3498,Get Home page country ,200,,Knock_out_Thread Group 1-1584,text,true,,17270,320,341,341,https://pabsa.impressicocrm.com/api/country,3411,0,0
1680594097833,3421,Get Break list ,200,,Knock_out_Thread Group 1-1429,text,true,,3218,338,341,341,https://pabsa.impressicocrm.com/api/tournament/119922/players,3421,0,0
1680594097601,3653,Get tournament result,200,,Knock_out_Thread Group 1-1296,text,true,,5435,338,341,341,https://pabsa.impressicocrm.com/api/tournament/119922/matches,3653,0,0
1680594097842,3446,Get Break list ,200,,Knock_out_Thread Group 1-1435,text,true,,3218,338,341,341,https://pabsa.impressicocrm.com/api/tournament/119922/players,3446,0,0
1680594097533,3755,Get Break list ,200,,Knock_out_Thread Group 1-1428,text,true,,3218,338,341,341,https://pabsa.impressicocrm.com/api/tournament/119922/players,3755,0,0
1680594097799,3492,Get Home page country ,200,,Knock_out_Thread Group 1-1585,text,true,,17270,320,341,341,https://pabsa.impressicocrm.com/api/country,3492,0,0
1680594097651,3640,Get tournament result,200,,Knock_out_Thread Group 1-1283,text,true,,5441,338,341,341,https://pabsa.impressicocrm.com/api/tournament/119922/matches,3640,0,0
1680594097875,3419,Get playerA_Vs_playerB,200,,Knock_out_Thread Group 1-1289,text,true,,1239,341,341,341,https://pabsa.impressicocrm.com/api/tournament/matchScore/147598,3419,0,0
1680594097936,3358,Get knockout players list ,200,,Knock_out_Thread Group 1-1368,text,true,,4598,340,341,341,https://pabsa.impressicocrm.com/api/tournament/118871/knockouts,3358,0,0
1680594098000,3329,Get single knockout Player details,200,,Knock_out_Thread Group 1-1265,text,true,,1210,326,340,340,https://pabsa.impressicocrm.com/api/player/110368,3329,0,0
1680594097915,3419,Get Home page currency,200,,Knock_out_Thread Group 1-1503,text,true,,9160,321,340,340,https://pabsa.impressicocrm.com/api/currency,3419,0,0
1680594096737,4624,Get Home page country ,200,,Knock_out_Thread Group 1-1572,text,true,,17270,320,340,340,https://pabsa.impressicocrm.com/api/country,4624,0,0
1680594097891,3478,Get Home page country ,200,,Knock_out_Thread Group 1-1579,text,true,,17270,320,340,340,https://pabsa.impressicocrm.com/api/country,3474,0,0
1680594094341,7036,Get tournamnent list ,200,,Knock_out_Thread Group 1-1515,text,true,,58880,389,340,340,https://pabsa.impressicocrm.com/api/tournament?limit=12&pageNumber=1&sportType=&tournamentName=&tournamentStyle=,4602,0,0
1680594095842,5543,Get tournamnent list ,200,,Knock_out_Thread Group 1-1529,text,true,,58888,389,340,340,https://pabsa.impressicocrm.com/api/tournament?limit=12&pageNumber=1&sportType=&tournamentName=&tournamentStyle=,4078,0,0
1680594097651,3742,Get tournament result,200,,Knock_out_Thread Group 1-1280,text,true,,5441,338,340,340,https://pabsa.impressicocrm.com/api/tournament/119922/matches,3742,0,0
1680594094195,7208,Get Players list ,200,,Knock_out_Thread Group 1-1402,text,true,,3218,338,340,340,https://pabsa.impressicocrm.com/api/tournament/119922/players,7208,0,0
1680594097458,3959,Get Home page country ,200,,Knock_out_Thread Group 1-1582,text,true,,17270,320,340,340,https://pabsa.impressicocrm.com/api/country,3959,0,0
1680594097652,3771,Get knockout players list ,200,,Knock_out_Thread Group 1-1358,text,true,,4598,340,340,340,https://pabsa.impressicocrm.com/api/tournament/118871/knockouts,3771,0,0
1680594098096,3348,Get playerA_Vs_playerB,200,,Knock_out_Thread Group 1-1244,text,true,,1239,341,340,340,https://pabsa.impressicocrm.com/api/tournament/matchScore/147598,3348,0,0
1680594098100,3353,Get knockout players list ,200,,Knock_out_Thread Group 1-1350,text,true,,4598,340,339,339,https://pabsa.impressicocrm.com/api/tournament/118871/knockouts,3353,0,0
1680594098065,3405,Get Players list ,200,,Knock_out_Thread Group 1-1485,text,true,,3218,338,339,339,https://pabsa.impressicocrm.com/api/tournament/119922/players,3405,0,0
1680594097312,4162,Get Home page country ,200,,Knock_out_Thread Group 1-1574,text,true,,17270,320,339,339,https://pabsa.impressicocrm.com/api/country,4091,0,0
1680594097768,3706,Get Players schedule,200,,Knock_out_Thread Group 1-1382,text,true,,5441,338,339,339,https://pabsa.impressicocrm.com/api/tournament/119922/matches,3706,0,0
1680594096422,5054,Get tournamnent list ,200,,Knock_out_Thread Group 1-1525,text,true,,58880,389,339,339,https://pabsa.impressicocrm.com/api/tournament?limit=12&pageNumber=1&sportType=&tournamentName=&tournamentStyle=,4053,0,0
1680594097772,3723,Get tournament result,200,,Knock_out_Thread Group 1-1284,text,true,,5435,338,339,339,https://pabsa.impressicocrm.com/api/tournament/119922/matches,3723,0,0
1680594097768,3728,Get Players schedule,200,,Knock_out_Thread Group 1-1391,text,true,,5441,338,339,339,https://pabsa.impressicocrm.com/api/tournament/119922/matches,3728,0,0
1680594097652,3848,Get Players schedule,200,,Knock_out_Thread Group 1-1381,text,true,,5441,338,339,339,https://pabsa.impressicocrm.com/api/tournament/119922/matches,3848,0,0
1680594093371,8139,Get tournamnent list ,200,,Knock_out_Thread Group 1-1502,text,true,,58880,389,339,339,https://pabsa.impressicocrm.com/api/tournament?limit=12&pageNumber=1&sportType=&tournamentName=&tournamentStyle=,4132,0,0
1680594098241,3283,Get single knockout Player details,200,,Knock_out_Thread Group 1-1315,text,true,,1210,326,339,339,https://pabsa.impressicocrm.com/api/player/110368,3283,0,0
1680594094244,7292,Get tournamnent list ,200,,Knock_out_Thread Group 1-1510,text,true,,58880,389,339,339,https://pabsa.impressicocrm.com/api/tournament?limit=12&pageNumber=1&sportType=&tournamentName=&tournamentStyle=,4459,0,0
1680594098065,3491,Get Break list ,200,,Knock_out_Thread Group 1-1414,text,true,,3218,338,339,339,https://pabsa.impressicocrm.com/api/tournament/119922/players,3491,0,0
1680594093219,8341,Get tournamnent list ,200,,Knock_out_Thread Group 1-1493,text,true,,58880,389,339,339,https://pabsa.impressicocrm.com/api/tournament?limit=12&pageNumber=1&sportType=&tournamentName=&tournamentStyle=,4866,0,0
1680594098260,3337,Get playerA_Vs_playerB,200,,Knock_out_Thread Group 1-1243,text,true,,1239,341,339,339,https://pabsa.impressicocrm.com/api/tournament/matchScore/147598,3337,0,0
1680594095401,6204,Get tournamnent list ,200,,Knock_out_Thread Group 1-1524,text,true,,58880,389,338,338,https://pabsa.impressicocrm.com/api/tournament?limit=12&pageNumber=1&sportType=&tournamentName=&tournamentStyle=,4816,0,0
1680594098173,3433,Get Players list ,200,,Knock_out_Thread Group 1-1466,text,true,,3218,338,338,338,https://pabsa.impressicocrm.com/api/tournament/119922/players,3432,0,0
1680594098361,3254,Get single knockout Player details,200,,Knock_out_Thread Group 1-1333,text,true,,1210,326,338,338,https://pabsa.impressicocrm.com/api/player/110368,3254,0,0
1680594093840,7781,Get tournamnent list ,200,,Knock_out_Thread Group 1-1505,text,true,,58880,389,338,338,https://pabsa.impressicocrm.com/api/tournament?limit=12&pageNumber=1&sportType=&tournamentName=&tournamentStyle=,5701,0,0
1680594096734,4887,Get Home page country ,200,,Knock_out_Thread Group 1-1569,text,true,,17270,320,338,338,https://pabsa.impressicocrm.com/api/country,4887,0,0
1680594095054,6582,Get tournamnent list ,200,,Knock_out_Thread Group 1-1523,text,true,,58888,389,338,338,https://pabsa.impressicocrm.com/api/tournament?limit=12&pageNumber=1&sportType=&tournamentName=&tournamentStyle=,5514,0,0
1680594098179,3466,Get Players list ,200,,Knock_out_Thread Group 1-1480,text,true,,3218,338,338,338,https://pabsa.impressicocrm.com/api/tournament/119922/players,3466,0,0
1680594097019,4629,Get tournament result,200,,Knock_out_Thread Group 1-1253,text,true,,5441,338,338,338,https://pabsa.impressicocrm.com/api/tournament/119922/matches,4629,0,0
1680594093064,8589,Get tournamnent list ,200,,Knock_out_Thread Group 1-1499,text,true,,58880,389,338,338,https://pabsa.impressicocrm.com/api/tournament?limit=12&pageNumber=1&sportType=&tournamentName=&tournamentStyle=,7271,0,0
1680594097696,3962,Get tournament result,200,,Knock_out_Thread Group 1-1287,text,true,,5441,338,338,338,https://pabsa.impressicocrm.com/api/tournament/119922/matches,3962,0,0
1680594097061,4601,Get tournamnent list ,200,,Knock_out_Thread Group 1-1528,text,true,,58880,389,338,338,https://pabsa.impressicocrm.com/api/tournament?limit=12&pageNumber=1&sportType=&tournamentName=&tournamentStyle=,4032,0,0
1680594098307,3371,Get playerA_Vs_playerB,200,,Knock_out_Thread Group 1-1285,text,true,,1239,341,338,338,https://pabsa.impressicocrm.com/api/tournament/matchScore/147598,3371,0,0
1680594098222,3456,Get tournament result,200,,Knock_out_Thread Group 1-1314,text,true,,5441,338,338,338,https://pabsa.impressicocrm.com/api/tournament/119922/matches,3456,0,0
1680594095279,6405,Get tournamnent list ,200,,Knock_out_Thread Group 1-1518,text,true,,58880,389,337,337,https://pabsa.impressicocrm.com/api/tournament?limit=12&pageNumber=1&sportType=&tournamentName=&tournamentStyle=,4942,0,0
1680594097459,4241,Get Home page country ,200,,Knock_out_Thread Group 1-1575,text,true,,17270,320,337,337,https://pabsa.impressicocrm.com/api/country,4216,0,0
1680594098144,3558,Get Players schedule,200,,Knock_out_Thread Group 1-1385,text,true,,5435,338,337,337,https://pabsa.impressicocrm.com/api/tournament/119922/matches,3558,0,0
1680594093887,7839,Get tournamnent list ,200,,Knock_out_Thread Group 1-1508,text,true,,58865,389,337,337,https://pabsa.impressicocrm.com/api/tournament?limit=12&pageNumber=1&sportType=&tournamentName=&tournamentStyle=,7061,0,0
1680594098384,3345,Get knockout players list ,200,,Knock_out_Thread Group 1-1366,text,true,,4598,340,337,337,https://pabsa.impressicocrm.com/api/tournament/118871/knockouts,3345,0,0
1680594098369,3414,Get Break list ,200,,Knock_out_Thread Group 1-1425,text,true,,3218,338,337,337,https://pabsa.impressicocrm.com/api/tournament/119922/players,3414,0,0
1680594098507,3276,Get playerA_Vs_playerB,200,,Knock_out_Thread Group 1-1241,text,true,,1239,341,337,337,https://pabsa.impressicocrm.com/api/tournament/matchScore/147598,3276,0,0
1680594098573,3218,Get single knockout Player details,200,,Knock_out_Thread Group 1-1334,text,true,,1210,326,336,336,https://pabsa.impressicocrm.com/api/player/110368,3218,0,0
1680594098528,3268,Get playerA_Vs_playerB,200,,Knock_out_Thread Group 1-1263,text,true,,1239,341,336,336,https://pabsa.impressicocrm.com/api/tournament/matchScore/147598,3268,0,0
1680594098270,3531,Get tournament result,200,,Knock_out_Thread Group 1-1299,text,true,,5441,338,335,335,https://pabsa.impressicocrm.com/api/tournament/119922/matches,3531,0,0
1680594097945,3873,Get single knockout Player details,200,,Knock_out_Thread Group 1-1360,text,true,,1210,326,335,335,https://pabsa.impressicocrm.com/api/player/110368,3873,0,0
1680594096194,5627,Get tournamnent list ,200,,Knock_out_Thread Group 1-1519,text,true,,58865,389,335,335,https://pabsa.impressicocrm.com/api/tournament?limit=12&pageNumber=1&sportType=&tournamentName=&tournamentStyle=,4016,0,0
1680594098652,3186,Get single knockout Player details,200,,Knock_out_Thread Group 1-1337,text,true,,1210,326,335,335,https://pabsa.impressicocrm.com/api/player/110368,3186,0,0
1680594096733,5112,Get tournamnent list ,200,,Knock_out_Thread Group 1-1537,text,true,,58888,389,335,335,https://pabsa.impressicocrm.com/api/tournament?limit=12&pageNumber=1&sportType=&tournamentName=&tournamentStyle=,3884,0,0
1680594098553,3294,Get Home page country ,200,,Knock_out_Thread Group 1-1593,text,true,,17270,320,335,335,https://pabsa.impressicocrm.com/api/country,3294,0,0
1680594098251,3598,Get Players schedule,200,,Knock_out_Thread Group 1-1378,text,true,,5441,338,335,335,https://pabsa.impressicocrm.com/api/tournament/119922/matches,3598,0,0
1680594098102,3751,Get knockout players list ,200,,Knock_out_Thread Group 1-1354,text,true,,4591,340,335,335,https://pabsa.impressicocrm.com/api/tournament/118871/knockouts,3751,0,0
1680594098040,3828,Get Home page country ,200,,Knock_out_Thread Group 1-1577,text,true,,17270,320,335,335,https://pabsa.impressicocrm.com/api/country,3828,0,0
1680594098502,3366,Get Players list ,200,,Knock_out_Thread Group 1-1467,text,true,,3218,338,335,335,https://pabsa.impressicocrm.com/api/tournament/119922/players,3366,0,0
1680594098025,3860,Get single knockout Player details,200,,Knock_out_Thread Group 1-1276,text,true,,1210,326,335,335,https://pabsa.impressicocrm.com/api/player/110368,3860,0,0
1680594098051,3838,Get single knockout Player details,200,,Knock_out_Thread Group 1-1325,text,true,,1210,326,335,335,https://pabsa.impressicocrm.com/api/player/110368,3838,0,0
1680594098540,3371,Get Players list ,200,,Knock_out_Thread Group 1-1464,text,true,,3218,338,335,335,https://pabsa.impressicocrm.com/api/tournament/119922/players,3371,0,0
1680594096721,5198,Get tournamnent list ,200,,Knock_out_Thread Group 1-1536,text,true,,58880,389,335,335,https://pabsa.impressicocrm.com/api/tournament?limit=12&pageNumber=1&sportType=&tournamentName=&tournamentStyle=,4366,0,0
1680594098540,3427,Get Players list ,200,,Knock_out_Thread Group 1-1462,text,true,,3218,338,335,335,https://pabsa.impressicocrm.com/api/tournament/119922/players,3427,0,0
1680594098510,3475,Get knockout players list ,200,,Knock_out_Thread Group 1-1384,text,true,,4598,340,335,335,https://pabsa.impressicocrm.com/api/tournament/118871/knockouts,3475,0,0
1680594098022,3972,Get tournamnent list ,200,,Knock_out_Thread Group 1-1544,text,true,,58880,389,335,335,https://pabsa.impressicocrm.com/api/tournament?limit=12&pageNumber=1&sportType=&tournamentName=&tournamentStyle=,3548,0,0
1680594098709,3297,Get Break list ,200,,Knock_out_Thread Group 1-1403,text,true,,3218,338,335,335,https://pabsa.impressicocrm.com/api/tournament/119922/players,3297,0,0
1680594098723,3299,Get Break list ,200,,Knock_out_Thread Group 1-1436,text,true,,3218,338,335,335,https://pabsa.impressicocrm.com/api/tournament/119922/players,3299,0,0
1680594098714,3342,Get Players list ,200,,Knock_out_Thread Group 1-1472,text,true,,3218,338,335,335,https://pabsa.impressicocrm.com/api/tournament/119922/players,3342,0,0
1680594097372,4730,Get tournamnent list ,200,,Knock_out_Thread Group 1-1542,text,true,,58888,389,335,335,https://pabsa.impressicocrm.com/api/tournament?limit=12&pageNumber=1&sportType=&tournamentName=&tournamentStyle=,3760,0,0
1680594098622,3480,Get tournament result,200,,Knock_out_Thread Group 1-1290,text,true,,5441,338,335,335,https://pabsa.impressicocrm.com/api/tournament/119922/matches,3480,0,0
1680594098454,3653,Get knockout players list ,200,,Knock_out_Thread Group 1-1342,text,true,,4598,340,335,335,https://pabsa.impressicocrm.com/api/tournament/118871/knockouts,3653,0,0
1680594098534,3577,Get Players schedule,200,,Knock_out_Thread Group 1-1421,text,true,,5441,338,335,335,https://pabsa.impressicocrm.com/api/tournament/119922/matches,3577,0,0
1680594098842,3286,Get single knockout Player details,200,,Knock_out_Thread Group 1-1338,text,true,,1210,326,335,335,https://pabsa.impressicocrm.com/api/player/110368,3286,0,0
1680594098842,3286,Get single knockout Player details,200,,Knock_out_Thread Group 1-1307,text,true,,1210,326,335,335,https://pabsa.impressicocrm.com/api/player/110368,3286,0,0
1680594098848,3287,Get single knockout Player details,200,,Knock_out_Thread Group 1-1311,text,true,,1210,326,335,335,https://pabsa.impressicocrm.com/api/player/110368,3287,0,0
1680594097238,4900,Get Players schedule,200,,Knock_out_Thread Group 1-1363,text,true,,5441,338,335,335,https://pabsa.impressicocrm.com/api/tournament/119922/matches,4900,0,0
1680594098789,3358,Get Break list ,200,,Knock_out_Thread Group 1-1404,text,true,,3218,338,335,335,https://pabsa.impressicocrm.com/api/tournament/119922/players,3358,0,0
1680594098777,3370,Get Home page country ,200,,Knock_out_Thread Group 1-1595,text,true,,17270,320,335,335,https://pabsa.impressicocrm.com/api/country,3370,0,0
1680594098898,3258,Get playerA_Vs_playerB,200,,Knock_out_Thread Group 1-1213,text,true,,1239,341,335,335,https://pabsa.impressicocrm.com/api/tournament/matchScore/147598,3258,0,0
1680594092941,9224,Get tournamnent list ,200,,Knock_out_Thread Group 1-1498,text,true,,58888,389,334,334,https://pabsa.impressicocrm.com/api/tournament?limit=12&pageNumber=1&sportType=&tournamentName=&tournamentStyle=,6358,0,0
1680594097833,4337,Get tournamnent list ,200,,Knock_out_Thread Group 1-1538,text,true,,58865,389,334,334,https://pabsa.impressicocrm.com/api/tournament?limit=12&pageNumber=1&sportType=&tournamentName=&tournamentStyle=,3722,0,0
1680594097571,4604,Get tournamnent list ,200,,Knock_out_Thread Group 1-1534,text,true,,58888,389,334,334,https://pabsa.impressicocrm.com/api/tournament?limit=12&pageNumber=1&sportType=&tournamentName=&tournamentStyle=,3785,0,0
1680594098491,3688,Get tournament result,200,,Knock_out_Thread Group 1-1268,text,true,,5441,338,334,334,https://pabsa.impressicocrm.com/api/tournament/119922/matches,3688,0,0
1680594098917,3266,Get knockout players list ,200,,Knock_out_Thread Group 1-1367,text,true,,4598,340,334,334,https://pabsa.impressicocrm.com/api/tournament/118871/knockouts,3266,0,0
1680594098637,3570,Get playerA_Vs_playerB,200,,Knock_out_Thread Group 1-1225,text,true,,1239,341,334,334,https://pabsa.impressicocrm.com/api/tournament/matchScore/147598,3570,0,0
1680594098776,3431,Get knockout players list ,200,,Knock_out_Thread Group 1-1340,text,true,,4598,340,334,334,https://pabsa.impressicocrm.com/api/tournament/118871/knockouts,3431,0,0
1680594096194,6013,Get Home page country ,200,,Knock_out_Thread Group 1-1568,text,true,,17270,320,334,334,https://pabsa.impressicocrm.com/api/country,6013,0,0
1680594098214,3998,Get Players list ,200,,Knock_out_Thread Group 1-1459,text,true,,3218,338,333,333,https://pabsa.impressicocrm.com/api/tournament/119922/players,3998,0,0
1680594098772,3450,Get tournament result,200,,Knock_out_Thread Group 1-1297,text,true,,5441,338,333,333,https://pabsa.impressicocrm.com/api/tournament/119922/matches,3450,0,0
1680594096254,5968,Get Players list ,200,,Knock_out_Thread Group 1-1455,text,true,,3218,338,333,333,https://pabsa.impressicocrm.com/api/tournament/119922/players,5968,0,0
1680594098955,3275,Get single knockout Player details,200,,Knock_out_Thread Group 1-1329,text,true,,1210,326,333,333,https://pabsa.impressicocrm.com/api/player/110368,3275,0,0
1680594098708,3528,Get playerA_Vs_playerB,200,,Knock_out_Thread Group 1-1242,text,true,,1239,341,333,333,https://pabsa.impressicocrm.com/api/tournament/matchScore/147598,3528,0,0
1680594098977,3273,Get single knockout Player details,200,,Knock_out_Thread Group 1-1324,text,true,,1210,326,332,332,https://pabsa.impressicocrm.com/api/player/110368,3273,0,0
1680594098924,3339,Get playerA_Vs_playerB,200,,Knock_out_Thread Group 1-1267,text,true,,1239,341,332,332,https://pabsa.impressicocrm.com/api/tournament/matchScore/147598,3339,0,0
1680594098803,3465,Get Break list ,200,,Knock_out_Thread Group 1-1442,text,true,,3218,338,331,331,https://pabsa.impressicocrm.com/api/tournament/119922/players,3465,0,0
1680594096127,6156,Get Players schedule,200,,Knock_out_Thread Group 1-1383,text,true,,5435,338,331,331,https://pabsa.impressicocrm.com/api/tournament/119922/matches,6156,0,0
1680594098940,3369,Get Break list ,200,,Knock_out_Thread Group 1-1408,text,true,,3218,338,331,331,https://pabsa.impressicocrm.com/api/tournament/119922/players,3369,0,0
1680594098913,3399,Get Players list ,200,,Knock_out_Thread Group 1-1469,text,true,,3218,338,331,331,https://pabsa.impressicocrm.com/api/tournament/119922/players,3399,0,0
1680594098969,3345,Get Break list ,200,,Knock_out_Thread Group 1-1443,text,true,,3218,338,331,331,https://pabsa.impressicocrm.com/api/tournament/119922/players,3345,0,0
1680594098807,3513,Get Home page country ,200,,Knock_out_Thread Group 1-1594,text,true,,17270,320,331,331,https://pabsa.impressicocrm.com/api/country,3510,0,0
1680594100208,2112,Get tournamnent list ,200,,Knock_out_Thread Group 1-1560,text,true,,58888,389,331,331,https://pabsa.impressicocrm.com/api/tournament?limit=12&pageNumber=1&sportType=&tournamentName=&tournamentStyle=,1580,0,0
1680594099101,3225,Get single knockout Player details,200,,Knock_out_Thread Group 1-1339,text,true,,1210,326,331,331,https://pabsa.impressicocrm.com/api/player/110368,3225,0,0
1680594098973,3368,Get knockout players list ,200,,Knock_out_Thread Group 1-1364,text,true,,4598,340,331,331,https://pabsa.impressicocrm.com/api/tournament/118871/knockouts,3368,0,0
1680594098744,3604,Get tournament result,200,,Knock_out_Thread Group 1-1278,text,true,,5435,338,331,331,https://pabsa.impressicocrm.com/api/tournament/119922/matches,3604,0,0
1680594101254,1118,Get playerA_Vs_playerB,200,,Knock_out_Thread Group 1-1296,text,true,,1239,341,331,331,https://pabsa.impressicocrm.com/api/tournament/matchScore/147598,1118,0,0
1680594098744,3628,Get Players schedule,200,,Knock_out_Thread Group 1-1407,text,true,,5441,338,331,331,https://pabsa.impressicocrm.com/api/tournament/119922/matches,3628,0,0
1680594097165,5207,Get tournamnent list ,200,,Knock_out_Thread Group 1-1539,text,true,,58880,389,331,331,https://pabsa.impressicocrm.com/api/tournament?limit=12&pageNumber=1&sportType=&tournamentName=&tournamentStyle=,3731,0,0
1680594096200,6176,Get Players schedule,200,,Knock_out_Thread Group 1-1394,text,true,,5441,338,330,330,https://pabsa.impressicocrm.com/api/tournament/119922/matches,6176,0,0
1680594098259,4135,Get Players schedule,200,,Knock_out_Thread Group 1-1409,text,true,,5441,338,330,330,https://pabsa.impressicocrm.com/api/tournament/119922/matches,4135,0,0
1680594099163,3262,Get Players list ,200,,Knock_out_Thread Group 1-1477,text,true,,3218,338,330,330,https://pabsa.impressicocrm.com/api/tournament/119922/players,3262,0,0
1680594099226,3227,Get knockout players list ,200,,Knock_out_Thread Group 1-1376,text,true,,4598,340,330,330,https://pabsa.impressicocrm.com/api/tournament/118871/knockouts,3227,0,0
1680594098729,3753,Get Home page country ,200,,Knock_out_Thread Group 1-1586,text,true,,17270,320,330,330,https://pabsa.impressicocrm.com/api/country,3753,0,0
1680594098876,3606,Get tournament result,200,,Knock_out_Thread Group 1-1252,text,true,,5441,338,330,330,https://pabsa.impressicocrm.com/api/tournament/119922/matches,3606,0,0
1680594099193,3289,Get Players list ,200,,Knock_out_Thread Group 1-1476,text,true,,3218,338,330,330,https://pabsa.impressicocrm.com/api/tournament/119922/players,3289,0,0
1680594098973,3518,Get Home page country ,200,,Knock_out_Thread Group 1-1597,text,true,,17270,320,330,330,https://pabsa.impressicocrm.com/api/country,3518,0,0
1680594098709,3790,Get Home page country ,200,,Knock_out_Thread Group 1-1591,text,true,,17270,320,330,330,https://pabsa.impressicocrm.com/api/country,3789,0,0
1680594095084,7426,Get tournamnent list ,200,,Knock_out_Thread Group 1-1520,text,true,,58880,389,330,330,https://pabsa.impressicocrm.com/api/tournament?limit=12&pageNumber=1&sportType=&tournamentName=&tournamentStyle=,4184,0,0
1680594099205,3340,Get Players schedule,200,,Knock_out_Thread Group 1-1416,text,true,,5441,338,330,330,https://pabsa.impressicocrm.com/api/tournament/119922/matches,3340,0,0
1680594099216,3331,Get Home page country ,200,,Knock_out_Thread Group 1-1600,text,true,,17270,320,330,330,https://pabsa.impressicocrm.com/api/country,3331,0,0
1680594099038,3511,Get tournament result,200,,Knock_out_Thread Group 1-1301,text,true,,5441,338,330,330,https://pabsa.impressicocrm.com/api/tournament/119922/matches,3511,0,0
1680594099357,3197,Get single knockout Player details,200,,Knock_out_Thread Group 1-1302,text,true,,1210,326,330,330,https://pabsa.impressicocrm.com/api/player/110368,3197,0,0
1680594098968,3586,Get single knockout Player details,200,,Knock_out_Thread Group 1-1323,text,true,,1210,326,330,330,https://pabsa.impressicocrm.com/api/player/110368,3586,0,0
1680594099396,3187,Get single knockout Player details,200,,Knock_out_Thread Group 1-1331,text,true,,1210,326,330,330,https://pabsa.impressicocrm.com/api/player/110368,3187,0,0
1680594097975,4617,Get tournamnent list ,200,,Knock_out_Thread Group 1-1547,text,true,,58880,389,330,330,https://pabsa.impressicocrm.com/api/tournament?limit=12&pageNumber=1&sportType=&tournamentName=&tournamentStyle=,3638,0,0
1680594099274,3318,Get Players list ,200,,Knock_out_Thread Group 1-1440,text,true,,3218,338,330,330,https://pabsa.impressicocrm.com/api/tournament/119922/players,3318,0,0
1680594098969,3643,Get Home page country ,200,,Knock_out_Thread Group 1-1592,text,true,,17255,320,330,330,https://pabsa.impressicocrm.com/api/country,3642,0,0
1680594095183,7437,Get tournamnent list ,200,,Knock_out_Thread Group 1-1517,text,true,,58880,389,330,330,https://pabsa.impressicocrm.com/api/tournament?limit=12&pageNumber=1&sportType=&tournamentName=&tournamentStyle=,4400,0,0
1680594098917,3715,Get Home page currency,200,,Knock_out_Thread Group 1-1484,text,true,,9153,321,330,330,https://pabsa.impressicocrm.com/api/currency,3715,0,0
1680594098803,3831,Get Home page country ,200,,Knock_out_Thread Group 1-1587,text,true,,17270,320,330,330,https://pabsa.impressicocrm.com/api/country,3831,0,0
1680594096078,6571,Get tournamnent list ,200,,Knock_out_Thread Group 1-1532,text,true,,58880,389,330,330,https://pabsa.impressicocrm.com/api/tournament?limit=12&pageNumber=1&sportType=&tournamentName=&tournamentStyle=,5952,0,0
1680594098715,3954,Get Home page country ,200,,Knock_out_Thread Group 1-1589,text,true,,17270,320,330,330,https://pabsa.impressicocrm.com/api/country,3954,0,0
1680594099433,3242,Get knockout players list ,200,,Knock_out_Thread Group 1-1347,text,true,,4598,340,330,330,https://pabsa.impressicocrm.com/api/tournament/118871/knockouts,3242,0,0
1680594099426,3257,Get Break list ,200,,Knock_out_Thread Group 1-1446,text,true,,3218,338,330,330,https://pabsa.impressicocrm.com/api/tournament/119922/players,3257,0,0
1680594099459,3224,Get single knockout Player details,200,,Knock_out_Thread Group 1-1330,text,true,,1210,326,330,330,https://pabsa.impressicocrm.com/api/player/110368,3224,0,0
1680594099441,3244,Get Home page currency,200,,Knock_out_Thread Group 1-1491,text,true,,9160,321,330,330,https://pabsa.impressicocrm.com/api/currency,3244,0,0
1680594098985,3702,Get Players list ,200,,Knock_out_Thread Group 1-1468,text,true,,3218,338,330,330,https://pabsa.impressicocrm.com/api/tournament/119922/players,3702,0,0
1680594098940,3750,Get Break list ,200,,Knock_out_Thread Group 1-1450,text,true,,3218,338,330,330,https://pabsa.impressicocrm.com/api/tournament/119922/players,3750,0,0
1680594099153,3538,Get Players schedule,200,,Knock_out_Thread Group 1-1379,text,true,,5435,338,330,330,https://pabsa.impressicocrm.com/api/tournament/119922/matches,3538,0,0
1680594099171,3520,Get Home page country ,200,,Knock_out_Thread Group 1-1596,text,true,,17270,320,330,330,https://pabsa.impressicocrm.com/api/country,3519,0,0
1680594096438,6318,Get Players schedule,200,,Knock_out_Thread Group 1-1386,text,true,,5441,338,330,330,https://pabsa.impressicocrm.com/api/tournament/119922/matches,6318,0,0
1680594099484,3276,Get knockout players list ,200,,Knock_out_Thread Group 1-1387,text,true,,4598,340,330,330,https://pabsa.impressicocrm.com/api/tournament/118871/knockouts,3276,0,0
1680594099459,3301,Get Players list ,200,,Knock_out_Thread Group 1-1483,text,true,,3218,338,330,330,https://pabsa.impressicocrm.com/api/tournament/119922/players,3301,0,0
1680594099216,3566,Get Players schedule,200,,Knock_out_Thread Group 1-1390,text,true,,5441,338,330,330,https://pabsa.impressicocrm.com/api/tournament/119922/matches,3566,0,0
1680594099535,3256,Get single knockout Player details,200,,Knock_out_Thread Group 1-1309,text,true,,1210,326,330,330,https://pabsa.impressicocrm.com/api/player/110368,3256,0,0
1680594099472,3325,Get Break list ,200,,Knock_out_Thread Group 1-1412,text,true,,3218,338,330,330,https://pabsa.impressicocrm.com/api/tournament/119922/players,3325,0,0
1680594099185,3633,Get Break list ,200,,Knock_out_Thread Group 1-1430,text,true,,3218,338,330,330,https://pabsa.impressicocrm.com/api/tournament/119922/players,3633,0,0
1680594099500,3319,Get single knockout Player details,200,,Knock_out_Thread Group 1-1327,text,true,,1210,326,330,330,https://pabsa.impressicocrm.com/api/player/110368,3319,0,0
1680594099487,3341,Get Players list ,200,,Knock_out_Thread Group 1-1470,text,true,,3218,338,330,330,https://pabsa.impressicocrm.com/api/tournament/119922/players,3341,0,0
1680594099244,3592,Get Home page country ,200,,Knock_out_Thread Group 1-1588,text,true,,17270,320,330,330,https://pabsa.impressicocrm.com/api/country,3592,0,0
1680594099262,3579,Get Players schedule,200,,Knock_out_Thread Group 1-1413,text,true,,5441,338,330,330,https://pabsa.impressicocrm.com/api/tournament/119922/matches,3579,0,0
1680594099317,3529,Get Players schedule,200,,Knock_out_Thread Group 1-1389,text,true,,5441,338,330,330,https://pabsa.impressicocrm.com/api/tournament/119922/matches,3529,0,0
1680594099584,3292,Get playerA_Vs_playerB,200,,Knock_out_Thread Group 1-1229,text,true,,1239,341,330,330,https://pabsa.impressicocrm.com/api/tournament/matchScore/147598,3292,0,0
1680594099334,3573,Get playerA_Vs_playerB,200,,Knock_out_Thread Group 1-1279,text,true,,1239,341,329,329,https://pabsa.impressicocrm.com/api/tournament/matchScore/147598,3573,0,0
1680594099577,3330,Get Break list ,200,,Knock_out_Thread Group 1-1411,text,true,,3218,338,329,329,https://pabsa.impressicocrm.com/api/tournament/119922/players,3330,0,0
1680594099511,3434,Get Break list ,200,,Knock_out_Thread Group 1-1454,text,true,,3218,338,328,328,https://pabsa.impressicocrm.com/api/tournament/119922/players,3434,0,0
1680594098273,4680,Get tournamnent list ,200,,Knock_out_Thread Group 1-1540,text,true,,58880,389,328,328,https://pabsa.impressicocrm.com/api/tournament?limit=12&pageNumber=1&sportType=&tournamentName=&tournamentStyle=,3692,0,0
1680594099649,3308,Get Players list ,200,,Knock_out_Thread Group 1-1479,text,true,,3218,338,328,328,https://pabsa.impressicocrm.com/api/tournament/119922/players,3308,0,0
1680594099558,3406,Get knockout players list ,200,,Knock_out_Thread Group 1-1332,text,true,,4598,340,328,328,https://pabsa.impressicocrm.com/api/tournament/118871/knockouts,3406,0,0
1680594099784,3198,Get single knockout Player details,200,,Knock_out_Thread Group 1-1335,text,true,,1210,326,328,328,https://pabsa.impressicocrm.com/api/player/110368,3198,0,0
1680594099569,3419,Get Players list ,200,,Knock_out_Thread Group 1-1460,text,true,,3218,338,328,328,https://pabsa.impressicocrm.com/api/tournament/119922/players,3419,0,0
1680594099755,3241,Get playerA_Vs_playerB,200,,Knock_out_Thread Group 1-1282,text,true,,1239,341,328,328,https://pabsa.impressicocrm.com/api/tournament/matchScore/147598,3241,0,0
1680594099051,3953,Get Players list ,200,,Knock_out_Thread Group 1-1457,text,true,,3218,338,327,327,https://pabsa.impressicocrm.com/api/tournament/119922/players,3953,0,0
1680594099482,3583,Get Break list ,200,,Knock_out_Thread Group 1-1453,text,true,,3218,338,327,327,https://pabsa.impressicocrm.com/api/tournament/119922/players,3583,0,0
1680594099707,3371,Get Break list ,200,,Knock_out_Thread Group 1-1438,text,true,,3218,338,327,327,https://pabsa.impressicocrm.com/api/tournament/119922/players,3371,0,0
1680594099481,3609,Get tournament result,200,,Knock_out_Thread Group 1-1292,text,true,,5441,338,327,327,https://pabsa.impressicocrm.com/api/tournament/119922/matches,3609,0,0
1680594099541,3566,Get single knockout Player details,200,,Knock_out_Thread Group 1-1318,text,true,,1210,326,327,327,https://pabsa.impressicocrm.com/api/player/110368,3566,0,0
1680594099843,3264,Get knockout players list ,200,,Knock_out_Thread Group 1-1351,text,true,,4598,340,327,327,https://pabsa.impressicocrm.com/api/tournament/118871/knockouts,3264,0,0
1680594098110,5012,Get tournamnent list ,200,,Knock_out_Thread Group 1-1548,text,true,,58880,389,327,327,https://pabsa.impressicocrm.com/api/tournament?limit=12&pageNumber=1&sportType=&tournamentName=&tournamentStyle=,3625,0,0
1680594099218,3919,Get tournament result,200,,Knock_out_Thread Group 1-1313,text,true,,5441,338,327,327,https://pabsa.impressicocrm.com/api/tournament/119922/matches,3919,0,0
1680594097035,6121,Get tournamnent list ,200,,Knock_out_Thread Group 1-1535,text,true,,58880,389,327,327,https://pabsa.impressicocrm.com/api/tournament?limit=12&pageNumber=1&sportType=&tournamentName=&tournamentStyle=,4221,0,0
1680594096514,6647,Get Players schedule,200,,Knock_out_Thread Group 1-1341,text,true,,5441,338,327,327,https://pabsa.impressicocrm.com/api/tournament/119922/matches,6647,0,0
1680594099856,3313,Get Home page currency,200,,Knock_out_Thread Group 1-1500,text,true,,9160,321,327,327,https://pabsa.impressicocrm.com/api/currency,3313,0,0
1680594099832,3337,Get Players list ,200,,Knock_out_Thread Group 1-1488,text,true,,3218,338,327,327,https://pabsa.impressicocrm.com/api/tournament/119922/players,3337,0,0
1680594099603,3599,Get tournament result,200,,Knock_out_Thread Group 1-1271,text,true,,5435,338,327,327,https://pabsa.impressicocrm.com/api/tournament/119922/matches,3599,0,0
1680594099925,3300,Get single knockout Player details,200,,Knock_out_Thread Group 1-1374,text,true,,1210,326,327,327,https://pabsa.impressicocrm.com/api/player/110368,3300,0,0
1680594097498,5736,Get knockout players list ,200,,Knock_out_Thread Group 1-1357,text,true,,4598,340,327,327,https://pabsa.impressicocrm.com/api/tournament/118871/knockouts,5736,0,0
1680594098318,4943,Get Home page currency,200,,Knock_out_Thread Group 1-1506,text,true,,9160,321,327,327,https://pabsa.impressicocrm.com/api/currency,4943,0,0
1680594099449,3812,Get tournament result,200,,Knock_out_Thread Group 1-1305,text,true,,5441,338,327,327,https://pabsa.impressicocrm.com/api/tournament/119922/matches,3812,0,0
1680594099647,3614,Get Home page country ,200,,Knock_out_Thread Group 1-1599,text,true,,17270,320,327,327,https://pabsa.impressicocrm.com/api/country,3614,0,0
1680594099853,3413,Get Break list ,200,,Knock_out_Thread Group 1-1463,text,true,,3218,338,327,327,https://pabsa.impressicocrm.com/api/tournament/119922/players,3413,0,0
1680594099843,3423,Get tournament result,200,,Knock_out_Thread Group 1-1322,text,true,,5441,338,327,327,https://pabsa.impressicocrm.com/api/tournament/119922/matches,3423,0,0
1680594099932,3338,Get single knockout Player details,200,,Knock_out_Thread Group 1-1345,text,true,,1210,326,327,327,https://pabsa.impressicocrm.com/api/player/110368,3338,0,0
1680594099898,3372,Get knockout players list ,200,,Knock_out_Thread Group 1-1369,text,true,,4598,340,327,327,https://pabsa.impressicocrm.com/api/tournament/118871/knockouts,3372,0,0
1680594099988,3284,Get single knockout Player details,200,,Knock_out_Thread Group 1-1371,text,true,,1210,326,327,327,https://pabsa.impressicocrm.com/api/player/110368,3284,0,0
1680594099252,4019,Get Players list ,200,,Knock_out_Thread Group 1-1458,text,true,,3218,338,327,327,https://pabsa.impressicocrm.com/api/tournament/119922/players,4019,0,0
1680594098459,4845,Get tournamnent list ,200,,Knock_out_Thread Group 1-1551,text,true,,58880,389,327,327,https://pabsa.impressicocrm.com/api/tournament?limit=12&pageNumber=1&sportType=&tournamentName=&tournamentStyle=,3531,0,0
1680594095290,8036,Get tournamnent list ,200,,Knock_out_Thread Group 1-1522,text,true,,58880,389,327,327,https://pabsa.impressicocrm.com/api/tournament?limit=12&pageNumber=1&sportType=&tournamentName=&tournamentStyle=,4770,0,0
1680594099472,3865,Get tournament result,200,,Knock_out_Thread Group 1-1349,text,true,,5441,338,327,327,https://pabsa.impressicocrm.com/api/tournament/119922/matches,3865,0,0
1680594099992,3347,Get knockout players list ,200,,Knock_out_Thread Group 1-1410,text,true,,4598,340,327,327,https://pabsa.impressicocrm.com/api/tournament/118871/knockouts,3347,0,0
1680594098996,4365,Get Break list ,200,,Knock_out_Thread Group 1-1451,text,true,,3218,338,327,327,https://pabsa.impressicocrm.com/api/tournament/119922/players,4365,0,0
1680594099853,3544,Get Players schedule,200,,Knock_out_Thread Group 1-1423,text,true,,5441,338,327,327,https://pabsa.impressicocrm.com/api/tournament/119922/matches,3544,0,0
1680594099853,3553,Get tournament result,200,,Knock_out_Thread Group 1-1288,text,true,,5441,338,327,327,https://pabsa.impressicocrm.com/api/tournament/119922/matches,3553,0,0
1680594099636,3788,Get Home page country ,200,,Knock_out_Thread Group 1-1590,text,true,,17270,320,327,327,https://pabsa.impressicocrm.com/api/country,3787,0,0
1680594094887,8550,Get tournament result,200,,Knock_out_Thread Group 1-1260,text,true,,5441,338,327,327,https://pabsa.impressicocrm.com/api/tournament/119922/matches,8550,0,0
1680594097768,5669,Get tournamnent list ,200,,Knock_out_Thread Group 1-1533,text,true,,58880,389,327,327,https://pabsa.impressicocrm.com/api/tournament?limit=12&pageNumber=1&sportType=&tournamentName=&tournamentStyle=,3986,0,0
1680594099850,3609,Get Players schedule,200,,Knock_out_Thread Group 1-1424,text,true,,5441,338,327,327,https://pabsa.impressicocrm.com/api/tournament/119922/matches,3609,0,0
1680594100033,3457,Get Players list ,200,,Knock_out_Thread Group 1-1482,text,true,,3218,338,327,327,https://pabsa.impressicocrm.com/api/tournament/119922/players,3457,0,0
1680594099739,3767,Get tournament result,200,,Knock_out_Thread Group 1-1274,text,true,,5441,338,327,327,https://pabsa.impressicocrm.com/api/tournament/119922/matches,3767,0,0
1680594099647,3874,Get Players schedule,200,,Knock_out_Thread Group 1-1426,text,true,,5441,338,327,327,https://pabsa.impressicocrm.com/api/tournament/119922/matches,3874,0,0
1680594099712,3833,Get tournamnent list ,200,,Knock_out_Thread Group 1-1565,text,true,,58880,389,327,327,https://pabsa.impressicocrm.com/api/tournament?limit=12&pageNumber=1&sportType=&tournamentName=&tournamentStyle=,3539,0,0
1680594100066,3507,Get Break list ,200,,Knock_out_Thread Group 1-1441,text,true,,3218,338,327,327,https://pabsa.impressicocrm.com/api/tournament/119922/players,3507,0,0
1680594099636,3943,Get Home page country ,200,,Knock_out_Thread Group 1-1598,text,true,,17255,320,327,327,https://pabsa.impressicocrm.com/api/country,3468,0,0
1680594099460,4119,Get tournament result,200,,Knock_out_Thread Group 1-1316,text,true,,5435,338,327,327,https://pabsa.impressicocrm.com/api/tournament/119922/matches,4119,0,0
1680594098747,4841,Get tournamnent list ,200,,Knock_out_Thread Group 1-1554,text,true,,58880,389,327,327,https://pabsa.impressicocrm.com/api/tournament?limit=12&pageNumber=1&sportType=&tournamentName=&tournamentStyle=,3785,0,0
1680594099748,3860,Get Players schedule,200,,Knock_out_Thread Group 1-1415,text,true,,5441,338,327,327,https://pabsa.impressicocrm.com/api/tournament/119922/matches,3860,0,0
1680594100157,3451,Get knockout players list ,200,,Knock_out_Thread Group 1-1362,text,true,,4591,340,327,327,https://pabsa.impressicocrm.com/api/tournament/118871/knockouts,3451,0,0
1680594099992,3699,Get Players schedule,200,,Knock_out_Thread Group 1-1434,text,true,,5441,338,327,327,https://pabsa.impressicocrm.com/api/tournament/119922/matches,3699,0,0
1680594100010,3694,Get tournament result,200,,Knock_out_Thread Group 1-1306,text,true,,5435,338,327,327,https://pabsa.impressicocrm.com/api/tournament/119922/matches,3694,0,0
1680594098141,5571,Get single knockout Player details,200,,Knock_out_Thread Group 1-1326,text,true,,1210,326,327,327,https://pabsa.impressicocrm.com/api/player/110368,5571,0,0
1680594099988,3725,Get tournament result,200,,Knock_out_Thread Group 1-1303,text,true,,5441,338,327,327,https://pabsa.impressicocrm.com/api/tournament/119922/matches,3725,0,0
1680594100167,3550,Get knockout players list ,200,,Knock_out_Thread Group 1-1373,text,true,,4598,340,327,327,https://pabsa.impressicocrm.com/api/tournament/118871/knockouts,3550,0,0
1680594100189,3532,Get playerA_Vs_playerB,200,,Knock_out_Thread Group 1-1272,text,true,,1239,341,327,327,https://pabsa.impressicocrm.com/api/tournament/matchScore/147598,3532,0,0
1680594099992,3729,Get tournament result,200,,Knock_out_Thread Group 1-1286,text,true,,5441,338,327,327,https://pabsa.impressicocrm.com/api/tournament/119922/matches,3729,0,0
1680594100150,3571,Get Players list ,200,,Knock_out_Thread Group 1-1487,text,true,,3218,338,327,327,https://pabsa.impressicocrm.com/api/tournament/119922/players,3571,0,0
1680594100211,3515,Get single knockout Player details,200,,Knock_out_Thread Group 1-1352,text,true,,1210,326,326,326,https://pabsa.impressicocrm.com/api/player/110368,3515,0,0
1680594097839,5937,Get tournamnent list ,200,,Knock_out_Thread Group 1-1530,text,true,,58880,389,326,326,https://pabsa.impressicocrm.com/api/tournament?limit=12&pageNumber=1&sportType=&tournamentName=&tournamentStyle=,3952,0,0
1680594099789,3995,Get Break list ,200,,Knock_out_Thread Group 1-1475,text,true,,3218,338,326,326,https://pabsa.impressicocrm.com/api/tournament/119922/players,3995,0,0
1680594100119,3683,Get Players schedule,200,,Knock_out_Thread Group 1-1422,text,true,,5441,338,326,326,https://pabsa.impressicocrm.com/api/tournament/119922/matches,3683,0,0
1680594097799,6012,Get tournamnent list ,200,,Knock_out_Thread Group 1-1541,text,true,,58888,389,326,326,https://pabsa.impressicocrm.com/api/tournament?limit=12&pageNumber=1&sportType=&tournamentName=&tournamentStyle=,4168,0,0
1680594100314,3501,Get single knockout Player details,200,,Knock_out_Thread Group 1-1344,text,true,,1210,326,326,326,https://pabsa.impressicocrm.com/api/player/110368,3501,0,0
1680594099381,4435,Get tournamnent list ,200,,Knock_out_Thread Group 1-1545,text,true,,58880,389,326,326,https://pabsa.impressicocrm.com/api/tournament?limit=12&pageNumber=1&sportType=&tournamentName=&tournamentStyle=,3539,0,0
1680594100098,3721,Get single knockout Player details,200,,Knock_out_Thread Group 1-1348,text,true,,1210,326,326,326,https://pabsa.impressicocrm.com/api/player/110368,3721,0,0
1680594100157,3673,Get Break list ,200,,Knock_out_Thread Group 1-1461,text,true,,3218,338,326,326,https://pabsa.impressicocrm.com/api/tournament/119922/players,3673,0,0
1680594098652,5202,Get tournamnent list ,200,,Knock_out_Thread Group 1-1578,text,true,,58880,389,326,326,https://pabsa.impressicocrm.com/api/tournament?limit=12&pageNumber=1&sportType=&tournamentName=&tournamentStyle=,3545,0,0
1680594099071,4802,Get Players list ,200,,Knock_out_Thread Group 1-1439,text,true,,3218,338,326,326,https://pabsa.impressicocrm.com/api/tournament/119922/players,4802,0,0
1680594100363,3519,Get Players list ,200,,Knock_out_Thread Group 1-1494,text,true,,3218,338,326,326,https://pabsa.impressicocrm.com/api/tournament/119922/players,3519,0,0
1680594100363,3530,Get Break list ,200,,Knock_out_Thread Group 1-1433,text,true,,3218,338,326,326,https://pabsa.impressicocrm.com/api/tournament/119922/players,3530,0,0
1680594100222,3680,Get Home page currency,200,,Knock_out_Thread Group 1-1514,text,true,,9160,321,326,326,https://pabsa.impressicocrm.com/api/currency,3680,0,0
1680594100483,3422,Get playerA_Vs_playerB,200,,Knock_out_Thread Group 1-1270,text,true,,1239,341,326,326,https://pabsa.impressicocrm.com/api/tournament/matchScore/147598,3422,0,0
1680594099850,4062,Get Players schedule,200,,Knock_out_Thread Group 1-1418,text,true,,5441,338,325,325,https://pabsa.impressicocrm.com/api/tournament/119922/matches,4062,0,0
1680594100197,3715,Get Players list ,200,,Knock_out_Thread Group 1-1489,text,true,,3218,338,325,325,https://pabsa.impressicocrm.com/api/tournament/119922/players,3715,0,0
1680594100421,3516,Get playerA_Vs_playerB,200,,Knock_out_Thread Group 1-1250,text,true,,1239,341,325,325,https://pabsa.impressicocrm.com/api/tournament/matchScore/147598,3516,0,0
1680594100466,3474,Get Players list ,200,,Knock_out_Thread Group 1-1496,text,true,,3218,338,324,324,https://pabsa.impressicocrm.com/api/tournament/119922/players,3474,0,0
1680594100205,3738,Get Players schedule,200,,Knock_out_Thread Group 1-1427,text,true,,5441,338,324,324,https://pabsa.impressicocrm.com/api/tournament/119922/matches,3738,0,0
1680594100200,3751,Get Home page currency,200,,Knock_out_Thread Group 1-1527,text,true,,9160,321,324,324,https://pabsa.impressicocrm.com/api/currency,3751,0,0
1680594100098,3853,Get Players schedule,200,,Knock_out_Thread Group 1-1400,text,true,,5435,338,324,324,https://pabsa.impressicocrm.com/api/tournament/119922/matches,3853,0,0
1680594099216,4735,Get tournamnent list ,200,,Knock_out_Thread Group 1-1557,text,true,,58880,389,324,324,https://pabsa.impressicocrm.com/api/tournament?limit=12&pageNumber=1&sportType=&tournamentName=&tournamentStyle=,3827,0,0
1680594100598,3366,Get single knockout Player details,200,,Knock_out_Thread Group 1-1328,text,true,,1210,326,324,324,https://pabsa.impressicocrm.com/api/player/110368,3366,0,0
1680594100513,3464,Get knockout players list ,200,,Knock_out_Thread Group 1-1370,text,true,,4598,340,324,324,https://pabsa.impressicocrm.com/api/tournament/118871/knockouts,3464,0,0
1680594100103,3882,Get Home page currency,200,,Knock_out_Thread Group 1-1486,text,true,,9160,321,324,324,https://pabsa.impressicocrm.com/api/currency,3882,0,0
1680594100257,3772,Get Players list ,200,,Knock_out_Thread Group 1-1465,text,true,,3218,338,324,324,https://pabsa.impressicocrm.com/api/tournament/119922/players,3772,0,0
1680594100508,3529,Get Break list ,200,,Knock_out_Thread Group 1-1432,text,true,,3218,338,324,324,https://pabsa.impressicocrm.com/api/tournament/119922/players,3529,0,0
1680594100154,3884,Get knockout players list ,200,,Knock_out_Thread Group 1-1397,text,true,,4598,340,324,324,https://pabsa.impressicocrm.com/api/tournament/118871/knockouts,3884,0,0
1680594099729,4328,Get tournamnent list ,200,,Knock_out_Thread Group 1-1556,text,true,,58880,389,324,324,https://pabsa.impressicocrm.com/api/tournament?limit=12&pageNumber=1&sportType=&tournamentName=&tournamentStyle=,3492,0,0
1680594100125,3932,Get Players list ,200,,Knock_out_Thread Group 1-1490,text,true,,3218,338,324,324,https://pabsa.impressicocrm.com/api/tournament/119922/players,3932,0,0
1680594100577,3488,Get Home page currency,200,,Knock_out_Thread Group 1-1511,text,true,,9160,321,324,324,https://pabsa.impressicocrm.com/api/currency,3488,0,0
1680594098799,5289,Get knockout players list ,200,,Knock_out_Thread Group 1-1392,text,true,,4598,340,324,324,https://pabsa.impressicocrm.com/api/tournament/118871/knockouts,5289,0,0
1680594100193,3895,Get knockout players list ,200,,Knock_out_Thread Group 1-1377,text,true,,4598,340,324,324,https://pabsa.impressicocrm.com/api/tournament/118871/knockouts,3895,0,0
1680594100347,3747,Get knockout players list ,200,,Knock_out_Thread Group 1-1365,text,true,,4598,340,324,324,https://pabsa.impressicocrm.com/api/tournament/118871/knockouts,3747,0,0
1680594100094,4035,Get single knockout Player details,200,,Knock_out_Thread Group 1-1375,text,true,,1210,326,324,324,https://pabsa.impressicocrm.com/api/player/110368,4035,0,0
1680594100455,3697,Get tournament result,200,,Knock_out_Thread Group 1-1300,text,true,,5441,338,324,324,https://pabsa.impressicocrm.com/api/tournament/119922/matches,3697,0,0
1680594100540,3617,Get Players list ,200,,Knock_out_Thread Group 1-1471,text,true,,3218,338,324,324,https://pabsa.impressicocrm.com/api/tournament/119922/players,3617,0,0
1680594098714,5450,Get knockout players list ,200,,Knock_out_Thread Group 1-1356,text,true,,4598,340,324,324,https://pabsa.impressicocrm.com/api/tournament/118871/knockouts,5450,0,0
1680594100730,3442,Get single knockout Player details,200,,Knock_out_Thread Group 1-1359,text,true,,1210,326,324,324,https://pabsa.impressicocrm.com/api/player/110368,3442,0,0
1680594099739,4453,Get tournament result,200,,Knock_out_Thread Group 1-1304,text,true,,5441,338,324,324,https://pabsa.impressicocrm.com/api/tournament/119922/matches,4453,0,0
1680594100301,3891,Get Players list ,200,,Knock_out_Thread Group 1-1492,text,true,,3218,338,324,324,https://pabsa.impressicocrm.com/api/tournament/119922/players,3891,0,0
1680594100713,3484,Get single knockout Player details,200,,Knock_out_Thread Group 1-1361,text,true,,1210,326,324,324,https://pabsa.impressicocrm.com/api/player/110368,3484,0,0
1680594100291,3933,Get Break list ,200,,Knock_out_Thread Group 1-1449,text,true,,3218,338,324,324,https://pabsa.impressicocrm.com/api/tournament/119922/players,3933,0,0
1680594100854,3394,Get knockout players list ,200,,Knock_out_Thread Group 1-1419,text,true,,4598,340,324,324,https://pabsa.impressicocrm.com/api/tournament/118871/knockouts,3394,0,0
1680594100652,3609,Get tournament result,200,,Knock_out_Thread Group 1-1321,text,true,,5441,338,324,324,https://pabsa.impressicocrm.com/api/tournament/119922/matches,3609,0,0
1680594100969,3298,Get single knockout Player details,200,,Knock_out_Thread Group 1-1355,text,true,,1210,326,324,324,https://pabsa.impressicocrm.com/api/player/110368,3298,0,0
1680594100658,3609,Get Players schedule,200,,Knock_out_Thread Group 1-1447,text,true,,5441,338,324,324,https://pabsa.impressicocrm.com/api/tournament/119922/matches,3609,0,0
1680594100706,3564,Get playerA_Vs_playerB,200,,Knock_out_Thread Group 1-1266,text,true,,1239,341,324,324,https://pabsa.impressicocrm.com/api/tournament/matchScore/147598,3564,0,0
1680594100183,4090,Get Players schedule,200,,Knock_out_Thread Group 1-1401,text,true,,5441,338,323,323,https://pabsa.impressicocrm.com/api/tournament/119922/matches,4090,0,0
1680594100969,3311,Get single knockout Player details,200,,Knock_out_Thread Group 1-1310,text,true,,1210,326,323,323,https://pabsa.impressicocrm.com/api/player/110368,3311,0,0
1680594100771,3509,Get Home page currency,200,,Knock_out_Thread Group 1-1509,text,true,,9160,321,323,323,https://pabsa.impressicocrm.com/api/currency,3509,0,0
1680594100540,3746,Get tournament result,200,,Knock_out_Thread Group 1-1317,text,true,,5441,338,323,323,https://pabsa.impressicocrm.com/api/tournament/119922/matches,3746,0,0
1680594100511,3775,Get knockout players list ,200,,Knock_out_Thread Group 1-1372,text,true,,4598,340,323,323,https://pabsa.impressicocrm.com/api/tournament/118871/knockouts,3775,0,0
1680594100748,3542,Get Break list ,200,,Knock_out_Thread Group 1-1448,text,true,,3218,338,323,323,https://pabsa.impressicocrm.com/api/tournament/119922/players,3542,0,0
1680594101007,3287,Get single knockout Player details,200,,Knock_out_Thread Group 1-1380,text,true,,1210,326,323,323,https://pabsa.impressicocrm.com/api/player/110368,3287,0,0
1680594100948,3353,Get playerA_Vs_playerB,200,,Knock_out_Thread Group 1-1247,text,true,,1239,341,323,323,https://pabsa.impressicocrm.com/api/tournament/matchScore/147598,3353,0,0
1680594100848,3455,Get Break list ,200,,Knock_out_Thread Group 1-1452,text,true,,3218,338,322,322,https://pabsa.impressicocrm.com/api/tournament/119922/players,3455,0,0
1680594100525,3793,Get tournament result,200,,Knock_out_Thread Group 1-1320,text,true,,5435,338,322,322,https://pabsa.impressicocrm.com/api/tournament/119922/matches,3793,0,0
1680594094982,9342,Get tournamnent list ,200,,Knock_out_Thread Group 1-1504,text,true,,58880,389,322,322,https://pabsa.impressicocrm.com/api/tournament?limit=12&pageNumber=1&sportType=&tournamentName=&tournamentStyle=,5308,0,0
1680594096193,8133,Get tournamnent list ,200,,Knock_out_Thread Group 1-1521,text,true,,58880,389,322,322,https://pabsa.impressicocrm.com/api/tournament?limit=12&pageNumber=1&sportType=&tournamentName=&tournamentStyle=,4012,0,0
1680594101019,3316,Get single knockout Player details,200,,Knock_out_Thread Group 1-1336,text,true,,1210,326,322,322,https://pabsa.impressicocrm.com/api/player/110368,3316,0,0
1680594100664,3677,Get Players list ,200,,Knock_out_Thread Group 1-1497,text,true,,3218,338,322,322,https://pabsa.impressicocrm.com/api/tournament/119922/players,3677,0,0
1680594100246,4098,Get Break list ,200,,Knock_out_Thread Group 1-1437,text,true,,3218,338,322,322,https://pabsa.impressicocrm.com/api/tournament/119922/players,4098,0,0
1680594100856,3498,Get knockout players list ,200,,Knock_out_Thread Group 1-1395,text,true,,4598,340,322,322,https://pabsa.impressicocrm.com/api/tournament/118871/knockouts,3498,0,0
1680594098222,6158,Get tournamnent list ,200,,Knock_out_Thread Group 1-1516,text,true,,58888,389,322,322,https://pabsa.impressicocrm.com/api/tournament?limit=12&pageNumber=1&sportType=&tournamentName=&tournamentStyle=,3763,0,0
1680594100810,3624,Get Players schedule,200,,Knock_out_Thread Group 1-1474,text,true,,5441,338,322,322,https://pabsa.impressicocrm.com/api/tournament/119922/matches,3624,0,0
1680594101030,3464,Get Players list ,200,,Knock_out_Thread Group 1-1495,text,true,,3218,338,322,322,https://pabsa.impressicocrm.com/api/tournament/119922/players,3464,0,0
1680594100648,3901,Get tournament result,200,,Knock_out_Thread Group 1-1312,text,true,,5441,338,322,322,https://pabsa.impressicocrm.com/api/tournament/119922/matches,3901,0,0
1680594100417,4146,Get Break list ,200,,Knock_out_Thread Group 1-1456,text,true,,3218,338,322,322,https://pabsa.impressicocrm.com/api/tournament/119922/players,4146,0,0
1680594100927,3636,Get Break list ,200,,Knock_out_Thread Group 1-1431,text,true,,3218,338,322,322,https://pabsa.impressicocrm.com/api/tournament/119922/players,3636,0,0
1680594101083,3480,Get knockout players list ,200,,Knock_out_Thread Group 1-1398,text,true,,4598,340,322,322,https://pabsa.impressicocrm.com/api/tournament/118871/knockouts,3480,0,0
1680594101095,3470,Get knockout players list ,200,,Knock_out_Thread Group 1-1406,text,true,,4598,340,322,322,https://pabsa.impressicocrm.com/api/tournament/118871/knockouts,3470,0,0
1680594100379,4196,Get Break list ,200,,Knock_out_Thread Group 1-1444,text,true,,3218,338,322,322,https://pabsa.impressicocrm.com/api/tournament/119922/players,4196,0,0
1680594101110,3465,Get Players list ,200,,Knock_out_Thread Group 1-1513,text,true,,3218,338,322,322,https://pabsa.impressicocrm.com/api/tournament/119922/players,3465,0,0
1680594100078,4504,Get tournamnent list ,200,,Knock_out_Thread Group 1-1570,text,true,,58888,389,322,322,https://pabsa.impressicocrm.com/api/tournament?limit=12&pageNumber=1&sportType=&tournamentName=&tournamentStyle=,3728,0,0
1680594100900,3686,Get Players schedule,200,,Knock_out_Thread Group 1-1399,text,true,,5441,338,322,322,https://pabsa.impressicocrm.com/api/tournament/119922/matches,3686,0,0
1680594099004,5590,Get tournamnent list ,200,,Knock_out_Thread Group 1-1555,text,true,,58888,389,322,322,https://pabsa.impressicocrm.com/api/tournament?limit=12&pageNumber=1&sportType=&tournamentName=&tournamentStyle=,3694,0,0
1680594099487,5107,Get tournamnent list ,200,,Knock_out_Thread Group 1-1549,text,true,,58880,389,322,322,https://pabsa.impressicocrm.com/api/tournament?limit=12&pageNumber=1&sportType=&tournamentName=&tournamentStyle=,4012,0,0
1680594100540,4062,Get Players schedule,200,,Knock_out_Thread Group 1-1388,text,true,,5441,338,322,322,https://pabsa.impressicocrm.com/api/tournament/119922/matches,4062,0,0
1680594100518,4123,Get Players schedule,200,,Knock_out_Thread Group 1-1417,text,true,,5435,338,322,322,https://pabsa.impressicocrm.com/api/tournament/119922/matches,4123,0,0
1680594099936,4712,Get tournamnent list ,200,,Knock_out_Thread Group 1-1562,text,true,,58880,389,322,322,https://pabsa.impressicocrm.com/api/tournament?limit=12&pageNumber=1&sportType=&tournamentName=&tournamentStyle=,3729,0,0
1680594100654,3999,Get Players schedule,200,,Knock_out_Thread Group 1-1405,text,true,,5441,338,322,322,https://pabsa.impressicocrm.com/api/tournament/119922/matches,3999,0,0
1680594103065,1601,Get Players schedule,200,,Knock_out_Thread Group 1-1453,text,true,,5441,338,322,322,https://pabsa.impressicocrm.com/api/tournament/119922/matches,1601,0,0
1680594101152,3514,Get playerA_Vs_playerB,200,,Knock_out_Thread Group 1-1298,text,true,,1239,341,322,322,https://pabsa.impressicocrm.com/api/tournament/matchScore/147598,3514,0,0
1680594101018,3658,Get tournament result,200,,Knock_out_Thread Group 1-1308,text,true,,5441,338,321,321,https://pabsa.impressicocrm.com/api/tournament/119922/matches,3658,0,0
1680594100110,4566,Get tournamnent list ,200,,Knock_out_Thread Group 1-1543,text,true,,58865,389,321,321,https://pabsa.impressicocrm.com/api/tournament?limit=12&pageNumber=1&sportType=&tournamentName=&tournamentStyle=,3787,0,0
1680594101023,3666,Get tournament result,200,,Knock_out_Thread Group 1-1346,text,true,,5441,338,321,321,https://pabsa.impressicocrm.com/api/tournament/119922/matches,3666,0,0
1680594101095,3634,Get Home page currency,200,,Knock_out_Thread Group 1-1526,text,true,,9160,321,321,321,https://pabsa.impressicocrm.com/api/currency,3634,0,0
1680594103406,1328,Get playerA_Vs_playerB,200,,Knock_out_Thread Group 1-1288,text,true,,1239,341,321,321,https://pabsa.impressicocrm.com/api/tournament/matchScore/147598,1328,0,0
1680594101294,3481,Get single knockout Player details,200,,Knock_out_Thread Group 1-1368,text,true,,1210,326,320,320,https://pabsa.impressicocrm.com/api/player/110368,3481,0,0
1680594101292,3487,Get playerA_Vs_playerB,200,,Knock_out_Thread Group 1-1283,text,true,,1239,341,320,320,https://pabsa.impressicocrm.com/api/tournament/matchScore/147598,3487,0,0
1680594101197,3582,Get knockout players list ,200,,Knock_out_Thread Group 1-1396,text,true,,4598,340,320,320,https://pabsa.impressicocrm.com/api/tournament/118871/knockouts,3582,0,0
1680594101142,3637,Get Players list ,200,,Knock_out_Thread Group 1-1473,text,true,,3218,338,320,320,https://pabsa.impressicocrm.com/api/tournament/119922/players,3637,0,0
1680594101023,3795,Get Players list ,200,,Knock_out_Thread Group 1-1481,text,true,,3218,338,319,319,https://pabsa.impressicocrm.com/api/tournament/119922/players,3795,0,0
1680594101110,3759,Get Players schedule,200,,Knock_out_Thread Group 1-1393,text,true,,5441,338,319,319,https://pabsa.impressicocrm.com/api/tournament/119922/matches,3759,0,0
1680594101159,3710,Get tournament result,200,,Knock_out_Thread Group 1-1343,text,true,,5441,338,319,319,https://pabsa.impressicocrm.com/api/tournament/119922/matches,3710,0,0
1680594101334,3535,Get Players list ,200,,Knock_out_Thread Group 1-1503,text,true,,3218,338,319,319,https://pabsa.impressicocrm.com/api/tournament/119922/players,3535,0,0
1680594101091,3781,Get Players schedule,200,,Knock_out_Thread Group 1-1445,text,true,,5441,338,319,319,https://pabsa.impressicocrm.com/api/tournament/119922/matches,3781,0,0
1680594101453,3419,Get single knockout Player details,200,,Knock_out_Thread Group 1-1350,text,true,,1210,326,319,319,https://pabsa.impressicocrm.com/api/player/110368,3419,0,0
1680594101394,3483,Get playerA_Vs_playerB,200,,Knock_out_Thread Group 1-1280,text,true,,1239,341,319,319,https://pabsa.impressicocrm.com/api/tournament/matchScore/147598,3483,0,0
1680594101423,3476,Get single knockout Player details,200,,Knock_out_Thread Group 1-1358,text,true,,1210,326,318,318,https://pabsa.impressicocrm.com/api/player/110368,3476,0,0
1680594100742,4182,Get Home page currency,200,,Knock_out_Thread Group 1-1512,text,true,,9153,321,318,318,https://pabsa.impressicocrm.com/api/currency,4182,0,0
1680594101191,3754,Get Home page currency,200,,Knock_out_Thread Group 1-1531,text,true,,9160,321,318,318,https://pabsa.impressicocrm.com/api/currency,3754,0,0
1680594101235,3726,Get single knockout Player details,200,,Knock_out_Thread Group 1-1353,text,true,,1210,326,318,318,https://pabsa.impressicocrm.com/api/player/110368,3726,0,0
1680594101496,3468,Get knockout players list ,200,,Knock_out_Thread Group 1-1391,text,true,,4598,340,318,318,https://pabsa.impressicocrm.com/api/tournament/118871/knockouts,3468,0,0
1680594101500,3477,Get knockout players list ,200,,Knock_out_Thread Group 1-1381,text,true,,4598,340,318,318,https://pabsa.impressicocrm.com/api/tournament/118871/knockouts,3477,0,0
1680594101471,3512,Get Break list ,200,,Knock_out_Thread Group 1-1485,text,true,,3218,338,318,318,https://pabsa.impressicocrm.com/api/tournament/119922/players,3512,0,0
1680594101208,3800,Get Home page currency,200,,Knock_out_Thread Group 1-1501,text,true,,9160,321,318,318,https://pabsa.impressicocrm.com/api/currency,3800,0,0
1680594101495,3515,Get playerA_Vs_playerB,200,,Knock_out_Thread Group 1-1284,text,true,,1239,341,318,318,https://pabsa.impressicocrm.com/api/tournament/matchScore/147598,3515,0,0
1680594099869,5164,Get tournamnent list ,200,,Knock_out_Thread Group 1-1564,text,true,,58880,389,317,317,https://pabsa.impressicocrm.com/api/tournament?limit=12&pageNumber=1&sportType=&tournamentName=&tournamentStyle=,3801,0,0
1680594103459,1580,Get knockout players list ,200,,Knock_out_Thread Group 1-1424,text,true,,4598,340,317,317,https://pabsa.impressicocrm.com/api/tournament/118871/knockouts,1580,0,0
1680594100123,4919,Get tournamnent list ,200,,Knock_out_Thread Group 1-1563,text,true,,58880,389,317,317,https://pabsa.impressicocrm.com/api/tournament?limit=12&pageNumber=1&sportType=&tournamentName=&tournamentStyle=,4041,0,0
1680594100867,4190,Get Players schedule,200,,Knock_out_Thread Group 1-1420,text,true,,5441,338,317,317,https://pabsa.impressicocrm.com/api/tournament/119922/matches,4190,0,0
1680594099009,6058,Get tournamnent list ,200,,Knock_out_Thread Group 1-1552,text,true,,58880,389,317,317,https://pabsa.impressicocrm.com/api/tournament?limit=12&pageNumber=1&sportType=&tournamentName=&tournamentStyle=,4017,0,0
1680594101403,3687,Get Break list ,200,,Knock_out_Thread Group 1-1402,text,true,,3218,338,317,317,https://pabsa.impressicocrm.com/api/tournament/119922/players,3687,0,0
1680594101477,3613,Get Home page currency,200,,Knock_out_Thread Group 1-1525,text,true,,9160,321,317,317,https://pabsa.impressicocrm.com/api/currency,3613,0,0
1680594101474,3622,Get knockout players list ,200,,Knock_out_Thread Group 1-1382,text,true,,4598,340,317,317,https://pabsa.impressicocrm.com/api/tournament/118871/knockouts,3622,0,0
1680594101561,3583,Get Home page currency,200,,Knock_out_Thread Group 1-1493,text,true,,9160,321,317,317,https://pabsa.impressicocrm.com/api/currency,3583,0,0
1680594100989,4155,Get tournamnent list ,200,,Knock_out_Thread Group 1-1581,text,true,,58888,389,317,317,https://pabsa.impressicocrm.com/api/tournament?limit=12&pageNumber=1&sportType=&tournamentName=&tournamentStyle=,3555,0,0
1680594100189,4955,Get tournamnent list ,200,,Knock_out_Thread Group 1-1558,text,true,,58880,389,317,317,https://pabsa.impressicocrm.com/api/tournament?limit=12&pageNumber=1&sportType=&tournamentName=&tournamentStyle=,4105,0,0
1680594101648,3498,Get playerA_Vs_playerB,200,,Knock_out_Thread Group 1-1253,text,true,,1239,341,317,317,https://pabsa.impressicocrm.com/api/tournament/matchScore/147598,3498,0,0
1680594101606,3547,Get Break list ,200,,Knock_out_Thread Group 1-1466,text,true,,3218,338,316,316,https://pabsa.impressicocrm.com/api/tournament/119922/players,3547,0,0
1680594104038,1119,Get single knockout Player details,200,,Knock_out_Thread Group 1-1397,text,true,,1210,326,316,316,https://pabsa.impressicocrm.com/api/player/110368,1119,0,0
1680594101729,3431,Get single knockout Player details,200,,Knock_out_Thread Group 1-1366,text,true,,1210,326,316,316,https://pabsa.impressicocrm.com/api/player/110368,3431,0,0
1680594101658,3514,Get playerA_Vs_playerB,200,,Knock_out_Thread Group 1-1287,text,true,,1239,341,316,316,https://pabsa.impressicocrm.com/api/tournament/matchScore/147598,3514,0,0
1680594101678,3503,Get playerA_Vs_playerB,200,,Knock_out_Thread Group 1-1314,text,true,,1239,341,315,315,https://pabsa.impressicocrm.com/api/tournament/matchScore/147598,3503,0,0
1680594101510,3671,Get Home page currency,200,,Knock_out_Thread Group 1-1502,text,true,,9160,321,315,315,https://pabsa.impressicocrm.com/api/currency,3671,0,0
1680594101239,3946,Get Players list ,200,,Knock_out_Thread Group 1-1478,text,true,,3218,338,314,314,https://pabsa.impressicocrm.com/api/tournament/119922/players,3946,0,0
1680594101801,3440,Get playerA_Vs_playerB,200,,Knock_out_Thread Group 1-1299,text,true,,1239,341,314,314,https://pabsa.impressicocrm.com/api/tournament/matchScore/147598,3440,0,0
1680594101536,3713,Get Home page currency,200,,Knock_out_Thread Group 1-1510,text,true,,9160,321,313,313,https://pabsa.impressicocrm.com/api/currency,3713,0,0
1680594101329,3920,Get tournament result,200,,Knock_out_Thread Group 1-1265,text,true,,5441,338,313,313,https://pabsa.impressicocrm.com/api/tournament/119922/matches,3920,0,0
1680594101645,3604,Get Break list ,200,,Knock_out_Thread Group 1-1480,text,true,,3218,338,313,313,https://pabsa.impressicocrm.com/api/tournament/119922/players,3604,0,0
1680594101853,3404,Get single knockout Player details,200,,Knock_out_Thread Group 1-1354,text,true,,1210,326,313,313,https://pabsa.impressicocrm.com/api/player/110368,3404,0,0
1680594101684,3579,Get Home page currency,200,,Knock_out_Thread Group 1-1518,text,true,,9160,321,313,313,https://pabsa.impressicocrm.com/api/currency,3579,0,0
1680594104248,1038,Get single knockout Player details,200,,Knock_out_Thread Group 1-1419,text,true,,1210,326,313,313,https://pabsa.impressicocrm.com/api/player/110368,1038,0,0
1680594100508,4807,Get tournamnent list ,200,,Knock_out_Thread Group 1-1571,text,true,,58888,389,313,313,https://pabsa.impressicocrm.com/api/tournament?limit=12&pageNumber=1&sportType=&tournamentName=&tournamentStyle=,4361,0,0
1680594101385,3933,Get Home page currency,200,,Knock_out_Thread Group 1-1529,text,true,,9160,321,313,313,https://pabsa.impressicocrm.com/api/currency,3933,0,0
1680594101229,4089,Get Home page currency,200,,Knock_out_Thread Group 1-1507,text,true,,9160,321,313,313,https://pabsa.impressicocrm.com/api/currency,4089,0,0
1680594101726,3607,Get Home page currency,200,,Knock_out_Thread Group 1-1508,text,true,,9160,321,313,313,https://pabsa.impressicocrm.com/api/currency,3607,0,0
1680594101850,3526,Get knockout players list ,200,,Knock_out_Thread Group 1-1378,text,true,,4598,340,313,313,https://pabsa.impressicocrm.com/api/tournament/118871/knockouts,3526,0,0
1680594101616,3760,Get tournament result,200,,Knock_out_Thread Group 1-1333,text,true,,5441,338,313,313,https://pabsa.impressicocrm.com/api/tournament/119922/matches,3760,0,0
1680594101654,3726,Get Home page currency,200,,Knock_out_Thread Group 1-1499,text,true,,9153,321,313,313,https://pabsa.impressicocrm.com/api/currency,3726,0,0
1680594101985,3401,Get single knockout Player details,200,,Knock_out_Thread Group 1-1384,text,true,,1210,326,313,313,https://pabsa.impressicocrm.com/api/player/110368,3401,0,0
1680594101821,3571,Get Home page currency,200,,Knock_out_Thread Group 1-1519,text,true,,9160,321,313,313,https://pabsa.impressicocrm.com/api/currency,3571,0,0
1680594101912,3493,Get Break list ,200,,Knock_out_Thread Group 1-1464,text,true,,3218,338,313,313,https://pabsa.impressicocrm.com/api/tournament/119922/players,3493,0,0
1680594101525,3880,Get tournament result,200,,Knock_out_Thread Group 1-1315,text,true,,5441,338,313,313,https://pabsa.impressicocrm.com/api/tournament/119922/matches,3880,0,0
1680594101845,3564,Get Home page currency,200,,Knock_out_Thread Group 1-1537,text,true,,9160,321,313,313,https://pabsa.impressicocrm.com/api/currency,3564,0,0
1680594102107,3343,Get single knockout Player details,200,,Knock_out_Thread Group 1-1342,text,true,,1210,326,313,313,https://pabsa.impressicocrm.com/api/player/110368,3343,0,0
1680594101637,3830,Get Home page currency,200,,Knock_out_Thread Group 1-1523,text,true,,9160,321,313,313,https://pabsa.impressicocrm.com/api/currency,3830,0,0
1680594101289,4208,Get Players schedule,200,,Knock_out_Thread Group 1-1435,text,true,,5441,338,313,313,https://pabsa.impressicocrm.com/api/tournament/119922/matches,4208,0,0
1680594102102,3403,Get playerA_Vs_playerB,200,,Knock_out_Thread Group 1-1290,text,true,,1239,341,313,313,https://pabsa.impressicocrm.com/api/tournament/matchScore/147598,3403,0,0
1680594101292,4213,Get tournamnent list ,200,,Knock_out_Thread Group 1-1585,text,true,,58865,389,313,313,https://pabsa.impressicocrm.com/api/tournament?limit=12&pageNumber=1&sportType=&tournamentName=&tournamentStyle=,3691,0,0
1680594102056,3452,Get Break list ,200,,Knock_out_Thread Group 1-1472,text,true,,3218,338,312,312,https://pabsa.impressicocrm.com/api/tournament/119922/players,3452,0,0
1680594101994,3519,Get Home page currency,200,,Knock_out_Thread Group 1-1544,text,true,,9160,321,312,312,https://pabsa.impressicocrm.com/api/currency,3519,0,0
1680594102183,3352,Get single knockout Player details,200,,Knock_out_Thread Group 1-1367,text,true,,1210,326,312,312,https://pabsa.impressicocrm.com/api/player/110368,3352,0,0
1680594101099,4438,Get tournamnent list ,200,,Knock_out_Thread Group 1-1583,text,true,,58880,389,312,312,https://pabsa.impressicocrm.com/api/tournament?limit=12&pageNumber=1&sportType=&tournamentName=&tournamentStyle=,3884,0,0
1680594101920,3625,Get Home page currency,200,,Knock_out_Thread Group 1-1536,text,true,,9160,321,312,312,https://pabsa.impressicocrm.com/api/currency,3625,0,0
1680594101622,3937,Get Home page currency,200,,Knock_out_Thread Group 1-1505,text,true,,9160,321,312,312,https://pabsa.impressicocrm.com/api/currency,3937,0,0
1680594104549,1042,Get playerA_Vs_playerB,200,,Knock_out_Thread Group 1-1312,text,true,,1239,341,312,312,https://pabsa.impressicocrm.com/api/tournament/matchScore/147598,1042,0,0
1680594103985,1612,Get Players list ,200,,Knock_out_Thread Group 1-1486,text,true,,3218,338,311,311,https://pabsa.impressicocrm.com/api/tournament/119922/players,1612,0,0
1680594102138,3464,Get knockout players list ,200,,Knock_out_Thread Group 1-1363,text,true,,4598,340,311,311,https://pabsa.impressicocrm.com/api/tournament/118871/knockouts,3464,0,0
1680594102102,3548,Get Home page currency,200,,Knock_out_Thread Group 1-1542,text,true,,9160,321,311,311,https://pabsa.impressicocrm.com/api/currency,3548,0,0
1680594102175,3502,Get Home page currency,200,,Knock_out_Thread Group 1-1534,text,true,,9160,321,311,311,https://pabsa.impressicocrm.com/api/currency,3502,0,0
1680594101890,3787,Get tournament result,200,,Knock_out_Thread Group 1-1325,text,true,,5441,338,311,311,https://pabsa.impressicocrm.com/api/tournament/119922/matches,3787,0,0
1680594102213,3467,Get Break list ,200,,Knock_out_Thread Group 1-1459,text,true,,3218,338,311,311,https://pabsa.impressicocrm.com/api/tournament/119922/players,3467,0,0
1680594102170,3549,Get Home page currency,200,,Knock_out_Thread Group 1-1538,text,true,,9160,321,311,311,https://pabsa.impressicocrm.com/api/currency,3549,0,0
1680594101869,3853,Get Break list ,200,,Knock_out_Thread Group 1-1467,text,true,,3218,338,311,311,https://pabsa.impressicocrm.com/api/tournament/119922/players,3853,0,0
1680594102022,3710,Get Players schedule,200,,Knock_out_Thread Group 1-1436,text,true,,5435,338,311,311,https://pabsa.impressicocrm.com/api/tournament/119922/matches,3710,0,0
1680594101818,3933,Get tournament result,200,,Knock_out_Thread Group 1-1360,text,true,,5441,338,311,311,https://pabsa.impressicocrm.com/api/tournament/119922/matches,3933,0,0
1680594101839,3946,Get tournament result,200,,Knock_out_Thread Group 1-1337,text,true,,5441,338,311,311,https://pabsa.impressicocrm.com/api/tournament/119922/matches,3946,0,0
1680594102342,3470,Get single knockout Player details,200,,Knock_out_Thread Group 1-1364,text,true,,1210,326,311,311,https://pabsa.impressicocrm.com/api/player/110368,3470,0,0
1680594101968,3852,Get Break list ,200,,Knock_out_Thread Group 1-1462,text,true,,3218,338,311,311,https://pabsa.impressicocrm.com/api/tournament/119922/players,3852,0,0
1680594102348,3488,Get playerA_Vs_playerB,200,,Knock_out_Thread Group 1-1278,text,true,,1239,341,311,311,https://pabsa.impressicocrm.com/api/tournament/matchScore/147598,3487,0,0
1680594102165,3692,Get Home page currency,200,,Knock_out_Thread Group 1-1498,text,true,,9153,321,310,310,https://pabsa.impressicocrm.com/api/currency,3692,0,0
1680594102320,3537,Get Home page currency,200,,Knock_out_Thread Group 1-1560,text,true,,9153,321,310,310,https://pabsa.impressicocrm.com/api/currency,3537,0,0
1680594102454,3403,Get single knockout Player details,200,,Knock_out_Thread Group 1-1376,text,true,,1210,326,310,310,https://pabsa.impressicocrm.com/api/player/110368,3403,0,0
1680594101289,4575,Get Players schedule,200,,Knock_out_Thread Group 1-1428,text,true,,5435,338,310,310,https://pabsa.impressicocrm.com/api/tournament/119922/matches,4575,0,0
1680594101249,4615,Get tournamnent list ,200,,Knock_out_Thread Group 1-1584,text,true,,58888,389,310,310,https://pabsa.impressicocrm.com/api/tournament?limit=12&pageNumber=1&sportType=&tournamentName=&tournamentStyle=,3802,0,0
1680594099933,5940,Get tournamnent list ,200,,Knock_out_Thread Group 1-1567,text,true,,58880,389,310,310,https://pabsa.impressicocrm.com/api/tournament?limit=12&pageNumber=1&sportType=&tournamentName=&tournamentStyle=,3860,0,0
1680594102207,3672,Get single knockout Player details,200,,Knock_out_Thread Group 1-1340,text,true,,1210,326,310,310,https://pabsa.impressicocrm.com/api/player/110368,3672,0,0
1680594102135,3748,Get tournament result,200,,Knock_out_Thread Group 1-1311,text,true,,5435,338,310,310,https://pabsa.impressicocrm.com/api/tournament/119922/matches,3748,0,0
1680594101378,4513,Get Home page currency,200,,Knock_out_Thread Group 1-1515,text,true,,9153,321,310,310,https://pabsa.impressicocrm.com/api/currency,4513,0,0
1680594101783,4108,Get Players schedule,200,,Knock_out_Thread Group 1-1425,text,true,,5441,338,310,310,https://pabsa.impressicocrm.com/api/tournament/119922/matches,4108,0,0
1680594102312,3581,Get Break list ,200,,Knock_out_Thread Group 1-1469,text,true,,3218,338,310,310,https://pabsa.impressicocrm.com/api/tournament/119922/players,3581,0,0
1680594102128,3765,Get tournament result,200,,Knock_out_Thread Group 1-1338,text,true,,5435,338,310,310,https://pabsa.impressicocrm.com/api/tournament/119922/matches,3765,0,0
1680594102483,3419,Get playerA_Vs_playerB,200,,Knock_out_Thread Group 1-1252,text,true,,1239,341,310,310,https://pabsa.impressicocrm.com/api/tournament/matchScore/147598,3419,0,0
1680594102006,3901,Get Players schedule,200,,Knock_out_Thread Group 1-1403,text,true,,5441,338,309,309,https://pabsa.impressicocrm.com/api/tournament/119922/matches,3901,0,0
1680594101606,4307,Get Home page currency,200,,Knock_out_Thread Group 1-1524,text,true,,9160,321,309,309,https://pabsa.impressicocrm.com/api/currency,4307,0,0
1680594101058,4855,Get tournamnent list ,200,,Knock_out_Thread Group 1-1573,text,true,,58888,389,309,309,https://pabsa.impressicocrm.com/api/tournament?limit=12&pageNumber=1&sportType=&tournamentName=&tournamentStyle=,3887,0,0
1680594102376,3552,Get knockout players list ,200,,Knock_out_Thread Group 1-1394,text,true,,4598,340,309,309,https://pabsa.impressicocrm.com/api/tournament/118871/knockouts,3552,0,0
1680594102545,3386,Get knockout players list ,200,,Knock_out_Thread Group 1-1416,text,true,,4598,340,309,309,https://pabsa.impressicocrm.com/api/tournament/118871/knockouts,3386,0,0
1680594101556,4409,Get Players schedule,200,,Knock_out_Thread Group 1-1414,text,true,,5441,338,309,309,https://pabsa.impressicocrm.com/api/tournament/119922/matches,4409,0,0
1680594102483,3482,Get Break list ,200,,Knock_out_Thread Group 1-1476,text,true,,3218,338,309,309,https://pabsa.impressicocrm.com/api/tournament/119922/players,3482,0,0
1680594102111,3868,Get knockout players list ,200,,Knock_out_Thread Group 1-1421,text,true,,4598,340,309,309,https://pabsa.impressicocrm.com/api/tournament/118871/knockouts,3868,0,0
1680594101886,4093,Get tournament result,200,,Knock_out_Thread Group 1-1276,text,true,,5441,338,309,309,https://pabsa.impressicocrm.com/api/tournament/119922/matches,4093,0,0
1680594102223,3767,Get playerA_Vs_playerB,200,,Knock_out_Thread Group 1-1297,text,true,,1239,341,309,309,https://pabsa.impressicocrm.com/api/tournament/matchScore/147598,3767,0,0
1680594102425,3615,Get Break list ,200,,Knock_out_Thread Group 1-1477,text,true,,3218,338,308,308,https://pabsa.impressicocrm.com/api/tournament/119922/players,3615,0,0
1680594102372,3680,Get Home page currency,200,,Knock_out_Thread Group 1-1539,text,true,,9160,321,308,308,https://pabsa.impressicocrm.com/api/currency,3680,0,0
1680594101791,4261,Get tournament result,200,,Knock_out_Thread Group 1-1334,text,true,,5441,338,308,308,https://pabsa.impressicocrm.com/api/tournament/119922/matches,4261,0,0
1680594102372,3690,Get knockout players list ,200,,Knock_out_Thread Group 1-1407,text,true,,4598,340,308,308,https://pabsa.impressicocrm.com/api/tournament/118871/knockouts,3690,0,0
1680594099057,7007,Get tournamnent list ,200,,Knock_out_Thread Group 1-1550,text,true,,58888,389,308,308,https://pabsa.impressicocrm.com/api/tournament?limit=12&pageNumber=1&sportType=&tournamentName=&tournamentStyle=,6005,0,0
1680594102268,3847,Get Players schedule,200,,Knock_out_Thread Group 1-1442,text,true,,5435,338,308,308,https://pabsa.impressicocrm.com/api/tournament/119922/matches,3847,0,0
1680594102223,3892,Get Break list ,200,,Knock_out_Thread Group 1-1455,text,true,,3218,338,308,308,https://pabsa.impressicocrm.com/api/tournament/119922/players,3892,0,0
1680594102326,3789,Get tournament result,200,,Knock_out_Thread Group 1-1339,text,true,,5441,338,308,308,https://pabsa.impressicocrm.com/api/tournament/119922/matches,3789,0,0
1680594102395,3725,Get knockout players list ,200,,Knock_out_Thread Group 1-1409,text,true,,4591,340,308,308,https://pabsa.impressicocrm.com/api/tournament/118871/knockouts,3725,0,0
1680594102315,3805,Get Players schedule,200,,Knock_out_Thread Group 1-1443,text,true,,5441,338,308,308,https://pabsa.impressicocrm.com/api/tournament/119922/matches,3805,0,0
1680594102593,3533,Get Break list ,200,,Knock_out_Thread Group 1-1440,text,true,,3218,338,308,308,https://pabsa.impressicocrm.com/api/tournament/119922/players,3533,0,0
1680594102284,3858,Get knockout players list ,200,,Knock_out_Thread Group 1-1383,text,true,,4598,340,308,308,https://pabsa.impressicocrm.com/api/tournament/118871/knockouts,3858,0,0
1680594102675,3467,Get single knockout Player details,200,,Knock_out_Thread Group 1-1347,text,true,,1210,326,308,308,https://pabsa.impressicocrm.com/api/player/110368,3467,0,0
1680594100037,6113,Get tournamnent list ,200,,Knock_out_Thread Group 1-1553,text,true,,58888,389,308,308,https://pabsa.impressicocrm.com/api/tournament?limit=12&pageNumber=1&sportType=&tournamentName=&tournamentStyle=,4236,0,0
1680594102250,3927,Get tournament result,200,,Knock_out_Thread Group 1-1324,text,true,,5435,338,308,308,https://pabsa.impressicocrm.com/api/tournament/119922/matches,3927,0,0
1680594099843,6334,Get tournamnent list ,200,,Knock_out_Thread Group 1-1546,text,true,,58880,389,308,308,https://pabsa.impressicocrm.com/api/tournament?limit=12&pageNumber=1&sportType=&tournamentName=&tournamentStyle=,3827,0,0
1680594102231,3954,Get tournament result,200,,Knock_out_Thread Group 1-1329,text,true,,5441,338,308,308,https://pabsa.impressicocrm.com/api/tournament/119922/matches,3954,0,0
1680594102593,3668,Get Home page currency,200,,Knock_out_Thread Group 1-1547,text,true,,9160,321,308,308,https://pabsa.impressicocrm.com/api/currency,3668,0,0
1680594102555,3706,Get tournament result,200,,Knock_out_Thread Group 1-1302,text,true,,5441,338,308,308,https://pabsa.impressicocrm.com/api/tournament/119922/matches,3706,0,0
1680594102691,3570,Get knockout players list ,200,,Knock_out_Thread Group 1-1379,text,true,,4598,340,308,308,https://pabsa.impressicocrm.com/api/tournament/118871/knockouts,3570,0,0
1680594102147,4131,Get Players schedule,200,,Knock_out_Thread Group 1-1404,text,true,,5441,338,308,308,https://pabsa.impressicocrm.com/api/tournament/119922/matches,4131,0,0
1680594102633,3648,Get Players list ,200,,Knock_out_Thread Group 1-1484,text,true,,3218,338,308,308,https://pabsa.impressicocrm.com/api/tournament/119922/players,3648,0,0
1680594102760,3532,Get single knockout Player details,200,,Knock_out_Thread Group 1-1387,text,true,,1210,326,308,308,https://pabsa.impressicocrm.com/api/player/110368,3532,0,0
1680594102549,3755,Get playerA_Vs_playerB,200,,Knock_out_Thread Group 1-1301,text,true,,1239,341,308,308,https://pabsa.impressicocrm.com/api/tournament/matchScore/147598,3755,0,0
1680594102128,4204,Get tournament result,200,,Knock_out_Thread Group 1-1307,text,true,,5435,338,307,307,https://pabsa.impressicocrm.com/api/tournament/119922/matches,4204,0,0
1680594101622,4717,Get tournamnent list ,200,,Knock_out_Thread Group 1-1569,text,true,,58880,389,307,307,https://pabsa.impressicocrm.com/api/tournament?limit=12&pageNumber=1&sportType=&tournamentName=&tournamentStyle=,3980,0,0
1680594102761,3585,Get Break list ,200,,Knock_out_Thread Group 1-1483,text,true,,3218,338,307,307,https://pabsa.impressicocrm.com/api/tournament/119922/players,3585,0,0
1680594102685,3661,Get Players list ,200,,Knock_out_Thread Group 1-1491,text,true,,3218,338,307,307,https://pabsa.impressicocrm.com/api/tournament/119922/players,3661,0,0
1680594102583,3766,Get tournament result,200,,Knock_out_Thread Group 1-1331,text,true,,5441,338,307,307,https://pabsa.impressicocrm.com/api/tournament/119922/matches,3766,0,0
1680594102555,3813,Get tournament result,200,,Knock_out_Thread Group 1-1323,text,true,,5441,338,307,307,https://pabsa.impressicocrm.com/api/tournament/119922/matches,3813,0,0
1680594102620,3756,Get Home page currency,200,,Knock_out_Thread Group 1-1517,text,true,,9160,321,307,307,https://pabsa.impressicocrm.com/api/currency,3756,0,0
1680594101146,5230,Get tournamnent list ,200,,Knock_out_Thread Group 1-1576,text,true,,58880,389,307,307,https://pabsa.impressicocrm.com/api/tournament?limit=12&pageNumber=1&sportType=&tournamentName=&tournamentStyle=,4238,0,0
1680594102511,3876,Get Home page currency,200,,Knock_out_Thread Group 1-1520,text,true,,9153,321,307,307,https://pabsa.impressicocrm.com/api/currency,3876,0,0
1680594102683,3705,Get Players schedule,200,,Knock_out_Thread Group 1-1446,text,true,,5435,338,307,307,https://pabsa.impressicocrm.com/api/tournament/119922/matches,3705,0,0
1680594101369,5023,Get tournamnent list ,200,,Knock_out_Thread Group 1-1579,text,true,,58880,389,307,307,https://pabsa.impressicocrm.com/api/tournament?limit=12&pageNumber=1&sportType=&tournamentName=&tournamentStyle=,4012,0,0
1680594101146,5253,Get tournamnent list ,200,,Knock_out_Thread Group 1-1580,text,true,,58880,389,307,307,https://pabsa.impressicocrm.com/api/tournament?limit=12&pageNumber=1&sportType=&tournamentName=&tournamentStyle=,3938,0,0
1680594102688,3726,Get Break list ,200,,Knock_out_Thread Group 1-1468,text,true,,3218,338,307,307,https://pabsa.impressicocrm.com/api/tournament/119922/players,3726,0,0
1680594102846,3576,Get knockout players list ,200,,Knock_out_Thread Group 1-1389,text,true,,4598,340,307,307,https://pabsa.impressicocrm.com/api/tournament/118871/knockouts,3576,0,0
1680594102309,4128,Get Players schedule,200,,Knock_out_Thread Group 1-1408,text,true,,5441,338,307,307,https://pabsa.impressicocrm.com/api/tournament/119922/matches,4128,0,0
1680594102841,3623,Get knockout players list ,200,,Knock_out_Thread Group 1-1413,text,true,,4598,340,307,307,https://pabsa.impressicocrm.com/api/tournament/118871/knockouts,3623,0,0
1680594101417,5051,Get tournamnent list ,200,,Knock_out_Thread Group 1-1582,text,true,,58888,389,307,307,https://pabsa.impressicocrm.com/api/tournament?limit=12&pageNumber=1&sportType=&tournamentName=&tournamentStyle=,3969,0,0
1680594102828,3653,Get Break list ,200,,Knock_out_Thread Group 1-1470,text,true,,3218,338,307,307,https://pabsa.impressicocrm.com/api/tournament/119922/players,3653,0,0
1680594105263,1240,Get Players list ,200,,Knock_out_Thread Group 1-1518,text,true,,3218,338,307,307,https://pabsa.impressicocrm.com/api/tournament/119922/players,1240,0,0
1680594101361,5149,Get tournamnent list ,200,,Knock_out_Thread Group 1-1572,text,true,,58880,389,307,307,https://pabsa.impressicocrm.com/api/tournament?limit=12&pageNumber=1&sportType=&tournamentName=&tournamentStyle=,4373,0,0
1680594101848,4664,Get tournamnent list ,200,,Knock_out_Thread Group 1-1593,text,true,,58888,389,307,307,https://pabsa.impressicocrm.com/api/tournament?limit=12&pageNumber=1&sportType=&tournamentName=&tournamentStyle=,3671,0,0
1680594101474,5058,Get tournamnent list ,200,,Knock_out_Thread Group 1-1574,text,true,,58880,389,307,307,https://pabsa.impressicocrm.com/api/tournament?limit=12&pageNumber=1&sportType=&tournamentName=&tournamentStyle=,3918,0,0
1680594102964,3580,Get single knockout Player details,200,,Knock_out_Thread Group 1-1332,text,true,,1210,326,307,307,https://pabsa.impressicocrm.com/api/player/110368,3580,0,0
1680594100999,5556,Get tournamnent list ,200,,Knock_out_Thread Group 1-1561,text,true,,58880,389,307,307,https://pabsa.impressicocrm.com/api/tournament?limit=12&pageNumber=1&sportType=&tournamentName=&tournamentStyle=,4250,0,0
1680594102690,3892,Get Players schedule,200,,Knock_out_Thread Group 1-1450,text,true,,5441,338,307,307,https://pabsa.impressicocrm.com/api/tournament/119922/matches,3892,0,0
1680594102491,4105,Get tournamnent list ,200,,Knock_out_Thread Group 1-1597,text,true,,58880,389,307,307,https://pabsa.impressicocrm.com/api/tournament?limit=12&pageNumber=1&sportType=&tournamentName=&tournamentStyle=,3722,0,0
1680594102650,3962,Get Home page currency,200,,Knock_out_Thread Group 1-1532,text,true,,9160,321,307,307,https://pabsa.impressicocrm.com/api/currency,3962,0,0
1680594100075,6553,Get tournamnent list ,200,,Knock_out_Thread Group 1-1559,text,true,,58880,389,307,307,https://pabsa.impressicocrm.com/api/tournament?limit=12&pageNumber=1&sportType=&tournamentName=&tournamentStyle=,4205,0,0
1680594103107,3527,Get single knockout Player details,200,,Knock_out_Thread Group 1-1351,text,true,,1210,326,307,307,https://pabsa.impressicocrm.com/api/player/110368,3527,0,0
1680594102683,3959,Get tournament result,200,,Knock_out_Thread Group 1-1330,text,true,,5435,338,307,307,https://pabsa.impressicocrm.com/api/tournament/119922/matches,3959,0,0
1680594103137,3532,Get playerA_Vs_playerB,200,,Knock_out_Thread Group 1-1313,text,true,,1239,341,307,307,https://pabsa.impressicocrm.com/api/tournament/matchScore/147598,3532,0,0
1680594102818,3874,Get Players schedule,200,,Knock_out_Thread Group 1-1430,text,true,,5441,338,306,306,https://pabsa.impressicocrm.com/api/tournament/119922/matches,3874,0,0
1680594103090,3608,Get playerA_Vs_playerB,200,,Knock_out_Thread Group 1-1292,text,true,,1239,341,306,306,https://pabsa.impressicocrm.com/api/tournament/matchScore/147598,3608,0,0
1680594103235,3472,Get single knockout Player details,200,,Knock_out_Thread Group 1-1357,text,true,,1210,326,305,305,https://pabsa.impressicocrm.com/api/player/110368,3472,0,0
1680594102907,3800,Get Players schedule,200,,Knock_out_Thread Group 1-1411,text,true,,5441,338,305,305,https://pabsa.impressicocrm.com/api/tournament/119922/matches,3800,0,0
1680594102819,3893,Get tournament result,200,,Knock_out_Thread Group 1-1327,text,true,,5441,338,305,305,https://pabsa.impressicocrm.com/api/tournament/119922/matches,3893,0,0
1680594102989,3729,Get Break list ,200,,Knock_out_Thread Group 1-1460,text,true,,3218,338,305,305,https://pabsa.impressicocrm.com/api/tournament/119922/players,3729,0,0
1680594103169,3567,Get Break list ,200,,Knock_out_Thread Group 1-1488,text,true,,3218,338,305,305,https://pabsa.impressicocrm.com/api/tournament/119922/players,3567,0,0
1680594103203,3538,Get playerA_Vs_playerB,200,,Knock_out_Thread Group 1-1271,text,true,,1239,341,305,305,https://pabsa.impressicocrm.com/api/tournament/matchScore/147598,3538,0,0
1680594102207,4534,Get tournamnent list ,200,,Knock_out_Thread Group 1-1568,text,true,,58888,389,305,305,https://pabsa.impressicocrm.com/api/tournament?limit=12&pageNumber=1&sportType=&tournamentName=&tournamentStyle=,3954,0,0
1680594105257,1488,Get tournament result,200,,Knock_out_Thread Group 1-1354,text,true,,5441,338,304,304,https://pabsa.impressicocrm.com/api/tournament/119922/matches,1488,0,0
1680594103169,3594,Get Players list ,200,,Knock_out_Thread Group 1-1500,text,true,,3218,338,304,304,https://pabsa.impressicocrm.com/api/tournament/119922/players,3594,0,0
1680594103161,3608,Get knockout players list ,200,,Knock_out_Thread Group 1-1341,text,true,,4598,340,304,304,https://pabsa.impressicocrm.com/api/tournament/118871/knockouts,3608,0,0
1680594103004,3777,Get Break list ,200,,Knock_out_Thread Group 1-1457,text,true,,3218,338,304,304,https://pabsa.impressicocrm.com/api/tournament/119922/players,3777,0,0
1680594103267,3533,Get playerA_Vs_playerB,200,,Knock_out_Thread Group 1-1322,text,true,,1239,341,304,304,https://pabsa.impressicocrm.com/api/tournament/matchScore/147598,3533,0,0
1680594102946,3859,Get Players schedule,200,,Knock_out_Thread Group 1-1454,text,true,,5441,338,303,303,https://pabsa.impressicocrm.com/api/tournament/119922/matches,3859,0,0
1680594101700,5108,Get tournamnent list ,200,,Knock_out_Thread Group 1-1575,text,true,,58888,389,303,303,https://pabsa.impressicocrm.com/api/tournament?limit=12&pageNumber=1&sportType=&tournamentName=&tournamentStyle=,3927,0,0
1680594102958,3863,Get Break list ,200,,Knock_out_Thread Group 1-1479,text,true,,3218,338,303,303,https://pabsa.impressicocrm.com/api/tournament/119922/players,3863,0,0
1680594102797,4024,Get Players schedule,200,,Knock_out_Thread Group 1-1412,text,true,,5441,338,303,303,https://pabsa.impressicocrm.com/api/tournament/119922/matches,4024,0,0
1680594102791,4041,Get tournament result,200,,Knock_out_Thread Group 1-1309,text,true,,5441,338,303,303,https://pabsa.impressicocrm.com/api/tournament/119922/matches,4041,0,0
1680594103261,3583,Get Players list ,200,,Knock_out_Thread Group 1-1506,text,true,,3218,338,303,303,https://pabsa.impressicocrm.com/api/tournament/119922/players,3583,0,0
1680594102548,4319,Get tournamnent list ,200,,Knock_out_Thread Group 1-1600,text,true,,58880,389,303,303,https://pabsa.impressicocrm.com/api/tournament?limit=12&pageNumber=1&sportType=&tournamentName=&tournamentStyle=,3835,0,0
1680594102954,3936,Get Home page currency,200,,Knock_out_Thread Group 1-1540,text,true,,9160,321,303,303,https://pabsa.impressicocrm.com/api/currency,3936,0,0
1680594103337,3553,Get playerA_Vs_playerB,200,,Knock_out_Thread Group 1-1349,text,true,,1239,341,303,303,https://pabsa.impressicocrm.com/api/tournament/matchScore/147598,3553,0,0
1680594102982,3908,Get tournament result,200,,Knock_out_Thread Group 1-1335,text,true,,5441,338,303,303,https://pabsa.impressicocrm.com/api/tournament/119922/matches,3908,0,0
1680594103397,3559,Get knockout players list ,200,,Knock_out_Thread Group 1-1423,text,true,,4598,340,302,302,https://pabsa.impressicocrm.com/api/tournament/118871/knockouts,3559,0,0
1680594101223,5734,Get playerA_Vs_playerB,200,,Knock_out_Thread Group 1-1275,text,true,,1239,341,302,302,https://pabsa.impressicocrm.com/api/tournament/matchScore/147598,5734,0,0
1680594103079,3882,Get Players schedule,200,,Knock_out_Thread Group 1-1438,text,true,,5441,338,301,301,https://pabsa.impressicocrm.com/api/tournament/119922/matches,3882,0,0
1680594103437,3529,Get playerA_Vs_playerB,200,,Knock_out_Thread Group 1-1260,text,true,,1239,341,301,301,https://pabsa.impressicocrm.com/api/tournament/matchScore/147598,3529,0,0
1680594103272,3726,Get Break list ,200,,Knock_out_Thread Group 1-1458,text,true,,3218,338,300,300,https://pabsa.impressicocrm.com/api/tournament/119922/players,3726,0,0
1680594103608,3421,Get single knockout Player details,200,,Knock_out_Thread Group 1-1362,text,true,,1210,326,300,300,https://pabsa.impressicocrm.com/api/player/110368,3421,0,0
1680594103270,3764,Get single knockout Player details,200,,Knock_out_Thread Group 1-1369,text,true,,1210,326,300,300,https://pabsa.impressicocrm.com/api/player/110368,3764,0,0
1680594103608,3426,Get knockout players list ,200,,Knock_out_Thread Group 1-1415,text,true,,4598,340,300,300,https://pabsa.impressicocrm.com/api/tournament/118871/knockouts,3426,0,0
1680594103122,3912,Get Home page currency,200,,Knock_out_Thread Group 1-1548,text,true,,9160,321,300,300,https://pabsa.impressicocrm.com/api/currency,3912,0,0
1680594103521,3520,Get knockout players list ,200,,Knock_out_Thread Group 1-1426,text,true,,4598,340,300,300,https://pabsa.impressicocrm.com/api/tournament/118871/knockouts,3520,0,0
1680594103579,3475,Get playerA_Vs_playerB,200,,Knock_out_Thread Group 1-1316,text,true,,1239,341,300,300,https://pabsa.impressicocrm.com/api/tournament/matchScore/147598,3475,0,0
1680594103546,3509,Get Home page currency,200,,Knock_out_Thread Group 1-1565,text,true,,9160,321,299,299,https://pabsa.impressicocrm.com/api/currency,3509,0,0
1680594103266,3819,Get Players schedule,200,,Knock_out_Thread Group 1-1463,text,true,,5441,338,299,299,https://pabsa.impressicocrm.com/api/tournament/119922/matches,3819,0,0
1680594103717,3379,Get single knockout Player details,200,,Knock_out_Thread Group 1-1373,text,true,,1210,326,299,299,https://pabsa.impressicocrm.com/api/player/110368,3379,0,0
1680594103713,3403,Get playerA_Vs_playerB,200,,Knock_out_Thread Group 1-1303,text,true,,1239,341,299,299,https://pabsa.impressicocrm.com/api/tournament/matchScore/147598,3403,0,0
1680594103339,3820,Get single knockout Player details,200,,Knock_out_Thread Group 1-1410,text,true,,1210,326,298,298,https://pabsa.impressicocrm.com/api/player/110368,3820,0,0
1680594103491,3674,Get Break list ,200,,Knock_out_Thread Group 1-1482,text,true,,3218,338,298,298,https://pabsa.impressicocrm.com/api/tournament/119922/players,3674,0,0
1680594103362,3856,Get Players schedule,200,,Knock_out_Thread Group 1-1451,text,true,,5435,338,298,298,https://pabsa.impressicocrm.com/api/tournament/119922/matches,3856,0,0
1680594103157,4075,Get Home page currency,200,,Knock_out_Thread Group 1-1535,text,true,,9160,321,298,298,https://pabsa.impressicocrm.com/api/currency,4075,0,0
1680594103270,3962,Get tournament result,200,,Knock_out_Thread Group 1-1345,text,true,,5441,338,298,298,https://pabsa.impressicocrm.com/api/tournament/119922/matches,3962,0,0
1680594100893,6341,Get tournament result,200,,Knock_out_Thread Group 1-1319,text,true,,5441,338,298,298,https://pabsa.impressicocrm.com/api/tournament/119922/matches,6341,0,0
1680594103272,3970,Get tournament result,200,,Knock_out_Thread Group 1-1371,text,true,,5441,338,298,298,https://pabsa.impressicocrm.com/api/tournament/119922/matches,3970,0,0
1680594102613,4630,Get tournamnent list ,200,,Knock_out_Thread Group 1-1592,text,true,,58880,389,298,298,https://pabsa.impressicocrm.com/api/tournament?limit=12&pageNumber=1&sportType=&tournamentName=&tournamentStyle=,3861,0,0
1680594102147,5102,Get tournamnent list ,200,,Knock_out_Thread Group 1-1595,text,true,,58888,389,298,298,https://pabsa.impressicocrm.com/api/tournament?limit=12&pageNumber=1&sportType=&tournamentName=&tournamentStyle=,4022,0,0
1680594103883,3371,Get Break list ,200,,Knock_out_Thread Group 1-1494,text,true,,3218,338,298,298,https://pabsa.impressicocrm.com/api/tournament/119922/players,3371,0,0
1680594103305,3954,Get Home page currency,200,,Knock_out_Thread Group 1-1551,text,true,,9160,321,298,298,https://pabsa.impressicocrm.com/api/currency,3954,0,0
1680594103589,3673,Get Home page currency,200,,Knock_out_Thread Group 1-1554,text,true,,9160,321,298,298,https://pabsa.impressicocrm.com/api/currency,3673,0,0
1680594103817,3445,Get Home page currency,200,,Knock_out_Thread Group 1-1545,text,true,,9160,321,298,298,https://pabsa.impressicocrm.com/api/currency,3445,0,0
1680594103777,3495,Get Home page currency,200,,Knock_out_Thread Group 1-1530,text,true,,9160,321,298,298,https://pabsa.impressicocrm.com/api/currency,3495,0,0
1680594103574,3740,Get Players schedule,200,,Knock_out_Thread Group 1-1441,text,true,,5441,338,298,298,https://pabsa.impressicocrm.com/api/tournament/119922/matches,3740,0,0
1680594103978,3349,Get single knockout Player details,200,,Knock_out_Thread Group 1-1370,text,true,,1210,326,298,298,https://pabsa.impressicocrm.com/api/player/110368,3349,0,0
1680594103873,3462,Get Break list ,200,,Knock_out_Thread Group 1-1439,text,true,,3218,338,298,298,https://pabsa.impressicocrm.com/api/tournament/119922/players,3462,0,0
1680594103913,3443,Get Break list ,200,,Knock_out_Thread Group 1-1489,text,true,,3218,338,298,298,https://pabsa.impressicocrm.com/api/tournament/119922/players,3443,0,0
1680594103940,3416,Get Break list ,200,,Knock_out_Thread Group 1-1496,text,true,,3218,338,298,298,https://pabsa.impressicocrm.com/api/tournament/119922/players,3416,0,0
1680594103902,3468,Get Players list ,200,,Knock_out_Thread Group 1-1514,text,true,,3218,338,298,298,https://pabsa.impressicocrm.com/api/tournament/119922/players,3468,0,0
1680594103712,3674,Get tournament result,200,,Knock_out_Thread Group 1-1326,text,true,,5441,338,298,298,https://pabsa.impressicocrm.com/api/tournament/119922/matches,3674,0,0
1680594101254,6140,Get Players schedule,200,,Knock_out_Thread Group 1-1429,text,true,,5441,338,298,298,https://pabsa.impressicocrm.com/api/tournament/119922/matches,6140,0,0
1680594104089,3315,Get single knockout Player details,200,,Knock_out_Thread Group 1-1392,text,true,,1210,326,298,298,https://pabsa.impressicocrm.com/api/player/110368,3315,0,0
1680594103951,3456,Get knockout players list ,200,,Knock_out_Thread Group 1-1400,text,true,,4598,340,298,298,https://pabsa.impressicocrm.com/api/tournament/118871/knockouts,3456,0,0
1680594104094,3314,Get single knockout Player details,200,,Knock_out_Thread Group 1-1365,text,true,,1210,326,298,298,https://pabsa.impressicocrm.com/api/player/110368,3314,0,0
1680594103819,3589,Get tournament result,200,,Knock_out_Thread Group 1-1348,text,true,,5435,338,298,298,https://pabsa.impressicocrm.com/api/tournament/119922/matches,3589,0,0
1680594104089,3319,Get single knockout Player details,200,,Knock_out_Thread Group 1-1377,text,true,,1210,326,298,298,https://pabsa.impressicocrm.com/api/player/110368,3319,0,0
1680594103913,3502,Get knockout players list ,200,,Knock_out_Thread Group 1-1418,text,true,,4598,340,298,298,https://pabsa.impressicocrm.com/api/tournament/118871/knockouts,3502,0,0
1680594103721,3697,Get playerA_Vs_playerB,200,,Knock_out_Thread Group 1-1286,text,true,,1239,341,298,298,https://pabsa.impressicocrm.com/api/tournament/matchScore/147598,3697,0,0
1680594103943,3479,Get knockout players list ,200,,Knock_out_Thread Group 1-1427,text,true,,4598,340,297,297,https://pabsa.impressicocrm.com/api/tournament/118871/knockouts,3479,0,0
1680594103705,3720,Get playerA_Vs_playerB,200,,Knock_out_Thread Group 1-1306,text,true,,1239,341,297,297,https://pabsa.impressicocrm.com/api/tournament/matchScore/147598,3720,0,0
1680594100593,6832,Get tournamnent list ,200,,Knock_out_Thread Group 1-1566,text,true,,58888,389,297,297,https://pabsa.impressicocrm.com/api/tournament?limit=12&pageNumber=1&sportType=&tournamentName=&tournamentStyle=,3950,0,0
1680594102499,4930,Get tournamnent list ,200,,Knock_out_Thread Group 1-1591,text,true,,58880,389,296,296,https://pabsa.impressicocrm.com/api/tournament?limit=12&pageNumber=1&sportType=&tournamentName=&tournamentStyle=,3847,0,0
1680594103854,3579,Get Home page currency,200,,Knock_out_Thread Group 1-1578,text,true,,9160,321,296,296,https://pabsa.impressicocrm.com/api/currency,3579,0,0
1680594103811,3624,Get Home page currency,200,,Knock_out_Thread Group 1-1541,text,true,,9160,321,296,296,https://pabsa.impressicocrm.com/api/currency,3624,0,0
1680594104164,3277,Get single knockout Player details,200,,Knock_out_Thread Group 1-1356,text,true,,1210,326,296,296,https://pabsa.impressicocrm.com/api/player/110368,3277,0,0
1680594102320,5145,Get tournamnent list ,200,,Knock_out_Thread Group 1-1594,text,true,,58865,389,296,296,https://pabsa.impressicocrm.com/api/tournament?limit=12&pageNumber=1&sportType=&tournamentName=&tournamentStyle=,3864,0,0
1680594101662,5817,Get Home page currency,200,,Knock_out_Thread Group 1-1528,text,true,,9160,321,296,296,https://pabsa.impressicocrm.com/api/currency,5817,0,0
1680594103815,3664,Get tournament result,200,,Knock_out_Thread Group 1-1344,text,true,,5441,338,296,296,https://pabsa.impressicocrm.com/api/tournament/119922/matches,3664,0,0
1680594104065,3414,Get Players list ,200,,Knock_out_Thread Group 1-1511,text,true,,3218,338,296,296,https://pabsa.impressicocrm.com/api/tournament/119922/players,3414,0,0
1680594104152,3328,Get playerA_Vs_playerB,200,,Knock_out_Thread Group 1-1300,text,true,,1239,341,296,296,https://pabsa.impressicocrm.com/api/tournament/matchScore/147598,3328,0,0
1680594103692,3788,Get knockout players list ,200,,Knock_out_Thread Group 1-1434,text,true,,4598,340,296,296,https://pabsa.impressicocrm.com/api/tournament/118871/knockouts,3788,0,0
1680594104029,3464,Get Break list ,200,,Knock_out_Thread Group 1-1465,text,true,,3218,338,295,295,https://pabsa.impressicocrm.com/api/tournament/119922/players,3464,0,0
1680594103785,3712,Get Players schedule,200,,Knock_out_Thread Group 1-1475,text,true,,5441,338,295,295,https://pabsa.impressicocrm.com/api/tournament/119922/matches,3712,0,0
1680594104192,3311,Get playerA_Vs_playerB,200,,Knock_out_Thread Group 1-1304,text,true,,1239,341,295,295,https://pabsa.impressicocrm.com/api/tournament/matchScore/147598,3311,0,0
1680594103726,3784,Get tournament result,200,,Knock_out_Thread Group 1-1352,text,true,,5441,338,294,294,https://pabsa.impressicocrm.com/api/tournament/119922/matches,3784,0,0
1680594103951,3559,Get Players list ,200,,Knock_out_Thread Group 1-1527,text,true,,3218,338,294,294,https://pabsa.impressicocrm.com/api/tournament/119922/players,3559,0,0
1680594103722,3790,Get Break list ,200,,Knock_out_Thread Group 1-1487,text,true,,3218,338,294,294,https://pabsa.impressicocrm.com/api/tournament/119922/players,3790,0,0
1680594104057,3458,Get Home page currency,200,,Knock_out_Thread Group 1-1556,text,true,,9153,321,294,294,https://pabsa.impressicocrm.com/api/currency,3458,0,0
1680594103437,4118,Get Home page currency,200,,Knock_out_Thread Group 1-1533,text,true,,9160,321,294,294,https://pabsa.impressicocrm.com/api/currency,4118,0,0
1680594104157,3410,Get Break list ,200,,Knock_out_Thread Group 1-1471,text,true,,3218,338,294,294,https://pabsa.impressicocrm.com/api/tournament/119922/players,3410,0,0
1680594104192,3376,Get Break list ,200,,Knock_out_Thread Group 1-1492,text,true,,3218,338,294,294,https://pabsa.impressicocrm.com/api/tournament/119922/players,3376,0,0
1680594104057,3515,Get Break list ,200,,Knock_out_Thread Group 1-1490,text,true,,3218,338,294,294,https://pabsa.impressicocrm.com/api/tournament/119922/players,3515,0,0
1680594104261,3315,Get playerA_Vs_playerB,200,,Knock_out_Thread Group 1-1321,text,true,,1239,341,294,294,https://pabsa.impressicocrm.com/api/tournament/matchScore/147598,3315,0,0
1680594103506,4070,Get playerA_Vs_playerB,200,,Knock_out_Thread Group 1-1274,text,true,,1239,341,294,294,https://pabsa.impressicocrm.com/api/tournament/matchScore/147598,4070,0,0
1680594104286,3296,Get single knockout Player details,200,,Knock_out_Thread Group 1-1372,text,true,,1210,326,292,292,https://pabsa.impressicocrm.com/api/player/110368,3296,0,0
1680594103803,3815,Get knockout players list ,200,,Knock_out_Thread Group 1-1422,text,true,,4598,340,292,292,https://pabsa.impressicocrm.com/api/tournament/118871/knockouts,3815,0,0
1680594101703,5926,Get knockout players list ,200,,Knock_out_Thread Group 1-1385,text,true,,4591,340,292,292,https://pabsa.impressicocrm.com/api/tournament/118871/knockouts,5926,0,0
1680594104286,3349,Get playerA_Vs_playerB,200,,Knock_out_Thread Group 1-1317,text,true,,1239,341,292,292,https://pabsa.impressicocrm.com/api/tournament/matchScore/147598,3348,0,0
1680594103226,4426,Get tournament result,200,,Knock_out_Thread Group 1-1374,text,true,,5441,338,291,291,https://pabsa.impressicocrm.com/api/tournament/119922/matches,4426,0,0
1680594103261,4412,Get playerA_Vs_playerB,200,,Knock_out_Thread Group 1-1305,text,true,,1239,341,291,291,https://pabsa.impressicocrm.com/api/tournament/matchScore/147598,4412,0,0
1680594104037,3639,Get Players schedule,200,,Knock_out_Thread Group 1-1432,text,true,,5441,338,290,290,https://pabsa.impressicocrm.com/api/tournament/119922/matches,3639,0,0
1680594104319,3408,Get playerA_Vs_playerB,200,,Knock_out_Thread Group 1-1320,text,true,,1239,341,290,290,https://pabsa.impressicocrm.com/api/tournament/matchScore/147598,3408,0,0
1680594104354,3378,Get single knockout Player details,200,,Knock_out_Thread Group 1-1395,text,true,,1210,326,289,289,https://pabsa.impressicocrm.com/api/player/110368,3378,0,0
1680594104273,3462,Get knockout players list ,200,,Knock_out_Thread Group 1-1401,text,true,,4598,340,289,289,https://pabsa.impressicocrm.com/api/tournament/118871/knockouts,3462,0,0
1680594104224,3525,Get Players schedule,200,,Knock_out_Thread Group 1-1449,text,true,,5441,338,289,289,https://pabsa.impressicocrm.com/api/tournament/119922/matches,3525,0,0
1680594104197,3556,Get tournament result,200,,Knock_out_Thread Group 1-1361,text,true,,5441,338,289,289,https://pabsa.impressicocrm.com/api/tournament/119922/matches,3556,0,0
1680594104129,3652,Get tournament result,200,,Knock_out_Thread Group 1-1375,text,true,,5441,338,289,289,https://pabsa.impressicocrm.com/api/tournament/119922/matches,3652,0,0
1680594104280,3501,Get Players list ,200,,Knock_out_Thread Group 1-1509,text,true,,3218,338,289,289,https://pabsa.impressicocrm.com/api/tournament/119922/players,3501,0,0
1680594104563,3244,Get single knockout Player details,200,,Knock_out_Thread Group 1-1398,text,true,,1210,326,289,289,https://pabsa.impressicocrm.com/api/player/110368,3244,0,0
1680594104172,3638,Get tournament result,200,,Knock_out_Thread Group 1-1359,text,true,,5441,338,289,289,https://pabsa.impressicocrm.com/api/tournament/119922/matches,3638,0,0
1680594104494,3326,Get Break list ,200,,Knock_out_Thread Group 1-1495,text,true,,3218,338,289,289,https://pabsa.impressicocrm.com/api/tournament/119922/players,3326,0,0
1680594104268,3552,Get knockout players list ,200,,Knock_out_Thread Group 1-1447,text,true,,4598,340,289,289,https://pabsa.impressicocrm.com/api/tournament/118871/knockouts,3552,0,0
1680594104565,3259,Get single knockout Player details,200,,Knock_out_Thread Group 1-1406,text,true,,1210,326,289,289,https://pabsa.impressicocrm.com/api/player/110368,3259,0,0
1680594103894,3975,Get Players schedule,200,,Knock_out_Thread Group 1-1433,text,true,,5441,338,289,289,https://pabsa.impressicocrm.com/api/tournament/119922/matches,3975,0,0
1680594102179,5692,Get playerA_Vs_playerB,200,,Knock_out_Thread Group 1-1268,text,true,,1239,341,289,289,https://pabsa.impressicocrm.com/api/tournament/matchScore/147598,5692,0,0
1680594104280,3600,Get tournament result,200,,Knock_out_Thread Group 1-1310,text,true,,5441,338,288,288,https://pabsa.impressicocrm.com/api/tournament/119922/matches,3600,0,0
1680594104582,3314,Get Home page currency,200,,Knock_out_Thread Group 1-1570,text,true,,9160,321,288,288,https://pabsa.impressicocrm.com/api/currency,3314,0,0
1680594104575,3321,Get Break list ,200,,Knock_out_Thread Group 1-1513,text,true,,3218,338,288,288,https://pabsa.impressicocrm.com/api/tournament/119922/players,3321,0,0
1680594103951,3959,Get Home page currency,200,,Knock_out_Thread Group 1-1557,text,true,,9160,321,288,288,https://pabsa.impressicocrm.com/api/currency,3959,0,0
1680594104268,3678,Get tournament result,200,,Knock_out_Thread Group 1-1355,text,true,,5441,338,288,288,https://pabsa.impressicocrm.com/api/tournament/119922/matches,3678,0,0
1680594104602,3350,Get knockout players list ,200,,Knock_out_Thread Group 1-1388,text,true,,4598,340,288,288,https://pabsa.impressicocrm.com/api/tournament/118871/knockouts,3350,0,0
1680594104779,3183,Get single knockout Player details,200,,Knock_out_Thread Group 1-1396,text,true,,1210,326,288,288,https://pabsa.impressicocrm.com/api/player/110368,3183,0,0
1680594104689,3273,Get playerA_Vs_playerB,200,,Knock_out_Thread Group 1-1346,text,true,,1239,341,288,288,https://pabsa.impressicocrm.com/api/tournament/matchScore/147598,3273,0,0
1680594103964,3998,Get tournament result,200,,Knock_out_Thread Group 1-1328,text,true,,5441,338,288,288,https://pabsa.impressicocrm.com/api/tournament/119922/matches,3998,0,0
1680594104303,3698,Get Players schedule,200,,Knock_out_Thread Group 1-1452,text,true,,5441,338,287,287,https://pabsa.impressicocrm.com/api/tournament/119922/matches,3698,0,0
1680594104586,3428,Get knockout players list ,200,,Knock_out_Thread Group 1-1399,text,true,,4598,340,287,287,https://pabsa.impressicocrm.com/api/tournament/118871/knockouts,3428,0,0
1680594104345,3695,Get Players schedule,200,,Knock_out_Thread Group 1-1437,text,true,,5441,338,287,287,https://pabsa.impressicocrm.com/api/tournament/119922/matches,3695,0,0
1680594104653,3392,Get knockout players list ,200,,Knock_out_Thread Group 1-1405,text,true,,4598,340,287,287,https://pabsa.impressicocrm.com/api/tournament/118871/knockouts,3392,0,0
1680594104964,3088,Get single knockout Player details,200,,Knock_out_Thread Group 1-1391,text,true,,1210,326,287,287,https://pabsa.impressicocrm.com/api/player/110368,3088,0,0
1680594104870,3189,Get Break list ,200,,Knock_out_Thread Group 1-1503,text,true,,3218,338,287,287,https://pabsa.impressicocrm.com/api/tournament/119922/players,3189,0,0
1680594104324,3735,Get Home page currency,200,,Knock_out_Thread Group 1-1504,text,true,,9160,321,287,287,https://pabsa.impressicocrm.com/api/currency,3735,0,0
1680594103831,4229,Get Players schedule,200,,Knock_out_Thread Group 1-1461,text,true,,5441,338,287,287,https://pabsa.impressicocrm.com/api/tournament/119922/matches,4229,0,0
1680594104977,3083,Get single knockout Player details,200,,Knock_out_Thread Group 1-1381,text,true,,1210,326,287,287,https://pabsa.impressicocrm.com/api/player/110368,3083,0,0
1680594104729,3330,Get Players list ,200,,Knock_out_Thread Group 1-1526,text,true,,3218,338,287,287,https://pabsa.impressicocrm.com/api/tournament/119922/players,3330,0,0
1680594104780,3296,Get Break list ,200,,Knock_out_Thread Group 1-1473,text,true,,3218,338,287,287,https://pabsa.impressicocrm.com/api/tournament/119922/players,3296,0,0
1680594104870,3207,Get playerA_Vs_playerB,200,,Knock_out_Thread Group 1-1343,text,true,,1239,341,287,287,https://pabsa.impressicocrm.com/api/tournament/matchScore/147598,3207,0,0
1680594104341,3746,Get Break list ,200,,Knock_out_Thread Group 1-1497,text,true,,3218,338,286,286,https://pabsa.impressicocrm.com/api/tournament/119922/players,3746,0,0
1680594104870,3228,Get knockout players list ,200,,Knock_out_Thread Group 1-1393,text,true,,4598,340,286,286,https://pabsa.impressicocrm.com/api/tournament/118871/knockouts,3228,0,0
1680594105039,3065,Get single knockout Player details,200,,Knock_out_Thread Group 1-1424,text,true,,1210,326,286,286,https://pabsa.impressicocrm.com/api/player/110368,3065,0,0
1680594104924,3180,Get Players list ,200,,Knock_out_Thread Group 1-1512,text,true,,3218,338,286,286,https://pabsa.impressicocrm.com/api/tournament/119922/players,3180,0,0
1680594102669,5438,Get tournamnent list ,200,,Knock_out_Thread Group 1-1589,text,true,,58880,389,286,286,https://pabsa.impressicocrm.com/api/tournament?limit=12&pageNumber=1&sportType=&tournamentName=&tournamentStyle=,4000,0,0
1680594104649,3459,Get Home page currency,200,,Knock_out_Thread Group 1-1562,text,true,,9160,321,286,286,https://pabsa.impressicocrm.com/api/currency,3459,0,0
1680594104335,3780,Get tournament result,200,,Knock_out_Thread Group 1-1336,text,true,,5441,338,286,286,https://pabsa.impressicocrm.com/api/tournament/119922/matches,3780,0,0
1680594104563,3562,Get Players schedule,200,,Knock_out_Thread Group 1-1456,text,true,,5441,338,286,286,https://pabsa.impressicocrm.com/api/tournament/119922/matches,3562,0,0
1680594104819,3312,Get Break list ,200,,Knock_out_Thread Group 1-1481,text,true,,3218,338,286,286,https://pabsa.impressicocrm.com/api/tournament/119922/players,3312,0,0
1680594104873,3263,Get knockout players list ,200,,Knock_out_Thread Group 1-1445,text,true,,4598,340,286,286,https://pabsa.impressicocrm.com/api/tournament/118871/knockouts,3263,0,0
1680594105096,3043,Get single knockout Player details,200,,Knock_out_Thread Group 1-1382,text,true,,1210,326,286,286,https://pabsa.impressicocrm.com/api/player/110368,3043,0,0
1680594102483,5659,Get tournamnent list ,200,,Knock_out_Thread Group 1-1586,text,true,,58880,389,286,286,https://pabsa.impressicocrm.com/api/tournament?limit=12&pageNumber=1&sportType=&tournamentName=&tournamentStyle=,3870,0,0
1680594104291,3871,Get Players schedule,200,,Knock_out_Thread Group 1-1448,text,true,,5441,338,286,286,https://pabsa.impressicocrm.com/api/tournament/119922/matches,3871,0,0
1680594104563,3617,Get Players schedule,200,,Knock_out_Thread Group 1-1431,text,true,,5441,338,286,286,https://pabsa.impressicocrm.com/api/tournament/119922/matches,3617,0,0
1680594104946,3243,Get Players list ,200,,Knock_out_Thread Group 1-1531,text,true,,3218,338,286,286,https://pabsa.impressicocrm.com/api/tournament/119922/players,3243,0,0
1680594105144,3047,Get Players list ,200,,Knock_out_Thread Group 1-1493,text,true,,3218,338,286,286,https://pabsa.impressicocrm.com/api/tournament/119922/players,3047,0,0
1680594104381,3812,Get Home page currency,200,,Knock_out_Thread Group 1-1516,text,true,,9160,321,286,286,https://pabsa.impressicocrm.com/api/currency,3812,0,0
1680594105058,3135,Get knockout players list ,200,,Knock_out_Thread Group 1-1420,text,true,,4598,340,286,286,https://pabsa.impressicocrm.com/api/tournament/118871/knockouts,3135,0,0
1680594105145,3072,Get Home page currency,200,,Knock_out_Thread Group 1-1581,text,true,,9160,321,286,286,https://pabsa.impressicocrm.com/api/currency,3072,0,0
1680594105090,3145,Get Players list ,200,,Knock_out_Thread Group 1-1525,text,true,,3218,338,286,286,https://pabsa.impressicocrm.com/api/tournament/119922/players,3144,0,0
1680594104676,3634,Get Home page currency,200,,Knock_out_Thread Group 1-1543,text,true,,9160,321,286,286,https://pabsa.impressicocrm.com/api/currency,3634,0,0
1680594105145,3165,Get Home page currency,200,,Knock_out_Thread Group 1-1558,text,true,,9160,321,286,286,https://pabsa.impressicocrm.com/api/currency,3165,0,0
1680594104676,3640,Get playerA_Vs_playerB,200,,Knock_out_Thread Group 1-1308,text,true,,1239,341,286,286,https://pabsa.impressicocrm.com/api/tournament/matchScore/147598,3640,0,0
1680594102635,5681,Get tournamnent list ,200,,Knock_out_Thread Group 1-1587,text,true,,58865,389,286,286,https://pabsa.impressicocrm.com/api/tournament?limit=12&pageNumber=1&sportType=&tournamentName=&tournamentStyle=,4166,0,0
1680594105008,3308,Get Players list ,200,,Knock_out_Thread Group 1-1501,text,true,,3218,338,286,286,https://pabsa.impressicocrm.com/api/tournament/119922/players,3308,0,0
1680594104642,3674,Get knockout players list ,200,,Knock_out_Thread Group 1-1417,text,true,,4598,340,286,286,https://pabsa.impressicocrm.com/api/tournament/118871/knockouts,3674,0,0
1680594104983,3339,Get Players schedule,200,,Knock_out_Thread Group 1-1485,text,true,,5441,338,285,285,https://pabsa.impressicocrm.com/api/tournament/119922/matches,3339,0,0
1680594104872,3457,Get tournament result,200,,Knock_out_Thread Group 1-1350,text,true,,5441,338,285,285,https://pabsa.impressicocrm.com/api/tournament/119922/matches,3457,0,0
1680594105249,3085,Get playerA_Vs_playerB,200,,Knock_out_Thread Group 1-1265,text,true,,1239,341,285,285,https://pabsa.impressicocrm.com/api/tournament/matchScore/147598,3085,0,0
1680594105042,3327,Get Home page currency,200,,Knock_out_Thread Group 1-1563,text,true,,9160,321,284,284,https://pabsa.impressicocrm.com/api/currency,3327,0,0
1680594102756,5624,Get knockout players list ,200,,Knock_out_Thread Group 1-1386,text,true,,4598,340,284,284,https://pabsa.impressicocrm.com/api/tournament/118871/knockouts,5624,0,0
1680594105316,3065,Get Home page currency,200,,Knock_out_Thread Group 1-1571,text,true,,9160,321,284,284,https://pabsa.impressicocrm.com/api/currency,3065,0,0
1680594105185,3205,Get Break list ,200,,Knock_out_Thread Group 1-1478,text,true,,3218,338,284,284,https://pabsa.impressicocrm.com/api/tournament/119922/players,3205,0,0
1680594105376,3015,Get single knockout Player details,200,,Knock_out_Thread Group 1-1378,text,true,,1210,326,284,284,https://pabsa.impressicocrm.com/api/player/110368,3015,0,0
1680594105181,3225,Get Players list ,200,,Knock_out_Thread Group 1-1502,text,true,,3218,338,284,284,https://pabsa.impressicocrm.com/api/tournament/119922/players,3225,0,0
1680594104434,3978,Get knockout players list ,200,,Knock_out_Thread Group 1-1474,text,true,,4598,340,284,284,https://pabsa.impressicocrm.com/api/tournament/118871/knockouts,3978,0,0
1680594104899,3524,Get tournament result,200,,Knock_out_Thread Group 1-1358,text,true,,5441,338,284,284,https://pabsa.impressicocrm.com/api/tournament/119922/matches,3524,0,0
1680594105333,3096,Get Players list ,200,,Knock_out_Thread Group 1-1508,text,true,,3218,338,284,284,https://pabsa.impressicocrm.com/api/tournament/119922/players,3096,0,0
1680594105376,3054,Get playerA_Vs_playerB,200,,Knock_out_Thread Group 1-1333,text,true,,1239,341,284,284,https://pabsa.impressicocrm.com/api/tournament/matchScore/147598,3054,0,0
1680594105160,3302,Get tournament result,200,,Knock_out_Thread Group 1-1366,text,true,,5441,338,283,283,https://pabsa.impressicocrm.com/api/tournament/119922/matches,3302,0,0
1680594105318,3147,Get Players list ,200,,Knock_out_Thread Group 1-1529,text,true,,3218,338,283,283,https://pabsa.impressicocrm.com/api/tournament/119922/players,3147,0,0
1680594104575,3892,Get Players schedule,200,,Knock_out_Thread Group 1-1444,text,true,,5441,338,283,283,https://pabsa.impressicocrm.com/api/tournament/119922/matches,3892,0,0
1680594102783,5684,Get knockout players list ,200,,Knock_out_Thread Group 1-1390,text,true,,4598,340,283,283,https://pabsa.impressicocrm.com/api/tournament/118871/knockouts,5684,0,0
1680594105068,3415,Get Home page currency,200,,Knock_out_Thread Group 1-1552,text,true,,9160,321,283,283,https://pabsa.impressicocrm.com/api/currency,3415,0,0
1680594105153,3334,Get Players schedule,200,,Knock_out_Thread Group 1-1466,text,true,,5441,338,283,283,https://pabsa.impressicocrm.com/api/tournament/119922/matches,3334,0,0
1680594104594,3896,Get Home page currency,200,,Knock_out_Thread Group 1-1549,text,true,,9160,321,283,283,https://pabsa.impressicocrm.com/api/currency,3896,0,0
1680594105393,3100,Get Players list ,200,,Knock_out_Thread Group 1-1519,text,true,,3218,338,283,283,https://pabsa.impressicocrm.com/api/tournament/119922/players,3100,0,0
1680594104962,3536,Get tournament result,200,,Knock_out_Thread Group 1-1353,text,true,,5441,338,283,283,https://pabsa.impressicocrm.com/api/tournament/119922/matches,3536,0,0
1680594105405,3103,Get playerA_Vs_playerB,200,,Knock_out_Thread Group 1-1315,text,true,,1239,341,283,283,https://pabsa.impressicocrm.com/api/tournament/matchScore/147598,3103,0,0
1680594104295,4213,Get tournament result,200,,Knock_out_Thread Group 1-1380,text,true,,5435,338,283,283,https://pabsa.impressicocrm.com/api/tournament/119922/matches,4213,0,0
1680594105033,3481,Get Home page currency,200,,Knock_out_Thread Group 1-1564,text,true,,9160,321,282,282,https://pabsa.impressicocrm.com/api/currency,3481,0,0
1680594105318,3211,Get Players list ,200,,Knock_out_Thread Group 1-1507,text,true,,3218,338,282,282,https://pabsa.impressicocrm.com/api/tournament/119922/players,3211,0,0
1680594105090,3449,Get Players schedule,200,,Knock_out_Thread Group 1-1402,text,true,,5441,338,282,282,https://pabsa.impressicocrm.com/api/tournament/119922/matches,3449,0,0
1680594105157,3382,Get tournament result,200,,Knock_out_Thread Group 1-1397,text,true,,5441,338,282,282,https://pabsa.impressicocrm.com/api/tournament/119922/matches,3382,0,0
1680594105602,2941,Get single knockout Player details,200,,Knock_out_Thread Group 1-1363,text,true,,1210,326,282,282,https://pabsa.impressicocrm.com/api/player/110368,2941,0,0
1680594103107,5436,Get tournament result,200,,Knock_out_Thread Group 1-1318,text,true,,5441,338,282,282,https://pabsa.impressicocrm.com/api/tournament/119922/matches,5436,0,0
1680594105286,3259,Get tournament result,200,,Knock_out_Thread Group 1-1419,text,true,,5441,338,282,282,https://pabsa.impressicocrm.com/api/tournament/119922/matches,3259,0,0
1680594105381,3172,Get Players list ,200,,Knock_out_Thread Group 1-1499,text,true,,3218,338,282,282,https://pabsa.impressicocrm.com/api/tournament/119922/players,3172,0,0
1680594105498,3067,Get knockout players list ,200,,Knock_out_Thread Group 1-1435,text,true,,4591,340,282,282,https://pabsa.impressicocrm.com/api/tournament/118871/knockouts,3067,0,0
1680594105468,3097,Get Players list ,200,,Knock_out_Thread Group 1-1523,text,true,,3218,338,282,282,https://pabsa.impressicocrm.com/api/tournament/119922/players,3097,0,0
1680594105506,3061,Get Home page currency,200,,Knock_out_Thread Group 1-1585,text,true,,9153,321,282,282,https://pabsa.impressicocrm.com/api/currency,3061,0,0
1680594104775,3792,Get tournament result,200,,Knock_out_Thread Group 1-1368,text,true,,5441,338,282,282,https://pabsa.impressicocrm.com/api/tournament/119922/matches,3792,0,0
1680594104326,4255,Get Home page currency,200,,Knock_out_Thread Group 1-1521,text,true,,9160,321,282,282,https://pabsa.impressicocrm.com/api/currency,4255,0,0
1680594103261,5348,Get tournamnent list ,200,,Knock_out_Thread Group 1-1599,text,true,,58888,389,282,282,https://pabsa.impressicocrm.com/api/tournament?limit=12&pageNumber=1&sportType=&tournamentName=&tournamentStyle=,4115,0,0
1680594105513,3096,Get Players list ,200,,Knock_out_Thread Group 1-1544,text,true,,3218,338,282,282,https://pabsa.impressicocrm.com/api/tournament/119922/players,3096,0,0
1680594105405,3216,Get Players schedule,200,,Knock_out_Thread Group 1-1464,text,true,,5441,338,282,282,https://pabsa.impressicocrm.com/api/tournament/119922/matches,3216,0,0
1680594105678,2952,Get playerA_Vs_playerB,200,,Knock_out_Thread Group 1-1325,text,true,,1239,341,282,282,https://pabsa.impressicocrm.com/api/tournament/matchScore/147598,2952,0,0
1680594105559,3071,Get Players list ,200,,Knock_out_Thread Group 1-1505,text,true,,3218,338,282,282,https://pabsa.impressicocrm.com/api/tournament/119922/players,3071,0,0
1680594105409,3224,Get Players list ,200,,Knock_out_Thread Group 1-1537,text,true,,3218,338,281,281,https://pabsa.impressicocrm.com/api/tournament/119922/players,3224,0,0
1680594104667,3969,Get knockout players list ,200,,Knock_out_Thread Group 1-1453,text,true,,4598,340,281,281,https://pabsa.impressicocrm.com/api/tournament/118871/knockouts,3969,0,0
1680594105732,2919,Get knockout players list ,200,,Knock_out_Thread Group 1-1436,text,true,,4598,340,281,281,https://pabsa.impressicocrm.com/api/tournament/118871/knockouts,2919,0,0
1680594105386,3294,Get tournament result,200,,Knock_out_Thread Group 1-1384,text,true,,5441,338,281,281,https://pabsa.impressicocrm.com/api/tournament/119922/matches,3294,0,0
1680594105249,3437,Get Players list ,200,,Knock_out_Thread Group 1-1510,text,true,,3218,338,281,281,https://pabsa.impressicocrm.com/api/tournament/119922/players,3437,0,0
1680594105751,2954,Get playerA_Vs_playerB,200,,Knock_out_Thread Group 1-1360,text,true,,1239,341,281,281,https://pabsa.impressicocrm.com/api/tournament/matchScore/147598,2954,0,0
1680594102836,5878,Get tournamnent list ,200,,Knock_out_Thread Group 1-1588,text,true,,58880,389,280,280,https://pabsa.impressicocrm.com/api/tournament?limit=12&pageNumber=1&sportType=&tournamentName=&tournamentStyle=,4149,0,0
1680594105651,3067,Get Players list ,200,,Knock_out_Thread Group 1-1542,text,true,,3218,338,280,280,https://pabsa.impressicocrm.com/api/tournament/119922/players,3067,0,0
1680594105785,2937,Get playerA_Vs_playerB,200,,Knock_out_Thread Group 1-1337,text,true,,1239,341,280,280,https://pabsa.impressicocrm.com/api/tournament/matchScore/147598,2937,0,0
1680594105537,3222,Get Home page currency,200,,Knock_out_Thread Group 1-1583,text,true,,9160,321,279,279,https://pabsa.impressicocrm.com/api/currency,3222,0,0
1680594105719,3066,Get Players list ,200,,Knock_out_Thread Group 1-1538,text,true,,3218,338,279,279,https://pabsa.impressicocrm.com/api/tournament/119922/players,3066,0,0
1680594105451,3342,Get tournament result,200,,Knock_out_Thread Group 1-1342,text,true,,5441,338,279,279,https://pabsa.impressicocrm.com/api/tournament/119922/matches,3342,0,0
1680594105678,3115,Get Players list ,200,,Knock_out_Thread Group 1-1534,text,true,,3218,338,279,279,https://pabsa.impressicocrm.com/api/tournament/119922/players,3115,0,0
1680594105508,3296,Get Players schedule,200,,Knock_out_Thread Group 1-1472,text,true,,5441,338,279,279,https://pabsa.impressicocrm.com/api/tournament/119922/matches,3296,0,0
1680594103424,5406,Get tournamnent list ,200,,Knock_out_Thread Group 1-1590,text,true,,58880,389,279,279,https://pabsa.impressicocrm.com/api/tournament?limit=12&pageNumber=1&sportType=&tournamentName=&tournamentStyle=,4063,0,0
1680594105884,2955,Get playerA_Vs_playerB,200,,Knock_out_Thread Group 1-1311,text,true,,1239,341,279,279,https://pabsa.impressicocrm.com/api/tournament/matchScore/147598,2955,0,0
1680594105864,2975,Get knockout players list ,200,,Knock_out_Thread Group 1-1428,text,true,,4598,340,279,279,https://pabsa.impressicocrm.com/api/tournament/118871/knockouts,2975,0,0
1680594105928,2917,Get single knockout Player details,200,,Knock_out_Thread Group 1-1394,text,true,,1210,326,278,278,https://pabsa.impressicocrm.com/api/player/110368,2917,0,0
1680594105931,2926,Get single knockout Player details,200,,Knock_out_Thread Group 1-1416,text,true,,1210,326,278,278,https://pabsa.impressicocrm.com/api/player/110368,2926,0,0
1680594105979,2887,Get single knockout Player details,200,,Knock_out_Thread Group 1-1421,text,true,,1210,326,278,278,https://pabsa.impressicocrm.com/api/player/110368,2887,0,0
1680594101868,7000,Get tournamnent list ,200,,Knock_out_Thread Group 1-1577,text,true,,58888,389,278,278,https://pabsa.impressicocrm.com/api/tournament?limit=12&pageNumber=1&sportType=&tournamentName=&tournamentStyle=,6058,0,0
1680594105857,3028,Get Players list ,200,,Knock_out_Thread Group 1-1498,text,true,,3218,338,278,278,https://pabsa.impressicocrm.com/api/tournament/119922/players,3028,0,0
1680594105891,2994,Get Players list ,200,,Knock_out_Thread Group 1-1515,text,true,,3218,338,278,278,https://pabsa.impressicocrm.com/api/tournament/119922/players,2994,0,0
1680594105908,2984,Get knockout players list ,200,,Knock_out_Thread Group 1-1403,text,true,,4598,340,278,278,https://pabsa.impressicocrm.com/api/tournament/118871/knockouts,2984,0,0
1680594105891,3027,Get knockout players list ,200,,Knock_out_Thread Group 1-1425,text,true,,4598,340,278,278,https://pabsa.impressicocrm.com/api/tournament/118871/knockouts,3027,0,0
1680594103579,5345,Get tournamnent list ,200,,Knock_out_Thread Group 1-1598,text,true,,58888,389,278,278,https://pabsa.impressicocrm.com/api/tournament?limit=12&pageNumber=1&sportType=&tournamentName=&tournamentStyle=,4093,0,0
1680594106062,2868,Get single knockout Player details,200,,Knock_out_Thread Group 1-1407,text,true,,1210,326,278,278,https://pabsa.impressicocrm.com/api/player/110368,2868,0,0
1680594106120,2811,Get single knockout Player details,200,,Knock_out_Thread Group 1-1409,text,true,,1210,326,278,278,https://pabsa.impressicocrm.com/api/player/110368,2811,0,0
1680594105535,3396,Get tournament result,200,,Knock_out_Thread Group 1-1367,text,true,,5441,338,278,278,https://pabsa.impressicocrm.com/api/tournament/119922/matches,3396,0,0
1680594105979,2954,Get playerA_Vs_playerB,200,,Knock_out_Thread Group 1-1276,text,true,,1239,341,278,278,https://pabsa.impressicocrm.com/api/tournament/matchScore/147598,2954,0,0
1680594106120,2824,Get knockout players list ,200,,Knock_out_Thread Group 1-1443,text,true,,4598,340,277,277,https://pabsa.impressicocrm.com/api/tournament/118871/knockouts,2824,0,0
1680594105722,3227,Get Players schedule,200,,Knock_out_Thread Group 1-1467,text,true,,5441,338,277,277,https://pabsa.impressicocrm.com/api/tournament/119922/matches,3227,0,0
1680594105820,3148,Get Players schedule,200,,Knock_out_Thread Group 1-1462,text,true,,5441,338,277,277,https://pabsa.impressicocrm.com/api/tournament/119922/matches,3148,0,0
1680594102691,6277,Get tournamnent list ,200,,Knock_out_Thread Group 1-1596,text,true,,58880,389,277,277,https://pabsa.impressicocrm.com/api/tournament?limit=12&pageNumber=1&sportType=&tournamentName=&tournamentStyle=,4632,0,0
1680594106116,2863,Get playerA_Vs_playerB,200,,Knock_out_Thread Group 1-1339,text,true,,1239,341,277,277,https://pabsa.impressicocrm.com/api/tournament/matchScore/147598,2863,0,0
1680594105598,3389,Get Break list ,200,,Knock_out_Thread Group 1-1486,text,true,,3218,338,276,276,https://pabsa.impressicocrm.com/api/tournament/119922/players,3389,0,0
1680594106053,2934,Get playerA_Vs_playerB,200,,Knock_out_Thread Group 1-1334,text,true,,1239,341,276,276,https://pabsa.impressicocrm.com/api/tournament/matchScore/147598,2934,0,0
1680594105680,3308,Get Players schedule,200,,Knock_out_Thread Group 1-1459,text,true,,5441,338,276,276,https://pabsa.impressicocrm.com/api/tournament/119922/matches,3308,0,0
1680594105545,3443,Get Players list ,200,,Knock_out_Thread Group 1-1536,text,true,,3218,338,276,276,https://pabsa.impressicocrm.com/api/tournament/119922/players,3443,0,0
1680594105913,3088,Get Players list ,200,,Knock_out_Thread Group 1-1524,text,true,,3218,338,275,275,https://pabsa.impressicocrm.com/api/tournament/119922/players,3088,0,0
1680594108329,676,Get playerA_Vs_playerB,200,,Knock_out_Thread Group 1-1350,text,true,,1239,341,275,275,https://pabsa.impressicocrm.com/api/tournament/matchScore/147598,676,0,0
1680594106053,2952,Get Players list ,200,,Knock_out_Thread Group 1-1539,text,true,,3218,338,275,275,https://pabsa.impressicocrm.com/api/tournament/119922/players,2952,0,0
1680594105965,3047,Get knockout players list ,200,,Knock_out_Thread Group 1-1414,text,true,,4598,340,274,274,https://pabsa.impressicocrm.com/api/tournament/118871/knockouts,3047,0,0
1680594105249,3777,Get Players schedule,200,,Knock_out_Thread Group 1-1480,text,true,,5441,338,274,274,https://pabsa.impressicocrm.com/api/tournament/119922/matches,3777,0,0
1680594105913,3131,Get Home page currency,200,,Knock_out_Thread Group 1-1573,text,true,,9160,321,274,274,https://pabsa.impressicocrm.com/api/currency,3131,0,0
1680594106186,2867,Get playerA_Vs_playerB,200,,Knock_out_Thread Group 1-1329,text,true,,1239,341,274,274,https://pabsa.impressicocrm.com/api/tournament/matchScore/147598,2867,0,0
1680594106177,2893,Get playerA_Vs_playerB,200,,Knock_out_Thread Group 1-1324,text,true,,1239,341,273,273,https://pabsa.impressicocrm.com/api/tournament/matchScore/147598,2893,0,0
1680594106261,2835,Get Players list ,200,,Knock_out_Thread Group 1-1547,text,true,,3218,338,272,272,https://pabsa.impressicocrm.com/api/tournament/119922/players,2835,0,0
1680594104594,4521,Get Home page currency,200,,Knock_out_Thread Group 1-1555,text,true,,9160,321,272,272,https://pabsa.impressicocrm.com/api/currency,4521,0,0
1680594106065,3058,Get Home page currency,200,,Knock_out_Thread Group 1-1550,text,true,,9160,321,272,272,https://pabsa.impressicocrm.com/api/currency,3058,0,0
1680594106041,3087,Get Players schedule,200,,Knock_out_Thread Group 1-1477,text,true,,5441,338,272,272,https://pabsa.impressicocrm.com/api/tournament/119922/matches,3087,0,0
1680594105893,3243,Get Players schedule,200,,Knock_out_Thread Group 1-1469,text,true,,5441,338,272,272,https://pabsa.impressicocrm.com/api/tournament/119922/matches,3243,0,0
1680594106332,2815,Get playerA_Vs_playerB,200,,Knock_out_Thread Group 1-1307,text,true,,1239,341,272,272,https://pabsa.impressicocrm.com/api/tournament/matchScore/147598,2815,0,0
1680594105880,3268,Get tournament result,200,,Knock_out_Thread Group 1-1340,text,true,,5441,338,271,271,https://pabsa.impressicocrm.com/api/tournament/119922/matches,3268,0,0
1680594106151,3014,Get Home page currency,200,,Knock_out_Thread Group 1-1553,text,true,,9160,321,271,271,https://pabsa.impressicocrm.com/api/currency,3014,0,0
1680594105965,3200,Get Players schedule,200,,Knock_out_Thread Group 1-1476,text,true,,5441,338,271,271,https://pabsa.impressicocrm.com/api/tournament/119922/matches,3200,0,0
1680594105894,3281,Get playerA_Vs_playerB,200,,Knock_out_Thread Group 1-1338,text,true,,1239,341,271,271,https://pabsa.impressicocrm.com/api/tournament/matchScore/147598,3281,0,0
1680594106143,3057,Get tournament result,200,,Knock_out_Thread Group 1-1347,text,true,,5441,338,270,270,https://pabsa.impressicocrm.com/api/tournament/119922/matches,3057,0,0
1680594106347,2860,Get Break list ,200,,Knock_out_Thread Group 1-1491,text,true,,3218,338,270,270,https://pabsa.impressicocrm.com/api/tournament/119922/players,2860,0,0
1680594103327,5883,Get Home page currency,200,,Knock_out_Thread Group 1-1522,text,true,,9160,321,270,270,https://pabsa.impressicocrm.com/api/currency,5883,0,0
1680594105812,3404,Get tournament result,200,,Knock_out_Thread Group 1-1364,text,true,,5441,338,270,270,https://pabsa.impressicocrm.com/api/tournament/119922/matches,3404,0,0
1680594106465,2770,Get single knockout Player details,200,,Knock_out_Thread Group 1-1413,text,true,,1210,326,270,270,https://pabsa.impressicocrm.com/api/player/110368,2770,0,0
1680594105864,3417,Get Home page currency,200,,Knock_out_Thread Group 1-1584,text,true,,9160,321,270,270,https://pabsa.impressicocrm.com/api/currency,3417,0,0
1680594106142,3139,Get single knockout Player details,200,,Knock_out_Thread Group 1-1383,text,true,,1210,326,270,270,https://pabsa.impressicocrm.com/api/player/110368,3139,0,0
1680594106368,2913,Get playerA_Vs_playerB,200,,Knock_out_Thread Group 1-1323,text,true,,1239,341,270,270,https://pabsa.impressicocrm.com/api/tournament/matchScore/147598,2913,0,0
1680594106377,2904,Get Home page currency,200,,Knock_out_Thread Group 1-1576,text,true,,9160,321,270,270,https://pabsa.impressicocrm.com/api/currency,2904,0,0
1680594106468,2821,Get Home page currency,200,,Knock_out_Thread Group 1-1582,text,true,,9160,321,269,269,https://pabsa.impressicocrm.com/api/currency,2821,0,0
1680594106392,2897,Get Home page currency,200,,Knock_out_Thread Group 1-1579,text,true,,9160,321,269,269,https://pabsa.impressicocrm.com/api/currency,2897,0,0
1680594106707,2582,Get knockout players list ,200,,Knock_out_Thread Group 1-1411,text,true,,4598,340,269,269,https://pabsa.impressicocrm.com/api/tournament/118871/knockouts,2582,0,0
1680594106376,2913,Get Players list ,200,,Knock_out_Thread Group 1-1517,text,true,,3218,338,269,269,https://pabsa.impressicocrm.com/api/tournament/119922/players,2913,0,0
1680594106282,3018,Get Break list ,200,,Knock_out_Thread Group 1-1484,text,true,,3218,338,269,269,https://pabsa.impressicocrm.com/api/tournament/119922/players,3018,0,0
1680594106556,2744,Get Home page currency,200,,Knock_out_Thread Group 1-1561,text,true,,9160,321,269,269,https://pabsa.impressicocrm.com/api/currency,2744,0,0
1680594106532,2773,Get Home page currency,200,,Knock_out_Thread Group 1-1574,text,true,,9160,321,269,269,https://pabsa.impressicocrm.com/api/currency,2773,0,0
1680594106262,3043,Get single knockout Player details,200,,Knock_out_Thread Group 1-1379,text,true,,1210,326,269,269,https://pabsa.impressicocrm.com/api/player/110368,3043,0,0
1680594106642,2670,Get playerA_Vs_playerB,200,,Knock_out_Thread Group 1-1330,text,true,,1239,341,269,269,https://pabsa.impressicocrm.com/api/tournament/matchScore/147598,2670,0,0
1680594106613,2724,Get Players list ,200,,Knock_out_Thread Group 1-1532,text,true,,3218,338,268,268,https://pabsa.impressicocrm.com/api/tournament/119922/players,2724,0,0
1680594106628,2722,Get Home page currency,200,,Knock_out_Thread Group 1-1559,text,true,,9160,321,268,268,https://pabsa.impressicocrm.com/api/currency,2722,0,0
1680594106582,2768,Get knockout players list ,200,,Knock_out_Thread Group 1-1450,text,true,,4598,340,268,268,https://pabsa.impressicocrm.com/api/tournament/118871/knockouts,2768,0,0
1680594106437,2919,Get knockout players list ,200,,Knock_out_Thread Group 1-1408,text,true,,4598,340,268,268,https://pabsa.impressicocrm.com/api/tournament/118871/knockouts,2919,0,0
1680594106503,2855,Get Break list ,200,,Knock_out_Thread Group 1-1518,text,true,,3218,338,268,268,https://pabsa.impressicocrm.com/api/tournament/119922/players,2855,0,0
1680594106692,2673,Get knockout players list ,200,,Knock_out_Thread Group 1-1430,text,true,,4598,340,268,268,https://pabsa.impressicocrm.com/api/tournament/118871/knockouts,2673,0,0
1680594105873,3501,Get Home page currency,200,,Knock_out_Thread Group 1-1567,text,true,,9160,321,268,268,https://pabsa.impressicocrm.com/api/currency,3501,0,0
1680594106712,2666,Get playerA_Vs_playerB,200,,Knock_out_Thread Group 1-1327,text,true,,1239,341,268,268,https://pabsa.impressicocrm.com/api/tournament/matchScore/147598,2666,0,0
1680594106261,3147,Get playerA_Vs_playerB,200,,Knock_out_Thread Group 1-1302,text,true,,1239,341,267,267,https://pabsa.impressicocrm.com/api/tournament/matchScore/147598,3147,0,0
1680594106769,2645,Get single knockout Player details,200,,Knock_out_Thread Group 1-1341,text,true,,1210,326,266,266,https://pabsa.impressicocrm.com/api/player/110368,2645,0,0
1680594105857,3557,Get tournament result,200,,Knock_out_Thread Group 1-1376,text,true,,5441,338,266,266,https://pabsa.impressicocrm.com/api/tournament/119922/matches,3557,0,0
1680594106339,3090,Get Home page currency,200,,Knock_out_Thread Group 1-1569,text,true,,9160,321,266,266,https://pabsa.impressicocrm.com/api/currency,3090,0,0
1680594106742,2705,Get Home page currency,200,,Knock_out_Thread Group 1-1568,text,true,,9160,321,266,266,https://pabsa.impressicocrm.com/api/currency,2705,0,0
1680594106512,2941,Get Home page currency,200,,Knock_out_Thread Group 1-1593,text,true,,9160,321,266,266,https://pabsa.impressicocrm.com/api/currency,2941,0,0
1680594106481,2974,Get Players schedule,200,,Knock_out_Thread Group 1-1470,text,true,,5441,338,266,266,https://pabsa.impressicocrm.com/api/tournament/119922/matches,2974,0,0
1680594106422,3045,Get single knockout Player details,200,,Knock_out_Thread Group 1-1389,text,true,,1210,326,266,266,https://pabsa.impressicocrm.com/api/player/110368,3045,0,0
1680594106389,3079,Get knockout players list ,200,,Knock_out_Thread Group 1-1446,text,true,,4598,340,266,266,https://pabsa.impressicocrm.com/api/tournament/118871/knockouts,3079,0,0
1680594106806,2683,Get knockout players list ,200,,Knock_out_Thread Group 1-1454,text,true,,4598,340,266,266,https://pabsa.impressicocrm.com/api/tournament/118871/knockouts,2683,0,0
1680594106350,3149,Get playerA_Vs_playerB,200,,Knock_out_Thread Group 1-1331,text,true,,1239,341,266,266,https://pabsa.impressicocrm.com/api/tournament/matchScore/147598,3149,0,0
1680594106292,3214,Get tournament result,200,,Knock_out_Thread Group 1-1387,text,true,,5435,338,265,265,https://pabsa.impressicocrm.com/api/tournament/119922/matches,3214,0,0
1680594106278,3230,Get knockout players list ,200,,Knock_out_Thread Group 1-1404,text,true,,4598,340,265,265,https://pabsa.impressicocrm.com/api/tournament/118871/knockouts,3230,0,0
1680594106832,2687,Get playerA_Vs_playerB,200,,Knock_out_Thread Group 1-1309,text,true,,1239,341,265,265,https://pabsa.impressicocrm.com/api/tournament/matchScore/147598,2687,0,0
1680594106127,3393,Get Players schedule,200,,Knock_out_Thread Group 1-1440,text,true,,5441,338,264,264,https://pabsa.impressicocrm.com/api/tournament/119922/matches,3393,0,0
1680594106956,2570,Get single knockout Player details,200,,Knock_out_Thread Group 1-1423,text,true,,1210,326,264,264,https://pabsa.impressicocrm.com/api/player/110368,2570,0,0
1680594106116,3413,Get Players schedule,200,,Knock_out_Thread Group 1-1455,text,true,,5441,338,264,264,https://pabsa.impressicocrm.com/api/tournament/119922/matches,3413,0,0
1680594106544,2997,Get tournament result,200,,Knock_out_Thread Group 1-1332,text,true,,5441,338,264,264,https://pabsa.impressicocrm.com/api/tournament/119922/matches,2997,0,0
1680594107034,2559,Get single knockout Player details,200,,Knock_out_Thread Group 1-1415,text,true,,1210,326,264,264,https://pabsa.impressicocrm.com/api/player/110368,2559,0,0
1680594106891,2702,Get playerA_Vs_playerB,200,,Knock_out_Thread Group 1-1335,text,true,,1239,341,264,264,https://pabsa.impressicocrm.com/api/tournament/matchScore/147598,2702,0,0
1680594106707,2887,Get tournament result,200,,Knock_out_Thread Group 1-1357,text,true,,5441,338,263,263,https://pabsa.impressicocrm.com/api/tournament/119922/matches,2887,0,0
1680594106808,2792,Get Home page currency,200,,Knock_out_Thread Group 1-1575,text,true,,9160,321,263,263,https://pabsa.impressicocrm.com/api/currency,2792,0,0
1680594106414,3227,Get Players schedule,200,,Knock_out_Thread Group 1-1468,text,true,,5441,338,263,263,https://pabsa.impressicocrm.com/api/tournament/119922/matches,3227,0,0
1680594106597,3044,Get Home page currency,200,,Knock_out_Thread Group 1-1597,text,true,,9160,321,263,263,https://pabsa.impressicocrm.com/api/currency,3044,0,0
1680594106399,3242,Get Home page currency,200,,Knock_out_Thread Group 1-1580,text,true,,9160,321,263,263,https://pabsa.impressicocrm.com/api/currency,3242,0,0
1680594106387,3288,Get Players list ,200,,Knock_out_Thread Group 1-1520,text,true,,3218,338,263,263,https://pabsa.impressicocrm.com/api/tournament/119922/players,3288,0,0
1680594107056,2629,Get Players list ,200,,Knock_out_Thread Group 1-1565,text,true,,3218,338,263,263,https://pabsa.impressicocrm.com/api/tournament/119922/players,2629,0,0
1680594107232,2459,Get playerA_Vs_playerB,200,,Knock_out_Thread Group 1-1345,text,true,,1239,341,263,263,https://pabsa.impressicocrm.com/api/tournament/matchScore/147598,2459,0,0
1680594108857,837,Get tournament result,200,,Knock_out_Thread Group 1-1416,text,true,,5441,338,262,262,https://pabsa.impressicocrm.com/api/tournament/119922/matches,837,0,0
1680594107234,2495,Get playerA_Vs_playerB,200,,Knock_out_Thread Group 1-1319,text,true,,1239,341,262,262,https://pabsa.impressicocrm.com/api/tournament/matchScore/147598,2495,0,0
1680594106821,2915,Get knockout players list ,200,,Knock_out_Thread Group 1-1412,text,true,,4598,340,261,261,https://pabsa.impressicocrm.com/api/tournament/118871/knockouts,2915,0,0
1680594107085,2657,Get knockout players list ,200,,Knock_out_Thread Group 1-1463,text,true,,4598,340,261,261,https://pabsa.impressicocrm.com/api/tournament/118871/knockouts,2657,0,0
1680594106736,3020,Get Players schedule,200,,Knock_out_Thread Group 1-1488,text,true,,5441,338,261,261,https://pabsa.impressicocrm.com/api/tournament/119922/matches,3020,0,0
1680594106821,2935,Get Players schedule,200,,Knock_out_Thread Group 1-1479,text,true,,5441,338,261,261,https://pabsa.impressicocrm.com/api/tournament/119922/matches,2935,0,0
1680594107242,2519,Get playerA_Vs_playerB,200,,Knock_out_Thread Group 1-1371,text,true,,1239,341,261,261,https://pabsa.impressicocrm.com/api/tournament/matchScore/147598,2519,0,0
1680594107232,2564,Get Players list ,200,,Knock_out_Thread Group 1-1535,text,true,,3218,338,260,260,https://pabsa.impressicocrm.com/api/tournament/119922/players,2564,0,0
1680594106867,2937,Get Home page currency,200,,Knock_out_Thread Group 1-1600,text,true,,9160,321,260,260,https://pabsa.impressicocrm.com/api/currency,2937,0,0
1680594106347,3477,Get Players schedule,200,,Knock_out_Thread Group 1-1483,text,true,,5441,338,260,260,https://pabsa.impressicocrm.com/api/tournament/119922/matches,3477,0,0
1680594106764,3060,Get Break list ,200,,Knock_out_Thread Group 1-1500,text,true,,3218,338,260,260,https://pabsa.impressicocrm.com/api/tournament/119922/players,3060,0,0
1680594107262,2573,Get Players list ,200,,Knock_out_Thread Group 1-1545,text,true,,3218,338,260,260,https://pabsa.impressicocrm.com/api/tournament/119922/players,2573,0,0
1680594106718,3132,Get Players schedule,200,,Knock_out_Thread Group 1-1460,text,true,,5441,338,260,260,https://pabsa.impressicocrm.com/api/tournament/119922/matches,3132,0,0
1680594107029,2825,Get tournament result,200,,Knock_out_Thread Group 1-1362,text,true,,5441,338,260,260,https://pabsa.impressicocrm.com/api/tournament/119922/matches,2825,0,0
1680594107041,2844,Get single knockout Player details,200,,Knock_out_Thread Group 1-1426,text,true,,1210,326,260,260,https://pabsa.impressicocrm.com/api/player/110368,2844,0,0
1680594107259,2626,Get Players list ,200,,Knock_out_Thread Group 1-1551,text,true,,3218,338,260,260,https://pabsa.impressicocrm.com/api/tournament/119922/players,2626,0,0
1680594107272,2613,Get Players list ,200,,Knock_out_Thread Group 1-1530,text,true,,3218,338,260,260,https://pabsa.impressicocrm.com/api/tournament/119922/players,2613,0,0
1680594106634,3262,Get tournament result,200,,Knock_out_Thread Group 1-1351,text,true,,5441,338,260,260,https://pabsa.impressicocrm.com/api/tournament/119922/matches,3262,0,0
1680594106998,2902,Get Players schedule,200,,Knock_out_Thread Group 1-1458,text,true,,5441,338,260,260,https://pabsa.impressicocrm.com/api/tournament/119922/matches,2902,0,0
1680594107243,2671,Get Home page currency,200,,Knock_out_Thread Group 1-1592,text,true,,9153,321,260,260,https://pabsa.impressicocrm.com/api/currency,2671,0,0
1680594107262,2659,Get Players list ,200,,Knock_out_Thread Group 1-1554,text,true,,3218,338,260,260,https://pabsa.impressicocrm.com/api/tournament/119922/players,2659,0,0
1680594107408,2515,Get single knockout Player details,200,,Knock_out_Thread Group 1-1400,text,true,,1210,326,260,260,https://pabsa.impressicocrm.com/api/player/110368,2515,0,0
1680594107386,2547,Get playerA_Vs_playerB,200,,Knock_out_Thread Group 1-1326,text,true,,1239,341,260,260,https://pabsa.impressicocrm.com/api/tournament/matchScore/147598,2547,0,0
1680594107096,2838,Get tournament result,200,,Knock_out_Thread Group 1-1373,text,true,,5441,338,259,259,https://pabsa.impressicocrm.com/api/tournament/119922/matches,2838,0,0
1680594107422,2523,Get single knockout Player details,200,,Knock_out_Thread Group 1-1427,text,true,,1210,326,259,259,https://pabsa.impressicocrm.com/api/player/110368,2523,0,0
1680594107415,2532,Get single knockout Player details,200,,Knock_out_Thread Group 1-1418,text,true,,1210,326,259,259,https://pabsa.impressicocrm.com/api/player/110368,2532,0,0
1680594106782,3176,Get Players schedule,200,,Knock_out_Thread Group 1-1457,text,true,,5441,338,259,259,https://pabsa.impressicocrm.com/api/tournament/119922/matches,3176,0,0
1680594106962,3001,Get knockout players list ,200,,Knock_out_Thread Group 1-1438,text,true,,4598,340,259,259,https://pabsa.impressicocrm.com/api/tournament/118871/knockouts,3001,0,0
1680594107409,2562,Get playerA_Vs_playerB,200,,Knock_out_Thread Group 1-1348,text,true,,1239,341,259,259,https://pabsa.impressicocrm.com/api/tournament/matchScore/147598,2562,0,0
1680594107370,2606,Get Break list ,200,,Knock_out_Thread Group 1-1514,text,true,,3218,338,258,258,https://pabsa.impressicocrm.com/api/tournament/119922/players,2606,0,0
1680594106845,3134,Get Break list ,200,,Knock_out_Thread Group 1-1506,text,true,,3218,338,258,258,https://pabsa.impressicocrm.com/api/tournament/119922/players,3134,0,0
1680594107394,2611,Get knockout players list ,200,,Knock_out_Thread Group 1-1429,text,true,,4591,340,258,258,https://pabsa.impressicocrm.com/api/tournament/118871/knockouts,2611,0,0
1680594107034,2982,Get tournament result,200,,Knock_out_Thread Group 1-1369,text,true,,5435,338,258,258,https://pabsa.impressicocrm.com/api/tournament/119922/matches,2982,0,0
1680594107160,2874,Get tournament result,200,,Knock_out_Thread Group 1-1410,text,true,,5441,338,258,258,https://pabsa.impressicocrm.com/api/tournament/119922/matches,2874,0,0
1680594107433,2601,Get Players list ,200,,Knock_out_Thread Group 1-1578,text,true,,3218,338,258,258,https://pabsa.impressicocrm.com/api/tournament/119922/players,2601,0,0
1680594107356,2772,Get Players schedule,200,,Knock_out_Thread Group 1-1496,text,true,,5441,338,258,258,https://pabsa.impressicocrm.com/api/tournament/119922/matches,2772,0,0
1680594107497,2636,Get knockout players list ,200,,Knock_out_Thread Group 1-1475,text,true,,4598,340,258,258,https://pabsa.impressicocrm.com/api/tournament/118871/knockouts,2636,0,0
1680594107219,2920,Get knockout players list ,200,,Knock_out_Thread Group 1-1451,text,true,,4598,340,258,258,https://pabsa.impressicocrm.com/api/tournament/118871/knockouts,2920,0,0
1680594107328,2815,Get tournament result,200,,Knock_out_Thread Group 1-1370,text,true,,5441,338,258,258,https://pabsa.impressicocrm.com/api/tournament/119922/matches,2815,0,0
1680594107479,2682,Get playerA_Vs_playerB,200,,Knock_out_Thread Group 1-1344,text,true,,1239,341,258,258,https://pabsa.impressicocrm.com/api/tournament/matchScore/147598,2682,0,0
1680594107404,2760,Get tournament result,200,,Knock_out_Thread Group 1-1392,text,true,,5441,338,257,257,https://pabsa.impressicocrm.com/api/tournament/119922/matches,2760,0,0
1680594107479,2696,Get Break list ,200,,Knock_out_Thread Group 1-1511,text,true,,3218,338,257,257,https://pabsa.impressicocrm.com/api/tournament/119922/players,2696,0,0
1680594107479,2705,Get Players list ,200,,Knock_out_Thread Group 1-1528,text,true,,3218,338,257,257,https://pabsa.impressicocrm.com/api/tournament/119922/players,2705,0,0
1680594107510,2685,Get playerA_Vs_playerB,200,,Knock_out_Thread Group 1-1352,text,true,,1239,341,257,257,https://pabsa.impressicocrm.com/api/tournament/matchScore/147598,2685,0,0
1680594107630,2593,Get single knockout Player details,200,,Knock_out_Thread Group 1-1385,text,true,,1210,326,256,256,https://pabsa.impressicocrm.com/api/player/110368,2593,0,0
1680594107356,2877,Get Players schedule,200,,Knock_out_Thread Group 1-1489,text,true,,5441,338,256,256,https://pabsa.impressicocrm.com/api/tournament/119922/matches,2877,0,0
1680594107435,2798,Get Players list ,200,,Knock_out_Thread Group 1-1541,text,true,,3218,338,256,256,https://pabsa.impressicocrm.com/api/tournament/119922/players,2798,0,0
1680594107165,3074,Get Players schedule,200,,Knock_out_Thread Group 1-1482,text,true,,5435,338,256,256,https://pabsa.impressicocrm.com/api/tournament/119922/matches,3074,0,0
1680594106510,3732,Get Home page currency,200,,Knock_out_Thread Group 1-1572,text,true,,9160,321,256,256,https://pabsa.impressicocrm.com/api/currency,3732,0,0
1680594109414,833,Get tournament result,200,,Knock_out_Thread Group 1-1341,text,true,,5441,338,256,256,https://pabsa.impressicocrm.com/api/tournament/119922/matches,833,0,0
1680594107676,2571,Get knockout players list ,200,,Knock_out_Thread Group 1-1432,text,true,,4598,340,256,256,https://pabsa.impressicocrm.com/api/tournament/118871/knockouts,2571,0,0
1680594107510,2755,Get Break list ,200,,Knock_out_Thread Group 1-1527,text,true,,3218,338,256,256,https://pabsa.impressicocrm.com/api/tournament/119922/players,2755,0,0
1680594107249,3016,Get Home page currency,200,,Knock_out_Thread Group 1-1595,text,true,,9160,321,256,256,https://pabsa.impressicocrm.com/api/currency,3016,0,0
1680594107441,2830,Get tournament result,200,,Knock_out_Thread Group 1-1356,text,true,,5441,338,256,256,https://pabsa.impressicocrm.com/api/tournament/119922/matches,2830,0,0
1680594107652,2625,Get playerA_Vs_playerB,200,,Knock_out_Thread Group 1-1374,text,true,,1239,341,256,256,https://pabsa.impressicocrm.com/api/tournament/matchScore/147598,2625,0,0
1680594107465,2812,Get Home page currency,200,,Knock_out_Thread Group 1-1594,text,true,,9160,321,256,256,https://pabsa.impressicocrm.com/api/currency,2812,0,0
1680594107749,2534,Get knockout players list ,200,,Knock_out_Thread Group 1-1449,text,true,,4598,340,255,255,https://pabsa.impressicocrm.com/api/tournament/118871/knockouts,2534,0,0
1680594107736,2555,Get single knockout Player details,200,,Knock_out_Thread Group 1-1401,text,true,,1210,326,255,255,https://pabsa.impressicocrm.com/api/player/110368,2555,0,0
1680594107409,2889,Get tournament result,200,,Knock_out_Thread Group 1-1377,text,true,,5441,338,255,255,https://pabsa.impressicocrm.com/api/tournament/119922/matches,2889,0,0
1680594107753,2588,Get playerA_Vs_playerB,200,,Knock_out_Thread Group 1-1361,text,true,,1239,341,255,255,https://pabsa.impressicocrm.com/api/tournament/matchScore/147598,2588,0,0
1680594107254,3087,Get Players schedule,200,,Knock_out_Thread Group 1-1494,text,true,,5441,338,255,255,https://pabsa.impressicocrm.com/api/tournament/119922/matches,3087,0,0
1680594107820,2523,Get single knockout Player details,200,,Knock_out_Thread Group 1-1447,text,true,,1210,326,254,254,https://pabsa.impressicocrm.com/api/player/110368,2523,0,0
1680594109675,672,Get Break list ,200,,Knock_out_Thread Group 1-1520,text,true,,3218,338,254,254,https://pabsa.impressicocrm.com/api/tournament/119922/players,672,0,0
1680594107409,2960,Get tournament result,200,,Knock_out_Thread Group 1-1365,text,true,,5441,338,254,254,https://pabsa.impressicocrm.com/api/tournament/119922/matches,2960,0,0
1680594107811,2567,Get playerA_Vs_playerB,200,,Knock_out_Thread Group 1-1359,text,true,,1239,341,254,254,https://pabsa.impressicocrm.com/api/tournament/matchScore/147598,2567,0,0
1680594107781,2603,Get playerA_Vs_playerB,200,,Knock_out_Thread Group 1-1375,text,true,,1239,341,253,253,https://pabsa.impressicocrm.com/api/tournament/matchScore/147598,2603,0,0
1680594107314,3070,Get knockout players list ,200,,Knock_out_Thread Group 1-1441,text,true,,4591,340,253,253,https://pabsa.impressicocrm.com/api/tournament/118871/knockouts,3070,0,0
1680594107555,2835,Get Players list ,200,,Knock_out_Thread Group 1-1533,text,true,,3218,338,252,252,https://pabsa.impressicocrm.com/api/tournament/119922/players,2835,0,0
1680594107869,2526,Get knockout players list ,200,,Knock_out_Thread Group 1-1433,text,true,,4598,340,252,252,https://pabsa.impressicocrm.com/api/tournament/118871/knockouts,2526,0,0
1680594107426,2969,Get Home page currency,200,,Knock_out_Thread Group 1-1566,text,true,,9160,321,252,252,https://pabsa.impressicocrm.com/api/currency,2969,0,0
1680594107480,2926,Get single knockout Player details,200,,Knock_out_Thread Group 1-1434,text,true,,1210,326,252,252,https://pabsa.impressicocrm.com/api/player/110368,2926,0,0
1680594107493,2925,Get Players schedule,200,,Knock_out_Thread Group 1-1465,text,true,,5441,338,252,252,https://pabsa.impressicocrm.com/api/tournament/119922/matches,2925,0,0
1680594107781,2648,Get Break list ,200,,Knock_out_Thread Group 1-1509,text,true,,3218,338,252,252,https://pabsa.impressicocrm.com/api/tournament/119922/players,2648,0,0
1680594107881,2572,Get playerA_Vs_playerB,200,,Knock_out_Thread Group 1-1310,text,true,,1239,341,252,252,https://pabsa.impressicocrm.com/api/tournament/matchScore/147598,2572,0,0
1680594107732,2733,Get tournament result,200,,Knock_out_Thread Group 1-1395,text,true,,5441,338,251,251,https://pabsa.impressicocrm.com/api/tournament/119922/matches,2733,0,0
1680594107952,2520,Get single knockout Player details,200,,Knock_out_Thread Group 1-1388,text,true,,1210,326,251,251,https://pabsa.impressicocrm.com/api/player/110368,2520,0,0
1680594107568,2919,Get Players schedule,200,,Knock_out_Thread Group 1-1471,text,true,,5441,338,251,251,https://pabsa.impressicocrm.com/api/tournament/119922/matches,2919,0,0
1680594107582,2911,Get tournament result,200,,Knock_out_Thread Group 1-1372,text,true,,5441,338,251,251,https://pabsa.impressicocrm.com/api/tournament/119922/matches,2911,0,0
1680594107946,2555,Get playerA_Vs_playerB,200,,Knock_out_Thread Group 1-1355,text,true,,1239,341,251,251,https://pabsa.impressicocrm.com/api/tournament/matchScore/147598,2555,0,0
1680594106177,4327,Get Home page currency,200,,Knock_out_Thread Group 1-1546,text,true,,9160,321,250,250,https://pabsa.impressicocrm.com/api/currency,4327,0,0
1680594108014,2504,Get single knockout Player details,200,,Knock_out_Thread Group 1-1399,text,true,,1210,326,250,250,https://pabsa.impressicocrm.com/api/player/110368,2504,0,0
1680594108001,2517,Get knockout players list ,200,,Knock_out_Thread Group 1-1452,text,true,,4598,340,250,250,https://pabsa.impressicocrm.com/api/tournament/118871/knockouts,2517,0,0
1680594107910,2612,Get Players list ,200,,Knock_out_Thread Group 1-1557,text,true,,3218,338,250,250,https://pabsa.impressicocrm.com/api/tournament/119922/players,2612,0,0
1680594106890,3632,Get Players list ,200,,Knock_out_Thread Group 1-1540,text,true,,3218,338,250,250,https://pabsa.impressicocrm.com/api/tournament/119922/players,3632,0,0
1680594108045,2480,Get single knockout Player details,200,,Knock_out_Thread Group 1-1405,text,true,,1210,326,250,250,https://pabsa.impressicocrm.com/api/player/110368,2480,0,0
1680594107897,2634,Get Players list ,200,,Knock_out_Thread Group 1-1570,text,true,,3218,338,250,250,https://pabsa.impressicocrm.com/api/tournament/119922/players,2634,0,0
1680594107512,3036,Get Players schedule,200,,Knock_out_Thread Group 1-1487,text,true,,5441,338,250,250,https://pabsa.impressicocrm.com/api/tournament/119922/matches,3036,0,0
1680594107963,2586,Get playerA_Vs_playerB,200,,Knock_out_Thread Group 1-1328,text,true,,1239,341,250,250,https://pabsa.impressicocrm.com/api/tournament/matchScore/147598,2586,0,0
1680594107572,2985,Get Players schedule,200,,Knock_out_Thread Group 1-1490,text,true,,5441,338,249,249,https://pabsa.impressicocrm.com/api/tournament/119922/matches,2985,0,0
1680594107515,3042,Get Players list ,200,,Knock_out_Thread Group 1-1556,text,true,,3218,338,249,249,https://pabsa.impressicocrm.com/api/tournament/119922/players,3042,0,0
1680594107335,3251,Get Players schedule,200,,Knock_out_Thread Group 1-1439,text,true,,5441,338,249,249,https://pabsa.impressicocrm.com/api/tournament/119922/matches,3251,0,0
1680594108060,2543,Get Break list ,200,,Knock_out_Thread Group 1-1526,text,true,,3218,338,249,249,https://pabsa.impressicocrm.com/api/tournament/119922/players,2543,0,0
1680594108098,2513,Get single knockout Player details,200,,Knock_out_Thread Group 1-1393,text,true,,1210,326,249,249,https://pabsa.impressicocrm.com/api/player/110368,2513,0,0
1680594108040,2599,Get knockout players list ,200,,Knock_out_Thread Group 1-1437,text,true,,4591,340,249,249,https://pabsa.impressicocrm.com/api/tournament/118871/knockouts,2599,0,0
1680594108060,2597,Get Players list ,200,,Knock_out_Thread Group 1-1504,text,true,,3218,338,249,249,https://pabsa.impressicocrm.com/api/tournament/119922/players,2597,0,0
1680594107807,2898,Get tournament result,200,,Knock_out_Thread Group 1-1398,text,true,,5441,338,249,249,https://pabsa.impressicocrm.com/api/tournament/119922/matches,2898,0,0
1680594107034,3683,Get Players list ,200,,Knock_out_Thread Group 1-1548,text,true,,3218,338,249,249,https://pabsa.impressicocrm.com/api/tournament/119922/players,3683,0,0
1680594108060,2666,Get knockout players list ,200,,Knock_out_Thread Group 1-1461,text,true,,4598,340,249,249,https://pabsa.impressicocrm.com/api/tournament/118871/knockouts,2666,0,0
1680594108108,2621,Get Players list ,200,,Knock_out_Thread Group 1-1562,text,true,,3218,338,249,249,https://pabsa.impressicocrm.com/api/tournament/119922/players,2621,0,0
1680594107824,2910,Get tournament result,200,,Knock_out_Thread Group 1-1406,text,true,,5441,338,249,249,https://pabsa.impressicocrm.com/api/tournament/119922/matches,2910,0,0
1680594108125,2609,Get knockout players list ,200,,Knock_out_Thread Group 1-1456,text,true,,4598,340,249,249,https://pabsa.impressicocrm.com/api/tournament/118871/knockouts,2609,0,0
1680594108060,2711,Get Players schedule,200,,Knock_out_Thread Group 1-1503,text,true,,5441,338,249,249,https://pabsa.impressicocrm.com/api/tournament/119922/matches,2711,0,0
1680594108162,2649,Get knockout players list ,200,,Knock_out_Thread Group 1-1448,text,true,,4598,340,249,249,https://pabsa.impressicocrm.com/api/tournament/118871/knockouts,2649,0,0
1680594108193,2625,Get single knockout Player details,200,,Knock_out_Thread Group 1-1420,text,true,,1210,326,249,249,https://pabsa.impressicocrm.com/api/player/110368,2625,0,0
1680594108190,2628,Get Break list ,200,,Knock_out_Thread Group 1-1531,text,true,,3218,338,249,249,https://pabsa.impressicocrm.com/api/tournament/119922/players,2628,0,0
1680594108052,2793,Get tournament result,200,,Knock_out_Thread Group 1-1391,text,true,,5441,338,249,249,https://pabsa.impressicocrm.com/api/tournament/119922/matches,2793,0,0
1680594107897,2949,Get Players schedule,200,,Knock_out_Thread Group 1-1513,text,true,,5441,338,249,249,https://pabsa.impressicocrm.com/api/tournament/119922/matches,2949,0,0
1680594108180,2676,Get knockout players list ,200,,Knock_out_Thread Group 1-1431,text,true,,4598,340,249,249,https://pabsa.impressicocrm.com/api/tournament/118871/knockouts,2676,0,0
1680594108060,2814,Get tournament result,200,,Knock_out_Thread Group 1-1381,text,true,,5441,338,249,249,https://pabsa.impressicocrm.com/api/tournament/119922/matches,2814,0,0
1680594108088,2794,Get Players schedule,200,,Knock_out_Thread Group 1-1497,text,true,,5441,338,249,249,https://pabsa.impressicocrm.com/api/tournament/119922/matches,2794,0,0
1680594108192,2695,Get Break list ,200,,Knock_out_Thread Group 1-1493,text,true,,3218,338,249,249,https://pabsa.impressicocrm.com/api/tournament/119922/players,2695,0,0
1680594108317,2570,Get single knockout Player details,200,,Knock_out_Thread Group 1-1417,text,true,,1210,326,249,249,https://pabsa.impressicocrm.com/api/player/110368,2570,0,0
1680594108310,2581,Get Players list ,200,,Knock_out_Thread Group 1-1558,text,true,,3218,338,249,249,https://pabsa.impressicocrm.com/api/tournament/119922/players,2581,0,0
1680594108381,2517,Get single knockout Player details,200,,Knock_out_Thread Group 1-1386,text,true,,1210,326,249,249,https://pabsa.impressicocrm.com/api/player/110368,2517,0,0
1680594107963,2935,Get tournament result,200,,Knock_out_Thread Group 1-1396,text,true,,5441,338,249,249,https://pabsa.impressicocrm.com/api/tournament/119922/matches,2935,0,0
1680594108105,2796,Get tournament result,200,,Knock_out_Thread Group 1-1424,text,true,,5441,338,249,249,https://pabsa.impressicocrm.com/api/tournament/119922/matches,2796,0,0
1680594108323,2578,Get knockout players list ,200,,Knock_out_Thread Group 1-1485,text,true,,4591,340,249,249,https://pabsa.impressicocrm.com/api/tournament/118871/knockouts,2578,0,0
1680594108413,2500,Get single knockout Player details,200,,Knock_out_Thread Group 1-1474,text,true,,1210,326,249,249,https://pabsa.impressicocrm.com/api/player/110368,2500,0,0
1680594108217,2696,Get Players list ,200,,Knock_out_Thread Group 1-1581,text,true,,3218,338,249,249,https://pabsa.impressicocrm.com/api/tournament/119922/players,2696,0,0
1680594108370,2595,Get Players list ,200,,Knock_out_Thread Group 1-1563,text,true,,3218,338,249,249,https://pabsa.impressicocrm.com/api/tournament/119922/players,2595,0,0
1680594106116,4869,Get knockout players list ,200,,Knock_out_Thread Group 1-1442,text,true,,4598,340,249,249,https://pabsa.impressicocrm.com/api/tournament/118871/knockouts,4869,0,0
1680594108462,2528,Get playerA_Vs_playerB,200,,Knock_out_Thread Group 1-1366,text,true,,1239,341,249,249,https://pabsa.impressicocrm.com/api/tournament/matchScore/147598,2528,0,0
1680594108430,2580,Get Break list ,200,,Knock_out_Thread Group 1-1508,text,true,,3218,338,248,248,https://pabsa.impressicocrm.com/api/tournament/119922/players,2580,0,0
1680594108310,2705,Get Players list ,200,,Knock_out_Thread Group 1-1543,text,true,,3218,338,248,248,https://pabsa.impressicocrm.com/api/tournament/119922/players,2704,0,0
1680594108424,2599,Get playerA_Vs_playerB,200,,Knock_out_Thread Group 1-1358,text,true,,1239,341,248,248,https://pabsa.impressicocrm.com/api/tournament/matchScore/147598,2599,0,0
1680594108493,2574,Get Break list ,200,,Knock_out_Thread Group 1-1519,text,true,,3218,338,247,247,https://pabsa.impressicocrm.com/api/tournament/119922/players,2574,0,0
1680594108483,2583,Get Players list ,200,,Knock_out_Thread Group 1-1552,text,true,,3218,338,247,247,https://pabsa.impressicocrm.com/api/tournament/119922/players,2583,0,0
1680594108508,2562,Get playerA_Vs_playerB,200,,Knock_out_Thread Group 1-1380,text,true,,1239,341,247,247,https://pabsa.impressicocrm.com/api/tournament/matchScore/147598,2562,0,0
1680594108467,2603,Get knockout players list ,200,,Knock_out_Thread Group 1-1444,text,true,,4598,340,247,247,https://pabsa.impressicocrm.com/api/tournament/118871/knockouts,2603,0,0
1680594108488,2590,Get knockout players list ,200,,Knock_out_Thread Group 1-1466,text,true,,4598,340,246,246,https://pabsa.impressicocrm.com/api/tournament/118871/knockouts,2590,0,0
1680594108107,2985,Get Home page currency,200,,Knock_out_Thread Group 1-1589,text,true,,9160,321,246,246,https://pabsa.impressicocrm.com/api/currency,2985,0,0
1680594108566,2551,Get single knockout Player details,200,,Knock_out_Thread Group 1-1435,text,true,,1210,326,246,246,https://pabsa.impressicocrm.com/api/player/110368,2551,0,0
1680594108131,2990,Get Players schedule,200,,Knock_out_Thread Group 1-1481,text,true,,5441,338,246,246,https://pabsa.impressicocrm.com/api/tournament/119922/matches,2990,0,0
1680594108139,2996,Get tournament result,200,,Knock_out_Thread Group 1-1382,text,true,,5441,338,246,246,https://pabsa.impressicocrm.com/api/tournament/119922/matches,2996,0,0
1680594108546,2590,Get playerA_Vs_playerB,200,,Knock_out_Thread Group 1-1419,text,true,,1239,341,246,246,https://pabsa.impressicocrm.com/api/tournament/matchScore/147598,2590,0,0
1680594108554,2597,Get Break list ,200,,Knock_out_Thread Group 1-1499,text,true,,3218,338,245,245,https://pabsa.impressicocrm.com/api/tournament/119922/players,2597,0,0
1680594108076,3075,Get Players schedule,200,,Knock_out_Thread Group 1-1473,text,true,,5441,338,245,245,https://pabsa.impressicocrm.com/api/tournament/119922/matches,3075,0,0
1680594105857,5314,Get Players list ,200,,Knock_out_Thread Group 1-1560,text,true,,3218,338,245,245,https://pabsa.impressicocrm.com/api/tournament/119922/players,5314,0,0
1680594108621,2552,Get knockout players list ,200,,Knock_out_Thread Group 1-1464,text,true,,4598,340,245,245,https://pabsa.impressicocrm.com/api/tournament/118871/knockouts,2552,0,0
1680594108636,2550,Get single knockout Player details,200,,Knock_out_Thread Group 1-1453,text,true,,1210,326,245,245,https://pabsa.impressicocrm.com/api/player/110368,2550,0,0
1680594108651,2546,Get single knockout Player details,200,,Knock_out_Thread Group 1-1436,text,true,,1210,326,245,245,https://pabsa.impressicocrm.com/api/player/110368,2546,0,0
1680594108567,2637,Get playerA_Vs_playerB,200,,Knock_out_Thread Group 1-1368,text,true,,1239,341,245,245,https://pabsa.impressicocrm.com/api/tournament/matchScore/147598,2637,0,0
1680594108609,2628,Get Break list ,200,,Knock_out_Thread Group 1-1544,text,true,,3218,338,244,244,https://pabsa.impressicocrm.com/api/tournament/119922/players,2628,0,0
1680594108530,2709,Get Break list ,200,,Knock_out_Thread Group 1-1507,text,true,,3218,338,244,244,https://pabsa.impressicocrm.com/api/tournament/119922/players,2709,0,0
1680594107820,3421,Get Players schedule,200,,Knock_out_Thread Group 1-1495,text,true,,5441,338,244,244,https://pabsa.impressicocrm.com/api/tournament/119922/matches,3421,0,0
1680594108633,2622,Get Break list ,200,,Knock_out_Thread Group 1-1537,text,true,,3218,338,244,244,https://pabsa.impressicocrm.com/api/tournament/119922/players,2622,0,0
1680594108581,2680,Get Players list ,200,,Knock_out_Thread Group 1-1521,text,true,,3218,338,244,244,https://pabsa.impressicocrm.com/api/tournament/119922/players,2680,0,0
1680594108566,2697,Get Break list ,200,,Knock_out_Thread Group 1-1523,text,true,,3218,338,244,244,https://pabsa.impressicocrm.com/api/tournament/119922/players,2697,0,0
1680594108804,2459,Get knockout players list ,200,,Knock_out_Thread Group 1-1472,text,true,,4598,340,244,244,https://pabsa.impressicocrm.com/api/tournament/118871/knockouts,2459,0,0
1680594108193,3070,Get Players list ,200,,Knock_out_Thread Group 1-1516,text,true,,3218,338,244,244,https://pabsa.impressicocrm.com/api/tournament/119922/players,3070,0,0
1680594108680,2589,Get playerA_Vs_playerB,200,,Knock_out_Thread Group 1-1384,text,true,,1239,341,244,244,https://pabsa.impressicocrm.com/api/tournament/matchScore/147598,2589,0,0
1680594108465,2804,Get Break list ,200,,Knock_out_Thread Group 1-1529,text,true,,3218,338,244,244,https://pabsa.impressicocrm.com/api/tournament/119922/players,2804,0,0
1680594108839,2437,Get single knockout Player details,200,,Knock_out_Thread Group 1-1428,text,true,,1210,326,243,243,https://pabsa.impressicocrm.com/api/player/110368,2437,0,0
1680594108467,2827,Get single knockout Player details,200,,Knock_out_Thread Group 1-1390,text,true,,1210,326,243,243,https://pabsa.impressicocrm.com/api/player/110368,2827,0,0
1680594108893,2409,Get single knockout Player details,200,,Knock_out_Thread Group 1-1403,text,true,,1210,326,243,243,https://pabsa.impressicocrm.com/api/player/110368,2409,0,0
1680594108631,2675,Get Break list ,200,,Knock_out_Thread Group 1-1505,text,true,,3218,338,243,243,https://pabsa.impressicocrm.com/api/tournament/119922/players,2675,0,0
1680594108143,3170,Get Home page currency,200,,Knock_out_Thread Group 1-1586,text,true,,9160,321,243,243,https://pabsa.impressicocrm.com/api/currency,3170,0,0
1680594108391,2922,Get Players schedule,200,,Knock_out_Thread Group 1-1478,text,true,,5441,338,243,243,https://pabsa.impressicocrm.com/api/tournament/119922/matches,2922,0,0
1680594107568,3752,Get Players schedule,200,,Knock_out_Thread Group 1-1492,text,true,,5441,338,243,243,https://pabsa.impressicocrm.com/api/tournament/119922/matches,3752,0,0
1680594108381,2939,Get Players list ,200,,Knock_out_Thread Group 1-1571,text,true,,3218,338,243,243,https://pabsa.impressicocrm.com/api/tournament/119922/players,2939,0,0
1680594108391,2931,Get tournament result,200,,Knock_out_Thread Group 1-1378,text,true,,5441,338,243,243,https://pabsa.impressicocrm.com/api/tournament/119922/matches,2931,0,0
1680594108793,2531,Get playerA_Vs_playerB,200,,Knock_out_Thread Group 1-1342,text,true,,1239,341,243,243,https://pabsa.impressicocrm.com/api/tournament/matchScore/147598,2531,0,0
1680594108609,2717,Get Home page currency,200,,Knock_out_Thread Group 1-1599,text,true,,9160,321,242,242,https://pabsa.impressicocrm.com/api/currency,2717,0,0
1680594108317,3014,Get Break list ,200,,Knock_out_Thread Group 1-1501,text,true,,3218,338,242,242,https://pabsa.impressicocrm.com/api/tournament/119922/players,3014,0,0
1680594108786,2549,Get Break list ,200,,Knock_out_Thread Group 1-1538,text,true,,3218,338,242,242,https://pabsa.impressicocrm.com/api/tournament/119922/players,2549,0,0
1680594108317,3019,Get Home page currency,200,,Knock_out_Thread Group 1-1587,text,true,,9160,321,242,242,https://pabsa.impressicocrm.com/api/currency,3018,0,0
1680594108944,2397,Get single knockout Player details,200,,Knock_out_Thread Group 1-1443,text,true,,1210,326,242,242,https://pabsa.impressicocrm.com/api/player/110368,2397,0,0
1680594108116,3240,Get playerA_Vs_playerB,200,,Knock_out_Thread Group 1-1336,text,true,,1239,341,242,242,https://pabsa.impressicocrm.com/api/tournament/matchScore/147598,3240,0,0
1680594108498,2864,Get playerA_Vs_playerB,200,,Knock_out_Thread Group 1-1353,text,true,,1239,341,241,241,https://pabsa.impressicocrm.com/api/tournament/matchScore/147598,2864,0,0
1680594108544,2818,Get tournament result,200,,Knock_out_Thread Group 1-1363,text,true,,5441,338,241,241,https://pabsa.impressicocrm.com/api/tournament/119922/matches,2818,0,0
1680594106746,4618,Get playerA_Vs_playerB,200,,Knock_out_Thread Group 1-1354,text,true,,1239,341,240,240,https://pabsa.impressicocrm.com/api/tournament/matchScore/147598,4618,0,0
1680594108759,2617,Get Players list ,200,,Knock_out_Thread Group 1-1583,text,true,,3218,338,239,239,https://pabsa.impressicocrm.com/api/tournament/119922/players,2617,0,0
1680594108794,2599,Get Break list ,200,,Knock_out_Thread Group 1-1534,text,true,,3218,338,239,239,https://pabsa.impressicocrm.com/api/tournament/119922/players,2599,0,0
1680594110735,658,Get single knockout Player details,200,,Knock_out_Thread Group 1-1456,text,true,,1210,326,239,239,https://pabsa.impressicocrm.com/api/player/110368,658,0,0
1680594108406,2987,Get Break list ,200,,Knock_out_Thread Group 1-1502,text,true,,3218,338,239,239,https://pabsa.impressicocrm.com/api/tournament/119922/players,2987,0,0
1680594108931,2464,Get playerA_Vs_playerB,200,,Knock_out_Thread Group 1-1367,text,true,,1239,341,239,239,https://pabsa.impressicocrm.com/api/tournament/matchScore/147598,2464,0,0
1680594108830,2573,Get Home page currency,200,,Knock_out_Thread Group 1-1590,text,true,,9160,321,238,238,https://pabsa.impressicocrm.com/api/currency,2573,0,0
1680594108949,2460,Get knockout players list ,200,,Knock_out_Thread Group 1-1467,text,true,,4598,340,238,238,https://pabsa.impressicocrm.com/api/tournament/118871/knockouts,2460,0,0
1680594108885,2528,Get Break list ,200,,Knock_out_Thread Group 1-1498,text,true,,3218,338,238,238,https://pabsa.impressicocrm.com/api/tournament/119922/players,2528,0,0
1680594109012,2403,Get single knockout Player details,200,,Knock_out_Thread Group 1-1414,text,true,,1210,326,238,238,https://pabsa.impressicocrm.com/api/player/110368,2403,0,0
1680594108490,2936,Get Players list ,200,,Knock_out_Thread Group 1-1549,text,true,,3218,338,238,238,https://pabsa.impressicocrm.com/api/tournament/119922/players,2936,0,0
1680594108539,2892,Get playerA_Vs_playerB,200,,Knock_out_Thread Group 1-1397,text,true,,1239,341,238,238,https://pabsa.impressicocrm.com/api/tournament/matchScore/147598,2892,0,0
1680594108885,2567,Get Break list ,200,,Knock_out_Thread Group 1-1515,text,true,,3218,338,237,237,https://pabsa.impressicocrm.com/api/tournament/119922/players,2567,0,0
1680594109005,2460,Get Break list ,200,,Knock_out_Thread Group 1-1539,text,true,,3218,338,237,237,https://pabsa.impressicocrm.com/api/tournament/119922/players,2460,0,0
1680594108988,2477,Get knockout players list ,200,,Knock_out_Thread Group 1-1459,text,true,,4598,340,237,237,https://pabsa.impressicocrm.com/api/tournament/118871/knockouts,2477,0,0
1680594109001,2476,Get Break list ,200,,Knock_out_Thread Group 1-1524,text,true,,3218,338,237,237,https://pabsa.impressicocrm.com/api/tournament/119922/players,2476,0,0
1680594109026,2469,Get knockout players list ,200,,Knock_out_Thread Group 1-1480,text,true,,4598,340,237,237,https://pabsa.impressicocrm.com/api/tournament/118871/knockouts,2469,0,0
1680594108988,2517,Get Break list ,200,,Knock_out_Thread Group 1-1536,text,true,,3218,338,237,237,https://pabsa.impressicocrm.com/api/tournament/119922/players,2517,0,0
1680594108514,3004,Get Players list ,200,,Knock_out_Thread Group 1-1564,text,true,,3218,338,237,237,https://pabsa.impressicocrm.com/api/tournament/119922/players,3004,0,0
1680594109148,2378,Get playerA_Vs_playerB,200,,Knock_out_Thread Group 1-1340,text,true,,1239,341,237,237,https://pabsa.impressicocrm.com/api/tournament/matchScore/147598,2378,0,0
1680594109123,2420,Get Players list ,200,,Knock_out_Thread Group 1-1550,text,true,,3218,338,236,236,https://pabsa.impressicocrm.com/api/tournament/119922/players,2420,0,0
1680594109200,2358,Get playerA_Vs_playerB,200,,Knock_out_Thread Group 1-1347,text,true,,1239,341,236,236,https://pabsa.impressicocrm.com/api/tournament/matchScore/147598,2358,0,0
1680594109044,2514,Get Players list ,200,,Knock_out_Thread Group 1-1573,text,true,,3218,338,236,236,https://pabsa.impressicocrm.com/api/tournament/119922/players,2514,0,0
1680594109165,2400,Get Players list ,200,,Knock_out_Thread Group 1-1553,text,true,,3218,338,235,235,https://pabsa.impressicocrm.com/api/tournament/119922/players,2400,0,0
1680594109216,2352,Get playerA_Vs_playerB,200,,Knock_out_Thread Group 1-1364,text,true,,1239,341,235,235,https://pabsa.impressicocrm.com/api/tournament/matchScore/147598,2352,0,0
1680594108969,2602,Get Home page currency,200,,Knock_out_Thread Group 1-1596,text,true,,9160,321,234,234,https://pabsa.impressicocrm.com/api/currency,2602,0,0
1680594109289,2298,Get single knockout Player details,200,,Knock_out_Thread Group 1-1411,text,true,,1210,326,234,234,https://pabsa.impressicocrm.com/api/player/110368,2298,0,0
1680594109165,2436,Get knockout players list ,200,,Knock_out_Thread Group 1-1476,text,true,,4598,340,234,234,https://pabsa.impressicocrm.com/api/tournament/118871/knockouts,2436,0,0
1680594108867,2740,Get tournament result,200,,Knock_out_Thread Group 1-1421,text,true,,5435,338,234,234,https://pabsa.impressicocrm.com/api/tournament/119922/matches,2740,0,0
1680594108918,2701,Get single knockout Player details,200,,Knock_out_Thread Group 1-1425,text,true,,1210,326,234,234,https://pabsa.impressicocrm.com/api/player/110368,2701,0,0
1680594108969,2656,Get knockout players list ,200,,Knock_out_Thread Group 1-1462,text,true,,4598,340,234,234,https://pabsa.impressicocrm.com/api/tournament/118871/knockouts,2656,0,0
1680594108686,2946,Get Break list ,200,,Knock_out_Thread Group 1-1510,text,true,,3218,338,234,234,https://pabsa.impressicocrm.com/api/tournament/119922/players,2946,0,0
1680594109211,2436,Get Players list ,200,,Knock_out_Thread Group 1-1522,text,true,,3218,338,234,234,https://pabsa.impressicocrm.com/api/tournament/119922/players,2436,0,0
1680594108930,2718,Get tournament result,200,,Knock_out_Thread Group 1-1407,text,true,,5441,338,234,234,https://pabsa.impressicocrm.com/api/tournament/119922/matches,2718,0,0
1680594108931,2720,Get tournament result,200,,Knock_out_Thread Group 1-1409,text,true,,5441,338,234,234,https://pabsa.impressicocrm.com/api/tournament/119922/matches,2720,0,0
1680594108925,2731,Get Home page currency,200,,Knock_out_Thread Group 1-1598,text,true,,9160,321,234,234,https://pabsa.impressicocrm.com/api/currency,2731,0,0
1680594109281,2382,Get Players list ,200,,Knock_out_Thread Group 1-1584,text,true,,3218,338,234,234,https://pabsa.impressicocrm.com/api/tournament/119922/players,2382,0,0
1680594109301,2364,Get Players list ,200,,Knock_out_Thread Group 1-1561,text,true,,3218,338,234,234,https://pabsa.impressicocrm.com/api/tournament/119922/players,2364,0,0
1680594109289,2378,Get Players list ,200,,Knock_out_Thread Group 1-1582,text,true,,3218,338,234,234,https://pabsa.impressicocrm.com/api/tournament/119922/players,2378,0,0
1680594109289,2379,Get Players list ,200,,Knock_out_Thread Group 1-1579,text,true,,3218,338,234,234,https://pabsa.impressicocrm.com/api/tournament/119922/players,2379,0,0
1680594108988,2706,Get Players schedule,200,,Knock_out_Thread Group 1-1486,text,true,,5441,338,234,234,https://pabsa.impressicocrm.com/api/tournament/119922/matches,2706,0,0
1680594108235,3471,Get Break list ,200,,Knock_out_Thread Group 1-1525,text,true,,3218,338,234,234,https://pabsa.impressicocrm.com/api/tournament/119922/players,3471,0,0
1680594109281,2430,Get Players list ,200,,Knock_out_Thread Group 1-1576,text,true,,3218,338,234,234,https://pabsa.impressicocrm.com/api/tournament/119922/players,2430,0,0
1680594109350,2373,Get single knockout Player details,200,,Knock_out_Thread Group 1-1450,text,true,,1210,326,234,234,https://pabsa.impressicocrm.com/api/player/110368,2373,0,0
1680594109305,2418,Get Players list ,200,,Knock_out_Thread Group 1-1574,text,true,,3218,338,234,234,https://pabsa.impressicocrm.com/api/tournament/119922/players,2418,0,0
1680594109356,2372,Get single knockout Player details,200,,Knock_out_Thread Group 1-1408,text,true,,1210,326,234,234,https://pabsa.impressicocrm.com/api/player/110368,2372,0,0
1680594109365,2364,Get single knockout Player details,200,,Knock_out_Thread Group 1-1430,text,true,,1210,326,234,234,https://pabsa.impressicocrm.com/api/player/110368,2364,0,0
1680594109129,2613,Get knockout players list ,200,,Knock_out_Thread Group 1-1477,text,true,,4598,340,234,234,https://pabsa.impressicocrm.com/api/tournament/118871/knockouts,2613,0,0
1680594108544,3200,Get playerA_Vs_playerB,200,,Knock_out_Thread Group 1-1318,text,true,,1239,341,234,234,https://pabsa.impressicocrm.com/api/tournament/matchScore/147598,3200,0,0
1680594109338,2420,Get Break list ,200,,Knock_out_Thread Group 1-1532,text,true,,3218,338,233,233,https://pabsa.impressicocrm.com/api/tournament/119922/players,2420,0,0
1680594109115,2643,Get Players list ,200,,Knock_out_Thread Group 1-1555,text,true,,3218,338,233,233,https://pabsa.impressicocrm.com/api/tournament/119922/players,2643,0,0
1680594108567,3234,Get Players list ,200,,Knock_out_Thread Group 1-1585,text,true,,3218,338,233,233,https://pabsa.impressicocrm.com/api/tournament/119922/players,3234,0,0
1680594109415,2391,Get playerA_Vs_playerB,200,,Knock_out_Thread Group 1-1376,text,true,,1239,341,233,233,https://pabsa.impressicocrm.com/api/tournament/matchScore/147598,2391,0,0
1680594109350,2464,Get Players list ,200,,Knock_out_Thread Group 1-1559,text,true,,3218,338,232,232,https://pabsa.impressicocrm.com/api/tournament/119922/players,2464,0,0
1680594109468,2354,Get single knockout Player details,200,,Knock_out_Thread Group 1-1446,text,true,,1210,326,232,232,https://pabsa.impressicocrm.com/api/player/110368,2354,0,0
1680594109097,2735,Get Break list ,200,,Knock_out_Thread Group 1-1547,text,true,,3218,338,232,232,https://pabsa.impressicocrm.com/api/tournament/119922/players,2735,0,0
1680594109455,2383,Get knockout players list ,200,,Knock_out_Thread Group 1-1470,text,true,,4598,340,232,232,https://pabsa.impressicocrm.com/api/tournament/118871/knockouts,2383,0,0
1680594109509,2339,Get single knockout Player details,200,,Knock_out_Thread Group 1-1404,text,true,,1210,326,232,232,https://pabsa.impressicocrm.com/api/player/110368,2339,0,0
1680594109236,2612,Get tournament result,200,,Knock_out_Thread Group 1-1413,text,true,,5441,338,232,232,https://pabsa.impressicocrm.com/api/tournament/119922/matches,2612,0,0
1680594109281,2587,Get tournament result,200,,Knock_out_Thread Group 1-1383,text,true,,5441,338,232,232,https://pabsa.impressicocrm.com/api/tournament/119922/matches,2587,0,0
1680594108137,3737,Get single knockout Player details,200,,Knock_out_Thread Group 1-1445,text,true,,1210,326,232,232,https://pabsa.impressicocrm.com/api/player/110368,3737,0,0
1680594109447,2431,Get Players list ,200,,Knock_out_Thread Group 1-1568,text,true,,3218,338,232,232,https://pabsa.impressicocrm.com/api/tournament/119922/players,2431,0,0
1680594109506,2381,Get playerA_Vs_playerB,200,,Knock_out_Thread Group 1-1387,text,true,,1239,341,232,232,https://pabsa.impressicocrm.com/api/tournament/matchScore/147598,2381,0,0
1680594109453,2448,Get Players list ,200,,Knock_out_Thread Group 1-1593,text,true,,3218,338,231,231,https://pabsa.impressicocrm.com/api/tournament/119922/players,2448,0,0
1680594109520,2403,Get knockout players list ,200,,Knock_out_Thread Group 1-1440,text,true,,4598,340,231,231,https://pabsa.impressicocrm.com/api/tournament/118871/knockouts,2403,0,0
1680594109429,2495,Get Players list ,200,,Knock_out_Thread Group 1-1569,text,true,,3218,338,231,231,https://pabsa.impressicocrm.com/api/tournament/119922/players,2495,0,0
1680594109595,2332,Get playerA_Vs_playerB,200,,Knock_out_Thread Group 1-1357,text,true,,1239,341,231,231,https://pabsa.impressicocrm.com/api/tournament/matchScore/147598,2332,0,0
1680594108719,3215,Get Break list ,200,,Knock_out_Thread Group 1-1542,text,true,,3218,338,230,230,https://pabsa.impressicocrm.com/api/tournament/119922/players,3215,0,0
1680594109736,2201,Get single knockout Player details,200,,Knock_out_Thread Group 1-1412,text,true,,1210,326,230,230,https://pabsa.impressicocrm.com/api/player/110368,2201,0,0
1680594107618,4321,Get single knockout Player details,200,,Knock_out_Thread Group 1-1422,text,true,,1210,326,230,230,https://pabsa.impressicocrm.com/api/player/110368,4321,0,0
1680594109742,2199,Get single knockout Player details,200,,Knock_out_Thread Group 1-1463,text,true,,1210,326,230,230,https://pabsa.impressicocrm.com/api/player/110368,2199,0,0
1680594109375,2579,Get Players list ,200,,Knock_out_Thread Group 1-1567,text,true,,3218,338,230,230,https://pabsa.impressicocrm.com/api/tournament/119922/players,2579,0,0
1680594109756,2209,Get knockout players list ,200,,Knock_out_Thread Group 1-1479,text,true,,4598,340,230,230,https://pabsa.impressicocrm.com/api/tournament/118871/knockouts,2209,0,0
1680594109301,2702,Get Players schedule,200,,Knock_out_Thread Group 1-1484,text,true,,5435,338,230,230,https://pabsa.impressicocrm.com/api/tournament/119922/matches,2702,0,0
1680594109694,2310,Get playerA_Vs_playerB,200,,Knock_out_Thread Group 1-1416,text,true,,1239,341,230,230,https://pabsa.impressicocrm.com/api/tournament/matchScore/147598,2310,0,0
1680594109685,2327,Get Break list ,200,,Knock_out_Thread Group 1-1565,text,true,,3218,338,229,229,https://pabsa.impressicocrm.com/api/tournament/119922/players,2327,0,0
1680594109641,2375,Get Players list ,200,,Knock_out_Thread Group 1-1597,text,true,,3218,338,229,229,https://pabsa.impressicocrm.com/api/tournament/119922/players,2375,0,0
1680594108846,3177,Get tournament result,200,,Knock_out_Thread Group 1-1394,text,true,,5441,338,229,229,https://pabsa.impressicocrm.com/api/tournament/119922/matches,3177,0,0
1680594109641,2382,Get knockout players list ,200,,Knock_out_Thread Group 1-1468,text,true,,4591,340,229,229,https://pabsa.impressicocrm.com/api/tournament/118871/knockouts,2382,0,0
1680594109207,2820,Get Players schedule,200,,Knock_out_Thread Group 1-1491,text,true,,5441,338,229,229,https://pabsa.impressicocrm.com/api/tournament/119922/matches,2820,0,0
1680594109641,2387,Get Players list ,200,,Knock_out_Thread Group 1-1580,text,true,,3218,338,229,229,https://pabsa.impressicocrm.com/api/tournament/119922/players,2387,0,0
1680594107430,4606,Get Home page currency,200,,Knock_out_Thread Group 1-1591,text,true,,9160,321,229,229,https://pabsa.impressicocrm.com/api/currency,4606,0,0
1680594109805,2240,Get Players list ,200,,Knock_out_Thread Group 1-1600,text,true,,3218,338,229,229,https://pabsa.impressicocrm.com/api/tournament/119922/players,2240,0,0
1680594109835,2220,Get Break list ,200,,Knock_out_Thread Group 1-1545,text,true,,3218,338,229,229,https://pabsa.impressicocrm.com/api/tournament/119922/players,2220,0,0
1680594108715,3346,Get Home page currency,200,,Knock_out_Thread Group 1-1588,text,true,,9160,321,229,229,https://pabsa.impressicocrm.com/api/currency,3346,0,0
1680594109854,2214,Get playerA_Vs_playerB,200,,Knock_out_Thread Group 1-1362,text,true,,1239,341,229,229,https://pabsa.impressicocrm.com/api/tournament/matchScore/147598,2214,0,0
1680594109467,2602,Get tournament result,200,,Knock_out_Thread Group 1-1389,text,true,,5441,338,229,229,https://pabsa.impressicocrm.com/api/tournament/119922/matches,2602,0,0
1680594109756,2324,Get knockout players list ,200,,Knock_out_Thread Group 1-1488,text,true,,4598,340,228,228,https://pabsa.impressicocrm.com/api/tournament/118871/knockouts,2324,0,0
1680594109526,2558,Get tournament result,200,,Knock_out_Thread Group 1-1423,text,true,,5441,338,228,228,https://pabsa.impressicocrm.com/api/tournament/119922/matches,2558,0,0
1680594109490,2598,Get single knockout Player details,200,,Knock_out_Thread Group 1-1454,text,true,,1210,326,228,228,https://pabsa.impressicocrm.com/api/player/110368,2598,0,0
1680594109796,2307,Get Break list ,200,,Knock_out_Thread Group 1-1535,text,true,,3218,338,228,228,https://pabsa.impressicocrm.com/api/tournament/119922/players,2307,0,0
1680594109850,2253,Get knockout players list ,200,,Knock_out_Thread Group 1-1460,text,true,,4598,340,228,228,https://pabsa.impressicocrm.com/api/tournament/118871/knockouts,2253,0,0
1680594109900,2207,Get knockout players list ,200,,Knock_out_Thread Group 1-1458,text,true,,4598,340,228,228,https://pabsa.impressicocrm.com/api/tournament/118871/knockouts,2207,0,0
1680594109885,2230,Get Break list ,200,,Knock_out_Thread Group 1-1530,text,true,,3218,338,228,228,https://pabsa.impressicocrm.com/api/tournament/119922/players,2229,0,0
1680594109896,2245,Get playerA_Vs_playerB,200,,Knock_out_Thread Group 1-1351,text,true,,1239,341,228,228,https://pabsa.impressicocrm.com/api/tournament/matchScore/147598,2245,0,0
1680594109136,3014,Get knockout players list ,200,,Knock_out_Thread Group 1-1469,text,true,,4598,340,227,227,https://pabsa.impressicocrm.com/api/tournament/118871/knockouts,3014,0,0
1680594109914,2236,Get Players list ,200,,Knock_out_Thread Group 1-1592,text,true,,3218,338,227,227,https://pabsa.impressicocrm.com/api/tournament/119922/players,2236,0,0
1680594109963,2198,Get single knockout Player details,200,,Knock_out_Thread Group 1-1438,text,true,,1210,326,227,227,https://pabsa.impressicocrm.com/api/player/110368,2198,0,0
1680594108869,3300,Get Home page currency,200,,Knock_out_Thread Group 1-1577,text,true,,9160,321,227,227,https://pabsa.impressicocrm.com/api/currency,3300,0,0
1680594109885,2284,Get Break list ,200,,Knock_out_Thread Group 1-1551,text,true,,3218,338,227,227,https://pabsa.impressicocrm.com/api/tournament/119922/players,2284,0,0
1680594109289,2894,Get Break list ,200,,Knock_out_Thread Group 1-1517,text,true,,3218,338,227,227,https://pabsa.impressicocrm.com/api/tournament/119922/players,2894,0,0
1680594109934,2251,Get playerA_Vs_playerB,200,,Knock_out_Thread Group 1-1373,text,true,,1239,341,227,227,https://pabsa.impressicocrm.com/api/tournament/matchScore/147598,2251,0,0
1680594110005,2180,Get single knockout Player details,200,,Knock_out_Thread Group 1-1429,text,true,,1210,326,227,227,https://pabsa.impressicocrm.com/api/player/110368,2180,0,0
1680594109542,2651,Get playerA_Vs_playerB,200,,Knock_out_Thread Group 1-1332,text,true,,1239,341,226,226,https://pabsa.impressicocrm.com/api/tournament/matchScore/147598,2651,0,0
1680594110016,2202,Get playerA_Vs_playerB,200,,Knock_out_Thread Group 1-1369,text,true,,1239,341,225,225,https://pabsa.impressicocrm.com/api/tournament/matchScore/147598,2202,0,0
1680594109885,2337,Get tournament result,200,,Knock_out_Thread Group 1-1426,text,true,,5441,338,224,224,https://pabsa.impressicocrm.com/api/tournament/119922/matches,2337,0,0
1680594109958,2269,Get knockout players list ,200,,Knock_out_Thread Group 1-1457,text,true,,4598,340,224,224,https://pabsa.impressicocrm.com/api/tournament/118871/knockouts,2269,0,0
1680594110139,2094,Get single knockout Player details,200,,Knock_out_Thread Group 1-1451,text,true,,1210,326,224,224,https://pabsa.impressicocrm.com/api/player/110368,2094,0,0
1680594110129,2104,Get knockout players list ,200,,Knock_out_Thread Group 1-1496,text,true,,4598,340,224,224,https://pabsa.impressicocrm.com/api/tournament/118871/knockouts,2104,0,0
1680594110133,2106,Get single knockout Player details,200,,Knock_out_Thread Group 1-1475,text,true,,1210,326,224,224,https://pabsa.impressicocrm.com/api/player/110368,2106,0,0
1680594109593,2646,Get tournament result,200,,Knock_out_Thread Group 1-1415,text,true,,5441,338,224,224,https://pabsa.impressicocrm.com/api/tournament/119922/matches,2646,0,0
1680594109825,2414,Get knockout players list ,200,,Knock_out_Thread Group 1-1483,text,true,,4598,340,224,224,https://pabsa.impressicocrm.com/api/tournament/118871/knockouts,2414,0,0
1680594109305,2944,Get tournament result,200,,Knock_out_Thread Group 1-1379,text,true,,5441,338,224,224,https://pabsa.impressicocrm.com/api/tournament/119922/matches,2944,0,0
1680594110143,2134,Get playerA_Vs_playerB,200,,Knock_out_Thread Group 1-1370,text,true,,1239,341,224,224,https://pabsa.impressicocrm.com/api/tournament/matchScore/147598,2134,0,0
1680594110035,2248,Get playerA_Vs_playerB,200,,Knock_out_Thread Group 1-1410,text,true,,1239,341,223,223,https://pabsa.impressicocrm.com/api/tournament/matchScore/147598,2248,0,0
1680594109358,2958,Get Players schedule,200,,Knock_out_Thread Group 1-1518,text,true,,5441,338,222,222,https://pabsa.impressicocrm.com/api/tournament/119922/matches,2958,0,0
1680594110164,2191,Get playerA_Vs_playerB,200,,Knock_out_Thread Group 1-1392,text,true,,1239,341,222,222,https://pabsa.impressicocrm.com/api/tournament/matchScore/147598,2191,0,0
1680594110240,2134,Get knockout players list ,200,,Knock_out_Thread Group 1-1482,text,true,,4598,340,221,221,https://pabsa.impressicocrm.com/api/tournament/118871/knockouts,2134,0,0
1680594110233,2142,Get knockout players list ,200,,Knock_out_Thread Group 1-1489,text,true,,4598,340,221,221,https://pabsa.impressicocrm.com/api/tournament/118871/knockouts,2142,0,0
1680594110271,2129,Get playerA_Vs_playerB,200,,Knock_out_Thread Group 1-1356,text,true,,1239,341,221,221,https://pabsa.impressicocrm.com/api/tournament/matchScore/147598,2129,0,0
1680594110284,2126,Get single knockout Player details,200,,Knock_out_Thread Group 1-1449,text,true,,1210,326,220,220,https://pabsa.impressicocrm.com/api/player/110368,2126,0,0
1680594110242,2195,Get Players list ,200,,Knock_out_Thread Group 1-1572,text,true,,3218,338,220,220,https://pabsa.impressicocrm.com/api/tournament/119922/players,2195,0,0
1680594109976,2468,Get Players schedule,200,,Knock_out_Thread Group 1-1514,text,true,,5441,338,220,220,https://pabsa.impressicocrm.com/api/tournament/119922/matches,2468,0,0
1680594110342,2113,Get knockout players list ,200,,Knock_out_Thread Group 1-1494,text,true,,4598,340,220,220,https://pabsa.impressicocrm.com/api/tournament/118871/knockouts,2113,0,0
1680594109945,2520,Get tournament result,200,,Knock_out_Thread Group 1-1427,text,true,,5441,338,220,220,https://pabsa.impressicocrm.com/api/tournament/119922/matches,2520,0,0
1680594112115,356,Get Players schedule,200,,Knock_out_Thread Group 1-1530,text,true,,5441,338,220,220,https://pabsa.impressicocrm.com/api/tournament/119922/matches,356,0,0
1680594109529,2949,Get knockout players list ,200,,Knock_out_Thread Group 1-1455,text,true,,4598,340,220,220,https://pabsa.impressicocrm.com/api/tournament/118871/knockouts,2949,0,0
1680594110175,2304,Get Players schedule,200,,Knock_out_Thread Group 1-1511,text,true,,5441,338,220,220,https://pabsa.impressicocrm.com/api/tournament/119922/matches,2304,0,0
1680594110369,2115,Get playerA_Vs_playerB,200,,Knock_out_Thread Group 1-1365,text,true,,1239,341,220,220,https://pabsa.impressicocrm.com/api/tournament/matchScore/147598,2115,0,0
1680594110395,2090,Get single knockout Player details,200,,Knock_out_Thread Group 1-1433,text,true,,1210,326,219,219,https://pabsa.impressicocrm.com/api/player/110368,2090,0,0
1680594110265,2223,Get Players list ,200,,Knock_out_Thread Group 1-1595,text,true,,3218,338,219,219,https://pabsa.impressicocrm.com/api/tournament/119922/players,2223,0,0
1680594110384,2105,Get single knockout Player details,200,,Knock_out_Thread Group 1-1441,text,true,,1210,326,219,219,https://pabsa.impressicocrm.com/api/player/110368,2105,0,0
1680594110298,2198,Get playerA_Vs_playerB,200,,Knock_out_Thread Group 1-1377,text,true,,1239,341,219,219,https://pabsa.impressicocrm.com/api/tournament/matchScore/147598,2198,0,0
1680594110277,2238,Get Players list ,200,,Knock_out_Thread Group 1-1594,text,true,,3218,338,218,218,https://pabsa.impressicocrm.com/api/tournament/119922/players,2238,0,0
1680594110233,2293,Get Break list ,200,,Knock_out_Thread Group 1-1541,text,true,,3218,338,218,218,https://pabsa.impressicocrm.com/api/tournament/119922/players,2293,0,0
1680594109921,2605,Get Break list ,200,,Knock_out_Thread Group 1-1554,text,true,,3218,338,218,218,https://pabsa.impressicocrm.com/api/tournament/119922/players,2605,0,0
1680594109923,2620,Get tournament result,200,,Knock_out_Thread Group 1-1400,text,true,,5441,338,218,218,https://pabsa.impressicocrm.com/api/tournament/119922/matches,2620,0,0
1680594109825,2735,Get Players schedule,200,,Knock_out_Thread Group 1-1500,text,true,,5441,338,218,218,https://pabsa.impressicocrm.com/api/tournament/119922/matches,2735,0,0
1680594110395,2184,Get Players list ,200,,Knock_out_Thread Group 1-1566,text,true,,3218,338,218,218,https://pabsa.impressicocrm.com/api/tournament/119922/players,2184,0,0
1680594110223,2358,Get tournament result,200,,Knock_out_Thread Group 1-1385,text,true,,5441,338,218,218,https://pabsa.impressicocrm.com/api/tournament/119922/matches,2358,0,0
1680594110418,2163,Get knockout players list ,200,,Knock_out_Thread Group 1-1465,text,true,,4598,340,218,218,https://pabsa.impressicocrm.com/api/tournament/118871/knockouts,2163,0,0
1680594110247,2363,Get single knockout Player details,200,,Knock_out_Thread Group 1-1432,text,true,,1210,326,218,218,https://pabsa.impressicocrm.com/api/player/110368,2362,0,0
1680594110465,2153,Get playerA_Vs_playerB,200,,Knock_out_Thread Group 1-1395,text,true,,1239,341,218,218,https://pabsa.impressicocrm.com/api/tournament/matchScore/147598,2153,0,0
1680594110390,2236,Get Break list ,200,,Knock_out_Thread Group 1-1533,text,true,,3218,338,217,217,https://pabsa.impressicocrm.com/api/tournament/119922/players,2236,0,0
1680594110494,2133,Get playerA_Vs_playerB,200,,Knock_out_Thread Group 1-1372,text,true,,1239,341,217,217,https://pabsa.impressicocrm.com/api/tournament/matchScore/147598,2132,0,0
1680594110035,2599,Get Break list ,200,,Knock_out_Thread Group 1-1578,text,true,,3218,338,216,216,https://pabsa.impressicocrm.com/api/tournament/119922/players,2599,0,0
1680594109600,3034,Get Players list ,200,,Knock_out_Thread Group 1-1575,text,true,,3218,338,216,216,https://pabsa.impressicocrm.com/api/tournament/119922/players,3034,0,0
1680594110518,2116,Get single knockout Player details,200,,Knock_out_Thread Group 1-1452,text,true,,1210,326,216,216,https://pabsa.impressicocrm.com/api/player/110368,2116,0,0
1680594110487,2158,Get knockout players list ,200,,Knock_out_Thread Group 1-1471,text,true,,4598,340,216,216,https://pabsa.impressicocrm.com/api/tournament/118871/knockouts,2158,0,0
1680594110531,2192,Get Break list ,200,,Knock_out_Thread Group 1-1570,text,true,,3218,338,216,216,https://pabsa.impressicocrm.com/api/tournament/119922/players,2192,0,0
1680594110548,2177,Get knockout players list ,200,,Knock_out_Thread Group 1-1487,text,true,,4598,340,216,216,https://pabsa.impressicocrm.com/api/tournament/118871/knockouts,2177,0,0
1680594110265,2462,Get Players schedule,200,,Knock_out_Thread Group 1-1527,text,true,,5441,338,216,216,https://pabsa.impressicocrm.com/api/tournament/119922/matches,2462,0,0
1680594109979,2751,Get Players schedule,200,,Knock_out_Thread Group 1-1506,text,true,,5441,338,216,216,https://pabsa.impressicocrm.com/api/tournament/119922/matches,2751,0,0
1680594110587,2151,Get knockout players list ,200,,Knock_out_Thread Group 1-1439,text,true,,4598,340,216,216,https://pabsa.impressicocrm.com/api/tournament/118871/knockouts,2151,0,0
1680594110472,2276,Get tournament result,200,,Knock_out_Thread Group 1-1388,text,true,,5441,338,216,216,https://pabsa.impressicocrm.com/api/tournament/119922/matches,2276,0,0
1680594110557,2199,Get knockout players list ,200,,Knock_out_Thread Group 1-1490,text,true,,4598,340,216,216,https://pabsa.impressicocrm.com/api/tournament/118871/knockouts,2199,0,0
1680594108105,4657,Get Break list ,200,,Knock_out_Thread Group 1-1512,text,true,,3218,338,216,216,https://pabsa.impressicocrm.com/api/tournament/119922/players,4657,0,0
1680594110343,2425,Get tournament result,200,,Knock_out_Thread Group 1-1447,text,true,,5441,338,216,216,https://pabsa.impressicocrm.com/api/tournament/119922/matches,2425,0,0
1680594109947,2821,Get tournament result,200,,Knock_out_Thread Group 1-1418,text,true,,5441,338,216,216,https://pabsa.impressicocrm.com/api/tournament/119922/matches,2821,0,0
1680594110504,2280,Get Players list ,200,,Knock_out_Thread Group 1-1546,text,true,,3218,338,216,216,https://pabsa.impressicocrm.com/api/tournament/119922/players,2280,0,0
1680594110639,2153,Get single knockout Player details,200,,Knock_out_Thread Group 1-1437,text,true,,1210,326,216,216,https://pabsa.impressicocrm.com/api/player/110368,2153,0,0
1680594110522,2270,Get Break list ,200,,Knock_out_Thread Group 1-1540,text,true,,3218,338,216,216,https://pabsa.impressicocrm.com/api/tournament/119922/players,2270,0,0
1680594110347,2455,Get Players schedule,200,,Knock_out_Thread Group 1-1520,text,true,,5441,338,216,216,https://pabsa.impressicocrm.com/api/tournament/119922/matches,2455,0,0
1680594110726,2096,Get single knockout Player details,200,,Knock_out_Thread Group 1-1461,text,true,,1210,326,216,216,https://pabsa.impressicocrm.com/api/player/110368,2096,0,0
1680594110557,2267,Get Break list ,200,,Knock_out_Thread Group 1-1556,text,true,,3218,338,216,216,https://pabsa.impressicocrm.com/api/tournament/119922/players,2267,0,0
1680594110429,2395,Get Players schedule,200,,Knock_out_Thread Group 1-1509,text,true,,5441,338,216,216,https://pabsa.impressicocrm.com/api/tournament/119922/matches,2395,0,0
1680594110657,2195,Get Break list ,200,,Knock_out_Thread Group 1-1504,text,true,,3218,338,216,216,https://pabsa.impressicocrm.com/api/tournament/119922/players,2195,0,0
1680594110406,2446,Get tournament result,200,,Knock_out_Thread Group 1-1434,text,true,,5441,338,216,216,https://pabsa.impressicocrm.com/api/tournament/119922/matches,2446,0,0
1680594110522,2334,Get Break list ,200,,Knock_out_Thread Group 1-1557,text,true,,3218,338,216,216,https://pabsa.impressicocrm.com/api/tournament/119922/players,2334,0,0
1680594110735,2121,Get playerA_Vs_playerB,200,,Knock_out_Thread Group 1-1406,text,true,,1239,341,216,216,https://pabsa.impressicocrm.com/api/tournament/matchScore/147598,2121,0,0
1680594110811,2049,Get single knockout Player details,200,,Knock_out_Thread Group 1-1448,text,true,,1210,326,215,215,https://pabsa.impressicocrm.com/api/player/110368,2049,0,0
1680594110772,2088,Get knockout players list ,200,,Knock_out_Thread Group 1-1503,text,true,,4598,340,215,215,https://pabsa.impressicocrm.com/api/tournament/118871/knockouts,2088,0,0
1680594110857,2012,Get single knockout Player details,200,,Knock_out_Thread Group 1-1431,text,true,,1210,326,215,215,https://pabsa.impressicocrm.com/api/player/110368,2012,0,0
1680594110846,2044,Get playerA_Vs_playerB,200,,Knock_out_Thread Group 1-1391,text,true,,1239,341,215,215,https://pabsa.impressicocrm.com/api/tournament/matchScore/147598,2044,0,0
1680594110718,2188,Get Break list ,200,,Knock_out_Thread Group 1-1548,text,true,,3218,338,214,214,https://pabsa.impressicocrm.com/api/tournament/119922/players,2188,0,0
1680594110730,2187,Get Break list ,200,,Knock_out_Thread Group 1-1562,text,true,,3218,338,214,214,https://pabsa.impressicocrm.com/api/tournament/119922/players,2187,0,0
1680594110847,2077,Get knockout players list ,200,,Knock_out_Thread Group 1-1513,text,true,,4598,340,214,214,https://pabsa.impressicocrm.com/api/tournament/118871/knockouts,2077,0,0
1680594110902,2035,Get single knockout Player details,200,,Knock_out_Thread Group 1-1485,text,true,,1210,326,214,214,https://pabsa.impressicocrm.com/api/player/110368,2035,0,0
1680594110883,2115,Get knockout players list ,200,,Knock_out_Thread Group 1-1497,text,true,,4598,340,214,214,https://pabsa.impressicocrm.com/api/tournament/118871/knockouts,2115,0,0
1680594110899,2107,Get playerA_Vs_playerB,200,,Knock_out_Thread Group 1-1396,text,true,,1239,341,214,214,https://pabsa.impressicocrm.com/api/tournament/matchScore/147598,2106,0,0
1680594110985,2026,Get single knockout Player details,200,,Knock_out_Thread Group 1-1442,text,true,,1210,326,213,213,https://pabsa.impressicocrm.com/api/player/110368,2026,0,0
1680594110892,2119,Get Break list ,200,,Knock_out_Thread Group 1-1558,text,true,,3218,338,213,213,https://pabsa.impressicocrm.com/api/tournament/119922/players,2119,0,0
1680594110247,2787,Get playerA_Vs_playerB,200,,Knock_out_Thread Group 1-1341,text,true,,1239,341,213,213,https://pabsa.impressicocrm.com/api/tournament/matchScore/147598,2787,0,0
1680594110914,2133,Get Break list ,200,,Knock_out_Thread Group 1-1581,text,true,,3218,338,212,212,https://pabsa.impressicocrm.com/api/tournament/119922/players,2133,0,0
1680594110965,2125,Get Break list ,200,,Knock_out_Thread Group 1-1563,text,true,,3218,338,212,212,https://pabsa.impressicocrm.com/api/tournament/119922/players,2125,0,0
1680594111078,2012,Get single knockout Player details,200,,Knock_out_Thread Group 1-1466,text,true,,1210,326,212,212,https://pabsa.impressicocrm.com/api/player/110368,2012,0,0
1680594111070,2023,Get single knockout Player details,200,,Knock_out_Thread Group 1-1444,text,true,,1210,326,212,212,https://pabsa.impressicocrm.com/api/player/110368,2023,0,0
1680594110604,2497,Get Players schedule,200,,Knock_out_Thread Group 1-1526,text,true,,5441,338,212,212,https://pabsa.impressicocrm.com/api/tournament/119922/matches,2497,0,0
1680594111067,2052,Get Break list ,200,,Knock_out_Thread Group 1-1552,text,true,,3218,338,212,212,https://pabsa.impressicocrm.com/api/tournament/119922/players,2052,0,0
1680594110706,2413,Get playerA_Vs_playerB,200,,Knock_out_Thread Group 1-1398,text,true,,1239,341,212,212,https://pabsa.impressicocrm.com/api/tournament/matchScore/147598,2413,0,0
1680594108539,4581,Get knockout players list ,200,,Knock_out_Thread Group 1-1402,text,true,,4591,340,211,211,https://pabsa.impressicocrm.com/api/tournament/118871/knockouts,4581,0,0
1680594110291,2831,Get tournament result,200,,Knock_out_Thread Group 1-1401,text,true,,5441,338,211,211,https://pabsa.impressicocrm.com/api/tournament/119922/matches,2831,0,0
1680594110818,2304,Get tournament result,200,,Knock_out_Thread Group 1-1420,text,true,,5441,338,211,211,https://pabsa.impressicocrm.com/api/tournament/119922/matches,2304,0,0
1680594111121,2014,Get knockout players list ,200,,Knock_out_Thread Group 1-1481,text,true,,4591,340,211,211,https://pabsa.impressicocrm.com/api/tournament/118871/knockouts,2014,0,0
1680594111174,1965,Get single knockout Player details,200,,Knock_out_Thread Group 1-1464,text,true,,1210,326,211,211,https://pabsa.impressicocrm.com/api/player/110368,1965,0,0
1680594110887,2272,Get Players schedule,200,,Knock_out_Thread Group 1-1493,text,true,,5441,338,211,211,https://pabsa.impressicocrm.com/api/tournament/119922/matches,2272,0,0
1680594112757,422,Get single knockout Player details,200,,Knock_out_Thread Group 1-1490,text,true,,1210,326,211,211,https://pabsa.impressicocrm.com/api/player/110368,421,0,0
1680594111135,2070,Get playerA_Vs_playerB,200,,Knock_out_Thread Group 1-1382,text,true,,1239,341,211,211,https://pabsa.impressicocrm.com/api/tournament/matchScore/147598,2070,0,0
1680594110874,2337,Get playerA_Vs_playerB,200,,Knock_out_Thread Group 1-1381,text,true,,1239,341,210,210,https://pabsa.impressicocrm.com/api/tournament/matchScore/147598,2337,0,0
1680594110525,2686,Get tournament result,200,,Knock_out_Thread Group 1-1405,text,true,,5441,338,210,210,https://pabsa.impressicocrm.com/api/tournament/119922/matches,2686,0,0
1680594110914,2303,Get tournament result,200,,Knock_out_Thread Group 1-1474,text,true,,5441,338,209,209,https://pabsa.impressicocrm.com/api/tournament/119922/matches,2303,0,0
1680594111067,2156,Get Players schedule,200,,Knock_out_Thread Group 1-1519,text,true,,5441,338,209,209,https://pabsa.impressicocrm.com/api/tournament/119922/matches,2156,0,0
1680594110518,2707,Get tournament result,200,,Knock_out_Thread Group 1-1399,text,true,,5441,338,209,209,https://pabsa.impressicocrm.com/api/tournament/119922/matches,2707,0,0
1680594111171,2094,Get Break list ,200,,Knock_out_Thread Group 1-1560,text,true,,3218,338,209,209,https://pabsa.impressicocrm.com/api/tournament/119922/players,2094,0,0
1680594111093,2172,Get Players list ,200,,Knock_out_Thread Group 1-1589,text,true,,3218,338,209,209,https://pabsa.impressicocrm.com/api/tournament/119922/players,2172,0,0
1680594111241,2046,Get knockout players list ,200,,Knock_out_Thread Group 1-1495,text,true,,4598,340,209,209,https://pabsa.impressicocrm.com/api/tournament/118871/knockouts,2046,0,0
1680594110612,2692,Get tournament result,200,,Knock_out_Thread Group 1-1393,text,true,,5441,338,209,209,https://pabsa.impressicocrm.com/api/tournament/119922/matches,2692,0,0
1680594110902,2443,Get playerA_Vs_playerB,200,,Knock_out_Thread Group 1-1424,text,true,,1239,341,209,209,https://pabsa.impressicocrm.com/api/tournament/matchScore/147598,2443,0,0
1680594111263,2100,Get single knockout Player details,200,,Knock_out_Thread Group 1-1472,text,true,,1210,326,208,208,https://pabsa.impressicocrm.com/api/player/110368,2100,0,0
1680594111261,2106,Get Break list ,200,,Knock_out_Thread Group 1-1521,text,true,,3218,338,208,208,https://pabsa.impressicocrm.com/api/tournament/119922/players,2106,0,0
1680594111187,2217,Get tournament result,200,,Knock_out_Thread Group 1-1453,text,true,,5441,338,208,208,https://pabsa.impressicocrm.com/api/tournament/119922/matches,2217,0,0
1680594110899,2514,Get tournament result,200,,Knock_out_Thread Group 1-1386,text,true,,5441,338,208,208,https://pabsa.impressicocrm.com/api/tournament/119922/matches,2514,0,0
1680594111197,2235,Get tournament result,200,,Knock_out_Thread Group 1-1436,text,true,,5441,338,208,208,https://pabsa.impressicocrm.com/api/tournament/119922/matches,2235,0,0
1680594111264,2178,Get Break list ,200,,Knock_out_Thread Group 1-1516,text,true,,3218,338,208,208,https://pabsa.impressicocrm.com/api/tournament/119922/players,2178,0,0
1680594111270,2172,Get Players schedule,200,,Knock_out_Thread Group 1-1529,text,true,,5441,338,208,208,https://pabsa.impressicocrm.com/api/tournament/119922/matches,2172,0,0
1680594111237,2236,Get Players schedule,200,,Knock_out_Thread Group 1-1544,text,true,,5441,338,208,208,https://pabsa.impressicocrm.com/api/tournament/119922/matches,2236,0,0
1680594111015,2474,Get Break list ,200,,Knock_out_Thread Group 1-1543,text,true,,3218,338,208,208,https://pabsa.impressicocrm.com/api/tournament/119922/players,2474,0,0
1680594111321,2183,Get Break list ,200,,Knock_out_Thread Group 1-1571,text,true,,3218,338,208,208,https://pabsa.impressicocrm.com/api/tournament/119922/players,2183,0,0
1680594111302,2246,Get tournament result,200,,Knock_out_Thread Group 1-1403,text,true,,5441,338,208,208,https://pabsa.impressicocrm.com/api/tournament/119922/matches,2246,0,0
1680594111322,2239,Get playerA_Vs_playerB,200,,Knock_out_Thread Group 1-1378,text,true,,1239,341,208,208,https://pabsa.impressicocrm.com/api/tournament/matchScore/147598,2239,0,0
1680594111239,2341,Get Players schedule,200,,Knock_out_Thread Group 1-1507,text,true,,5441,338,207,207,https://pabsa.impressicocrm.com/api/tournament/119922/matches,2341,0,0
1680594111306,2276,Get Players schedule,200,,Knock_out_Thread Group 1-1505,text,true,,5441,338,207,207,https://pabsa.impressicocrm.com/api/tournament/119922/matches,2276,0,0
1680594111363,2243,Get playerA_Vs_playerB,200,,Knock_out_Thread Group 1-1363,text,true,,1239,341,207,207,https://pabsa.impressicocrm.com/api/tournament/matchScore/147598,2243,0,0
1680594111321,2288,Get knockout players list ,200,,Knock_out_Thread Group 1-1492,text,true,,4598,340,206,206,https://pabsa.impressicocrm.com/api/tournament/118871/knockouts,2288,0,0
1680594111255,2371,Get Players schedule,200,,Knock_out_Thread Group 1-1537,text,true,,5441,338,206,206,https://pabsa.impressicocrm.com/api/tournament/119922/matches,2371,0,0
1680594111409,2217,Get single knockout Player details,200,,Knock_out_Thread Group 1-1467,text,true,,1210,326,206,206,https://pabsa.impressicocrm.com/api/player/110368,2217,0,0
1680594111327,2299,Get Players list ,200,,Knock_out_Thread Group 1-1599,text,true,,3218,338,206,206,https://pabsa.impressicocrm.com/api/tournament/119922/players,2299,0,0
1680594111263,2369,Get Players schedule,200,,Knock_out_Thread Group 1-1523,text,true,,5441,338,206,206,https://pabsa.impressicocrm.com/api/tournament/119922/matches,2369,0,0
1680594110887,2745,Get tournament result,200,,Knock_out_Thread Group 1-1417,text,true,,5441,338,206,206,https://pabsa.impressicocrm.com/api/tournament/119922/matches,2745,0,0
1680594111117,2536,Get tournament result,200,,Knock_out_Thread Group 1-1435,text,true,,5441,338,206,206,https://pabsa.impressicocrm.com/api/tournament/119922/matches,2536,0,0
1680594111314,2349,Get Players list ,200,,Knock_out_Thread Group 1-1586,text,true,,3218,338,206,206,https://pabsa.impressicocrm.com/api/tournament/119922/players,2349,0,0
1680594111403,2275,Get Players list ,200,,Knock_out_Thread Group 1-1590,text,true,,3218,338,206,206,https://pabsa.impressicocrm.com/api/tournament/119922/players,2275,0,0
1680594111336,2342,Get Players list ,200,,Knock_out_Thread Group 1-1587,text,true,,3218,338,206,206,https://pabsa.impressicocrm.com/api/tournament/119922/players,2342,0,0
1680594111277,2424,Get tournament result,200,,Knock_out_Thread Group 1-1428,text,true,,5441,338,206,206,https://pabsa.impressicocrm.com/api/tournament/119922/matches,2424,0,0
1680594111376,2351,Get Break list ,200,,Knock_out_Thread Group 1-1583,text,true,,3218,338,206,206,https://pabsa.impressicocrm.com/api/tournament/119922/players,2351,0,0
1680594111294,2433,Get tournament result,200,,Knock_out_Thread Group 1-1390,text,true,,5441,338,206,206,https://pabsa.impressicocrm.com/api/tournament/119922/matches,2433,0,0
1680594111151,2583,Get knockout players list ,200,,Knock_out_Thread Group 1-1473,text,true,,4598,340,206,206,https://pabsa.impressicocrm.com/api/tournament/118871/knockouts,2583,0,0
1680594111465,2277,Get single knockout Player details,200,,Knock_out_Thread Group 1-1459,text,true,,1210,326,206,206,https://pabsa.impressicocrm.com/api/player/110368,2277,0,0
1680594111427,2317,Get Break list ,200,,Knock_out_Thread Group 1-1549,text,true,,3218,338,206,206,https://pabsa.impressicocrm.com/api/tournament/119922/players,2317,0,0
1680594111314,2435,Get knockout players list ,200,,Knock_out_Thread Group 1-1478,text,true,,4598,340,206,206,https://pabsa.impressicocrm.com/api/tournament/118871/knockouts,2435,0,0
1680594111010,2775,Get Players schedule,200,,Knock_out_Thread Group 1-1508,text,true,,5441,338,206,206,https://pabsa.impressicocrm.com/api/tournament/119922/matches,2775,0,0
1680594111331,2462,Get Players schedule,200,,Knock_out_Thread Group 1-1501,text,true,,5441,338,206,206,https://pabsa.impressicocrm.com/api/tournament/119922/matches,2462,0,0
1680594111336,2457,Get Players schedule,200,,Knock_out_Thread Group 1-1538,text,true,,5441,338,206,206,https://pabsa.impressicocrm.com/api/tournament/119922/matches,2457,0,0
1680594111496,2297,Get single knockout Player details,200,,Knock_out_Thread Group 1-1480,text,true,,1210,326,206,206,https://pabsa.impressicocrm.com/api/player/110368,2297,0,0
1680594111393,2440,Get tournament result,200,,Knock_out_Thread Group 1-1456,text,true,,5441,338,206,206,https://pabsa.impressicocrm.com/api/tournament/119922/matches,2440,0,0
1680594111413,2433,Get Players schedule,200,,Knock_out_Thread Group 1-1498,text,true,,5441,338,206,206,https://pabsa.impressicocrm.com/api/tournament/119922/matches,2433,0,0
1680594111518,2350,Get Break list ,200,,Knock_out_Thread Group 1-1564,text,true,,3218,338,206,206,https://pabsa.impressicocrm.com/api/tournament/119922/players,2350,0,0
1680594111559,2327,Get Break list ,200,,Knock_out_Thread Group 1-1573,text,true,,3218,338,206,206,https://pabsa.impressicocrm.com/api/tournament/119922/players,2327,0,0
1680594111607,2305,Get playerA_Vs_playerB,200,,Knock_out_Thread Group 1-1421,text,true,,1239,341,206,206,https://pabsa.impressicocrm.com/api/tournament/matchScore/147598,2305,0,0
1680594111393,2527,Get Players schedule,200,,Knock_out_Thread Group 1-1534,text,true,,5441,338,205,205,https://pabsa.impressicocrm.com/api/tournament/119922/matches,2527,0,0
1680594111625,2299,Get single knockout Player details,200,,Knock_out_Thread Group 1-1462,text,true,,1210,326,205,205,https://pabsa.impressicocrm.com/api/player/110368,2299,0,0
1680594111601,2328,Get single knockout Player details,200,,Knock_out_Thread Group 1-1476,text,true,,1210,326,205,205,https://pabsa.impressicocrm.com/api/player/110368,2328,0,0
1680594111544,2401,Get Break list ,200,,Knock_out_Thread Group 1-1550,text,true,,3218,338,205,205,https://pabsa.impressicocrm.com/api/tournament/119922/players,2401,0,0
1680594111342,2603,Get tournament result,200,,Knock_out_Thread Group 1-1443,text,true,,5441,338,205,205,https://pabsa.impressicocrm.com/api/tournament/119922/matches,2603,0,0
1680594111393,2563,Get Players schedule,200,,Knock_out_Thread Group 1-1502,text,true,,5441,338,205,205,https://pabsa.impressicocrm.com/api/tournament/119922/matches,2563,0,0
1680594111565,2391,Get Break list ,200,,Knock_out_Thread Group 1-1553,text,true,,3218,338,205,205,https://pabsa.impressicocrm.com/api/tournament/119922/players,2391,0,0
1680594111415,2541,Get tournament result,200,,Knock_out_Thread Group 1-1414,text,true,,5441,338,205,205,https://pabsa.impressicocrm.com/api/tournament/119922/matches,2541,0,0
1680594111571,2393,Get Players list ,200,,Knock_out_Thread Group 1-1596,text,true,,3218,338,205,205,https://pabsa.impressicocrm.com/api/tournament/119922/players,2393,0,0
1680594111452,2513,Get Players schedule,200,,Knock_out_Thread Group 1-1515,text,true,,5441,338,205,205,https://pabsa.impressicocrm.com/api/tournament/119922/matches,2513,0,0
1680594111151,2834,Get Players schedule,200,,Knock_out_Thread Group 1-1499,text,true,,5441,338,205,205,https://pabsa.impressicocrm.com/api/tournament/119922/matches,2834,0,0
1680594111465,2539,Get Players schedule,200,,Knock_out_Thread Group 1-1539,text,true,,5441,338,205,205,https://pabsa.impressicocrm.com/api/tournament/119922/matches,2539,0,0
1680594111651,2354,Get playerA_Vs_playerB,200,,Knock_out_Thread Group 1-1409,text,true,,1239,341,205,205,https://pabsa.impressicocrm.com/api/tournament/matchScore/147598,2354,0,0
1680594111648,2363,Get playerA_Vs_playerB,200,,Knock_out_Thread Group 1-1407,text,true,,1239,341,204,204,https://pabsa.impressicocrm.com/api/tournament/matchScore/147598,2363,0,0
1680594111694,2364,Get knockout players list ,200,,Knock_out_Thread Group 1-1486,text,true,,4598,340,203,203,https://pabsa.impressicocrm.com/api/tournament/118871/knockouts,2364,0,0
1680594111668,2395,Get Break list ,200,,Knock_out_Thread Group 1-1582,text,true,,3218,338,203,203,https://pabsa.impressicocrm.com/api/tournament/119922/players,2395,0,0
1680594111648,2415,Get Break list ,200,,Knock_out_Thread Group 1-1522,text,true,,3218,338,203,203,https://pabsa.impressicocrm.com/api/tournament/119922/players,2415,0,0
1680594111477,2586,Get Players schedule,200,,Knock_out_Thread Group 1-1524,text,true,,5441,338,203,203,https://pabsa.impressicocrm.com/api/tournament/119922/matches,2586,0,0
1680594111668,2409,Get Break list ,200,,Knock_out_Thread Group 1-1579,text,true,,3218,338,203,203,https://pabsa.impressicocrm.com/api/tournament/119922/players,2409,0,0
1680594111664,2440,Get Break list ,200,,Knock_out_Thread Group 1-1584,text,true,,3218,338,203,203,https://pabsa.impressicocrm.com/api/tournament/119922/players,2440,0,0
1680594111665,2439,Get Break list ,200,,Knock_out_Thread Group 1-1561,text,true,,3218,338,203,203,https://pabsa.impressicocrm.com/api/tournament/119922/players,2439,0,0
1680594111656,2451,Get Players list ,200,,Knock_out_Thread Group 1-1598,text,true,,3218,338,203,203,https://pabsa.impressicocrm.com/api/tournament/119922/players,2451,0,0
1680594111742,2402,Get single knockout Player details,200,,Knock_out_Thread Group 1-1477,text,true,,1210,326,203,203,https://pabsa.impressicocrm.com/api/player/110368,2402,0,0
1680594111619,2534,Get tournament result,200,,Knock_out_Thread Group 1-1425,text,true,,5441,338,203,203,https://pabsa.impressicocrm.com/api/tournament/119922/matches,2534,0,0
1680594111711,2444,Get Break list ,200,,Knock_out_Thread Group 1-1576,text,true,,3218,338,203,203,https://pabsa.impressicocrm.com/api/tournament/119922/players,2444,0,0
1680594111587,2569,Get tournament result,200,,Knock_out_Thread Group 1-1411,text,true,,5441,338,203,203,https://pabsa.impressicocrm.com/api/tournament/119922/matches,2569,0,0
1680594111723,2445,Get Break list ,200,,Knock_out_Thread Group 1-1574,text,true,,3218,338,203,203,https://pabsa.impressicocrm.com/api/tournament/119922/players,2445,0,0
1680594111505,2675,Get Players schedule,200,,Knock_out_Thread Group 1-1536,text,true,,5441,338,203,203,https://pabsa.impressicocrm.com/api/tournament/119922/matches,2675,0,0
1680594111839,2411,Get single knockout Player details,200,,Knock_out_Thread Group 1-1470,text,true,,1210,326,203,203,https://pabsa.impressicocrm.com/api/player/110368,2411,0,0
1680594111814,2489,Get Break list ,200,,Knock_out_Thread Group 1-1559,text,true,,3218,338,203,203,https://pabsa.impressicocrm.com/api/tournament/119922/players,2489,0,0
1680594111802,2501,Get Break list ,200,,Knock_out_Thread Group 1-1585,text,true,,3218,338,203,203,https://pabsa.impressicocrm.com/api/tournament/119922/players,2501,0,0
1680594111868,2453,Get playerA_Vs_playerB,200,,Knock_out_Thread Group 1-1383,text,true,,1239,341,203,203,https://pabsa.impressicocrm.com/api/tournament/matchScore/147598,2453,0,0
1680594111848,2485,Get playerA_Vs_playerB,200,,Knock_out_Thread Group 1-1413,text,true,,1239,341,202,202,https://pabsa.impressicocrm.com/api/tournament/matchScore/147598,2485,0,0
1680594111723,2671,Get tournament result,200,,Knock_out_Thread Group 1-1450,text,true,,5441,338,201,201,https://pabsa.impressicocrm.com/api/tournament/119922/matches,2671,0,0
1680594111924,2474,Get single knockout Player details,200,,Knock_out_Thread Group 1-1440,text,true,,1210,326,201,201,https://pabsa.impressicocrm.com/api/player/110368,2474,0,0
1680594111728,2680,Get tournament result,200,,Knock_out_Thread Group 1-1408,text,true,,5441,338,201,201,https://pabsa.impressicocrm.com/api/tournament/119922/matches,2680,0,0
1680594111879,2547,Get Break list ,200,,Knock_out_Thread Group 1-1568,text,true,,3218,338,201,201,https://pabsa.impressicocrm.com/api/tournament/119922/players,2547,0,0
1680594111966,2460,Get single knockout Player details,200,,Knock_out_Thread Group 1-1479,text,true,,1210,326,201,201,https://pabsa.impressicocrm.com/api/player/110368,2460,0,0
1680594111925,2513,Get Break list ,200,,Knock_out_Thread Group 1-1569,text,true,,3218,338,201,201,https://pabsa.impressicocrm.com/api/tournament/119922/players,2513,0,0
1680594112004,2442,Get knockout players list ,200,,Knock_out_Thread Group 1-1484,text,true,,4598,340,201,201,https://pabsa.impressicocrm.com/api/tournament/118871/knockouts,2442,0,0
1680594111822,2670,Get tournament result,200,,Knock_out_Thread Group 1-1446,text,true,,5441,338,201,201,https://pabsa.impressicocrm.com/api/tournament/119922/matches,2670,0,0
1680594112023,2488,Get single knockout Player details,200,,Knock_out_Thread Group 1-1468,text,true,,1210,326,201,201,https://pabsa.impressicocrm.com/api/player/110368,2488,0,0
1680594112023,2488,Get playerA_Vs_playerB,200,,Knock_out_Thread Group 1-1394,text,true,,1239,341,201,201,https://pabsa.impressicocrm.com/api/tournament/matchScore/147598,2488,0,0
1680594111833,2684,Get Players schedule,200,,Knock_out_Thread Group 1-1547,text,true,,5441,338,200,200,https://pabsa.impressicocrm.com/api/tournament/119922/matches,2684,0,0
1680594111954,2570,Get Break list ,200,,Knock_out_Thread Group 1-1567,text,true,,3218,338,200,200,https://pabsa.impressicocrm.com/api/tournament/119922/players,2570,0,0
1680594112016,2514,Get Break list ,200,,Knock_out_Thread Group 1-1597,text,true,,3218,338,200,200,https://pabsa.impressicocrm.com/api/tournament/119922/players,2514,0,0
1680594111759,2790,Get Break list ,200,,Knock_out_Thread Group 1-1555,text,true,,3218,338,200,200,https://pabsa.impressicocrm.com/api/tournament/119922/players,2790,0,0
1680594112028,2557,Get Break list ,200,,Knock_out_Thread Group 1-1580,text,true,,3218,338,200,200,https://pabsa.impressicocrm.com/api/tournament/119922/players,2557,0,0
1680594112045,2541,Get Break list ,200,,Knock_out_Thread Group 1-1600,text,true,,3218,338,200,200,https://pabsa.impressicocrm.com/api/tournament/119922/players,2541,0,0
1680594112036,2550,Get Players list ,200,,Knock_out_Thread Group 1-1591,text,true,,3218,338,200,200,https://pabsa.impressicocrm.com/api/tournament/119922/players,2550,0,0
1680594111759,2834,Get Players schedule,200,,Knock_out_Thread Group 1-1532,text,true,,5441,338,200,200,https://pabsa.impressicocrm.com/api/tournament/119922/matches,2834,0,0
1680594112028,2580,Get knockout players list ,200,,Knock_out_Thread Group 1-1491,text,true,,4598,340,200,200,https://pabsa.impressicocrm.com/api/tournament/118871/knockouts,2580,0,0
1680594111937,2678,Get tournament result,200,,Knock_out_Thread Group 1-1412,text,true,,5441,338,200,200,https://pabsa.impressicocrm.com/api/tournament/119922/matches,2678,0,0
1680594112104,2528,Get single knockout Player details,200,,Knock_out_Thread Group 1-1460,text,true,,1210,326,200,200,https://pabsa.impressicocrm.com/api/player/110368,2528,0,0
1680594112081,2552,Get single knockout Player details,200,,Knock_out_Thread Group 1-1488,text,true,,1210,326,200,200,https://pabsa.impressicocrm.com/api/player/110368,2552,0,0
1680594112069,2566,Get playerA_Vs_playerB,200,,Knock_out_Thread Group 1-1389,text,true,,1239,341,200,200,https://pabsa.impressicocrm.com/api/tournament/matchScore/147598,2566,0,0
1680594112107,2545,Get single knockout Player details,200,,Knock_out_Thread Group 1-1458,text,true,,1210,326,199,199,https://pabsa.impressicocrm.com/api/player/110368,2545,0,0
1680594112151,2501,Get single knockout Player details,200,,Knock_out_Thread Group 1-1469,text,true,,1210,326,199,199,https://pabsa.impressicocrm.com/api/player/110368,2501,0,0
1680594111941,2736,Get tournament result,200,,Knock_out_Thread Group 1-1463,text,true,,5441,338,199,199,https://pabsa.impressicocrm.com/api/tournament/119922/matches,2736,0,0
1680594111729,2961,Get tournament result,200,,Knock_out_Thread Group 1-1430,text,true,,5435,338,199,199,https://pabsa.impressicocrm.com/api/tournament/119922/matches,2961,0,0
1680594110184,4517,Get Break list ,200,,Knock_out_Thread Group 1-1528,text,true,,3218,338,199,199,https://pabsa.impressicocrm.com/api/tournament/119922/players,4517,0,0
1680594112012,2689,Get Players schedule,200,,Knock_out_Thread Group 1-1565,text,true,,5441,338,199,199,https://pabsa.impressicocrm.com/api/tournament/119922/matches,2689,0,0
1680594111939,2764,Get tournament result,200,,Knock_out_Thread Group 1-1422,text,true,,5441,338,199,199,https://pabsa.impressicocrm.com/api/tournament/119922/matches,2764,0,0
1680594111632,3085,Get Players schedule,200,,Knock_out_Thread Group 1-1510,text,true,,5441,338,199,199,https://pabsa.impressicocrm.com/api/tournament/119922/matches,3085,0,0
1680594112151,2566,Get Break list ,200,,Knock_out_Thread Group 1-1592,text,true,,3218,338,199,199,https://pabsa.impressicocrm.com/api/tournament/119922/players,2566,0,0
1680594112062,2655,Get Players list ,200,,Knock_out_Thread Group 1-1588,text,true,,3218,338,199,199,https://pabsa.impressicocrm.com/api/tournament/119922/players,2655,0,0
1680594112233,2534,Get single knockout Player details,200,,Knock_out_Thread Group 1-1496,text,true,,1210,326,199,199,https://pabsa.impressicocrm.com/api/player/110368,2534,0,0
1680594112227,2540,Get single knockout Player details,200,,Knock_out_Thread Group 1-1457,text,true,,1210,326,199,199,https://pabsa.impressicocrm.com/api/player/110368,2540,0,0
1680594112239,2528,Get single knockout Player details,200,,Knock_out_Thread Group 1-1483,text,true,,1210,326,199,199,https://pabsa.impressicocrm.com/api/player/110368,2528,0,0
1680594112104,2663,Get Players schedule,200,,Knock_out_Thread Group 1-1535,text,true,,5441,338,199,199,https://pabsa.impressicocrm.com/api/tournament/119922/matches,2663,0,0
1680594111706,3061,Get Players schedule,200,,Knock_out_Thread Group 1-1525,text,true,,5441,338,199,199,https://pabsa.impressicocrm.com/api/tournament/119922/matches,3061,0,0
1680594112055,2712,Get Players schedule,200,,Knock_out_Thread Group 1-1545,text,true,,5441,338,199,199,https://pabsa.impressicocrm.com/api/tournament/119922/matches,2712,0,0
1680594111935,2832,Get Players schedule,200,,Knock_out_Thread Group 1-1542,text,true,,5441,338,199,199,https://pabsa.impressicocrm.com/api/tournament/119922/matches,2832,0,0
1680594111901,2876,Get Break list ,200,,Knock_out_Thread Group 1-1593,text,true,,3218,338,199,199,https://pabsa.impressicocrm.com/api/tournament/119922/players,2876,0,0
1680594112223,2570,Get playerA_Vs_playerB,200,,Knock_out_Thread Group 1-1426,text,true,,1239,341,199,199,https://pabsa.impressicocrm.com/api/tournament/matchScore/147598,2570,0,0
1680594112239,2569,Get playerA_Vs_playerB,200,,Knock_out_Thread Group 1-1415,text,true,,1239,341,198,198,https://pabsa.impressicocrm.com/api/tournament/matchScore/147598,2569,0,0
1680594112374,2441,Get single knockout Player details,200,,Knock_out_Thread Group 1-1482,text,true,,1210,326,197,197,https://pabsa.impressicocrm.com/api/player/110368,2441,0,0
1680594112249,2574,Get playerA_Vs_playerB,200,,Knock_out_Thread Group 1-1379,text,true,,1239,341,197,197,https://pabsa.impressicocrm.com/api/tournament/matchScore/147598,2574,0,0
1680594112455,2380,Get single knockout Player details,200,,Knock_out_Thread Group 1-1494,text,true,,1210,326,196,196,https://pabsa.impressicocrm.com/api/player/110368,2380,0,0
1680594111874,2961,Get tournament result,200,,Knock_out_Thread Group 1-1445,text,true,,5441,338,196,196,https://pabsa.impressicocrm.com/api/tournament/119922/matches,2961,0,0
1680594112169,2676,Get Players list ,200,,Knock_out_Thread Group 1-1577,text,true,,3218,338,196,196,https://pabsa.impressicocrm.com/api/tournament/119922/players,2676,0,0
1680594112472,2380,Get knockout players list ,200,,Knock_out_Thread Group 1-1530,text,true,,4598,340,196,196,https://pabsa.impressicocrm.com/api/tournament/118871/knockouts,2380,0,0
1680594112479,2379,Get knockout players list ,200,,Knock_out_Thread Group 1-1511,text,true,,4598,340,196,196,https://pabsa.impressicocrm.com/api/tournament/118871/knockouts,2379,0,0
1680594112478,2384,Get single knockout Player details,200,,Knock_out_Thread Group 1-1455,text,true,,1210,326,196,196,https://pabsa.impressicocrm.com/api/player/110368,2384,0,0
1680594112084,2827,Get playerA_Vs_playerB,200,,Knock_out_Thread Group 1-1423,text,true,,1239,341,196,196,https://pabsa.impressicocrm.com/api/tournament/matchScore/147598,2827,0,0
1680594112444,2475,Get knockout players list ,200,,Knock_out_Thread Group 1-1514,text,true,,4598,340,195,195,https://pabsa.impressicocrm.com/api/tournament/118871/knockouts,2475,0,0
1680594112161,2796,Get tournament result,200,,Knock_out_Thread Group 1-1438,text,true,,5435,338,195,195,https://pabsa.impressicocrm.com/api/tournament/119922/matches,2796,0,0
1680594112516,2445,Get Break list ,200,,Knock_out_Thread Group 1-1594,text,true,,3218,338,195,195,https://pabsa.impressicocrm.com/api/tournament/119922/players,2445,0,0
1680594112437,2530,Get Break list ,200,,Knock_out_Thread Group 1-1572,text,true,,3218,338,195,195,https://pabsa.impressicocrm.com/api/tournament/119922/players,2530,0,0
1680594112582,2405,Get single knockout Player details,200,,Knock_out_Thread Group 1-1465,text,true,,1210,326,195,195,https://pabsa.impressicocrm.com/api/player/110368,2405,0,0
1680594112544,2447,Get playerA_Vs_playerB,200,,Knock_out_Thread Group 1-1400,text,true,,1239,341,195,195,https://pabsa.impressicocrm.com/api/tournament/matchScore/147598,2447,0,0
1680594112169,2853,Get Players schedule,200,,Knock_out_Thread Group 1-1551,text,true,,5441,338,194,194,https://pabsa.impressicocrm.com/api/tournament/119922/matches,2853,0,0
1680594112582,2459,Get playerA_Vs_playerB,200,,Knock_out_Thread Group 1-1385,text,true,,1239,341,194,194,https://pabsa.impressicocrm.com/api/tournament/matchScore/147598,2459,0,0
1680594112561,2492,Get knockout players list ,200,,Knock_out_Thread Group 1-1500,text,true,,4598,340,193,193,https://pabsa.impressicocrm.com/api/tournament/118871/knockouts,2492,0,0
1680594112183,2872,Get Players schedule,200,,Knock_out_Thread Group 1-1517,text,true,,5441,338,193,193,https://pabsa.impressicocrm.com/api/tournament/119922/matches,2872,0,0
1680594112579,2482,Get Break list ,200,,Knock_out_Thread Group 1-1566,text,true,,3218,338,193,193,https://pabsa.impressicocrm.com/api/tournament/119922/players,2482,0,0
1680594112645,2418,Get single knockout Player details,200,,Knock_out_Thread Group 1-1471,text,true,,1210,326,193,193,https://pabsa.impressicocrm.com/api/player/110368,2418,0,0
1680594112317,2746,Get knockout players list ,200,,Knock_out_Thread Group 1-1518,text,true,,4598,340,193,193,https://pabsa.impressicocrm.com/api/tournament/118871/knockouts,2746,0,0
1680594112089,2993,Get tournament result,200,,Knock_out_Thread Group 1-1454,text,true,,5441,338,193,193,https://pabsa.impressicocrm.com/api/tournament/119922/matches,2993,0,0
1680594112375,2730,Get single knockout Player details,200,,Knock_out_Thread Group 1-1489,text,true,,1210,326,193,193,https://pabsa.impressicocrm.com/api/player/110368,2730,0,0
1680594112610,2498,Get tournament result,200,,Knock_out_Thread Group 1-1432,text,true,,5441,338,193,193,https://pabsa.impressicocrm.com/api/tournament/119922/matches,2498,0,0
1680594112239,2869,Get tournament result,200,,Knock_out_Thread Group 1-1475,text,true,,5441,338,193,193,https://pabsa.impressicocrm.com/api/tournament/119922/matches,2869,0,0
1680594112233,2887,Get tournament result,200,,Knock_out_Thread Group 1-1451,text,true,,5435,338,193,193,https://pabsa.impressicocrm.com/api/tournament/119922/matches,2887,0,0
1680594112185,2940,Get tournament result,200,,Knock_out_Thread Group 1-1429,text,true,,5435,338,193,193,https://pabsa.impressicocrm.com/api/tournament/119922/matches,2940,0,0
1680594112726,2404,Get single knockout Player details,200,,Knock_out_Thread Group 1-1487,text,true,,1210,326,193,193,https://pabsa.impressicocrm.com/api/player/110368,2404,0,0
1680594112465,2696,Get playerA_Vs_playerB,200,,Knock_out_Thread Group 1-1427,text,true,,1239,341,193,193,https://pabsa.impressicocrm.com/api/tournament/matchScore/147598,2696,0,0
1680594112748,2467,Get playerA_Vs_playerB,200,,Knock_out_Thread Group 1-1388,text,true,,1239,341,192,192,https://pabsa.impressicocrm.com/api/tournament/matchScore/147598,2467,0,0
1680594112738,2481,Get single knockout Player details,200,,Knock_out_Thread Group 1-1439,text,true,,1210,326,191,191,https://pabsa.impressicocrm.com/api/player/110368,2481,0,0
1680594112731,2488,Get knockout players list ,200,,Knock_out_Thread Group 1-1506,text,true,,4598,340,191,191,https://pabsa.impressicocrm.com/api/tournament/118871/knockouts,2488,0,0
1680594112723,2502,Get Players schedule,200,,Knock_out_Thread Group 1-1570,text,true,,5441,338,191,191,https://pabsa.impressicocrm.com/api/tournament/119922/matches,2502,0,0
1680594112634,2604,Get Break list ,200,,Knock_out_Thread Group 1-1575,text,true,,3218,338,191,191,https://pabsa.impressicocrm.com/api/tournament/119922/players,2604,0,0
1680594112728,2510,Get knockout players list ,200,,Knock_out_Thread Group 1-1527,text,true,,4591,340,191,191,https://pabsa.impressicocrm.com/api/tournament/118871/knockouts,2509,0,0
1680594112769,2473,Get playerA_Vs_playerB,200,,Knock_out_Thread Group 1-1447,text,true,,1239,341,191,191,https://pabsa.impressicocrm.com/api/tournament/matchScore/147598,2473,0,0
1680594112769,2490,Get playerA_Vs_playerB,200,,Knock_out_Thread Group 1-1418,text,true,,1239,341,190,190,https://pabsa.impressicocrm.com/api/tournament/matchScore/147598,2490,0,0
1680594112802,2463,Get knockout players list ,200,,Knock_out_Thread Group 1-1520,text,true,,4598,340,189,189,https://pabsa.impressicocrm.com/api/tournament/118871/knockouts,2463,0,0
1680594112527,2742,Get Players schedule,200,,Knock_out_Thread Group 1-1541,text,true,,5441,338,189,189,https://pabsa.impressicocrm.com/api/tournament/119922/matches,2742,0,0
1680594112489,2780,Get tournament result,200,,Knock_out_Thread Group 1-1441,text,true,,5441,338,189,189,https://pabsa.impressicocrm.com/api/tournament/119922/matches,2780,0,0
1680594112486,2795,Get tournament result,200,,Knock_out_Thread Group 1-1433,text,true,,5441,338,189,189,https://pabsa.impressicocrm.com/api/tournament/119922/matches,2795,0,0
1680594112489,2804,Get Break list ,200,,Knock_out_Thread Group 1-1595,text,true,,3218,338,189,189,https://pabsa.impressicocrm.com/api/tournament/119922/players,2804,0,0
1680594112410,2883,Get tournament result,200,,Knock_out_Thread Group 1-1449,text,true,,5441,338,189,189,https://pabsa.impressicocrm.com/api/tournament/119922/matches,2883,0,0
1680594112527,2781,Get Players schedule,200,,Knock_out_Thread Group 1-1554,text,true,,5435,338,189,189,https://pabsa.impressicocrm.com/api/tournament/119922/matches,2781,0,0
1680594112824,2501,Get knockout players list ,200,,Knock_out_Thread Group 1-1509,text,true,,4598,340,189,189,https://pabsa.impressicocrm.com/api/tournament/118871/knockouts,2501,0,0
1680594112634,2713,Get tournament result,200,,Knock_out_Thread Group 1-1452,text,true,,5441,338,189,189,https://pabsa.impressicocrm.com/api/tournament/119922/matches,2713,0,0
1680594112860,2494,Get single knockout Player details,200,,Knock_out_Thread Group 1-1503,text,true,,1210,326,189,189,https://pabsa.impressicocrm.com/api/player/110368,2494,0,0
1680594112852,2517,Get playerA_Vs_playerB,200,,Knock_out_Thread Group 1-1434,text,true,,1239,341,189,189,https://pabsa.impressicocrm.com/api/tournament/matchScore/147598,2517,0,0
1680594112626,2749,Get Players schedule,200,,Knock_out_Thread Group 1-1533,text,true,,5441,338,188,188,https://pabsa.impressicocrm.com/api/tournament/119922/matches,2749,0,0
1680594112785,2600,Get Break list ,200,,Knock_out_Thread Group 1-1546,text,true,,3218,338,188,188,https://pabsa.impressicocrm.com/api/tournament/119922/players,2600,0,0
1680594112924,2550,Get single knockout Player details,200,,Knock_out_Thread Group 1-1513,text,true,,1210,326,188,188,https://pabsa.impressicocrm.com/api/player/110368,2550,0,0
1680594112999,2484,Get single knockout Player details,200,,Knock_out_Thread Group 1-1497,text,true,,1210,326,188,188,https://pabsa.impressicocrm.com/api/player/110368,2484,0,0
1680594110818,4669,Get Players schedule,200,,Knock_out_Thread Group 1-1531,text,true,,5441,338,188,188,https://pabsa.impressicocrm.com/api/tournament/119922/matches,4669,0,0
1680594112822,2681,Get tournament result,200,,Knock_out_Thread Group 1-1461,text,true,,5441,338,188,188,https://pabsa.impressicocrm.com/api/tournament/119922/matches,2681,0,0
1680594112792,2750,Get Players schedule,200,,Knock_out_Thread Group 1-1540,text,true,,5441,338,188,188,https://pabsa.impressicocrm.com/api/tournament/119922/matches,2750,0,0
1680594112824,2732,Get Players schedule,200,,Knock_out_Thread Group 1-1556,text,true,,5441,338,188,188,https://pabsa.impressicocrm.com/api/tournament/119922/matches,2732,0,0
1680594111848,3728,Get tournament result,200,,Knock_out_Thread Group 1-1404,text,true,,5441,338,188,188,https://pabsa.impressicocrm.com/api/tournament/119922/matches,3728,0,0
1680594112856,2758,Get Players schedule,200,,Knock_out_Thread Group 1-1557,text,true,,5441,338,188,188,https://pabsa.impressicocrm.com/api/tournament/119922/matches,2758,0,0
1680594112792,2852,Get tournament result,200,,Knock_out_Thread Group 1-1437,text,true,,5441,338,188,188,https://pabsa.impressicocrm.com/api/tournament/119922/matches,2852,0,0
1680594112852,2809,Get Players schedule,200,,Knock_out_Thread Group 1-1504,text,true,,5441,338,188,188,https://pabsa.impressicocrm.com/api/tournament/119922/matches,2809,0,0
1680594113121,2540,Get single knockout Player details,200,,Knock_out_Thread Group 1-1402,text,true,,1210,326,188,188,https://pabsa.impressicocrm.com/api/player/110368,2540,0,0
1680594112860,2806,Get tournament result,200,,Knock_out_Thread Group 1-1448,text,true,,5435,338,188,188,https://pabsa.impressicocrm.com/api/tournament/119922/matches,2806,0,0
1680594113101,2585,Get knockout players list ,200,,Knock_out_Thread Group 1-1526,text,true,,4598,340,188,188,https://pabsa.impressicocrm.com/api/tournament/118871/knockouts,2585,0,0
1680594112869,2828,Get tournament result,200,,Knock_out_Thread Group 1-1431,text,true,,5441,338,188,188,https://pabsa.impressicocrm.com/api/tournament/119922/matches,2828,0,0
1680594113135,2566,Get single knockout Player details,200,,Knock_out_Thread Group 1-1481,text,true,,1210,326,188,188,https://pabsa.impressicocrm.com/api/player/110368,2566,0,0
1680594112907,2796,Get Players schedule,200,,Knock_out_Thread Group 1-1548,text,true,,5435,338,188,188,https://pabsa.impressicocrm.com/api/tournament/119922/matches,2796,0,0
1680594113122,2581,Get playerA_Vs_playerB,200,,Knock_out_Thread Group 1-1420,text,true,,1239,341,188,188,https://pabsa.impressicocrm.com/api/tournament/matchScore/147598,2581,0,0
1680594112634,3073,Get Players schedule,200,,Knock_out_Thread Group 1-1578,text,true,,5441,338,187,187,https://pabsa.impressicocrm.com/api/tournament/119922/matches,3072,0,0
1680594113122,2594,Get playerA_Vs_playerB,200,,Knock_out_Thread Group 1-1401,text,true,,1239,341,187,187,https://pabsa.impressicocrm.com/api/tournament/matchScore/147598,2594,0,0
1680594112917,2800,Get Players schedule,200,,Knock_out_Thread Group 1-1562,text,true,,5441,338,187,187,https://pabsa.impressicocrm.com/api/tournament/119922/matches,2800,0,0
1680594112938,2786,Get tournament result,200,,Knock_out_Thread Group 1-1485,text,true,,5441,338,186,186,https://pabsa.impressicocrm.com/api/tournament/119922/matches,2786,0,0
1680594113217,2551,Get playerA_Vs_playerB,200,,Knock_out_Thread Group 1-1474,text,true,,1239,341,186,186,https://pabsa.impressicocrm.com/api/tournament/matchScore/147598,2551,0,0
1680594113212,2556,Get playerA_Vs_playerB,200,,Knock_out_Thread Group 1-1405,text,true,,1239,341,186,186,https://pabsa.impressicocrm.com/api/tournament/matchScore/147598,2556,0,0
1680594113011,2771,Get Players schedule,200,,Knock_out_Thread Group 1-1558,text,true,,5441,338,184,184,https://pabsa.impressicocrm.com/api/tournament/119922/matches,2771,0,0
1680594113223,2559,Get knockout players list ,200,,Knock_out_Thread Group 1-1519,text,true,,4598,340,184,184,https://pabsa.impressicocrm.com/api/tournament/118871/knockouts,2559,0,0
1680594113159,2640,Get knockout players list ,200,,Knock_out_Thread Group 1-1493,text,true,,4598,340,184,184,https://pabsa.impressicocrm.com/api/tournament/118871/knockouts,2640,0,0
1680594113093,2733,Get tournament result,200,,Knock_out_Thread Group 1-1444,text,true,,5441,338,184,184,https://pabsa.impressicocrm.com/api/tournament/119922/matches,2733,0,0
1680594113047,2786,Get Players schedule,200,,Knock_out_Thread Group 1-1581,text,true,,5441,338,184,184,https://pabsa.impressicocrm.com/api/tournament/119922/matches,2786,0,0
1680594112762,3101,Get Players schedule,200,,Knock_out_Thread Group 1-1512,text,true,,5441,338,184,184,https://pabsa.impressicocrm.com/api/tournament/119922/matches,3101,0,0
1680594113304,2591,Get playerA_Vs_playerB,200,,Knock_out_Thread Group 1-1393,text,true,,1239,341,184,184,https://pabsa.impressicocrm.com/api/tournament/matchScore/147598,2591,0,0
1680594113405,2494,Get playerA_Vs_playerB,200,,Knock_out_Thread Group 1-1453,text,true,,1239,341,183,183,https://pabsa.impressicocrm.com/api/tournament/matchScore/147598,2494,0,0
1680594113265,2646,Get Break list ,200,,Knock_out_Thread Group 1-1589,text,true,,3218,338,182,182,https://pabsa.impressicocrm.com/api/tournament/119922/players,2646,0,0
1680594113474,2451,Get knockout players list ,200,,Knock_out_Thread Group 1-1544,text,true,,4591,340,182,182,https://pabsa.impressicocrm.com/api/tournament/118871/knockouts,2451,0,0
1680594113443,2493,Get knockout players list ,200,,Knock_out_Thread Group 1-1529,text,true,,4598,340,182,182,https://pabsa.impressicocrm.com/api/tournament/118871/knockouts,2493,0,0
1680594113432,2505,Get playerA_Vs_playerB,200,,Knock_out_Thread Group 1-1436,text,true,,1239,341,182,182,https://pabsa.impressicocrm.com/api/tournament/matchScore/147598,2505,0,0
1680594113139,2799,Get tournament result,200,,Knock_out_Thread Group 1-1464,text,true,,5441,338,181,181,https://pabsa.impressicocrm.com/api/tournament/119922/matches,2799,0,0
1680594113090,2855,Get Players schedule,200,,Knock_out_Thread Group 1-1563,text,true,,5441,338,181,181,https://pabsa.impressicocrm.com/api/tournament/119922/matches,2855,0,0
1680594113610,2335,Get single knockout Player details,200,,Knock_out_Thread Group 1-1492,text,true,,1210,326,181,181,https://pabsa.impressicocrm.com/api/player/110368,2335,0,0
1680594113119,2829,Get Players schedule,200,,Knock_out_Thread Group 1-1552,text,true,,5441,338,181,181,https://pabsa.impressicocrm.com/api/tournament/119922/matches,2829,0,0
1680594113414,2545,Get playerA_Vs_playerB,200,,Knock_out_Thread Group 1-1386,text,true,,1239,341,181,181,https://pabsa.impressicocrm.com/api/tournament/matchScore/147598,2545,0,0
1680594113090,2885,Get tournament result,200,,Knock_out_Thread Group 1-1466,text,true,,5441,338,180,180,https://pabsa.impressicocrm.com/api/tournament/119922/matches,2885,0,0
1680594113548,2444,Get playerA_Vs_playerB,200,,Knock_out_Thread Group 1-1403,text,true,,1239,341,180,180,https://pabsa.impressicocrm.com/api/tournament/matchScore/147598,2444,0,0
1680594113627,2395,Get Break list ,200,,Knock_out_Thread Group 1-1599,text,true,,3218,338,179,179,https://pabsa.impressicocrm.com/api/tournament/119922/players,2395,0,0
1680594113580,2446,Get knockout players list ,200,,Knock_out_Thread Group 1-1507,text,true,,4598,340,179,179,https://pabsa.impressicocrm.com/api/tournament/118871/knockouts,2446,0,0
1680594113654,2390,Get playerA_Vs_playerB,200,,Knock_out_Thread Group 1-1435,text,true,,1239,341,179,179,https://pabsa.impressicocrm.com/api/tournament/matchScore/147598,2390,0,0
1680594113632,2415,Get playerA_Vs_playerB,200,,Knock_out_Thread Group 1-1417,text,true,,1239,341,178,178,https://pabsa.impressicocrm.com/api/tournament/matchScore/147598,2415,0,0
1680594113626,2421,Get knockout players list ,200,,Knock_out_Thread Group 1-1537,text,true,,4598,340,178,178,https://pabsa.impressicocrm.com/api/tournament/118871/knockouts,2421,0,0
1680594113582,2514,Get knockout players list ,200,,Knock_out_Thread Group 1-1505,text,true,,4598,340,177,177,https://pabsa.impressicocrm.com/api/tournament/118871/knockouts,2514,0,0
1680594113367,2735,Get Players schedule,200,,Knock_out_Thread Group 1-1521,text,true,,5441,338,177,177,https://pabsa.impressicocrm.com/api/tournament/119922/matches,2735,0,0
1680594113734,2373,Get single knockout Player details,200,,Knock_out_Thread Group 1-1473,text,true,,1210,326,177,177,https://pabsa.impressicocrm.com/api/player/110368,2373,0,0
1680594113632,2479,Get knockout players list ,200,,Knock_out_Thread Group 1-1523,text,true,,4598,340,177,177,https://pabsa.impressicocrm.com/api/tournament/118871/knockouts,2479,0,0
1680594113179,2942,Get tournament result,200,,Knock_out_Thread Group 1-1490,text,true,,5441,338,177,177,https://pabsa.impressicocrm.com/api/tournament/119922/matches,2942,0,0
1680594113702,2439,Get playerA_Vs_playerB,200,,Knock_out_Thread Group 1-1428,text,true,,1239,341,177,177,https://pabsa.impressicocrm.com/api/tournament/matchScore/147598,2439,0,0
1680594113678,2465,Get Break list ,200,,Knock_out_Thread Group 1-1590,text,true,,3218,338,176,176,https://pabsa.impressicocrm.com/api/tournament/119922/players,2465,0,0
1680594113363,2780,Get tournament result,200,,Knock_out_Thread Group 1-1472,text,true,,5441,338,176,176,https://pabsa.impressicocrm.com/api/tournament/119922/matches,2780,0,0
1680594113749,2399,Get single knockout Player details,200,,Knock_out_Thread Group 1-1478,text,true,,1210,326,176,176,https://pabsa.impressicocrm.com/api/player/110368,2399,0,0
1680594113664,2490,Get Break list ,200,,Knock_out_Thread Group 1-1586,text,true,,3218,338,176,176,https://pabsa.impressicocrm.com/api/tournament/119922/players,2490,0,0
1680594113727,2435,Get playerA_Vs_playerB,200,,Knock_out_Thread Group 1-1390,text,true,,1239,341,176,176,https://pabsa.impressicocrm.com/api/tournament/matchScore/147598,2435,0,0
1680594113226,2939,Get playerA_Vs_playerB,200,,Knock_out_Thread Group 1-1399,text,true,,1239,341,175,175,https://pabsa.impressicocrm.com/api/tournament/matchScore/147598,2939,0,0
1680594113793,2372,Get knockout players list ,200,,Knock_out_Thread Group 1-1501,text,true,,4598,340,175,175,https://pabsa.impressicocrm.com/api/tournament/118871/knockouts,2372,0,0
1680594113287,2883,Get single knockout Player details,200,,Knock_out_Thread Group 1-1495,text,true,,1210,326,174,174,https://pabsa.impressicocrm.com/api/player/110368,2883,0,0
1680594113846,2336,Get knockout players list ,200,,Knock_out_Thread Group 1-1498,text,true,,4598,340,174,174,https://pabsa.impressicocrm.com/api/tournament/118871/knockouts,2336,0,0
1680594113011,3188,Get tournament result,200,,Knock_out_Thread Group 1-1442,text,true,,5441,338,174,174,https://pabsa.impressicocrm.com/api/tournament/119922/matches,3188,0,0
1680594113785,2427,Get knockout players list ,200,,Knock_out_Thread Group 1-1508,text,true,,4598,340,174,174,https://pabsa.impressicocrm.com/api/tournament/118871/knockouts,2427,0,0
1680594113504,2711,Get Players schedule,200,,Knock_out_Thread Group 1-1571,text,true,,5441,338,174,174,https://pabsa.impressicocrm.com/api/tournament/119922/matches,2711,0,0
1680594113793,2435,Get knockout players list ,200,,Knock_out_Thread Group 1-1538,text,true,,4598,340,174,174,https://pabsa.impressicocrm.com/api/tournament/118871/knockouts,2435,0,0
1680594113627,2602,Get tournament result,200,,Knock_out_Thread Group 1-1467,text,true,,5441,338,174,174,https://pabsa.impressicocrm.com/api/tournament/119922/matches,2602,0,0
1680594113265,2978,Get Players schedule,200,,Knock_out_Thread Group 1-1560,text,true,,5441,338,174,174,https://pabsa.impressicocrm.com/api/tournament/119922/matches,2978,0,0
1680594113920,2329,Get knockout players list ,200,,Knock_out_Thread Group 1-1534,text,true,,4598,340,174,174,https://pabsa.impressicocrm.com/api/tournament/118871/knockouts,2329,0,0
1680594113834,2415,Get playerA_Vs_playerB,200,,Knock_out_Thread Group 1-1456,text,true,,1239,341,174,174,https://pabsa.impressicocrm.com/api/tournament/matchScore/147598,2415,0,0
1680594113443,2813,Get Players schedule,200,,Knock_out_Thread Group 1-1516,text,true,,5441,338,173,173,https://pabsa.impressicocrm.com/api/tournament/119922/matches,2813,0,0
1680594113489,2792,Get Players schedule,200,,Knock_out_Thread Group 1-1543,text,true,,5441,338,173,173,https://pabsa.impressicocrm.com/api/tournament/119922/matches,2792,0,0
1680594113945,2352,Get playerA_Vs_playerB,200,,Knock_out_Thread Group 1-1443,text,true,,1239,341,173,173,https://pabsa.impressicocrm.com/api/tournament/matchScore/147598,2352,0,0
1680594113727,2610,Get Players schedule,200,,Knock_out_Thread Group 1-1583,text,true,,5441,338,172,172,https://pabsa.impressicocrm.com/api/tournament/119922/matches,2610,0,0
1680594113678,2677,Get Break list ,200,,Knock_out_Thread Group 1-1587,text,true,,3218,338,172,172,https://pabsa.impressicocrm.com/api/tournament/119922/players,2677,0,0
1680594114058,2327,Get single knockout Player details,200,,Knock_out_Thread Group 1-1486,text,true,,1210,326,172,172,https://pabsa.impressicocrm.com/api/player/110368,2327,0,0
1680594113966,2419,Get knockout players list ,200,,Knock_out_Thread Group 1-1515,text,true,,4598,340,172,172,https://pabsa.impressicocrm.com/api/tournament/118871/knockouts,2419,0,0
1680594114064,2353,Get knockout players list ,200,,Knock_out_Thread Group 1-1524,text,true,,4591,340,172,172,https://pabsa.impressicocrm.com/api/tournament/118871/knockouts,2353,0,0
1680594113925,2513,Get tournament result,200,,Knock_out_Thread Group 1-1462,text,true,,5441,338,172,172,https://pabsa.impressicocrm.com/api/tournament/119922/matches,2512,0,0
1680594113742,2701,Get tournament result,200,,Knock_out_Thread Group 1-1459,text,true,,5435,338,172,172,https://pabsa.impressicocrm.com/api/tournament/119922/matches,2701,0,0
1680594113745,2724,Get Players schedule,200,,Knock_out_Thread Group 1-1549,text,true,,5441,338,172,172,https://pabsa.impressicocrm.com/api/tournament/119922/matches,2724,0,0
1680594113965,2519,Get Break list ,200,,Knock_out_Thread Group 1-1596,text,true,,3218,338,172,172,https://pabsa.impressicocrm.com/api/tournament/119922/players,2519,0,0
1680594113957,2527,Get knockout players list ,200,,Knock_out_Thread Group 1-1502,text,true,,4598,340,172,172,https://pabsa.impressicocrm.com/api/tournament/118871/knockouts,2527,0,0
1680594113793,2697,Get tournament result,200,,Knock_out_Thread Group 1-1480,text,true,,5441,338,172,172,https://pabsa.impressicocrm.com/api/tournament/119922/matches,2697,0,0
1680594113929,2566,Get tournament result,200,,Knock_out_Thread Group 1-1476,text,true,,5435,338,172,172,https://pabsa.impressicocrm.com/api/tournament/119922/matches,2566,0,0
1680594114108,2394,Get Break list ,200,,Knock_out_Thread Group 1-1598,text,true,,3218,338,172,172,https://pabsa.impressicocrm.com/api/tournament/119922/players,2394,0,0
1680594114157,2385,Get playerA_Vs_playerB,200,,Knock_out_Thread Group 1-1411,text,true,,1239,341,172,172,https://pabsa.impressicocrm.com/api/tournament/matchScore/147598,2385,0,0
1680594113945,2596,Get Players schedule,200,,Knock_out_Thread Group 1-1550,text,true,,5441,338,172,172,https://pabsa.impressicocrm.com/api/tournament/119922/matches,2596,0,0
1680594113886,2655,Get Players schedule,200,,Knock_out_Thread Group 1-1573,text,true,,5435,338,172,172,https://pabsa.impressicocrm.com/api/tournament/119922/matches,2655,0,0
1680594113868,2699,Get Players schedule,200,,Knock_out_Thread Group 1-1564,text,true,,5441,338,171,171,https://pabsa.impressicocrm.com/api/tournament/119922/matches,2699,0,0
1680594114154,2422,Get playerA_Vs_playerB,200,,Knock_out_Thread Group 1-1425,text,true,,1239,341,171,171,https://pabsa.impressicocrm.com/api/tournament/matchScore/147598,2422,0,0
1680594114078,2567,Get Players schedule,200,,Knock_out_Thread Group 1-1579,text,true,,5441,338,170,170,https://pabsa.impressicocrm.com/api/tournament/119922/matches,2567,0,0
1680594114395,2309,Get playerA_Vs_playerB,200,,Knock_out_Thread Group 1-1450,text,true,,1239,341,170,170,https://pabsa.impressicocrm.com/api/tournament/matchScore/147598,2309,0,0
1680594114410,2298,Get playerA_Vs_playerB,200,,Knock_out_Thread Group 1-1408,text,true,,1239,341,169,169,https://pabsa.impressicocrm.com/api/tournament/matchScore/147598,2298,0,0
1680594114104,2617,Get Players schedule,200,,Knock_out_Thread Group 1-1561,text,true,,5441,338,168,168,https://pabsa.impressicocrm.com/api/tournament/119922/matches,2617,0,0
1680594114447,2275,Get single knockout Player details,200,,Knock_out_Thread Group 1-1484,text,true,,1210,326,168,168,https://pabsa.impressicocrm.com/api/player/110368,2275,0,0
1680594113957,2773,Get Players schedule,200,,Knock_out_Thread Group 1-1553,text,true,,5441,338,168,168,https://pabsa.impressicocrm.com/api/tournament/119922/matches,2773,0,0
1680594114145,2609,Get tournament result,200,,Knock_out_Thread Group 1-1477,text,true,,5441,338,168,168,https://pabsa.impressicocrm.com/api/tournament/119922/matches,2609,0,0
1680594114494,2287,Get playerA_Vs_playerB,200,,Knock_out_Thread Group 1-1446,text,true,,1239,341,168,168,https://pabsa.impressicocrm.com/api/tournament/matchScore/147598,2287,0,0
1680594114169,2621,Get Players schedule,200,,Knock_out_Thread Group 1-1574,text,true,,5441,338,167,167,https://pabsa.impressicocrm.com/api/tournament/119922/matches,2621,0,0
1680594114004,2825,Get knockout players list ,200,,Knock_out_Thread Group 1-1539,text,true,,4598,340,167,167,https://pabsa.impressicocrm.com/api/tournament/118871/knockouts,2825,0,0
1680594114156,2699,Get Players schedule,200,,Knock_out_Thread Group 1-1576,text,true,,5441,338,167,167,https://pabsa.impressicocrm.com/api/tournament/119922/matches,2699,0,0
1680594114427,2464,Get tournament result,200,,Knock_out_Thread Group 1-1479,text,true,,5441,338,167,167,https://pabsa.impressicocrm.com/api/tournament/119922/matches,2464,0,0
1680594114064,2839,Get Players schedule,200,,Knock_out_Thread Group 1-1522,text,true,,5441,338,167,167,https://pabsa.impressicocrm.com/api/tournament/119922/matches,2839,0,0
1680594114610,2300,Get single knockout Player details,200,,Knock_out_Thread Group 1-1491,text,true,,1210,326,167,167,https://pabsa.impressicocrm.com/api/player/110368,2300,0,0
1680594114251,2663,Get tournament result,200,,Knock_out_Thread Group 1-1470,text,true,,5441,338,167,167,https://pabsa.impressicocrm.com/api/tournament/119922/matches,2663,0,0
1680594114304,2618,Get Players schedule,200,,Knock_out_Thread Group 1-1585,text,true,,5441,338,167,167,https://pabsa.impressicocrm.com/api/tournament/119922/matches,2618,0,0
1680594114399,2536,Get tournament result,200,,Knock_out_Thread Group 1-1440,text,true,,5441,338,167,167,https://pabsa.impressicocrm.com/api/tournament/119922/matches,2536,0,0
1680594114588,2359,Get Break list ,200,,Knock_out_Thread Group 1-1591,text,true,,3218,338,167,167,https://pabsa.impressicocrm.com/api/tournament/119922/players,2359,0,0
1680594114304,2649,Get Players schedule,200,,Knock_out_Thread Group 1-1559,text,true,,5441,338,167,167,https://pabsa.impressicocrm.com/api/tournament/119922/matches,2649,0,0
1680594114617,2371,Get playerA_Vs_playerB,200,,Knock_out_Thread Group 1-1412,text,true,,1239,341,167,167,https://pabsa.impressicocrm.com/api/tournament/matchScore/147598,2371,0,0
1680594114595,2403,Get knockout players list ,200,,Knock_out_Thread Group 1-1532,text,true,,4598,340,166,166,https://pabsa.impressicocrm.com/api/tournament/118871/knockouts,2403,0,0
1680594114427,2573,Get Players schedule,200,,Knock_out_Thread Group 1-1568,text,true,,5441,338,166,166,https://pabsa.impressicocrm.com/api/tournament/119922/matches,2573,0,0
1680594114181,2843,Get knockout players list ,200,,Knock_out_Thread Group 1-1536,text,true,,4598,340,166,166,https://pabsa.impressicocrm.com/api/tournament/118871/knockouts,2843,0,0
1680594114532,2507,Get Players schedule,200,,Knock_out_Thread Group 1-1597,text,true,,5441,338,166,166,https://pabsa.impressicocrm.com/api/tournament/119922/matches,2507,0,0
1680594113986,3063,Get knockout players list ,200,,Knock_out_Thread Group 1-1499,text,true,,4598,340,166,166,https://pabsa.impressicocrm.com/api/tournament/118871/knockouts,3063,0,0
1680594114692,2394,Get playerA_Vs_playerB,200,,Knock_out_Thread Group 1-1430,text,true,,1239,341,166,166,https://pabsa.impressicocrm.com/api/tournament/matchScore/147598,2394,0,0
1680594114679,2411,Get playerA_Vs_playerB,200,,Knock_out_Thread Group 1-1463,text,true,,1239,341,165,165,https://pabsa.impressicocrm.com/api/tournament/matchScore/147598,2411,0,0
1680594114704,2412,Get playerA_Vs_playerB,200,,Knock_out_Thread Group 1-1422,text,true,,1239,341,164,164,https://pabsa.impressicocrm.com/api/tournament/matchScore/147598,2412,0,0
1680594114635,2504,Get tournament result,200,,Knock_out_Thread Group 1-1488,text,true,,5441,338,163,163,https://pabsa.impressicocrm.com/api/tournament/119922/matches,2504,0,0
1680594114769,2370,Get knockout players list ,200,,Knock_out_Thread Group 1-1535,text,true,,4598,340,163,163,https://pabsa.impressicocrm.com/api/tournament/118871/knockouts,2370,0,0
1680594114064,3089,Get Players schedule,200,,Knock_out_Thread Group 1-1582,text,true,,5441,338,163,163,https://pabsa.impressicocrm.com/api/tournament/119922/matches,3089,0,0
1680594114518,2642,Get knockout players list ,200,,Knock_out_Thread Group 1-1547,text,true,,4598,340,163,163,https://pabsa.impressicocrm.com/api/tournament/118871/knockouts,2642,0,0
1680594114104,3058,Get Players schedule,200,,Knock_out_Thread Group 1-1584,text,true,,5441,338,163,163,https://pabsa.impressicocrm.com/api/tournament/119922/matches,3058,0,0
1680594114588,2590,Get Players schedule,200,,Knock_out_Thread Group 1-1600,text,true,,5435,338,163,163,https://pabsa.impressicocrm.com/api/tournament/119922/matches,2590,0,0
1680594114769,2413,Get knockout players list ,200,,Knock_out_Thread Group 1-1542,text,true,,4598,340,163,163,https://pabsa.impressicocrm.com/api/tournament/118871/knockouts,2413,0,0
1680594114512,2676,Get tournament result,200,,Knock_out_Thread Group 1-1468,text,true,,5435,338,163,163,https://pabsa.impressicocrm.com/api/tournament/119922/matches,2676,0,0
1680594114718,2537,Get knockout players list ,200,,Knock_out_Thread Group 1-1510,text,true,,4598,340,163,163,https://pabsa.impressicocrm.com/api/tournament/118871/knockouts,2537,0,0
1680594114718,2541,Get Break list ,200,,Knock_out_Thread Group 1-1588,text,true,,3218,338,163,163,https://pabsa.impressicocrm.com/api/tournament/119922/players,2541,0,0
1680594114836,2423,Get playerA_Vs_playerB,200,,Knock_out_Thread Group 1-1445,text,true,,1239,341,163,163,https://pabsa.impressicocrm.com/api/tournament/matchScore/147598,2423,0,0
1680594114854,2440,Get single knockout Player details,200,,Knock_out_Thread Group 1-1530,text,true,,1210,326,162,162,https://pabsa.impressicocrm.com/api/player/110368,2440,0,0
1680594114859,2438,Get single knockout Player details,200,,Knock_out_Thread Group 1-1511,text,true,,1210,326,162,162,https://pabsa.impressicocrm.com/api/player/110368,2438,0,0
1680594114921,2378,Get single knockout Player details,200,,Knock_out_Thread Group 1-1514,text,true,,1210,326,162,162,https://pabsa.impressicocrm.com/api/player/110368,2378,0,0
1680594114654,2651,Get tournament result,200,,Knock_out_Thread Group 1-1458,text,true,,5441,338,162,162,https://pabsa.impressicocrm.com/api/tournament/119922/matches,2651,0,0
1680594114654,2662,Get tournament result,200,,Knock_out_Thread Group 1-1469,text,true,,5441,338,162,162,https://pabsa.impressicocrm.com/api/tournament/119922/matches,2662,0,0
1680594114439,2883,Get Players schedule,200,,Knock_out_Thread Group 1-1569,text,true,,5441,338,162,162,https://pabsa.impressicocrm.com/api/tournament/119922/matches,2883,0,0
1680594114769,2558,Get knockout players list ,200,,Knock_out_Thread Group 1-1525,text,true,,4598,340,162,162,https://pabsa.impressicocrm.com/api/tournament/118871/knockouts,2558,0,0
1680594114550,2777,Get Players schedule,200,,Knock_out_Thread Group 1-1555,text,true,,5441,338,162,162,https://pabsa.impressicocrm.com/api/tournament/119922/matches,2777,0,0
1680594114634,2699,Get tournament result,200,,Knock_out_Thread Group 1-1460,text,true,,5441,338,162,162,https://pabsa.impressicocrm.com/api/tournament/119922/matches,2699,0,0
1680594114526,2810,Get Players schedule,200,,Knock_out_Thread Group 1-1567,text,true,,5441,338,162,162,https://pabsa.impressicocrm.com/api/tournament/119922/matches,2810,0,0
1680594114958,2445,Get playerA_Vs_playerB,200,,Knock_out_Thread Group 1-1438,text,true,,1239,341,162,162,https://pabsa.impressicocrm.com/api/tournament/matchScore/147598,2445,0,0
1680594114769,2634,Get tournament result,200,,Knock_out_Thread Group 1-1496,text,true,,5441,338,162,162,https://pabsa.impressicocrm.com/api/tournament/119922/matches,2634,0,0
1680594115024,2386,Get knockout players list ,200,,Knock_out_Thread Group 1-1551,text,true,,4598,340,161,161,https://pabsa.impressicocrm.com/api/tournament/118871/knockouts,2386,0,0
1680594114718,2696,Get Players schedule,200,,Knock_out_Thread Group 1-1592,text,true,,5441,338,161,161,https://pabsa.impressicocrm.com/api/tournament/119922/matches,2696,0,0
1680594115054,2365,Get single knockout Player details,200,,Knock_out_Thread Group 1-1500,text,true,,1210,326,161,161,https://pabsa.impressicocrm.com/api/player/110368,2365,0,0
1680594114847,2573,Get Break list ,200,,Knock_out_Thread Group 1-1577,text,true,,3218,338,161,161,https://pabsa.impressicocrm.com/api/tournament/119922/players,2573,0,0
1680594114769,2654,Get tournament result,200,,Knock_out_Thread Group 1-1457,text,true,,5441,338,161,161,https://pabsa.impressicocrm.com/api/tournament/119922/matches,2654,0,0
1680594114702,2731,Get Players schedule,200,,Knock_out_Thread Group 1-1528,text,true,,5441,338,161,161,https://pabsa.impressicocrm.com/api/tournament/119922/matches,2731,0,0
1680594114702,2736,Get knockout players list ,200,,Knock_out_Thread Group 1-1565,text,true,,4598,340,161,161,https://pabsa.impressicocrm.com/api/tournament/118871/knockouts,2736,0,0
1680594114769,2707,Get tournament result,200,,Knock_out_Thread Group 1-1483,text,true,,5441,338,161,161,https://pabsa.impressicocrm.com/api/tournament/119922/matches,2707,0,0
1680594115083,2410,Get playerA_Vs_playerB,200,,Knock_out_Thread Group 1-1454,text,true,,1239,341,161,161,https://pabsa.impressicocrm.com/api/tournament/matchScore/147598,2410,0,0
1680594115110,2383,Get playerA_Vs_playerB,200,,Knock_out_Thread Group 1-1432,text,true,,1239,341,161,161,https://pabsa.impressicocrm.com/api/tournament/matchScore/147598,2383,0,0
1680594114778,2719,Get Players schedule,200,,Knock_out_Thread Group 1-1593,text,true,,5441,338,159,159,https://pabsa.impressicocrm.com/api/tournament/119922/matches,2719,0,0
1680594114836,2661,Get tournament result,200,,Knock_out_Thread Group 1-1494,text,true,,5441,338,159,159,https://pabsa.impressicocrm.com/api/tournament/119922/matches,2661,0,0
1680594115056,2462,Get knockout players list ,200,,Knock_out_Thread Group 1-1517,text,true,,4598,340,159,159,https://pabsa.impressicocrm.com/api/tournament/118871/knockouts,2462,0,0
1680594113957,3579,Get playerA_Vs_playerB,200,,Knock_out_Thread Group 1-1414,text,true,,1239,341,159,159,https://pabsa.impressicocrm.com/api/tournament/matchScore/147598,3579,0,0
1680594114769,2768,Get knockout players list ,200,,Knock_out_Thread Group 1-1545,text,true,,4598,340,159,159,https://pabsa.impressicocrm.com/api/tournament/118871/knockouts,2768,0,0
1680594115110,2442,Get playerA_Vs_playerB,200,,Knock_out_Thread Group 1-1475,text,true,,1239,341,158,158,https://pabsa.impressicocrm.com/api/tournament/matchScore/147598,2442,0,0
1680594114816,2753,Get tournament result,200,,Knock_out_Thread Group 1-1482,text,true,,5441,338,157,157,https://pabsa.impressicocrm.com/api/tournament/119922/matches,2753,0,0
1680594114968,2601,Get Players schedule,200,,Knock_out_Thread Group 1-1572,text,true,,5441,338,157,157,https://pabsa.impressicocrm.com/api/tournament/119922/matches,2601,0,0
1680594115221,2348,Get single knockout Player details,200,,Knock_out_Thread Group 1-1506,text,true,,1210,326,157,157,https://pabsa.impressicocrm.com/api/player/110368,2348,0,0
1680594115121,2448,Get playerA_Vs_playerB,200,,Knock_out_Thread Group 1-1451,text,true,,1239,341,157,157,https://pabsa.impressicocrm.com/api/tournament/matchScore/147598,2448,0,0
1680594115226,2350,Get knockout players list ,200,,Knock_out_Thread Group 1-1570,text,true,,4598,340,156,156,https://pabsa.impressicocrm.com/api/tournament/118871/knockouts,2350,0,0
1680594115239,2343,Get single knockout Player details,200,,Knock_out_Thread Group 1-1527,text,true,,1210,326,156,156,https://pabsa.impressicocrm.com/api/player/110368,2343,0,0
1680594115267,2320,Get single knockout Player details,200,,Knock_out_Thread Group 1-1520,text,true,,1210,326,156,156,https://pabsa.impressicocrm.com/api/player/110368,2320,0,0
1680594114587,3009,Get Players schedule,200,,Knock_out_Thread Group 1-1580,text,true,,5441,338,156,156,https://pabsa.impressicocrm.com/api/tournament/119922/matches,3009,0,0
1680594115062,2550,Get Players schedule,200,,Knock_out_Thread Group 1-1566,text,true,,5441,338,156,156,https://pabsa.impressicocrm.com/api/tournament/119922/matches,2550,0,0
1680594115326,2314,Get single knockout Player details,200,,Knock_out_Thread Group 1-1509,text,true,,1210,326,156,156,https://pabsa.impressicocrm.com/api/player/110368,2314,0,0
1680594115271,2369,Get knockout players list ,200,,Knock_out_Thread Group 1-1541,text,true,,4598,340,156,156,https://pabsa.impressicocrm.com/api/tournament/118871/knockouts,2369,0,0
1680594115283,2377,Get playerA_Vs_playerB,200,,Knock_out_Thread Group 1-1433,text,true,,1239,341,156,156,https://pabsa.impressicocrm.com/api/tournament/matchScore/147598,2377,0,0
1680594114962,2701,Get Players schedule,200,,Knock_out_Thread Group 1-1594,text,true,,5441,338,155,155,https://pabsa.impressicocrm.com/api/tournament/119922/matches,2701,0,0
1680594115271,2402,Get playerA_Vs_playerB,200,,Knock_out_Thread Group 1-1441,text,true,,1239,341,155,155,https://pabsa.impressicocrm.com/api/tournament/matchScore/147598,2402,0,0
1680594115349,2339,Get playerA_Vs_playerB,200,,Knock_out_Thread Group 1-1452,text,true,,1239,341,154,154,https://pabsa.impressicocrm.com/api/tournament/matchScore/147598,2339,0,0
1680594115106,2582,Get tournament result,200,,Knock_out_Thread Group 1-1489,text,true,,5441,338,154,154,https://pabsa.impressicocrm.com/api/tournament/119922/matches,2582,0,0
1680594115064,2627,Get single knockout Player details,200,,Knock_out_Thread Group 1-1518,text,true,,1210,326,153,153,https://pabsa.impressicocrm.com/api/player/110368,2627,0,0
1680594114864,2827,Get tournament result,200,,Knock_out_Thread Group 1-1455,text,true,,5441,338,153,153,https://pabsa.impressicocrm.com/api/tournament/119922/matches,2827,0,0
1680594115295,2407,Get playerA_Vs_playerB,200,,Knock_out_Thread Group 1-1449,text,true,,1239,341,153,153,https://pabsa.impressicocrm.com/api/tournament/matchScore/147598,2407,0,0
1680594115544,2174,Get knockout players list ,200,,Knock_out_Thread Group 1-1540,text,true,,4598,340,152,152,https://pabsa.impressicocrm.com/api/tournament/118871/knockouts,2174,0,0
1680594114988,2771,Get tournament result,200,,Knock_out_Thread Group 1-1465,text,true,,5441,338,152,152,https://pabsa.impressicocrm.com/api/tournament/119922/matches,2771,0,0
1680594115577,2195,Get playerA_Vs_playerB,200,,Knock_out_Thread Group 1-1404,text,true,,1239,341,152,152,https://pabsa.impressicocrm.com/api/tournament/matchScore/147598,2195,0,0
1680594115376,2396,Get knockout players list ,200,,Knock_out_Thread Group 1-1533,text,true,,4598,340,152,152,https://pabsa.impressicocrm.com/api/tournament/118871/knockouts,2396,0,0
1680594115132,2650,Get tournament result,200,,Knock_out_Thread Group 1-1487,text,true,,5435,338,151,151,https://pabsa.impressicocrm.com/api/tournament/119922/matches,2650,0,0
1680594115488,2300,Get knockout players list ,200,,Knock_out_Thread Group 1-1531,text,true,,4591,340,151,151,https://pabsa.impressicocrm.com/api/tournament/118871/knockouts,2300,0,0
1680594115616,2172,Get knockout players list ,200,,Knock_out_Thread Group 1-1557,text,true,,4598,340,151,151,https://pabsa.impressicocrm.com/api/tournament/118871/knockouts,2172,0,0
1680594115504,2288,Get playerA_Vs_playerB,200,,Knock_out_Thread Group 1-1461,text,true,,1239,341,151,151,https://pabsa.impressicocrm.com/api/tournament/matchScore/147598,2288,0,0
1680594115064,2746,Get tournament result,200,,Knock_out_Thread Group 1-1471,text,true,,5441,338,150,150,https://pabsa.impressicocrm.com/api/tournament/119922/matches,2746,0,0
1680594115687,2126,Get single knockout Player details,200,,Knock_out_Thread Group 1-1526,text,true,,1210,326,150,150,https://pabsa.impressicocrm.com/api/player/110368,2126,0,0
1680594115310,2503,Get knockout players list ,200,,Knock_out_Thread Group 1-1554,text,true,,4598,340,150,150,https://pabsa.impressicocrm.com/api/tournament/118871/knockouts,2503,0,0
1680594115667,2167,Get playerA_Vs_playerB,200,,Knock_out_Thread Group 1-1448,text,true,,1239,341,150,150,https://pabsa.impressicocrm.com/api/tournament/matchScore/147598,2167,0,0
1680594115646,2203,Get playerA_Vs_playerB,200,,Knock_out_Thread Group 1-1437,text,true,,1239,341,149,149,https://pabsa.impressicocrm.com/api/tournament/matchScore/147598,2203,0,0
1680594115662,2187,Get knockout players list ,200,,Knock_out_Thread Group 1-1504,text,true,,4598,340,149,149,https://pabsa.impressicocrm.com/api/tournament/118871/knockouts,2187,0,0
1680594115719,2139,Get knockout players list ,200,,Knock_out_Thread Group 1-1562,text,true,,4598,340,148,148,https://pabsa.impressicocrm.com/api/tournament/118871/knockouts,2139,0,0
1680594115295,2577,Get Players schedule,200,,Knock_out_Thread Group 1-1595,text,true,,5441,338,148,148,https://pabsa.impressicocrm.com/api/tournament/119922/matches,2577,0,0
1680594115783,2095,Get single knockout Player details,200,,Knock_out_Thread Group 1-1519,text,true,,1210,326,148,148,https://pabsa.impressicocrm.com/api/player/110368,2095,0,0
1680594115239,2644,Get Players schedule,200,,Knock_out_Thread Group 1-1575,text,true,,5441,338,148,148,https://pabsa.impressicocrm.com/api/tournament/119922/matches,2644,0,0
1680594115800,2090,Get single knockout Player details,200,,Knock_out_Thread Group 1-1493,text,true,,1210,326,148,148,https://pabsa.impressicocrm.com/api/player/110368,2090,0,0
1680594115699,2195,Get playerA_Vs_playerB,200,,Knock_out_Thread Group 1-1431,text,true,,1239,341,148,148,https://pabsa.impressicocrm.com/api/tournament/matchScore/147598,2195,0,0
1680594115926,1978,Get single knockout Player details,200,,Knock_out_Thread Group 1-1544,text,true,,1210,326,147,147,https://pabsa.impressicocrm.com/api/player/110368,1978,0,0
1680594115221,2683,Get tournament result,200,,Knock_out_Thread Group 1-1439,text,true,,5441,338,147,147,https://pabsa.impressicocrm.com/api/tournament/119922/matches,2683,0,0
1680594115834,2070,Get knockout players list ,200,,Knock_out_Thread Group 1-1581,text,true,,4598,340,147,147,https://pabsa.impressicocrm.com/api/tournament/118871/knockouts,2070,0,0
1680594115708,2202,Get knockout players list ,200,,Knock_out_Thread Group 1-1578,text,true,,4598,340,147,147,https://pabsa.impressicocrm.com/api/tournament/118871/knockouts,2202,0,0
1680594115938,1978,Get single knockout Player details,200,,Knock_out_Thread Group 1-1529,text,true,,1210,326,147,147,https://pabsa.impressicocrm.com/api/player/110368,1978,0,0
1680594115726,2190,Get playerA_Vs_playerB,200,,Knock_out_Thread Group 1-1485,text,true,,1239,341,147,147,https://pabsa.impressicocrm.com/api/tournament/matchScore/147598,2190,0,0
1680594115947,1969,Get knockout players list ,200,,Knock_out_Thread Group 1-1563,text,true,,4598,340,147,147,https://pabsa.impressicocrm.com/api/tournament/118871/knockouts,1969,0,0
1680594115126,2798,Get playerA_Vs_playerB,200,,Knock_out_Thread Group 1-1429,text,true,,1239,341,146,146,https://pabsa.impressicocrm.com/api/tournament/matchScore/147598,2798,0,0
1680594115783,2159,Get knockout players list ,200,,Knock_out_Thread Group 1-1558,text,true,,4598,340,145,145,https://pabsa.impressicocrm.com/api/tournament/118871/knockouts,2159,0,0
1680594115949,1993,Get knockout players list ,200,,Knock_out_Thread Group 1-1552,text,true,,4598,340,145,145,https://pabsa.impressicocrm.com/api/tournament/118871/knockouts,1993,0,0
1680594115828,2123,Get playerA_Vs_playerB,200,,Knock_out_Thread Group 1-1444,text,true,,1239,341,145,145,https://pabsa.impressicocrm.com/api/tournament/matchScore/147598,2123,0,0
1680594115355,2603,Get tournament result,200,,Knock_out_Thread Group 1-1503,text,true,,5441,338,144,144,https://pabsa.impressicocrm.com/api/tournament/119922/matches,2603,0,0
1680594116097,1865,Get single knockout Player details,200,,Knock_out_Thread Group 1-1505,text,true,,1210,326,144,144,https://pabsa.impressicocrm.com/api/player/110368,1865,0,0
1680594115864,2098,Get knockout players list ,200,,Knock_out_Thread Group 1-1512,text,true,,4598,340,144,144,https://pabsa.impressicocrm.com/api/tournament/118871/knockouts,2098,0,0
1680594115939,2028,Get playerA_Vs_playerB,200,,Knock_out_Thread Group 1-1464,text,true,,1239,341,144,144,https://pabsa.impressicocrm.com/api/tournament/matchScore/147598,2028,0,0
1680594116028,1940,Get single knockout Player details,200,,Knock_out_Thread Group 1-1507,text,true,,1210,326,143,143,https://pabsa.impressicocrm.com/api/player/110368,1940,0,0
1680594115976,1992,Get playerA_Vs_playerB,200,,Knock_out_Thread Group 1-1466,text,true,,1239,341,143,143,https://pabsa.impressicocrm.com/api/tournament/matchScore/147598,1992,0,0
1680594116113,1861,Get single knockout Player details,200,,Knock_out_Thread Group 1-1523,text,true,,1210,326,142,142,https://pabsa.impressicocrm.com/api/player/110368,1861,0,0
1680594115557,2417,Get knockout players list ,200,,Knock_out_Thread Group 1-1556,text,true,,4598,340,142,142,https://pabsa.impressicocrm.com/api/tournament/118871/knockouts,2417,0,0
1680594116048,1929,Get single knockout Player details,200,,Knock_out_Thread Group 1-1537,text,true,,1210,326,142,142,https://pabsa.impressicocrm.com/api/player/110368,1929,0,0
1680594115386,2606,Get Players schedule,200,,Knock_out_Thread Group 1-1546,text,true,,5441,338,142,142,https://pabsa.impressicocrm.com/api/tournament/119922/matches,2606,0,0
1680594116103,1889,Get knockout players list ,200,,Knock_out_Thread Group 1-1521,text,true,,4598,340,142,142,https://pabsa.impressicocrm.com/api/tournament/118871/knockouts,1889,0,0
1680594116166,1877,Get single knockout Player details,200,,Knock_out_Thread Group 1-1501,text,true,,1210,326,142,142,https://pabsa.impressicocrm.com/api/player/110368,1877,0,0
1680594115702,2351,Get tournament result,200,,Knock_out_Thread Group 1-1481,text,true,,5441,338,142,142,https://pabsa.impressicocrm.com/api/tournament/119922/matches,2351,0,0
1680594116123,1939,Get playerA_Vs_playerB,200,,Knock_out_Thread Group 1-1490,text,true,,1239,341,142,142,https://pabsa.impressicocrm.com/api/tournament/matchScore/147598,1939,0,0
1680594116144,1928,Get playerA_Vs_playerB,200,,Knock_out_Thread Group 1-1472,text,true,,1239,341,141,141,https://pabsa.impressicocrm.com/api/tournament/matchScore/147598,1928,0,0
1680594115484,2596,Get tournament result,200,,Knock_out_Thread Group 1-1497,text,true,,5441,338,140,140,https://pabsa.impressicocrm.com/api/tournament/119922/matches,2596,0,0
1680594116184,1901,Get single knockout Player details,200,,Knock_out_Thread Group 1-1498,text,true,,1210,326,140,140,https://pabsa.impressicocrm.com/api/player/110368,1901,0,0
1680594116214,1886,Get single knockout Player details,200,,Knock_out_Thread Group 1-1508,text,true,,1210,326,140,140,https://pabsa.impressicocrm.com/api/player/110368,1886,0,0
1680594116217,1896,Get knockout players list ,200,,Knock_out_Thread Group 1-1571,text,true,,4598,340,140,140,https://pabsa.impressicocrm.com/api/tournament/118871/knockouts,1896,0,0
1680594116230,1907,Get single knockout Player details,200,,Knock_out_Thread Group 1-1538,text,true,,1210,326,140,140,https://pabsa.impressicocrm.com/api/player/110368,1907,0,0
1680594116250,1904,Get single knockout Player details,200,,Knock_out_Thread Group 1-1534,text,true,,1210,326,140,140,https://pabsa.impressicocrm.com/api/player/110368,1904,0,0
1680594116201,1966,Get playerA_Vs_playerB,200,,Knock_out_Thread Group 1-1442,text,true,,1239,341,140,140,https://pabsa.impressicocrm.com/api/tournament/matchScore/147598,1966,0,0
1680594116230,1937,Get playerA_Vs_playerB,200,,Knock_out_Thread Group 1-1467,text,true,,1239,341,140,140,https://pabsa.impressicocrm.com/api/tournament/matchScore/147598,1937,0,0
1680594116257,1922,Get knockout players list ,200,,Knock_out_Thread Group 1-1516,text,true,,4598,340,138,138,https://pabsa.impressicocrm.com/api/tournament/118871/knockouts,1922,0,0
1680594116387,1800,Get single knockout Player details,200,,Knock_out_Thread Group 1-1515,text,true,,1210,326,138,138,https://pabsa.impressicocrm.com/api/player/110368,1800,0,0
1680594116418,1773,Get single knockout Player details,200,,Knock_out_Thread Group 1-1524,text,true,,1210,326,138,138,https://pabsa.impressicocrm.com/api/player/110368,1773,0,0
1680594116439,1785,Get playerA_Vs_playerB,200,,Knock_out_Thread Group 1-1462,text,true,,1239,341,138,138,https://pabsa.impressicocrm.com/api/tournament/matchScore/147598,1785,0,0
1680594115662,2562,Get tournament result,200,,Knock_out_Thread Group 1-1402,text,true,,5441,338,138,138,https://pabsa.impressicocrm.com/api/tournament/119922/matches,2562,0,0
1680594115947,2277,Get tournament result,200,,Knock_out_Thread Group 1-1492,text,true,,5441,338,138,138,https://pabsa.impressicocrm.com/api/tournament/119922/matches,2277,0,0
1680594116245,1979,Get knockout players list ,200,,Knock_out_Thread Group 1-1560,text,true,,4598,340,138,138,https://pabsa.impressicocrm.com/api/tournament/118871/knockouts,1979,0,0
1680594116486,1746,Get single knockout Player details,200,,Knock_out_Thread Group 1-1502,text,true,,1210,326,137,137,https://pabsa.impressicocrm.com/api/player/110368,1746,0,0
1680594116144,2094,Get Players schedule,200,,Knock_out_Thread Group 1-1590,text,true,,5441,338,137,137,https://pabsa.impressicocrm.com/api/tournament/119922/matches,2094,0,0
1680594115705,2540,Get knockout players list ,200,,Knock_out_Thread Group 1-1548,text,true,,4598,340,137,137,https://pabsa.impressicocrm.com/api/tournament/118871/knockouts,2540,0,0
1680594116283,1962,Get knockout players list ,200,,Knock_out_Thread Group 1-1543,text,true,,4598,340,137,137,https://pabsa.impressicocrm.com/api/tournament/118871/knockouts,1962,0,0
1680594116444,1819,Get playerA_Vs_playerB,200,,Knock_out_Thread Group 1-1459,text,true,,1239,341,137,137,https://pabsa.impressicocrm.com/api/tournament/matchScore/147598,1819,0,0
1680594116647,1619,Get knockout players list ,200,,Knock_out_Thread Group 1-1579,text,true,,4598,340,136,136,https://pabsa.impressicocrm.com/api/tournament/118871/knockouts,1619,0,0
1680594116108,2161,Get tournament result,200,,Knock_out_Thread Group 1-1473,text,true,,5441,338,136,136,https://pabsa.impressicocrm.com/api/tournament/119922/matches,2161,0,0
1680594116568,1701,Get knockout players list ,200,,Knock_out_Thread Group 1-1564,text,true,,4591,340,136,136,https://pabsa.impressicocrm.com/api/tournament/118871/knockouts,1701,0,0
1680594116496,1782,Get playerA_Vs_playerB,200,,Knock_out_Thread Group 1-1476,text,true,,1239,341,136,136,https://pabsa.impressicocrm.com/api/tournament/matchScore/147598,1782,0,0
1680594116542,1736,Get knockout players list ,200,,Knock_out_Thread Group 1-1550,text,true,,4598,340,136,136,https://pabsa.impressicocrm.com/api/tournament/118871/knockouts,1736,0,0
1680594116023,2258,Get Players schedule,200,,Knock_out_Thread Group 1-1599,text,true,,5441,338,135,135,https://pabsa.impressicocrm.com/api/tournament/119922/matches,2258,0,0
1680594116790,1493,Get knockout players list ,200,,Knock_out_Thread Group 1-1574,text,true,,4598,340,135,135,https://pabsa.impressicocrm.com/api/tournament/118871/knockouts,1493,0,0
1680594116831,1456,Get single knockout Player details,200,,Knock_out_Thread Group 1-1539,text,true,,1210,326,135,135,https://pabsa.impressicocrm.com/api/player/110368,1456,0,0
1680594115913,2377,Get Players schedule,200,,Knock_out_Thread Group 1-1589,text,true,,5441,338,135,135,https://pabsa.impressicocrm.com/api/tournament/119922/matches,2377,0,0
1680594116471,1819,Get knockout players list ,200,,Knock_out_Thread Group 1-1549,text,true,,4598,340,135,135,https://pabsa.impressicocrm.com/api/tournament/118871/knockouts,1819,0,0
1680594116491,1805,Get playerA_Vs_playerB,200,,Knock_out_Thread Group 1-1480,text,true,,1239,341,135,135,https://pabsa.impressicocrm.com/api/tournament/matchScore/147598,1804,0,0
1680594116338,1962,Get knockout players list ,200,,Knock_out_Thread Group 1-1583,text,true,,4598,340,134,134,https://pabsa.impressicocrm.com/api/tournament/118871/knockouts,1962,0,0
1680594116754,1550,Get playerA_Vs_playerB,200,,Knock_out_Thread Group 1-1477,text,true,,1239,341,134,134,https://pabsa.impressicocrm.com/api/tournament/matchScore/147598,1550,0,0
1680594116542,1786,Get knockout players list ,200,,Knock_out_Thread Group 1-1573,text,true,,4598,340,133,133,https://pabsa.impressicocrm.com/api/tournament/118871/knockouts,1786,0,0
1680594115475,2855,Get tournament result,200,,Knock_out_Thread Group 1-1513,text,true,,5441,338,133,133,https://pabsa.impressicocrm.com/api/tournament/119922/matches,2855,0,0
1680594116722,1628,Get knockout players list ,200,,Knock_out_Thread Group 1-1561,text,true,,4598,340,133,133,https://pabsa.impressicocrm.com/api/tournament/118871/knockouts,1628,0,0
1680594116891,1484,Get playerA_Vs_playerB,200,,Knock_out_Thread Group 1-1479,text,true,,1239,341,133,133,https://pabsa.impressicocrm.com/api/tournament/matchScore/147598,1484,0,0
1680594116150,2225,Get tournament result,200,,Knock_out_Thread Group 1-1478,text,true,,5441,338,133,133,https://pabsa.impressicocrm.com/api/tournament/119922/matches,2225,0,0
1680594116904,1471,Get knockout players list ,200,,Knock_out_Thread Group 1-1522,text,true,,4598,340,133,133,https://pabsa.impressicocrm.com/api/tournament/118871/knockouts,1471,0,0
1680594116922,1453,Get knockout players list ,200,,Knock_out_Thread Group 1-1585,text,true,,4598,340,133,133,https://pabsa.impressicocrm.com/api/tournament/118871/knockouts,1453,0,0
1680594116731,1644,Get knockout players list ,200,,Knock_out_Thread Group 1-1553,text,true,,4598,340,133,133,https://pabsa.impressicocrm.com/api/tournament/118871/knockouts,1644,0,0
1680594116914,1464,Get playerA_Vs_playerB,200,,Knock_out_Thread Group 1-1470,text,true,,1239,341,132,132,https://pabsa.impressicocrm.com/api/tournament/matchScore/147598,1464,0,0
1680594116171,2207,Get tournament result,200,,Knock_out_Thread Group 1-1495,text,true,,5441,338,132,132,https://pabsa.impressicocrm.com/api/tournament/119922/matches,2207,0,0
1680594116935,1450,Get playerA_Vs_playerB,200,,Knock_out_Thread Group 1-1440,text,true,,1239,341,131,131,https://pabsa.impressicocrm.com/api/tournament/matchScore/147598,1450,0,0
1680594116998,1387,Get single knockout Player details,200,,Knock_out_Thread Group 1-1532,text,true,,1210,326,131,131,https://pabsa.impressicocrm.com/api/player/110368,1387,0,0
1680594117025,1360,Get single knockout Player details,200,,Knock_out_Thread Group 1-1536,text,true,,1210,326,131,131,https://pabsa.impressicocrm.com/api/player/110368,1360,0,0
1680594117139,1251,Get single knockout Player details,200,,Knock_out_Thread Group 1-1535,text,true,,1210,326,130,130,https://pabsa.impressicocrm.com/api/player/110368,1251,0,0
1680594116155,2235,Get Players schedule,200,,Knock_out_Thread Group 1-1586,text,true,,5441,338,130,130,https://pabsa.impressicocrm.com/api/tournament/119922/matches,2235,0,0
1680594117050,1340,Get single knockout Player details,200,,Knock_out_Thread Group 1-1499,text,true,,1210,326,130,130,https://pabsa.impressicocrm.com/api/player/110368,1340,0,0
1680594116953,1437,Get knockout players list ,200,,Knock_out_Thread Group 1-1559,text,true,,4598,340,130,130,https://pabsa.impressicocrm.com/api/tournament/118871/knockouts,1437,0,0
1680594117039,1351,Get knockout players list ,200,,Knock_out_Thread Group 1-1597,text,true,,4598,340,130,130,https://pabsa.impressicocrm.com/api/tournament/118871/knockouts,1351,0,0
1680594117160,1233,Get single knockout Player details,200,,Knock_out_Thread Group 1-1547,text,true,,1210,326,130,130,https://pabsa.impressicocrm.com/api/player/110368,1233,0,0
1680594117183,1211,Get single knockout Player details,200,,Knock_out_Thread Group 1-1542,text,true,,1210,326,130,130,https://pabsa.impressicocrm.com/api/player/110368,1211,0,0
1680594117000,1408,Get knockout players list ,200,,Knock_out_Thread Group 1-1568,text,true,,4598,340,130,130,https://pabsa.impressicocrm.com/api/tournament/118871/knockouts,1408,0,0
1680594117255,1166,Get single knockout Player details,200,,Knock_out_Thread Group 1-1510,text,true,,1210,326,130,130,https://pabsa.impressicocrm.com/api/player/110368,1166,0,0
1680594117155,1303,Get knockout players list ,200,,Knock_out_Thread Group 1-1582,text,true,,4598,340,130,130,https://pabsa.impressicocrm.com/api/tournament/118871/knockouts,1303,0,0
1680594117139,1322,Get playerA_Vs_playerB,200,,Knock_out_Thread Group 1-1488,text,true,,1239,341,130,130,https://pabsa.impressicocrm.com/api/tournament/matchScore/147598,1322,0,0
1680594117178,1297,Get knockout players list ,200,,Knock_out_Thread Group 1-1600,text,true,,4598,340,129,129,https://pabsa.impressicocrm.com/api/tournament/118871/knockouts,1297,0,0
1680594117188,1289,Get playerA_Vs_playerB,200,,Knock_out_Thread Group 1-1468,text,true,,1239,341,129,129,https://pabsa.impressicocrm.com/api/tournament/matchScore/147598,1289,0,0
1680594116387,2090,Get tournament result,200,,Knock_out_Thread Group 1-1486,text,true,,5441,338,129,129,https://pabsa.impressicocrm.com/api/tournament/119922/matches,2090,0,0
1680594117163,1325,Get knockout players list ,200,,Knock_out_Thread Group 1-1584,text,true,,4598,340,128,128,https://pabsa.impressicocrm.com/api/tournament/118871/knockouts,1325,0,0
1680594116947,1568,Get Players schedule,200,,Knock_out_Thread Group 1-1591,text,true,,5441,338,128,128,https://pabsa.impressicocrm.com/api/tournament/119922/matches,1568,0,0
1680594117411,1121,Get single knockout Player details,200,,Knock_out_Thread Group 1-1551,text,true,,1210,326,128,128,https://pabsa.impressicocrm.com/api/player/110368,1121,0,0
1680594117306,1238,Get playerA_Vs_playerB,200,,Knock_out_Thread Group 1-1458,text,true,,1239,341,128,128,https://pabsa.impressicocrm.com/api/tournament/matchScore/147598,1238,0,0
1680594117316,1234,Get playerA_Vs_playerB,200,,Knock_out_Thread Group 1-1469,text,true,,1239,341,127,127,https://pabsa.impressicocrm.com/api/tournament/matchScore/147598,1234,0,0
1680594116357,2203,Get Players schedule,200,,Knock_out_Thread Group 1-1587,text,true,,5441,338,126,126,https://pabsa.impressicocrm.com/api/tournament/119922/matches,2203,0,0
1680594116503,2059,Get Players schedule,200,,Knock_out_Thread Group 1-1598,text,true,,5435,338,126,126,https://pabsa.impressicocrm.com/api/tournament/119922/matches,2059,0,0
1680594117322,1247,Get knockout players list ,200,,Knock_out_Thread Group 1-1569,text,true,,4598,340,126,126,https://pabsa.impressicocrm.com/api/tournament/118871/knockouts,1247,0,0
1680594117438,1137,Get single knockout Player details,200,,Knock_out_Thread Group 1-1565,text,true,,1210,326,126,126,https://pabsa.impressicocrm.com/api/player/110368,1137,0,0
1680594116485,2090,Get Players schedule,200,,Knock_out_Thread Group 1-1596,text,true,,5441,338,126,126,https://pabsa.impressicocrm.com/api/tournament/119922/matches,2090,0,0
1680594117334,1241,Get playerA_Vs_playerB,200,,Knock_out_Thread Group 1-1460,text,true,,1239,341,126,126,https://pabsa.impressicocrm.com/api/tournament/matchScore/147598,1241,0,0
1680594116723,1852,Get tournament result,200,,Knock_out_Thread Group 1-1484,text,true,,5441,338,126,126,https://pabsa.impressicocrm.com/api/tournament/119922/matches,1852,0,0
1680594117414,1187,Get knockout players list ,200,,Knock_out_Thread Group 1-1592,text,true,,4598,340,125,125,https://pabsa.impressicocrm.com/api/tournament/118871/knockouts,1187,0,0
1680594117403,1200,Get playerA_Vs_playerB,200,,Knock_out_Thread Group 1-1496,text,true,,1239,341,125,125,https://pabsa.impressicocrm.com/api/tournament/matchScore/147598,1200,0,0
1680594117423,1198,Get playerA_Vs_playerB,200,,Knock_out_Thread Group 1-1457,text,true,,1239,341,124,124,https://pabsa.impressicocrm.com/api/tournament/matchScore/147598,1198,0,0
1680594117538,1083,Get single knockout Player details,200,,Knock_out_Thread Group 1-1545,text,true,,1210,326,124,124,https://pabsa.impressicocrm.com/api/player/110368,1083,0,0
1680594117497,1124,Get knockout players list ,200,,Knock_out_Thread Group 1-1593,text,true,,4598,340,124,124,https://pabsa.impressicocrm.com/api/tournament/118871/knockouts,1124,0,0
1680594117519,1109,Get single knockout Player details,200,,Knock_out_Thread Group 1-1517,text,true,,1210,326,123,123,https://pabsa.impressicocrm.com/api/player/110368,1109,0,0
1680594116910,1724,Get tournament result,200,,Knock_out_Thread Group 1-1491,text,true,,5441,338,123,123,https://pabsa.impressicocrm.com/api/tournament/119922/matches,1724,0,0
1680594116855,1795,Get knockout players list ,200,,Knock_out_Thread Group 1-1576,text,true,,4598,340,123,123,https://pabsa.impressicocrm.com/api/tournament/118871/knockouts,1795,0,0
1680594117328,1324,Get knockout players list ,200,,Knock_out_Thread Group 1-1555,text,true,,4598,340,123,123,https://pabsa.impressicocrm.com/api/tournament/118871/knockouts,1324,0,0
1680594117498,1157,Get playerA_Vs_playerB,200,,Knock_out_Thread Group 1-1494,text,true,,1239,341,123,123,https://pabsa.impressicocrm.com/api/tournament/matchScore/147598,1156,0,0
1680594117569,1085,Get knockout players list ,200,,Knock_out_Thread Group 1-1572,text,true,,4598,340,123,123,https://pabsa.impressicocrm.com/api/tournament/118871/knockouts,1085,0,0
1680594117477,1180,Get playerA_Vs_playerB,200,,Knock_out_Thread Group 1-1483,text,true,,1239,341,122,122,https://pabsa.impressicocrm.com/api/tournament/matchScore/147598,1180,0,0
1680594118601,60,Get single knockout Player details,200,,Knock_out_Thread Group 1-1592,text,true,,1210,326,121,121,https://pabsa.impressicocrm.com/api/player/110368,60,0,0
1680594117294,1367,Get tournament result,200,,Knock_out_Thread Group 1-1530,text,true,,5441,338,121,121,https://pabsa.impressicocrm.com/api/tournament/119922/matches,1367,0,0
1680594117576,1086,Get single knockout Player details,200,,Knock_out_Thread Group 1-1570,text,true,,1210,326,121,121,https://pabsa.impressicocrm.com/api/player/110368,1086,0,0
1680594117613,1061,Get knockout players list ,200,,Knock_out_Thread Group 1-1566,text,true,,4598,340,121,121,https://pabsa.impressicocrm.com/api/tournament/118871/knockouts,1061,0,0
1680594117259,1435,Get Players schedule,200,,Knock_out_Thread Group 1-1588,text,true,,5441,338,121,121,https://pabsa.impressicocrm.com/api/tournament/119922/matches,1435,0,0
1680594117569,1138,Get playerA_Vs_playerB,200,,Knock_out_Thread Group 1-1482,text,true,,1239,341,121,121,https://pabsa.impressicocrm.com/api/tournament/matchScore/147598,1138,0,0
1680594117434,1281,Get knockout players list ,200,,Knock_out_Thread Group 1-1528,text,true,,4598,340,120,120,https://pabsa.impressicocrm.com/api/tournament/118871/knockouts,1281,0,0
1680594117298,1420,Get tournament result,200,,Knock_out_Thread Group 1-1511,text,true,,5441,338,120,120,https://pabsa.impressicocrm.com/api/tournament/119922/matches,1420,0,0
1680594117641,1088,Get single knockout Player details,200,,Knock_out_Thread Group 1-1541,text,true,,1210,326,120,120,https://pabsa.impressicocrm.com/api/player/110368,1088,0,0
1680594117718,1043,Get single knockout Player details,200,,Knock_out_Thread Group 1-1540,text,true,,1210,326,120,120,https://pabsa.impressicocrm.com/api/player/110368,1043,0,0
1680594117692,1072,Get playerA_Vs_playerB,200,,Knock_out_Thread Group 1-1455,text,true,,1239,341,120,120,https://pabsa.impressicocrm.com/api/tournament/matchScore/147598,1072,0,0
1680594117689,1078,Get playerA_Vs_playerB,200,,Knock_out_Thread Group 1-1489,text,true,,1239,341,119,119,https://pabsa.impressicocrm.com/api/tournament/matchScore/147598,1078,0,0
1680594117419,1354,Get tournament result,200,,Knock_out_Thread Group 1-1500,text,true,,5441,338,118,118,https://pabsa.impressicocrm.com/api/tournament/119922/matches,1354,0,0
1680594117773,1010,Get single knockout Player details,200,,Knock_out_Thread Group 1-1533,text,true,,1210,326,118,118,https://pabsa.impressicocrm.com/api/player/110368,1010,0,0
1680594117789,994,Get single knockout Player details,200,,Knock_out_Thread Group 1-1531,text,true,,1210,326,118,118,https://pabsa.impressicocrm.com/api/player/110368,994,0,0
1680594117664,1125,Get knockout players list ,200,,Knock_out_Thread Group 1-1594,text,true,,4598,340,118,118,https://pabsa.impressicocrm.com/api/tournament/118871/knockouts,1125,0,0
1680594117789,1008,Get single knockout Player details,200,,Knock_out_Thread Group 1-1557,text,true,,1210,326,118,118,https://pabsa.impressicocrm.com/api/player/110368,1008,0,0
1680594117849,951,Get single knockout Player details,200,,Knock_out_Thread Group 1-1504,text,true,,1210,326,118,118,https://pabsa.impressicocrm.com/api/player/110368,951,0,0
1680594117420,1383,Get Players schedule,200,,Knock_out_Thread Group 1-1577,text,true,,5441,338,118,118,https://pabsa.impressicocrm.com/api/tournament/119922/matches,1383,0,0
1680594117814,991,Get single knockout Player details,200,,Knock_out_Thread Group 1-1554,text,true,,1210,326,118,118,https://pabsa.impressicocrm.com/api/player/110368,991,0,0
1680594117858,955,Get single knockout Player details,200,,Knock_out_Thread Group 1-1562,text,true,,1210,326,118,118,https://pabsa.impressicocrm.com/api/player/110368,955,0,0
1680594117873,940,Get knockout players list ,200,,Knock_out_Thread Group 1-1595,text,true,,4598,340,118,118,https://pabsa.impressicocrm.com/api/tournament/118871/knockouts,940,0,0
1680594117782,1043,Get playerA_Vs_playerB,200,,Knock_out_Thread Group 1-1487,text,true,,1239,341,118,118,https://pabsa.impressicocrm.com/api/tournament/matchScore/147598,1043,0,0
1680594117810,1015,Get playerA_Vs_playerB,200,,Knock_out_Thread Group 1-1471,text,true,,1239,341,118,118,https://pabsa.impressicocrm.com/api/tournament/matchScore/147598,1015,0,0
1680594117904,945,Get single knockout Player details,200,,Knock_out_Thread Group 1-1581,text,true,,1210,326,116,116,https://pabsa.impressicocrm.com/api/player/110368,945,0,0
1680594117760,1089,Get playerA_Vs_playerB,200,,Knock_out_Thread Group 1-1465,text,true,,1239,341,116,116,https://pabsa.impressicocrm.com/api/tournament/matchScore/147598,1089,0,0
1680594117883,966,Get knockout players list ,200,,Knock_out_Thread Group 1-1575,text,true,,4598,340,116,116,https://pabsa.impressicocrm.com/api/tournament/118871/knockouts,966,0,0
1680594117300,1550,Get tournament result,200,,Knock_out_Thread Group 1-1514,text,true,,5441,338,116,116,https://pabsa.impressicocrm.com/api/tournament/119922/matches,1550,0,0
1680594117336,1524,Get knockout players list ,200,,Knock_out_Thread Group 1-1567,text,true,,4598,340,115,115,https://pabsa.impressicocrm.com/api/tournament/118871/knockouts,1524,0,0
1680594117327,1551,Get single knockout Player details,200,,Knock_out_Thread Group 1-1525,text,true,,1210,326,115,115,https://pabsa.impressicocrm.com/api/player/110368,1551,0,0
1680594117904,994,Get playerA_Vs_playerB,200,,Knock_out_Thread Group 1-1439,text,true,,1239,341,115,115,https://pabsa.impressicocrm.com/api/tournament/matchScore/147598,994,0,0
1680594117910,991,Get single knockout Player details,200,,Knock_out_Thread Group 1-1578,text,true,,1210,326,114,114,https://pabsa.impressicocrm.com/api/player/110368,991,0,0
1680594117942,959,Get single knockout Player details,200,,Knock_out_Thread Group 1-1558,text,true,,1210,326,114,114,https://pabsa.impressicocrm.com/api/player/110368,959,0,0
1680594117942,978,Get single knockout Player details,200,,Knock_out_Thread Group 1-1552,text,true,,1210,326,114,114,https://pabsa.impressicocrm.com/api/player/110368,978,0,0
1680594117962,959,Get single knockout Player details,200,,Knock_out_Thread Group 1-1512,text,true,,1210,326,114,114,https://pabsa.impressicocrm.com/api/player/110368,959,0,0
1680594117569,1358,Get tournament result,200,,Knock_out_Thread Group 1-1506,text,true,,5441,338,114,114,https://pabsa.impressicocrm.com/api/tournament/119922/matches,1358,0,0
1680594117588,1351,Get tournament result,200,,Knock_out_Thread Group 1-1520,text,true,,5441,338,114,114,https://pabsa.impressicocrm.com/api/tournament/119922/matches,1351,0,0
1680594117582,1357,Get tournament result,200,,Knock_out_Thread Group 1-1527,text,true,,5441,338,114,114,https://pabsa.impressicocrm.com/api/tournament/119922/matches,1357,0,0
1680594117958,1006,Get playerA_Vs_playerB,200,,Knock_out_Thread Group 1-1503,text,true,,1239,341,114,114,https://pabsa.impressicocrm.com/api/tournament/matchScore/147598,1006,0,0
1680594117974,996,Get single knockout Player details,200,,Knock_out_Thread Group 1-1556,text,true,,1210,326,113,113,https://pabsa.impressicocrm.com/api/player/110368,996,0,0
1680594117992,1048,Get single knockout Player details,200,,Knock_out_Thread Group 1-1521,text,true,,1210,326,113,113,https://pabsa.impressicocrm.com/api/player/110368,1048,0,0
1680594117691,1399,Get tournament result,200,,Knock_out_Thread Group 1-1518,text,true,,5441,338,113,113,https://pabsa.impressicocrm.com/api/tournament/119922/matches,1399,0,0
1680594117641,1458,Get tournament result,200,,Knock_out_Thread Group 1-1509,text,true,,5441,338,113,113,https://pabsa.impressicocrm.com/api/tournament/119922/matches,1458,0,0
1680594118113,1009,Get single knockout Player details,200,,Knock_out_Thread Group 1-1571,text,true,,1210,326,113,113,https://pabsa.impressicocrm.com/api/player/110368,1009,0,0
1680594118054,1077,Get playerA_Vs_playerB,200,,Knock_out_Thread Group 1-1481,text,true,,1239,341,113,113,https://pabsa.impressicocrm.com/api/tournament/matchScore/147598,1077,0,0
1680594117917,1214,Get single knockout Player details,200,,Knock_out_Thread Group 1-1563,text,true,,1210,326,113,113,https://pabsa.impressicocrm.com/api/player/110368,1214,0,0
1680594118179,968,Get single knockout Player details,200,,Knock_out_Thread Group 1-1516,text,true,,1210,326,112,112,https://pabsa.impressicocrm.com/api/player/110368,968,0,0
1680594118080,1090,Get playerA_Vs_playerB,200,,Knock_out_Thread Group 1-1497,text,true,,1239,341,112,112,https://pabsa.impressicocrm.com/api/tournament/matchScore/147598,1090,0,0
1680594117813,1364,Get tournament result,200,,Knock_out_Thread Group 1-1526,text,true,,5441,338,111,111,https://pabsa.impressicocrm.com/api/tournament/119922/matches,1364,0,0
1680594118225,959,Get single knockout Player details,200,,Knock_out_Thread Group 1-1560,text,true,,1210,326,111,111,https://pabsa.impressicocrm.com/api/player/110368,959,0,0
1680594117917,1268,Get tournament result,200,,Knock_out_Thread Group 1-1529,text,true,,5441,338,111,111,https://pabsa.impressicocrm.com/api/tournament/119922/matches,1268,0,0
1680594118239,956,Get knockout players list ,200,,Knock_out_Thread Group 1-1590,text,true,,4598,340,111,111,https://pabsa.impressicocrm.com/api/tournament/118871/knockouts,956,0,0
1680594117977,1219,Get tournament result,200,,Knock_out_Thread Group 1-1537,text,true,,5441,338,111,111,https://pabsa.impressicocrm.com/api/tournament/119922/matches,1218,0,0
1680594117878,1331,Get tournament result,200,,Knock_out_Thread Group 1-1519,text,true,,5441,338,111,111,https://pabsa.impressicocrm.com/api/tournament/119922/matches,1331,0,0
1680594117891,1333,Get tournament result,200,,Knock_out_Thread Group 1-1493,text,true,,5441,338,111,111,https://pabsa.impressicocrm.com/api/tournament/119922/matches,1333,0,0
1680594117904,1328,Get tournament result,200,,Knock_out_Thread Group 1-1544,text,true,,5441,338,111,111,https://pabsa.impressicocrm.com/api/tournament/119922/matches,1328,0,0
1680594118246,1005,Get single knockout Player details,200,,Knock_out_Thread Group 1-1548,text,true,,1210,326,111,111,https://pabsa.impressicocrm.com/api/player/110368,1005,0,0
1680594118225,1029,Get playerA_Vs_playerB,200,,Knock_out_Thread Group 1-1492,text,true,,1239,341,111,111,https://pabsa.impressicocrm.com/api/tournament/matchScore/147598,1029,0,0
1680594118266,988,Get single knockout Player details,200,,Knock_out_Thread Group 1-1579,text,true,,1210,326,111,111,https://pabsa.impressicocrm.com/api/player/110368,988,0,0
1680594118246,1016,Get single knockout Player details,200,,Knock_out_Thread Group 1-1543,text,true,,1210,326,110,110,https://pabsa.impressicocrm.com/api/player/110368,1016,0,0
1680594118225,1044,Get playerA_Vs_playerB,200,,Knock_out_Thread Group 1-1402,text,true,,1239,341,110,110,https://pabsa.impressicocrm.com/api/tournament/matchScore/147598,1044,0,0
1680594118284,988,Get single knockout Player details,200,,Knock_out_Thread Group 1-1574,text,true,,1210,326,109,109,https://pabsa.impressicocrm.com/api/player/110368,988,0,0
1680594119194,81,Get single knockout Player details,200,,Knock_out_Thread Group 1-1590,text,true,,1210,326,109,109,https://pabsa.impressicocrm.com/api/player/110368,81,0,0
1680594117968,1316,Get tournament result,200,,Knock_out_Thread Group 1-1507,text,true,,5435,338,109,109,https://pabsa.impressicocrm.com/api/tournament/119922/matches,1316,0,0
1680594118282,1002,Get knockout players list ,200,,Knock_out_Thread Group 1-1599,text,true,,4598,340,109,109,https://pabsa.impressicocrm.com/api/tournament/118871/knockouts,1002,0,0
1680594118278,1022,Get single knockout Player details,200,,Knock_out_Thread Group 1-1550,text,true,,1210,326,109,109,https://pabsa.impressicocrm.com/api/player/110368,1022,0,0
1680594118328,990,Get single knockout Player details,200,,Knock_out_Thread Group 1-1573,text,true,,1210,326,109,109,https://pabsa.impressicocrm.com/api/player/110368,990,0,0
1680594117974,1347,Get tournament result,200,,Knock_out_Thread Group 1-1523,text,true,,5441,338,109,109,https://pabsa.impressicocrm.com/api/tournament/119922/matches,1347,0,0
1680594118269,1064,Get playerA_Vs_playerB,200,,Knock_out_Thread Group 1-1473,text,true,,1239,341,109,109,https://pabsa.impressicocrm.com/api/tournament/matchScore/147598,1064,0,0
1680594118086,1255,Get tournament result,200,,Knock_out_Thread Group 1-1498,text,true,,5441,338,108,108,https://pabsa.impressicocrm.com/api/tournament/119922/matches,1255,0,0
1680594118350,995,Get single knockout Player details,200,,Knock_out_Thread Group 1-1561,text,true,,1210,326,108,108,https://pabsa.impressicocrm.com/api/player/110368,995,0,0
1680594118138,1218,Get tournament result,200,,Knock_out_Thread Group 1-1538,text,true,,5441,338,108,108,https://pabsa.impressicocrm.com/api/tournament/119922/matches,1218,0,0
1680594118390,970,Get single knockout Player details,200,,Knock_out_Thread Group 1-1559,text,true,,1210,326,108,108,https://pabsa.impressicocrm.com/api/player/110368,970,0,0
1680594118375,989,Get single knockout Player details,200,,Knock_out_Thread Group 1-1553,text,true,,1210,326,108,108,https://pabsa.impressicocrm.com/api/player/110368,989,0,0
1680594118330,1039,Get playerA_Vs_playerB,200,,Knock_out_Thread Group 1-1513,text,true,,1239,341,108,108,https://pabsa.impressicocrm.com/api/tournament/matchScore/147598,1039,0,0
1680594117962,1420,Get tournament result,200,,Knock_out_Thread Group 1-1505,text,true,,5441,338,107,107,https://pabsa.impressicocrm.com/api/tournament/119922/matches,1420,0,0
1680594118375,1016,Get playerA_Vs_playerB,200,,Knock_out_Thread Group 1-1478,text,true,,1239,341,107,107,https://pabsa.impressicocrm.com/api/tournament/matchScore/147598,1016,0,0
1680594118390,1010,Get single knockout Player details,200,,Knock_out_Thread Group 1-1597,text,true,,1210,326,106,106,https://pabsa.impressicocrm.com/api/player/110368,1010,0,0
1680594118154,1246,Get tournament result,200,,Knock_out_Thread Group 1-1534,text,true,,5441,338,106,106,https://pabsa.impressicocrm.com/api/tournament/119922/matches,1246,0,0
1680594118290,1110,Get knockout players list ,200,,Knock_out_Thread Group 1-1589,text,true,,4598,340,106,106,https://pabsa.impressicocrm.com/api/tournament/118871/knockouts,1110,0,0
1680594118191,1220,Get tournament result,200,,Knock_out_Thread Group 1-1524,text,true,,5441,338,106,106,https://pabsa.impressicocrm.com/api/tournament/119922/matches,1220,0,0
1680594118390,1051,Get knockout players list ,200,,Knock_out_Thread Group 1-1586,text,true,,4598,340,106,106,https://pabsa.impressicocrm.com/api/tournament/118871/knockouts,1051,0,0
1680594118458,991,Get single knockout Player details,200,,Knock_out_Thread Group 1-1582,text,true,,1210,326,106,106,https://pabsa.impressicocrm.com/api/player/110368,991,0,0
1680594118188,1261,Get tournament result,200,,Knock_out_Thread Group 1-1515,text,true,,5441,338,106,106,https://pabsa.impressicocrm.com/api/tournament/119922/matches,1261,0,0
1680594118477,1010,Get playerA_Vs_playerB,200,,Knock_out_Thread Group 1-1486,text,true,,1239,341,106,106,https://pabsa.impressicocrm.com/api/tournament/matchScore/147598,1010,0,0
1680594118475,1019,Get single knockout Player details,200,,Knock_out_Thread Group 1-1600,text,true,,1210,326,105,105,https://pabsa.impressicocrm.com/api/player/110368,1019,0,0
1680594118489,1025,Get single knockout Player details,200,,Knock_out_Thread Group 1-1584,text,true,,1210,326,105,105,https://pabsa.impressicocrm.com/api/player/110368,1025,0,0
1680594118100,1414,Get tournament result,200,,Knock_out_Thread Group 1-1508,text,true,,5435,338,105,105,https://pabsa.impressicocrm.com/api/tournament/119922/matches,1414,0,0
1680594118515,999,Get knockout players list ,200,,Knock_out_Thread Group 1-1591,text,true,,4598,340,105,105,https://pabsa.impressicocrm.com/api/tournament/118871/knockouts,999,0,0
1680594118560,977,Get knockout players list ,200,,Knock_out_Thread Group 1-1587,text,true,,4598,340,105,105,https://pabsa.impressicocrm.com/api/tournament/118871/knockouts,977,0,0
1680594118569,975,Get single knockout Player details,200,,Knock_out_Thread Group 1-1569,text,true,,1210,326,105,105,https://pabsa.impressicocrm.com/api/player/110368,975,0,0
1680594118562,1004,Get knockout players list ,200,,Knock_out_Thread Group 1-1598,text,true,,4598,340,105,105,https://pabsa.impressicocrm.com/api/tournament/118871/knockouts,1004,0,0
1680594118375,1238,Get single knockout Player details,200,,Knock_out_Thread Group 1-1522,text,true,,1210,326,105,105,https://pabsa.impressicocrm.com/api/player/110368,1238,0,0
1680594118575,1038,Get knockout players list ,200,,Knock_out_Thread Group 1-1596,text,true,,4598,340,105,105,https://pabsa.impressicocrm.com/api/tournament/118871/knockouts,1038,0,0
1680594118621,996,Get single knockout Player details,200,,Knock_out_Thread Group 1-1593,text,true,,1210,326,105,105,https://pabsa.impressicocrm.com/api/player/110368,996,0,0
1680594118394,1223,Get tournament result,200,,Knock_out_Thread Group 1-1542,text,true,,5435,338,105,105,https://pabsa.impressicocrm.com/api/tournament/119922/matches,1223,0,0
1680594118300,1327,Get single knockout Player details,200,,Knock_out_Thread Group 1-1583,text,true,,1210,326,105,105,https://pabsa.impressicocrm.com/api/player/110368,1327,0,0
1680594118575,1071,Get playerA_Vs_playerB,200,,Knock_out_Thread Group 1-1484,text,true,,1239,341,105,105,https://pabsa.impressicocrm.com/api/tournament/matchScore/147598,1071,0,0
1680594118375,1271,Get single knockout Player details,200,,Knock_out_Thread Group 1-1585,text,true,,1210,326,105,105,https://pabsa.impressicocrm.com/api/player/110368,1271,0,0
1680594118288,1358,Get tournament result,200,,Knock_out_Thread Group 1-1539,text,true,,5441,338,105,105,https://pabsa.impressicocrm.com/api/tournament/119922/matches,1358,0,0
1680594118650,1012,Get single knockout Player details,200,,Knock_out_Thread Group 1-1576,text,true,,1210,326,104,104,https://pabsa.impressicocrm.com/api/player/110368,1012,0,0
1680594118390,1275,Get tournament result,200,,Knock_out_Thread Group 1-1535,text,true,,5441,338,104,104,https://pabsa.impressicocrm.com/api/tournament/119922/matches,1275,0,0
1680594118634,1033,Get playerA_Vs_playerB,200,,Knock_out_Thread Group 1-1491,text,true,,1239,341,104,104,https://pabsa.impressicocrm.com/api/tournament/matchScore/147598,1033,0,0
1680594118655,1013,Get single knockout Player details,200,,Knock_out_Thread Group 1-1572,text,true,,1210,326,103,103,https://pabsa.impressicocrm.com/api/player/110368,1013,0,0
1680594118674,1004,Get single knockout Player details,200,,Knock_out_Thread Group 1-1566,text,true,,1210,326,103,103,https://pabsa.impressicocrm.com/api/player/110368,1004,0,0
1680594117992,1703,Get knockout players list ,200,,Knock_out_Thread Group 1-1546,text,true,,4598,340,103,103,https://pabsa.impressicocrm.com/api/tournament/118871/knockouts,1703,0,0
1680594118694,1015,Get knockout players list ,200,,Knock_out_Thread Group 1-1588,text,true,,4598,340,103,103,https://pabsa.impressicocrm.com/api/tournament/118871/knockouts,1015,0,0
1680594118653,1059,Get single knockout Player details,200,,Knock_out_Thread Group 1-1555,text,true,,1210,326,103,103,https://pabsa.impressicocrm.com/api/player/110368,1059,0,0
1680594118716,999,Get single knockout Player details,200,,Knock_out_Thread Group 1-1528,text,true,,1210,326,103,103,https://pabsa.impressicocrm.com/api/player/110368,999,0,0
1680594118043,1672,Get tournament result,200,,Knock_out_Thread Group 1-1501,text,true,,5441,338,103,103,https://pabsa.impressicocrm.com/api/tournament/119922/matches,1672,0,0
1680594118378,1343,Get playerA_Vs_playerB,200,,Knock_out_Thread Group 1-1495,text,true,,1239,341,103,103,https://pabsa.impressicocrm.com/api/tournament/matchScore/147598,1343,0,0
1680594118661,1062,Get playerA_Vs_playerB,200,,Knock_out_Thread Group 1-1530,text,true,,1239,341,102,102,https://pabsa.impressicocrm.com/api/tournament/matchScore/147598,1062,0,0
1680594118393,1336,Get tournament result,200,,Knock_out_Thread Group 1-1547,text,true,,5435,338,101,101,https://pabsa.impressicocrm.com/api/tournament/119922/matches,1336,0,0
1680594118719,1034,Get playerA_Vs_playerB,200,,Knock_out_Thread Group 1-1511,text,true,,1239,341,101,101,https://pabsa.impressicocrm.com/api/tournament/matchScore/147598,1034,0,0
1680594118390,1363,Get tournament result,200,,Knock_out_Thread Group 1-1499,text,true,,5441,338,101,101,https://pabsa.impressicocrm.com/api/tournament/119922/matches,1363,0,0
1680594118385,1372,Get tournament result,200,,Knock_out_Thread Group 1-1536,text,true,,5441,338,100,100,https://pabsa.impressicocrm.com/api/tournament/119922/matches,1372,0,0
1680594118385,1380,Get tournament result,200,,Knock_out_Thread Group 1-1532,text,true,,5441,338,100,100,https://pabsa.impressicocrm.com/api/tournament/119922/matches,1380,0,0
1680594118408,1360,Get single knockout Player details,200,,Knock_out_Thread Group 1-1568,text,true,,1210,326,100,100,https://pabsa.impressicocrm.com/api/player/110368,1360,0,0
1680594118532,1236,Get tournament result,200,,Knock_out_Thread Group 1-1551,text,true,,5441,338,100,100,https://pabsa.impressicocrm.com/api/tournament/119922/matches,1236,0,0
1680594117597,2174,Get knockout players list ,200,,Knock_out_Thread Group 1-1580,text,true,,4598,340,100,100,https://pabsa.impressicocrm.com/api/tournament/118871/knockouts,2174,0,0
1680594118789,987,Get single knockout Player details,200,,Knock_out_Thread Group 1-1594,text,true,,1210,326,100,100,https://pabsa.impressicocrm.com/api/player/110368,987,0,0
1680594118773,1018,Get playerA_Vs_playerB,200,,Knock_out_Thread Group 1-1500,text,true,,1239,341,100,100,https://pabsa.impressicocrm.com/api/tournament/matchScore/147598,1018,0,0
1680594118421,1399,Get tournament result,200,,Knock_out_Thread Group 1-1510,text,true,,5441,338,99,99,https://pabsa.impressicocrm.com/api/tournament/119922/matches,1399,0,0
1680594118803,1017,Get knockout players list ,200,,Knock_out_Thread Group 1-1577,text,true,,4598,340,99,99,https://pabsa.impressicocrm.com/api/tournament/118871/knockouts,1017,0,0
1680594118575,1265,Get tournament result,200,,Knock_out_Thread Group 1-1565,text,true,,5441,338,99,99,https://pabsa.impressicocrm.com/api/tournament/119922/matches,1265,0,0
1680594118232,1640,Get tournament result,200,,Knock_out_Thread Group 1-1502,text,true,,5441,338,99,99,https://pabsa.impressicocrm.com/api/tournament/119922/matches,1640,0,0
1680594118290,1587,Get single knockout Player details,200,,Knock_out_Thread Group 1-1549,text,true,,1210,326,99,99,https://pabsa.impressicocrm.com/api/player/110368,1587,0,0
1680594118813,1085,Get single knockout Player details,200,,Knock_out_Thread Group 1-1595,text,true,,1210,326,99,99,https://pabsa.impressicocrm.com/api/player/110368,1085,0,0
1680594118621,1317,Get tournament result,200,,Knock_out_Thread Group 1-1545,text,true,,5441,338,99,99,https://pabsa.impressicocrm.com/api/tournament/119922/matches,1317,0,0
1680594118661,1280,Get tournament result,200,,Knock_out_Thread Group 1-1592,text,true,,5441,338,99,99,https://pabsa.impressicocrm.com/api/tournament/119922/matches,1280,0,0
1680594118850,1108,Get playerA_Vs_playerB,200,,Knock_out_Thread Group 1-1514,text,true,,1239,341,99,99,https://pabsa.impressicocrm.com/api/tournament/matchScore/147598,1108,0,0
1680594118663,1303,Get tournament result,200,,Knock_out_Thread Group 1-1570,text,true,,5441,338,98,98,https://pabsa.impressicocrm.com/api/tournament/119922/matches,1303,0,0
1680594118850,1140,Get single knockout Player details,200,,Knock_out_Thread Group 1-1575,text,true,,1210,326,98,98,https://pabsa.impressicocrm.com/api/player/110368,1140,0,0
1680594118762,1228,Get tournament result,200,,Knock_out_Thread Group 1-1540,text,true,,5441,338,98,98,https://pabsa.impressicocrm.com/api/tournament/119922/matches,1228,0,0
1680594118628,1367,Get tournament result,200,,Knock_out_Thread Group 1-1517,text,true,,5441,338,98,98,https://pabsa.impressicocrm.com/api/tournament/119922/matches,1367,0,0
1680594118861,1151,Get single knockout Player details,200,,Knock_out_Thread Group 1-1567,text,true,,1210,326,98,98,https://pabsa.impressicocrm.com/api/player/110368,1151,0,0
1680594118730,1304,Get tournament result,200,,Knock_out_Thread Group 1-1541,text,true,,5441,338,98,98,https://pabsa.impressicocrm.com/api/tournament/119922/matches,1304,0,0
1680594119711,343,Get tournament result,200,,Knock_out_Thread Group 1-1555,text,true,,5441,338,98,98,https://pabsa.impressicocrm.com/api/tournament/119922/matches,343,0,0
1680594118784,1271,Get tournament result,200,,Knock_out_Thread Group 1-1533,text,true,,5441,338,98,98,https://pabsa.impressicocrm.com/api/tournament/119922/matches,1271,0,0
1680594118928,1136,Get playerA_Vs_playerB,200,,Knock_out_Thread Group 1-1506,text,true,,1239,341,98,98,https://pabsa.impressicocrm.com/api/tournament/matchScore/147598,1136,0,0
1680594118797,1279,Get tournament result,200,,Knock_out_Thread Group 1-1557,text,true,,5441,338,97,97,https://pabsa.impressicocrm.com/api/tournament/119922/matches,1279,0,0
1680594118806,1299,Get tournament result,200,,Knock_out_Thread Group 1-1554,text,true,,5441,338,97,97,https://pabsa.impressicocrm.com/api/tournament/119922/matches,1299,0,0
1680594118940,1196,Get playerA_Vs_playerB,200,,Knock_out_Thread Group 1-1527,text,true,,1239,341,97,97,https://pabsa.impressicocrm.com/api/tournament/matchScore/147598,1196,0,0
1680594118940,1203,Get playerA_Vs_playerB,200,,Knock_out_Thread Group 1-1520,text,true,,1239,341,96,96,https://pabsa.impressicocrm.com/api/tournament/matchScore/147598,1203,0,0
1680594118813,1380,Get tournament result,200,,Knock_out_Thread Group 1-1562,text,true,,5441,338,95,95,https://pabsa.impressicocrm.com/api/tournament/119922/matches,1380,0,0
1680594119090,1115,Get playerA_Vs_playerB,200,,Knock_out_Thread Group 1-1518,text,true,,1239,341,95,95,https://pabsa.impressicocrm.com/api/tournament/matchScore/147598,1115,0,0
1680594118921,1290,Get tournament result,200,,Knock_out_Thread Group 1-1552,text,true,,5441,338,94,94,https://pabsa.impressicocrm.com/api/tournament/119922/matches,1290,0,0
1680594119099,1154,Get playerA_Vs_playerB,200,,Knock_out_Thread Group 1-1509,text,true,,1239,341,94,94,https://pabsa.impressicocrm.com/api/tournament/matchScore/147598,1154,0,0
1680594118901,1362,Get tournament result,200,,Knock_out_Thread Group 1-1558,text,true,,5435,338,93,93,https://pabsa.impressicocrm.com/api/tournament/119922/matches,1362,0,0
1680594118850,1423,Get tournament result,200,,Knock_out_Thread Group 1-1581,text,true,,5441,338,93,93,https://pabsa.impressicocrm.com/api/tournament/119922/matches,1423,0,0
1680594118269,2012,Get single knockout Player details,200,,Knock_out_Thread Group 1-1564,text,true,,1210,326,93,93,https://pabsa.impressicocrm.com/api/player/110368,2012,0,0
1680594118878,1417,Get tournament result,200,,Knock_out_Thread Group 1-1525,text,true,,5441,338,93,93,https://pabsa.impressicocrm.com/api/tournament/119922/matches,1417,0,0
1680594119177,1128,Get playerA_Vs_playerB,200,,Knock_out_Thread Group 1-1526,text,true,,1239,341,93,93,https://pabsa.impressicocrm.com/api/tournament/matchScore/147598,1128,0,0
1680594119184,1150,Get playerA_Vs_playerB,200,,Knock_out_Thread Group 1-1529,text,true,,1239,341,92,92,https://pabsa.impressicocrm.com/api/tournament/matchScore/147598,1150,0,0
1680594119195,1140,Get playerA_Vs_playerB,200,,Knock_out_Thread Group 1-1537,text,true,,1239,341,91,91,https://pabsa.impressicocrm.com/api/tournament/matchScore/147598,1140,0,0
1680594118921,1415,Get tournament result,200,,Knock_out_Thread Group 1-1512,text,true,,5441,338,91,91,https://pabsa.impressicocrm.com/api/tournament/119922/matches,1415,0,0
1680594119208,1135,Get playerA_Vs_playerB,200,,Knock_out_Thread Group 1-1519,text,true,,1239,341,90,90,https://pabsa.impressicocrm.com/api/tournament/matchScore/147598,1135,0,0
1680594119040,1308,Get tournament result,200,,Knock_out_Thread Group 1-1521,text,true,,5435,338,89,89,https://pabsa.impressicocrm.com/api/tournament/119922/matches,1308,0,0
1680594119231,1135,Get playerA_Vs_playerB,200,,Knock_out_Thread Group 1-1544,text,true,,1239,341,89,89,https://pabsa.impressicocrm.com/api/tournament/matchScore/147598,1135,0,0
1680594118901,1472,Get tournament result,200,,Knock_out_Thread Group 1-1578,text,true,,5435,338,88,88,https://pabsa.impressicocrm.com/api/tournament/119922/matches,1472,0,0
1680594119224,1165,Get playerA_Vs_playerB,200,,Knock_out_Thread Group 1-1493,text,true,,1239,341,88,88,https://pabsa.impressicocrm.com/api/tournament/matchScore/147598,1165,0,0
1680594118970,1423,Get tournament result,200,,Knock_out_Thread Group 1-1556,text,true,,5441,338,87,87,https://pabsa.impressicocrm.com/api/tournament/119922/matches,1423,0,0
1680594119123,1281,Get tournament result,200,,Knock_out_Thread Group 1-1571,text,true,,5441,338,87,87,https://pabsa.impressicocrm.com/api/tournament/119922/matches,1281,0,0
1680594119283,1130,Get single knockout Player details,200,,Knock_out_Thread Group 1-1599,text,true,,1210,326,87,87,https://pabsa.impressicocrm.com/api/player/110368,1130,0,0
1680594118784,1631,Get tournament result,200,,Knock_out_Thread Group 1-1531,text,true,,5441,338,87,87,https://pabsa.impressicocrm.com/api/tournament/119922/matches,1631,0,0
1680594119283,1175,Get playerA_Vs_playerB,200,,Knock_out_Thread Group 1-1507,text,true,,1239,341,87,87,https://pabsa.impressicocrm.com/api/tournament/matchScore/147598,1175,0,0
1680594119130,1344,Get tournament result,200,,Knock_out_Thread Group 1-1563,text,true,,5435,338,86,86,https://pabsa.impressicocrm.com/api/tournament/119922/matches,1344,0,0
1680594119183,1296,Get tournament result,200,,Knock_out_Thread Group 1-1560,text,true,,5441,338,86,86,https://pabsa.impressicocrm.com/api/tournament/119922/matches,1296,0,0
1680594120348,148,Get playerA_Vs_playerB,200,,Knock_out_Thread Group 1-1521,text,true,,1239,341,86,86,https://pabsa.impressicocrm.com/api/tournament/matchScore/147598,148,0,0
1680594119147,1372,Get tournament result,200,,Knock_out_Thread Group 1-1516,text,true,,5441,338,85,85,https://pabsa.impressicocrm.com/api/tournament/119922/matches,1372,0,0
1680594119320,1203,Get playerA_Vs_playerB,200,,Knock_out_Thread Group 1-1523,text,true,,1239,341,85,85,https://pabsa.impressicocrm.com/api/tournament/matchScore/147598,1203,0,0
1680594119254,1277,Get tournament result,200,,Knock_out_Thread Group 1-1579,text,true,,5435,338,84,84,https://pabsa.impressicocrm.com/api/tournament/119922/matches,1277,0,0
1680594119356,1218,Get playerA_Vs_playerB,200,,Knock_out_Thread Group 1-1538,text,true,,1239,341,84,84,https://pabsa.impressicocrm.com/api/tournament/matchScore/147598,1218,0,0
1680594119340,1234,Get playerA_Vs_playerB,200,,Knock_out_Thread Group 1-1498,text,true,,1239,341,84,84,https://pabsa.impressicocrm.com/api/tournament/matchScore/147598,1234,0,0
1680594119399,1187,Get single knockout Player details,200,,Knock_out_Thread Group 1-1589,text,true,,1210,326,82,82,https://pabsa.impressicocrm.com/api/player/110368,1187,0,0
1680594119251,1337,Get tournament result,200,,Knock_out_Thread Group 1-1548,text,true,,5441,338,82,82,https://pabsa.impressicocrm.com/api/tournament/119922/matches,1336,0,0
1680594119381,1222,Get playerA_Vs_playerB,200,,Knock_out_Thread Group 1-1505,text,true,,1239,341,82,82,https://pabsa.impressicocrm.com/api/tournament/matchScore/147598,1222,0,0
1680594119275,1346,Get tournament result,200,,Knock_out_Thread Group 1-1590,text,true,,5435,338,81,81,https://pabsa.impressicocrm.com/api/tournament/119922/matches,1346,0,0
1680594119440,1186,Get single knockout Player details,200,,Knock_out_Thread Group 1-1586,text,true,,1210,326,81,81,https://pabsa.impressicocrm.com/api/player/110368,1186,0,0
1680594119399,1243,Get playerA_Vs_playerB,200,,Knock_out_Thread Group 1-1534,text,true,,1239,341,81,81,https://pabsa.impressicocrm.com/api/tournament/matchScore/147598,1243,0,0
1680594119261,1392,Get tournament result,200,,Knock_out_Thread Group 1-1543,text,true,,5441,338,80,80,https://pabsa.impressicocrm.com/api/tournament/119922/matches,1392,0,0
1680594119271,1386,Get tournament result,200,,Knock_out_Thread Group 1-1574,text,true,,5441,338,80,80,https://pabsa.impressicocrm.com/api/tournament/119922/matches,1386,0,0
1680594119359,1310,Get tournament result,200,,Knock_out_Thread Group 1-1559,text,true,,5441,338,80,80,https://pabsa.impressicocrm.com/api/tournament/119922/matches,1310,0,0
1680594119513,1164,Get single knockout Player details,200,,Knock_out_Thread Group 1-1591,text,true,,1210,326,80,80,https://pabsa.impressicocrm.com/api/player/110368,1164,0,0
1680594119410,1267,Get playerA_Vs_playerB,200,,Knock_out_Thread Group 1-1524,text,true,,1239,341,80,80,https://pabsa.impressicocrm.com/api/tournament/matchScore/147598,1267,0,0
1680594119536,1149,Get single knockout Player details,200,,Knock_out_Thread Group 1-1587,text,true,,1210,326,79,79,https://pabsa.impressicocrm.com/api/player/110368,1149,0,0
1680594119448,1242,Get playerA_Vs_playerB,200,,Knock_out_Thread Group 1-1515,text,true,,1239,341,79,79,https://pabsa.impressicocrm.com/api/tournament/matchScore/147598,1242,0,0
1680594119513,1181,Get playerA_Vs_playerB,200,,Knock_out_Thread Group 1-1508,text,true,,1239,341,78,78,https://pabsa.impressicocrm.com/api/tournament/matchScore/147598,1181,0,0
1680594119613,1081,Get single knockout Player details,200,,Knock_out_Thread Group 1-1596,text,true,,1210,326,78,78,https://pabsa.impressicocrm.com/api/player/110368,1081,0,0
1680594119565,1153,Get single knockout Player details,200,,Knock_out_Thread Group 1-1598,text,true,,1210,326,77,77,https://pabsa.impressicocrm.com/api/player/110368,1153,0,0
1680594119616,1138,Get playerA_Vs_playerB,200,,Knock_out_Thread Group 1-1542,text,true,,1239,341,77,77,https://pabsa.impressicocrm.com/api/tournament/matchScore/147598,1138,0,0
1680594119363,1439,Get tournament result,200,,Knock_out_Thread Group 1-1553,text,true,,5441,338,76,76,https://pabsa.impressicocrm.com/api/tournament/119922/matches,1439,0,0
1680594119317,1495,Get tournament result,200,,Knock_out_Thread Group 1-1573,text,true,,5441,338,76,76,https://pabsa.impressicocrm.com/api/tournament/119922/matches,1495,0,0
1680594119646,1181,Get playerA_Vs_playerB,200,,Knock_out_Thread Group 1-1539,text,true,,1239,341,76,76,https://pabsa.impressicocrm.com/api/tournament/matchScore/147598,1181,0,0
1680594119344,1483,Get tournament result,200,,Knock_out_Thread Group 1-1561,text,true,,5441,338,76,76,https://pabsa.impressicocrm.com/api/tournament/119922/matches,1483,0,0
1680594119399,1475,Get tournament result,200,,Knock_out_Thread Group 1-1597,text,true,,5441,338,75,75,https://pabsa.impressicocrm.com/api/tournament/119922/matches,1475,0,0
1680594119448,1432,Get tournament result,200,,Knock_out_Thread Group 1-1582,text,true,,5441,338,75,75,https://pabsa.impressicocrm.com/api/tournament/119922/matches,1432,0,0
1680594119513,1387,Get tournament result,200,,Knock_out_Thread Group 1-1584,text,true,,5441,338,75,75,https://pabsa.impressicocrm.com/api/tournament/119922/matches,1387,0,0
1680594119664,1257,Get playerA_Vs_playerB,200,,Knock_out_Thread Group 1-1535,text,true,,1239,341,75,75,https://pabsa.impressicocrm.com/api/tournament/matchScore/147598,1257,0,0
1680594119709,1263,Get single knockout Player details,200,,Knock_out_Thread Group 1-1588,text,true,,1210,326,74,74,https://pabsa.impressicocrm.com/api/player/110368,1263,0,0
1680594119714,1271,Get playerA_Vs_playerB,200,,Knock_out_Thread Group 1-1501,text,true,,1239,341,74,74,https://pabsa.impressicocrm.com/api/tournament/matchScore/147598,1271,0,0
1680594119493,1523,Get tournament result,200,,Knock_out_Thread Group 1-1600,text,true,,5441,338,73,73,https://pabsa.impressicocrm.com/api/tournament/119922/matches,1523,0,0
1680594119613,1423,Get tournament result,200,,Knock_out_Thread Group 1-1522,text,true,,5441,338,73,73,https://pabsa.impressicocrm.com/api/tournament/119922/matches,1423,0,0
1680594119752,1292,Get playerA_Vs_playerB,200,,Knock_out_Thread Group 1-1499,text,true,,1239,341,73,73,https://pabsa.impressicocrm.com/api/tournament/matchScore/147598,1292,0,0
1680594119728,1321,Get playerA_Vs_playerB,200,,Knock_out_Thread Group 1-1547,text,true,,1239,341,72,72,https://pabsa.impressicocrm.com/api/tournament/matchScore/147598,1321,0,0
1680594119770,1279,Get single knockout Player details,200,,Knock_out_Thread Group 1-1580,text,true,,1210,326,72,72,https://pabsa.impressicocrm.com/api/player/110368,1279,0,0
1680594119543,1528,Get tournament result,200,,Knock_out_Thread Group 1-1569,text,true,,5441,338,71,71,https://pabsa.impressicocrm.com/api/tournament/119922/matches,1528,0,0
1680594119626,1451,Get tournament result,200,,Knock_out_Thread Group 1-1583,text,true,,5441,338,71,71,https://pabsa.impressicocrm.com/api/tournament/119922/matches,1451,0,0
1680594119819,1261,Get single knockout Player details,200,,Knock_out_Thread Group 1-1577,text,true,,1210,326,71,71,https://pabsa.impressicocrm.com/api/player/110368,1261,0,0
1680594119677,1408,Get tournament result,200,,Knock_out_Thread Group 1-1566,text,true,,5441,338,71,71,https://pabsa.impressicocrm.com/api/tournament/119922/matches,1408,0,0
1680594119757,1341,Get playerA_Vs_playerB,200,,Knock_out_Thread Group 1-1536,text,true,,1239,341,71,71,https://pabsa.impressicocrm.com/api/tournament/matchScore/147598,1341,0,0
1680594119840,1270,Get playerA_Vs_playerB,200,,Knock_out_Thread Group 1-1565,text,true,,1239,341,70,70,https://pabsa.impressicocrm.com/api/tournament/matchScore/147598,1270,0,0
1680594119765,1367,Get playerA_Vs_playerB,200,,Knock_out_Thread Group 1-1532,text,true,,1239,341,69,69,https://pabsa.impressicocrm.com/api/tournament/matchScore/147598,1367,0,0
1680594119819,1315,Get playerA_Vs_playerB,200,,Knock_out_Thread Group 1-1510,text,true,,1239,341,68,68,https://pabsa.impressicocrm.com/api/tournament/matchScore/147598,1315,0,0
1680594119661,1473,Get tournament result,200,,Knock_out_Thread Group 1-1576,text,true,,5441,338,68,68,https://pabsa.impressicocrm.com/api/tournament/119922/matches,1473,0,0
1680594119872,1276,Get playerA_Vs_playerB,200,,Knock_out_Thread Group 1-1502,text,true,,1239,341,67,67,https://pabsa.impressicocrm.com/api/tournament/matchScore/147598,1276,0,0
1680594119646,1502,Get tournament result,200,,Knock_out_Thread Group 1-1585,text,true,,5441,338,67,67,https://pabsa.impressicocrm.com/api/tournament/119922/matches,1502,0,0
1680594119941,1232,Get playerA_Vs_playerB,200,,Knock_out_Thread Group 1-1592,text,true,,1239,341,66,66,https://pabsa.impressicocrm.com/api/tournament/matchScore/147598,1232,0,0
1680594119937,1237,Get playerA_Vs_playerB,200,,Knock_out_Thread Group 1-1545,text,true,,1239,341,65,65,https://pabsa.impressicocrm.com/api/tournament/matchScore/147598,1237,0,0
1680594119965,1233,Get playerA_Vs_playerB,200,,Knock_out_Thread Group 1-1570,text,true,,1239,341,64,64,https://pabsa.impressicocrm.com/api/tournament/matchScore/147598,1233,0,0
1680594118801,2403,Get tournament result,200,,Knock_out_Thread Group 1-1504,text,true,,5441,338,63,63,https://pabsa.impressicocrm.com/api/tournament/119922/matches,2403,0,0
1680594119990,1218,Get playerA_Vs_playerB,200,,Knock_out_Thread Group 1-1540,text,true,,1239,341,63,63,https://pabsa.impressicocrm.com/api/tournament/matchScore/147598,1218,0,0
1680594119667,1562,Get tournament result,200,,Knock_out_Thread Group 1-1572,text,true,,5441,338,62,62,https://pabsa.impressicocrm.com/api/tournament/119922/matches,1562,0,0
1680594119995,1253,Get playerA_Vs_playerB,200,,Knock_out_Thread Group 1-1517,text,true,,1239,341,62,62,https://pabsa.impressicocrm.com/api/tournament/matchScore/147598,1253,0,0
1680594120054,1217,Get playerA_Vs_playerB,200,,Knock_out_Thread Group 1-1533,text,true,,1239,341,61,61,https://pabsa.impressicocrm.com/api/tournament/matchScore/147598,1217,0,0
1680594119714,1557,Get tournament result,200,,Knock_out_Thread Group 1-1528,text,true,,5441,338,61,61,https://pabsa.impressicocrm.com/api/tournament/119922/matches,1557,0,0
1680594119616,1666,Get tournament result,200,,Knock_out_Thread Group 1-1593,text,true,,5441,338,60,60,https://pabsa.impressicocrm.com/api/tournament/119922/matches,1666,0,0
1680594120054,1239,Get playerA_Vs_playerB,200,,Knock_out_Thread Group 1-1555,text,true,,1239,341,60,60,https://pabsa.impressicocrm.com/api/tournament/matchScore/147598,1239,0,0
1680594119767,1541,Get playerA_Vs_playerB,200,,Knock_out_Thread Group 1-1551,text,true,,1239,341,59,59,https://pabsa.impressicocrm.com/api/tournament/matchScore/147598,1541,0,0
1680594120193,1125,Get playerA_Vs_playerB,200,,Knock_out_Thread Group 1-1562,text,true,,1239,341,58,58,https://pabsa.impressicocrm.com/api/tournament/matchScore/147598,1125,0,0
1680594119775,1552,Get tournament result,200,,Knock_out_Thread Group 1-1594,text,true,,5441,338,57,57,https://pabsa.impressicocrm.com/api/tournament/119922/matches,1552,0,0
1680594120262,1077,Get playerA_Vs_playerB,200,,Knock_out_Thread Group 1-1558,text,true,,1239,341,57,57,https://pabsa.impressicocrm.com/api/tournament/matchScore/147598,1077,0,0
1680594120272,1073,Get playerA_Vs_playerB,200,,Knock_out_Thread Group 1-1581,text,true,,1239,341,56,56,https://pabsa.impressicocrm.com/api/tournament/matchScore/147598,1073,0,0
1680594120105,1249,Get playerA_Vs_playerB,200,,Knock_out_Thread Group 1-1554,text,true,,1239,341,55,55,https://pabsa.impressicocrm.com/api/tournament/matchScore/147598,1249,0,0
1680594120211,1143,Get playerA_Vs_playerB,200,,Knock_out_Thread Group 1-1552,text,true,,1239,341,55,55,https://pabsa.impressicocrm.com/api/tournament/matchScore/147598,1143,0,0
1680594119898,1456,Get tournament result,200,,Knock_out_Thread Group 1-1595,text,true,,5441,338,55,55,https://pabsa.impressicocrm.com/api/tournament/119922/matches,1456,0,0
1680594120335,1064,Get playerA_Vs_playerB,200,,Knock_out_Thread Group 1-1512,text,true,,1239,341,53,53,https://pabsa.impressicocrm.com/api/tournament/matchScore/147598,1064,0,0
1680594120294,1118,Get playerA_Vs_playerB,200,,Knock_out_Thread Group 1-1525,text,true,,1239,341,52,52,https://pabsa.impressicocrm.com/api/tournament/matchScore/147598,1118,0,0
1680594120404,1008,Get playerA_Vs_playerB,200,,Knock_out_Thread Group 1-1571,text,true,,1239,341,52,52,https://pabsa.impressicocrm.com/api/tournament/matchScore/147598,1008,0,0
1680594120372,1040,Get playerA_Vs_playerB,200,,Knock_out_Thread Group 1-1578,text,true,,1239,341,52,52,https://pabsa.impressicocrm.com/api/tournament/matchScore/147598,1040,0,0
1680594119876,1540,Get tournament result,200,,Knock_out_Thread Group 1-1549,text,true,,5441,338,49,49,https://pabsa.impressicocrm.com/api/tournament/119922/matches,1540,0,0
1680594120532,908,Get playerA_Vs_playerB,200,,Knock_out_Thread Group 1-1579,text,true,,1239,341,49,49,https://pabsa.impressicocrm.com/api/tournament/matchScore/147598,908,0,0
1680594120474,973,Get playerA_Vs_playerB,200,,Knock_out_Thread Group 1-1563,text,true,,1239,341,48,48,https://pabsa.impressicocrm.com/api/tournament/matchScore/147598,973,0,0
1680594120480,973,Get playerA_Vs_playerB,200,,Knock_out_Thread Group 1-1560,text,true,,1239,341,47,47,https://pabsa.impressicocrm.com/api/tournament/matchScore/147598,973,0,0
1680594120392,1063,Get playerA_Vs_playerB,200,,Knock_out_Thread Group 1-1556,text,true,,1239,341,46,46,https://pabsa.impressicocrm.com/api/tournament/matchScore/147598,1063,0,0
1680594120520,944,Get playerA_Vs_playerB,200,,Knock_out_Thread Group 1-1516,text,true,,1239,341,45,45,https://pabsa.impressicocrm.com/api/tournament/matchScore/147598,944,0,0
1680594120654,856,Get playerA_Vs_playerB,200,,Knock_out_Thread Group 1-1543,text,true,,1239,341,44,44,https://pabsa.impressicocrm.com/api/tournament/matchScore/147598,856,0,0
1680594120621,889,Get playerA_Vs_playerB,200,,Knock_out_Thread Group 1-1590,text,true,,1239,341,44,44,https://pabsa.impressicocrm.com/api/tournament/matchScore/147598,889,0,0
1680594120588,934,Get playerA_Vs_playerB,200,,Knock_out_Thread Group 1-1548,text,true,,1239,341,42,42,https://pabsa.impressicocrm.com/api/tournament/matchScore/147598,934,0,0
1680594119767,1767,Get tournament result,200,,Knock_out_Thread Group 1-1568,text,true,,5441,338,41,41,https://pabsa.impressicocrm.com/api/tournament/119922/matches,1767,0,0
1680594119694,1849,Get single knockout Player details,200,,Knock_out_Thread Group 1-1546,text,true,,1210,326,41,41,https://pabsa.impressicocrm.com/api/player/110368,1849,0,0
1680594120802,803,Get playerA_Vs_playerB,200,,Knock_out_Thread Group 1-1553,text,true,,1239,341,41,41,https://pabsa.impressicocrm.com/api/tournament/matchScore/147598,803,0,0
1680594120076,1533,Get playerA_Vs_playerB,200,,Knock_out_Thread Group 1-1557,text,true,,1239,341,40,40,https://pabsa.impressicocrm.com/api/tournament/matchScore/147598,1533,0,0
1680594120034,1604,Get playerA_Vs_playerB,200,,Knock_out_Thread Group 1-1541,text,true,,1239,341,39,39,https://pabsa.impressicocrm.com/api/tournament/matchScore/147598,1604,0,0
1680594120280,1369,Get tournament result,200,,Knock_out_Thread Group 1-1564,text,true,,5441,338,38,38,https://pabsa.impressicocrm.com/api/tournament/119922/matches,1369,0,0
1680594119300,2372,Get tournament result,200,,Knock_out_Thread Group 1-1550,text,true,,5441,338,38,38,https://pabsa.impressicocrm.com/api/tournament/119922/matches,2372,0,0
1680594120827,850,Get playerA_Vs_playerB,200,,Knock_out_Thread Group 1-1561,text,true,,1239,341,38,38,https://pabsa.impressicocrm.com/api/tournament/matchScore/147598,850,0,0
1680594120880,813,Get playerA_Vs_playerB,200,,Knock_out_Thread Group 1-1582,text,true,,1239,341,37,37,https://pabsa.impressicocrm.com/api/tournament/matchScore/147598,813,0,0
1680594120013,1705,Get tournament result,200,,Knock_out_Thread Group 1-1567,text,true,,5441,338,36,36,https://pabsa.impressicocrm.com/api/tournament/119922/matches,1705,0,0
1680594120874,848,Get playerA_Vs_playerB,200,,Knock_out_Thread Group 1-1597,text,true,,1239,341,36,36,https://pabsa.impressicocrm.com/api/tournament/matchScore/147598,848,0,0
1680594121017,710,Get playerA_Vs_playerB,200,,Knock_out_Thread Group 1-1600,text,true,,1239,341,35,35,https://pabsa.impressicocrm.com/api/tournament/matchScore/147598,710,0,0
1680594120900,839,Get playerA_Vs_playerB,200,,Knock_out_Thread Group 1-1584,text,true,,1239,341,34,34,https://pabsa.impressicocrm.com/api/tournament/matchScore/147598,839,0,0
1680594120414,1325,Get playerA_Vs_playerB,200,,Knock_out_Thread Group 1-1531,text,true,,1239,341,34,34,https://pabsa.impressicocrm.com/api/tournament/matchScore/147598,1325,0,0
1680594121036,718,Get playerA_Vs_playerB,200,,Knock_out_Thread Group 1-1522,text,true,,1239,341,32,32,https://pabsa.impressicocrm.com/api/tournament/matchScore/147598,718,0,0
1680594120677,1077,Get tournament result,200,,Knock_out_Thread Group 1-1591,text,true,,5441,338,32,32,https://pabsa.impressicocrm.com/api/tournament/119922/matches,1077,0,0
1680594121134,645,Get playerA_Vs_playerB,200,,Knock_out_Thread Group 1-1576,text,true,,1239,341,31,31,https://pabsa.impressicocrm.com/api/tournament/matchScore/147598,645,0,0
1680594120658,1128,Get playerA_Vs_playerB,200,,Knock_out_Thread Group 1-1574,text,true,,1239,341,30,30,https://pabsa.impressicocrm.com/api/tournament/matchScore/147598,1128,0,0
1680594121085,711,Get playerA_Vs_playerB,200,,Knock_out_Thread Group 1-1566,text,true,,1239,341,29,29,https://pabsa.impressicocrm.com/api/tournament/matchScore/147598,711,0,0
1680594121077,722,Get playerA_Vs_playerB,200,,Knock_out_Thread Group 1-1583,text,true,,1239,341,28,28,https://pabsa.impressicocrm.com/api/tournament/matchScore/147598,722,0,0
1680594121071,730,Get playerA_Vs_playerB,200,,Knock_out_Thread Group 1-1569,text,true,,1239,341,27,27,https://pabsa.impressicocrm.com/api/tournament/matchScore/147598,730,0,0
1680594120694,1107,Get tournament result,200,,Knock_out_Thread Group 1-1596,text,true,,5441,338,27,27,https://pabsa.impressicocrm.com/api/tournament/119922/matches,1107,0,0
1680594120718,1088,Get tournament result,200,,Knock_out_Thread Group 1-1598,text,true,,5441,338,26,26,https://pabsa.impressicocrm.com/api/tournament/119922/matches,1088,0,0
1680594121148,664,Get playerA_Vs_playerB,200,,Knock_out_Thread Group 1-1585,text,true,,1239,341,26,26,https://pabsa.impressicocrm.com/api/tournament/matchScore/147598,664,0,0
1680594120669,1158,Get playerA_Vs_playerB,200,,Knock_out_Thread Group 1-1559,text,true,,1239,341,25,25,https://pabsa.impressicocrm.com/api/tournament/matchScore/147598,1158,0,0
1680594121203,631,Get playerA_Vs_playerB,200,,Knock_out_Thread Group 1-1504,text,true,,1239,341,24,24,https://pabsa.impressicocrm.com/api/tournament/matchScore/147598,631,0,0
1680594121229,610,Get playerA_Vs_playerB,200,,Knock_out_Thread Group 1-1572,text,true,,1239,341,23,23,https://pabsa.impressicocrm.com/api/tournament/matchScore/147598,610,0,0
1680594121271,568,Get playerA_Vs_playerB,200,,Knock_out_Thread Group 1-1528,text,true,,1239,341,23,23,https://pabsa.impressicocrm.com/api/tournament/matchScore/147598,568,0,0
1680594121283,573,Get playerA_Vs_playerB,200,,Knock_out_Thread Group 1-1593,text,true,,1239,341,21,21,https://pabsa.impressicocrm.com/api/tournament/matchScore/147598,573,0,0
1680594120627,1234,Get tournament result,200,,Knock_out_Thread Group 1-1586,text,true,,5441,338,20,20,https://pabsa.impressicocrm.com/api/tournament/119922/matches,1234,0,0
1680594121354,509,Get playerA_Vs_playerB,200,,Knock_out_Thread Group 1-1595,text,true,,1239,341,20,20,https://pabsa.impressicocrm.com/api/tournament/matchScore/147598,509,0,0
1680594121327,536,Get playerA_Vs_playerB,200,,Knock_out_Thread Group 1-1594,text,true,,1239,341,20,20,https://pabsa.impressicocrm.com/api/tournament/matchScore/147598,536,0,0
1680594119990,1892,Get tournament result,200,,Knock_out_Thread Group 1-1575,text,true,,5441,338,18,18,https://pabsa.impressicocrm.com/api/tournament/119922/matches,1892,0,0
1680594121416,490,Get playerA_Vs_playerB,200,,Knock_out_Thread Group 1-1549,text,true,,1239,341,18,18,https://pabsa.impressicocrm.com/api/tournament/matchScore/147598,490,0,0
1680594121649,262,Get playerA_Vs_playerB,200,,Knock_out_Thread Group 1-1564,text,true,,1239,341,17,17,https://pabsa.impressicocrm.com/api/tournament/matchScore/147598,262,0,0
1680594120813,1099,Get playerA_Vs_playerB,200,,Knock_out_Thread Group 1-1573,text,true,,1239,341,17,17,https://pabsa.impressicocrm.com/api/tournament/matchScore/147598,1099,0,0
1680594121673,255,Get playerA_Vs_playerB,200,,Knock_out_Thread Group 1-1550,text,true,,1239,341,15,15,https://pabsa.impressicocrm.com/api/tournament/matchScore/147598,255,0,0
1680594121535,399,Get playerA_Vs_playerB,200,,Knock_out_Thread Group 1-1568,text,true,,1239,341,14,14,https://pabsa.impressicocrm.com/api/tournament/matchScore/147598,399,0,0
1680594120972,968,Get tournament result,200,,Knock_out_Thread Group 1-1588,text,true,,5441,338,13,13,https://pabsa.impressicocrm.com/api/tournament/119922/matches,968,0,0
1680594121754,192,Get playerA_Vs_playerB,200,,Knock_out_Thread Group 1-1591,text,true,,1239,341,13,13,https://pabsa.impressicocrm.com/api/tournament/matchScore/147598,192,0,0
1680594121080,866,Get tournament result,200,,Knock_out_Thread Group 1-1577,text,true,,5441,338,13,13,https://pabsa.impressicocrm.com/api/tournament/119922/matches,866,0,0
1680594121802,153,Get playerA_Vs_playerB,200,,Knock_out_Thread Group 1-1596,text,true,,1239,341,12,12,https://pabsa.impressicocrm.com/api/tournament/matchScore/147598,153,0,0
1680594121718,243,Get playerA_Vs_playerB,200,,Knock_out_Thread Group 1-1567,text,true,,1239,341,11,11,https://pabsa.impressicocrm.com/api/tournament/matchScore/147598,243,0,0
1680594120414,1549,Get tournament result,200,,Knock_out_Thread Group 1-1599,text,true,,5441,338,10,10,https://pabsa.impressicocrm.com/api/tournament/119922/matches,1549,0,0
1680594121861,106,Get playerA_Vs_playerB,200,,Knock_out_Thread Group 1-1586,text,true,,1239,341,10,10,https://pabsa.impressicocrm.com/api/tournament/matchScore/147598,106,0,0
1680594121806,169,Get playerA_Vs_playerB,200,,Knock_out_Thread Group 1-1598,text,true,,1239,341,9,9,https://pabsa.impressicocrm.com/api/tournament/matchScore/147598,169,0,0
1680594121050,930,Get tournament result,200,,Knock_out_Thread Group 1-1580,text,true,,5441,338,8,8,https://pabsa.impressicocrm.com/api/tournament/119922/matches,930,0,0
1680594121882,107,Get playerA_Vs_playerB,200,,Knock_out_Thread Group 1-1575,text,true,,1239,341,8,8,https://pabsa.impressicocrm.com/api/tournament/matchScore/147598,107,0,0
1680594121940,104,Get playerA_Vs_playerB,200,,Knock_out_Thread Group 1-1588,text,true,,1239,341,7,7,https://pabsa.impressicocrm.com/api/tournament/matchScore/147598,104,0,0
1680594120586,1466,Get tournament result,200,,Knock_out_Thread Group 1-1589,text,true,,5441,338,6,6,https://pabsa.impressicocrm.com/api/tournament/119922/matches,1466,0,0
1680594121947,107,Get playerA_Vs_playerB,200,,Knock_out_Thread Group 1-1577,text,true,,1239,341,6,6,https://pabsa.impressicocrm.com/api/tournament/matchScore/147598,107,0,0
1680594121543,511,Get tournament result,200,,Knock_out_Thread Group 1-1546,text,true,,5441,338,6,6,https://pabsa.impressicocrm.com/api/tournament/119922/matches,511,0,0
1680594121963,100,Get playerA_Vs_playerB,200,,Knock_out_Thread Group 1-1599,text,true,,1239,341,5,5,https://pabsa.impressicocrm.com/api/tournament/matchScore/147598,100,0,0
1680594121981,100,Get playerA_Vs_playerB,200,,Knock_out_Thread Group 1-1580,text,true,,1239,341,4,4,https://pabsa.impressicocrm.com/api/tournament/matchScore/147598,100,0,0
1680594120685,1433,Get tournament result,200,,Knock_out_Thread Group 1-1587,text,true,,5441,338,3,3,https://pabsa.impressicocrm.com/api/tournament/119922/matches,1433,0,0
1680594122052,107,Get playerA_Vs_playerB,200,,Knock_out_Thread Group 1-1589,text,true,,1239,341,3,3,https://pabsa.impressicocrm.com/api/tournament/matchScore/147598,107,0,0
1680594122054,105,Get playerA_Vs_playerB,200,,Knock_out_Thread Group 1-1546,text,true,,1239,341,3,3,https://pabsa.impressicocrm.com/api/tournament/matchScore/147598,105,0,0
1680594122119,109,Get playerA_Vs_playerB,200,,Knock_out_Thread Group 1-1587,text,true,,1239,341,1,1,https://pabsa.impressicocrm.com/api/tournament/matchScore/147598,109,0,0
